,f1,f2,f3,f4,f5,f6,f7,f8,f9,f10,f11,f12,f13,f14,f15,f16,f17,f18,f19,f20,f21,f22,f23,f24,f25,f26,f27,f28,f29,f30,f31,f32,f33,f34,f35,f36,f37,f38,f39,f40,f41,f42,f43,f44,f45,f46,f47,f48,f49,f50,f51,f52,f53,f54,f55,f56
0,1.0,0.0,0.3333333333333333,1.0,0.0,0.6666666666666666,0.3333333333333333,0.0,0.0,1.0,0.0,0.3333333333333333,0.6666666666666666,0.3333333333333333,1.0,1.0,0.6666666666666666,0.3333333333333333,0.6666666666666666,1.0,1.0,0.3333333333333333,0.6666666666666666,0.6666666666666666,1.0,0.6666666666666666,0.6666666666666666,1.0,1.0,0.0,0.0,0.6666666666666666,1.0,0.0,1.0,0.6666666666666666,1.0,0.0,1.0,0.0,0.0,1.0,0.6666666666666666,0.3333333333333333,0.6666666666666666,0.3333333333333333,0.6666666666666666,0.6666666666666666,0.6666666666666666,0.3333333333333333,1.0,1.0,0.6666666666666666,1.0,0.3333333333333333,0.6666666666666666
1,1.0,0.6666666666666666,0.3333333333333333,1.0,0.0,1.0,0.3333333333333333,0.3333333333333333,1.0,0.6666666666666666,0.0,0.3333333333333333,0.0,0.6666666666666666,1.0,1.0,0.6666666666666666,1.0,0.3333333333333333,0.0,0.3333333333333333,0.6666666666666666,0.3333333333333333,1.0,0.6666666666666666,0.0,1.0,1.0,0.6666666666666666,0.6666666666666666,1.0,0.6666666666666666,1.0,0.3333333333333333,0.6666666666666666,1.0,1.0,0.0,0.3333333333333333,0.0,0.0,1.0,0.3333333333333333,1.0,0.0,0.0,0.3333333333333333,0.6666666666666666,0.3333333333333333,0.0,1.0,0.3333333333333333,0.6666666666666666,0.3333333333333333,0.3333333333333333,0.0
2,0.6666666666666666,1.0,0.0,0.3333333333333333,1.0,0.0,0.6666666666666666,0.0,0.6666666666666666,0.0,0.0,0.3333333333333333,1.0,0.0,0.6666666666666666,1.0,0.6666666666666666,0.3333333333333333,0.0,1.0,1.0,0.0,0.6666666666666666,0.3333333333333333,1.0,1.0,0.0,1.0,1.0,1.0,1.0,1.0,1.0,1.0,0.6666666666666666,1.0,1.0,0.0,1.0,0.3333333333333333,0.0,1.0,0.6666666666666666,0.3333333333333333,1.0,0.0,0.0,0.3333333333333333,0.3333333333333333,0.0,0.3333333333333333,0.3333333333333333,0.3333333333333333,0.6666666666666666,0.6666666666666666,0.3333333333333333
3,0.0,0.0,1.0,1.0,0.6666666666666666,1.0,0.6666666666666666,0.0,1.0,0.6666666666666666,1.0,0.6666666666666666,1.0,0.0,1.0,0.3333333333333333,0.6666666666666666,0.0,0.0,0.6666666666666666,1.0,0.6666666666666666,1.0,0.6666666666666666,1.0,1.0,0.6666666666666666,0.3333333333333333,0.6666666666666666,0.6666666666666666,0.0,0.6666666666666666,1.0,0.0,0.6666666666666666,0.0,1.0,0.6666666666666666,1.0,1.0,0.0,0.6666666666666666,0.0,0.0,1.0,0.0,0.3333333333333333,1.0,0.0,0.0,0.3333333333333333,0.0,0.0,0.0,0.3333333333333333,1.0
4,1.0,0.3333333333333333,0.6666666666666666,0.0,1.0,0.0,0.0,1.0,1.0,0.0,0.0,0.3333333333333333,1.0,0.0,1.0,1.0,0.6666666666666666,0.0,0.3333333333333333,0.6666666666666666,0.0,0.0,0.0,0.0,0.6666666666666666,0.3333333333333333,1.0,0.6666666666666666,0.0,0.0,0.0,0.0,0.3333333333333333,0.3333333333333333,0.0,0.3333333333333333,1.0,0.0,0.6666666666666666,0.0,0.0,1.0,0.6666666666666666,0.3333333333333333,0.6666666666666666,0.3333333333333333,0.3333333333333333,1.0,0.3333333333333333,0.3333333333333333,0.6666666666666666,1.0,0.6666666666666666,0.6666666666666666,1.0,0.0
5,0.0,0.6666666666666666,0.6666666666666666,0.6666666666666666,0.6666666666666666,0.3333333333333333,0.0,0.0,0.6666666666666666,0.6666666666666666,0.0,0.6666666666666666,0.6666666666666666,0.0,1.0,0.6666666666666666,0.6666666666666666,0.0,0.0,0.0,0.6666666666666666,0.0,0.6666666666666666,0.6666666666666666,1.0,1.0,0.6666666666666666,0.3333333333333333,0.3333333333333333,0.6666666666666666,1.0,0.0,1.0,0.0,0.0,0.0,0.6666666666666666,0.0,0.0,0.0,0.3333333333333333,1.0,0.0,0.6666666666666666,0.0,0.6666666666666666,1.0,0.3333333333333333,0.3333333333333333,0.6666666666666666,1.0,1.0,1.0,0.0,0.6666666666666666,0.6666666666666666
6,0.3333333333333333,0.0,0.6666666666666666,0.6666666666666666,0.6666666666666666,0.6666666666666666,0.6666666666666666,1.0,0.6666666666666666,0.6666666666666666,0.0,0.6666666666666666,0.6666666666666666,0.0,1.0,1.0,1.0,0.0,0.0,0.6666666666666666,0.3333333333333333,0.3333333333333333,0.0,1.0,0.3333333333333333,1.0,0.3333333333333333,0.3333333333333333,1.0,0.6666666666666666,0.0,1.0,0.6666666666666666,0.0,0.3333333333333333,0.6666666666666666,0.3333333333333333,0.0,1.0,0.0,0.6666666666666666,1.0,0.3333333333333333,0.0,0.6666666666666666,0.3333333333333333,0.3333333333333333,0.3333333333333333,0.0,1.0,0.3333333333333333,0.0,1.0,0.6666666666666666,0.0,0.0
7,1.0,1.0,1.0,0.3333333333333333,1.0,0.0,0.3333333333333333,0.0,0.0,0.0,0.0,0.3333333333333333,0.0,0.3333333333333333,1.0,1.0,0.6666666666666666,0.0,1.0,0.0,0.3333333333333333,1.0,0.6666666666666666,1.0,0.0,1.0,0.6666666666666666,0.0,0.6666666666666666,0.3333333333333333,0.0,1.0,0.0,0.3333333333333333,0.0,0.6666666666666666,1.0,0.0,1.0,0.0,0.0,1.0,1.0,0.6666666666666666,0.3333333333333333,1.0,1.0,0.3333333333333333,0.0,0.0,0.3333333333333333,0.0,0.6666666666666666,0.0,0.0,0.3333333333333333
8,0.3333333333333333,0.6666666666666666,0.0,0.3333333333333333,1.0,1.0,0.0,0.0,1.0,0.0,1.0,0.0,0.3333333333333333,1.0,0.6666666666666666,0.3333333333333333,0.6666666666666666,0.0,0.3333333333333333,0.0,0.6666666666666666,0.6666666666666666,0.0,0.3333333333333333,0.6666666666666666,1.0,0.3333333333333333,0.3333333333333333,0.6666666666666666,1.0,1.0,0.3333333333333333,1.0,0.6666666666666666,1.0,0.6666666666666666,1.0,0.0,0.0,0.0,1.0,0.3333333333333333,0.6666666666666666,0.3333333333333333,0.0,0.0,1.0,0.6666666666666666,0.0,0.0,0.0,1.0,0.6666666666666666,0.6666666666666666,1.0,1.0
9,1.0,1.0,1.0,1.0,0.0,0.0,0.0,1.0,1.0,1.0,0.3333333333333333,0.3333333333333333,1.0,0.3333333333333333,1.0,1.0,0.6666666666666666,1.0,0.3333333333333333,0.0,0.6666666666666666,0.6666666666666666,0.3333333333333333,0.3333333333333333,0.6666666666666666,0.6666666666666666,0.0,0.0,1.0,0.0,0.0,0.3333333333333333,1.0,0.3333333333333333,0.3333333333333333,0.3333333333333333,1.0,0.0,1.0,0.0,0.0,1.0,0.6666666666666666,0.3333333333333333,0.6666666666666666,0.3333333333333333,0.3333333333333333,0.0,0.3333333333333333,0.3333333333333333,0.0,0.3333333333333333,1.0,0.6666666666666666,0.0,0.3333333333333333
10,0.6666666666666666,0.3333333333333333,0.0,0.0,0.0,0.0,0.0,1.0,0.0,0.0,0.0,1.0,0.6666666666666666,0.3333333333333333,1.0,1.0,0.6666666666666666,0.0,0.3333333333333333,1.0,0.3333333333333333,1.0,0.6666666666666666,1.0,0.0,0.6666666666666666,0.3333333333333333,0.6666666666666666,0.6666666666666666,0.6666666666666666,0.0,0.0,0.6666666666666666,0.6666666666666666,0.3333333333333333,0.6666666666666666,1.0,0.0,1.0,1.0,0.0,1.0,0.6666666666666666,0.3333333333333333,0.0,0.3333333333333333,0.0,0.3333333333333333,0.3333333333333333,0.3333333333333333,0.3333333333333333,0.6666666666666666,0.3333333333333333,0.6666666666666666,0.3333333333333333,0.3333333333333333
11,0.3333333333333333,0.3333333333333333,1.0,0.6666666666666666,0.0,0.0,0.0,1.0,1.0,0.3333333333333333,0.0,0.6666666666666666,0.6666666666666666,0.6666666666666666,1.0,1.0,0.6666666666666666,0.0,0.3333333333333333,1.0,0.3333333333333333,1.0,0.6666666666666666,0.0,0.0,0.0,0.6666666666666666,0.0,0.6666666666666666,0.6666666666666666,0.0,0.0,0.0,0.6666666666666666,0.3333333333333333,0.6666666666666666,1.0,0.0,0.0,1.0,0.0,1.0,0.0,0.3333333333333333,0.6666666666666666,0.3333333333333333,0.3333333333333333,0.0,0.3333333333333333,0.3333333333333333,1.0,0.3333333333333333,0.6666666666666666,0.3333333333333333,0.6666666666666666,0.0
12,0.6666666666666666,0.0,1.0,0.3333333333333333,0.0,0.0,0.0,0.0,0.0,0.0,0.0,1.0,0.0,0.3333333333333333,1.0,1.0,0.6666666666666666,1.0,0.6666666666666666,0.3333333333333333,0.0,0.0,0.0,0.0,0.0,0.0,1.0,1.0,0.6666666666666666,0.6666666666666666,0.6666666666666666,0.0,1.0,0.3333333333333333,0.3333333333333333,0.3333333333333333,1.0,0.0,1.0,0.0,0.0,1.0,0.6666666666666666,0.3333333333333333,0.6666666666666666,0.3333333333333333,0.3333333333333333,1.0,0.3333333333333333,0.3333333333333333,0.6666666666666666,1.0,1.0,0.6666666666666666,0.0,0.6666666666666666
13,0.3333333333333333,1.0,0.6666666666666666,0.3333333333333333,0.0,0.0,1.0,1.0,1.0,1.0,1.0,0.3333333333333333,1.0,0.0,1.0,1.0,0.6666666666666666,0.3333333333333333,0.6666666666666666,0.6666666666666666,0.3333333333333333,0.3333333333333333,1.0,0.6666666666666666,0.3333333333333333,0.6666666666666666,0.6666666666666666,0.0,0.6666666666666666,0.0,0.0,0.3333333333333333,1.0,0.3333333333333333,0.3333333333333333,0.3333333333333333,1.0,0.0,1.0,0.0,0.0,1.0,0.6666666666666666,0.3333333333333333,0.6666666666666666,0.3333333333333333,0.3333333333333333,1.0,0.3333333333333333,0.3333333333333333,0.0,1.0,0.3333333333333333,0.6666666666666666,0.0,0.3333333333333333
14,1.0,1.0,1.0,0.0,1.0,0.0,1.0,1.0,1.0,1.0,1.0,0.3333333333333333,0.6666666666666666,0.3333333333333333,1.0,1.0,0.6666666666666666,1.0,0.3333333333333333,0.0,0.6666666666666666,0.6666666666666666,0.3333333333333333,0.3333333333333333,0.6666666666666666,0.6666666666666666,0.0,0.0,1.0,0.0,0.0,0.3333333333333333,1.0,0.3333333333333333,0.3333333333333333,0.3333333333333333,1.0,0.0,1.0,0.0,0.0,1.0,0.6666666666666666,0.3333333333333333,0.6666666666666666,0.3333333333333333,0.3333333333333333,0.0,0.3333333333333333,0.3333333333333333,0.0,0.3333333333333333,1.0,0.6666666666666666,0.0,0.3333333333333333
15,0.0,0.0,0.6666666666666666,0.3333333333333333,0.0,0.0,0.0,0.6666666666666666,0.0,0.0,0.0,1.0,0.6666666666666666,0.3333333333333333,1.0,1.0,0.6666666666666666,0.0,0.3333333333333333,1.0,0.3333333333333333,1.0,0.6666666666666666,1.0,0.0,0.6666666666666666,0.3333333333333333,0.6666666666666666,0.6666666666666666,0.6666666666666666,0.0,0.0,0.6666666666666666,0.6666666666666666,0.3333333333333333,0.6666666666666666,1.0,0.0,1.0,1.0,0.0,1.0,0.6666666666666666,0.3333333333333333,0.0,0.3333333333333333,0.0,0.3333333333333333,0.3333333333333333,0.6666666666666666,0.3333333333333333,0.3333333333333333,0.6666666666666666,0.3333333333333333,0.6666666666666666,0.3333333333333333
16,0.0,1.0,0.6666666666666666,0.3333333333333333,0.0,1.0,1.0,1.0,1.0,1.0,0.3333333333333333,0.3333333333333333,0.6666666666666666,0.3333333333333333,1.0,1.0,0.6666666666666666,1.0,0.3333333333333333,1.0,1.0,0.3333333333333333,0.3333333333333333,1.0,0.6666666666666666,0.0,0.6666666666666666,0.3333333333333333,0.3333333333333333,0.6666666666666666,0.0,0.3333333333333333,1.0,0.3333333333333333,0.3333333333333333,0.3333333333333333,1.0,0.0,1.0,0.0,0.0,1.0,0.6666666666666666,0.3333333333333333,0.6666666666666666,0.3333333333333333,0.3333333333333333,1.0,0.3333333333333333,0.3333333333333333,0.0,1.0,0.3333333333333333,0.6666666666666666,0.0,0.3333333333333333
17,0.0,0.0,0.0,0.3333333333333333,0.0,0.0,1.0,1.0,1.0,0.3333333333333333,0.0,0.6666666666666666,0.0,0.0,1.0,0.0,0.6666666666666666,0.0,0.3333333333333333,0.0,0.0,0.0,0.0,0.0,0.3333333333333333,1.0,0.3333333333333333,1.0,0.6666666666666666,0.0,0.6666666666666666,1.0,0.6666666666666666,1.0,0.0,0.0,1.0,0.0,0.0,1.0,0.6666666666666666,1.0,0.0,0.6666666666666666,0.3333333333333333,0.3333333333333333,1.0,0.3333333333333333,0.6666666666666666,1.0,0.6666666666666666,1.0,0.3333333333333333,1.0,1.0,0.6666666666666666
18,1.0,0.3333333333333333,1.0,0.3333333333333333,0.0,0.0,0.3333333333333333,0.6666666666666666,1.0,0.0,0.0,0.3333333333333333,0.0,0.3333333333333333,1.0,1.0,1.0,0.0,0.3333333333333333,0.0,0.6666666666666666,0.3333333333333333,0.6666666666666666,0.6666666666666666,0.3333333333333333,0.6666666666666666,0.3333333333333333,0.6666666666666666,1.0,0.3333333333333333,0.0,1.0,1.0,1.0,0.6666666666666666,0.0,1.0,0.0,1.0,0.6666666666666666,0.0,1.0,0.6666666666666666,0.3333333333333333,0.6666666666666666,0.3333333333333333,0.3333333333333333,0.3333333333333333,0.3333333333333333,0.6666666666666666,0.3333333333333333,1.0,1.0,0.3333333333333333,0.3333333333333333,0.3333333333333333
19,0.6666666666666666,0.3333333333333333,0.0,0.0,0.0,1.0,0.0,0.0,1.0,0.3333333333333333,0.0,0.0,1.0,0.6666666666666666,1.0,0.6666666666666666,0.6666666666666666,0.0,0.3333333333333333,1.0,1.0,1.0,1.0,0.3333333333333333,1.0,0.6666666666666666,0.3333333333333333,0.3333333333333333,0.6666666666666666,1.0,0.6666666666666666,0.0,1.0,1.0,0.0,1.0,0.0,0.6666666666666666,0.0,0.3333333333333333,0.0,0.3333333333333333,1.0,1.0,1.0,1.0,0.6666666666666666,1.0,1.0,0.0,0.3333333333333333,0.6666666666666666,0.3333333333333333,0.6666666666666666,1.0,1.0
20,0.6666666666666666,0.0,0.3333333333333333,0.0,0.3333333333333333,0.3333333333333333,0.0,1.0,0.3333333333333333,0.6666666666666666,0.0,0.0,1.0,0.6666666666666666,0.6666666666666666,0.3333333333333333,0.6666666666666666,0.3333333333333333,0.0,0.0,0.0,0.0,0.3333333333333333,0.3333333333333333,1.0,1.0,1.0,0.3333333333333333,0.6666666666666666,0.3333333333333333,0.6666666666666666,0.6666666666666666,1.0,0.0,1.0,0.6666666666666666,0.6666666666666666,0.3333333333333333,0.0,1.0,0.6666666666666666,0.0,1.0,0.0,0.6666666666666666,0.3333333333333333,0.6666666666666666,0.3333333333333333,0.3333333333333333,0.3333333333333333,0.6666666666666666,0.6666666666666666,0.0,0.0,0.6666666666666666,0.0
21,0.0,0.0,0.0,0.0,0.0,0.3333333333333333,0.6666666666666666,1.0,0.3333333333333333,0.0,1.0,0.3333333333333333,0.6666666666666666,0.3333333333333333,1.0,1.0,0.6666666666666666,0.3333333333333333,0.0,1.0,1.0,0.0,0.6666666666666666,0.0,0.0,0.0,0.6666666666666666,0.6666666666666666,1.0,1.0,1.0,0.3333333333333333,1.0,0.6666666666666666,0.6666666666666666,0.3333333333333333,0.3333333333333333,0.6666666666666666,0.0,0.3333333333333333,0.3333333333333333,1.0,1.0,0.0,1.0,0.0,0.0,0.3333333333333333,0.3333333333333333,0.0,1.0,1.0,0.0,0.0,1.0,1.0
22,1.0,0.3333333333333333,1.0,0.6666666666666666,0.0,0.0,0.0,1.0,0.6666666666666666,0.0,0.6666666666666666,0.3333333333333333,1.0,0.6666666666666666,1.0,1.0,0.6666666666666666,0.0,0.3333333333333333,0.0,0.0,1.0,1.0,0.0,0.0,1.0,0.3333333333333333,0.0,1.0,0.3333333333333333,0.6666666666666666,0.0,0.0,0.3333333333333333,1.0,0.0,0.6666666666666666,1.0,1.0,0.0,0.0,0.3333333333333333,1.0,0.0,0.6666666666666666,1.0,0.0,0.3333333333333333,0.6666666666666666,0.3333333333333333,0.0,0.0,0.6666666666666666,1.0,1.0,0.3333333333333333
23,0.0,0.3333333333333333,0.3333333333333333,0.6666666666666666,0.6666666666666666,0.0,0.0,0.6666666666666666,0.0,0.0,0.0,0.0,0.3333333333333333,0.3333333333333333,0.6666666666666666,1.0,0.6666666666666666,0.0,0.3333333333333333,0.0,1.0,1.0,1.0,1.0,0.0,0.0,0.3333333333333333,0.0,0.3333333333333333,0.6666666666666666,1.0,1.0,1.0,0.6666666666666666,1.0,1.0,0.0,0.3333333333333333,0.0,0.0,0.6666666666666666,0.6666666666666666,1.0,0.0,0.0,0.0,0.6666666666666666,0.6666666666666666,0.3333333333333333,0.6666666666666666,0.0,0.3333333333333333,0.6666666666666666,0.3333333333333333,0.3333333333333333,0.6666666666666666
24,0.0,0.0,0.0,1.0,1.0,0.0,0.0,0.0,0.0,1.0,1.0,1.0,1.0,0.0,1.0,1.0,0.6666666666666666,0.0,0.3333333333333333,1.0,1.0,0.0,0.6666666666666666,0.6666666666666666,1.0,0.3333333333333333,0.0,0.3333333333333333,1.0,0.0,0.0,0.0,1.0,0.0,0.3333333333333333,1.0,1.0,1.0,0.0,0.0,0.3333333333333333,0.3333333333333333,0.0,0.0,1.0,0.0,1.0,0.0,0.6666666666666666,0.6666666666666666,0.3333333333333333,0.0,1.0,0.0,0.6666666666666666,0.3333333333333333
25,1.0,1.0,0.6666666666666666,1.0,0.3333333333333333,0.0,1.0,0.0,0.0,1.0,0.3333333333333333,0.6666666666666666,0.0,0.3333333333333333,1.0,1.0,0.6666666666666666,1.0,0.0,0.0,0.0,0.3333333333333333,0.3333333333333333,0.0,0.0,0.0,1.0,1.0,0.6666666666666666,0.0,0.0,0.0,0.0,0.6666666666666666,0.0,1.0,1.0,1.0,0.0,0.6666666666666666,0.6666666666666666,1.0,1.0,1.0,0.0,0.3333333333333333,0.0,0.0,0.6666666666666666,1.0,0.3333333333333333,1.0,0.0,0.3333333333333333,0.0,0.3333333333333333
26,0.3333333333333333,0.0,1.0,0.3333333333333333,0.3333333333333333,1.0,0.3333333333333333,0.6666666666666666,0.3333333333333333,0.0,0.3333333333333333,0.3333333333333333,0.0,0.6666666666666666,1.0,0.3333333333333333,0.6666666666666666,0.0,0.3333333333333333,0.6666666666666666,0.0,0.3333333333333333,0.6666666666666666,0.6666666666666666,1.0,1.0,1.0,0.0,0.3333333333333333,0.6666666666666666,0.3333333333333333,1.0,1.0,1.0,0.0,0.3333333333333333,0.6666666666666666,1.0,0.0,1.0,0.0,0.6666666666666666,1.0,0.6666666666666666,0.6666666666666666,0.3333333333333333,0.6666666666666666,0.0,0.3333333333333333,0.0,0.0,1.0,1.0,1.0,1.0,1.0
27,1.0,0.3333333333333333,0.3333333333333333,0.0,0.6666666666666666,1.0,0.0,1.0,0.0,0.0,1.0,1.0,1.0,0.6666666666666666,1.0,1.0,0.6666666666666666,0.6666666666666666,0.3333333333333333,0.0,1.0,0.0,0.0,1.0,1.0,0.0,0.0,0.6666666666666666,1.0,0.0,0.3333333333333333,0.6666666666666666,0.0,0.3333333333333333,0.6666666666666666,0.0,0.6666666666666666,1.0,0.0,0.0,0.0,0.0,1.0,1.0,0.0,0.3333333333333333,0.0,1.0,0.0,0.3333333333333333,0.3333333333333333,1.0,0.6666666666666666,0.3333333333333333,0.3333333333333333,0.3333333333333333
28,0.0,0.3333333333333333,0.0,0.6666666666666666,1.0,1.0,0.0,1.0,0.3333333333333333,0.3333333333333333,0.0,0.3333333333333333,1.0,0.0,1.0,1.0,0.3333333333333333,0.3333333333333333,1.0,0.6666666666666666,1.0,0.6666666666666666,0.6666666666666666,0.0,1.0,0.0,0.0,0.3333333333333333,0.3333333333333333,0.0,1.0,0.6666666666666666,1.0,0.6666666666666666,1.0,0.0,1.0,1.0,0.0,0.6666666666666666,0.0,0.6666666666666666,1.0,1.0,0.0,0.6666666666666666,0.0,0.0,0.0,0.0,0.3333333333333333,0.0,0.3333333333333333,0.6666666666666666,0.0,0.6666666666666666
29,1.0,0.6666666666666666,1.0,0.6666666666666666,0.3333333333333333,0.0,0.6666666666666666,1.0,1.0,1.0,0.0,1.0,0.6666666666666666,0.6666666666666666,1.0,1.0,0.3333333333333333,0.3333333333333333,0.0,0.0,0.0,0.0,1.0,0.3333333333333333,0.6666666666666666,0.3333333333333333,0.3333333333333333,1.0,1.0,1.0,1.0,0.6666666666666666,0.3333333333333333,1.0,0.6666666666666666,1.0,0.0,1.0,0.0,1.0,0.0,0.3333333333333333,1.0,0.3333333333333333,0.0,0.3333333333333333,0.0,0.6666666666666666,0.3333333333333333,0.0,1.0,0.0,0.0,0.3333333333333333,1.0,0.6666666666666666
30,0.3333333333333333,1.0,0.6666666666666666,1.0,1.0,0.6666666666666666,1.0,1.0,0.3333333333333333,0.0,0.6666666666666666,1.0,1.0,1.0,1.0,1.0,0.6666666666666666,0.0,0.6666666666666666,1.0,1.0,0.6666666666666666,1.0,0.6666666666666666,1.0,0.0,1.0,0.0,0.0,0.3333333333333333,0.3333333333333333,0.3333333333333333,0.3333333333333333,1.0,0.3333333333333333,0.0,1.0,1.0,0.3333333333333333,1.0,0.6666666666666666,0.0,1.0,0.3333333333333333,0.3333333333333333,0.3333333333333333,0.0,0.6666666666666666,0.3333333333333333,1.0,1.0,0.0,1.0,0.0,0.3333333333333333,0.6666666666666666
31,0.0,1.0,1.0,0.0,0.3333333333333333,0.0,0.0,0.0,0.0,0.0,0.6666666666666666,1.0,0.6666666666666666,0.3333333333333333,1.0,1.0,1.0,0.3333333333333333,1.0,0.6666666666666666,0.0,0.0,0.3333333333333333,1.0,0.6666666666666666,0.0,0.0,0.3333333333333333,0.0,0.0,0.0,0.0,0.0,0.0,0.6666666666666666,0.0,0.6666666666666666,1.0,0.0,0.0,0.0,0.6666666666666666,1.0,1.0,0.0,0.6666666666666666,1.0,0.3333333333333333,0.6666666666666666,0.3333333333333333,0.6666666666666666,1.0,0.0,0.6666666666666666,0.6666666666666666,0.6666666666666666
32,0.0,1.0,0.6666666666666666,0.3333333333333333,0.6666666666666666,0.3333333333333333,0.0,0.0,0.3333333333333333,0.6666666666666666,0.3333333333333333,0.6666666666666666,0.6666666666666666,0.6666666666666666,0.6666666666666666,1.0,0.6666666666666666,0.0,0.3333333333333333,0.0,0.0,0.6666666666666666,0.6666666666666666,0.6666666666666666,0.3333333333333333,0.6666666666666666,0.3333333333333333,0.6666666666666666,0.3333333333333333,0.0,0.0,0.0,0.3333333333333333,0.3333333333333333,0.3333333333333333,1.0,0.3333333333333333,1.0,0.0,1.0,0.0,0.3333333333333333,1.0,0.6666666666666666,0.3333333333333333,0.6666666666666666,0.3333333333333333,0.6666666666666666,0.3333333333333333,0.3333333333333333,0.6666666666666666,0.0,0.0,0.6666666666666666,0.3333333333333333,1.0
33,1.0,0.0,0.0,0.0,0.0,0.0,0.0,0.3333333333333333,1.0,0.0,0.0,0.3333333333333333,0.0,0.6666666666666666,1.0,1.0,0.6666666666666666,1.0,0.3333333333333333,0.0,0.6666666666666666,0.3333333333333333,0.3333333333333333,1.0,0.6666666666666666,1.0,0.3333333333333333,0.3333333333333333,0.3333333333333333,0.6666666666666666,0.3333333333333333,1.0,1.0,0.0,1.0,0.0,0.0,0.6666666666666666,0.0,1.0,0.3333333333333333,0.0,1.0,0.0,0.3333333333333333,0.6666666666666666,0.3333333333333333,0.3333333333333333,0.6666666666666666,1.0,1.0,0.0,1.0,0.0,0.3333333333333333,0.6666666666666666
34,0.0,1.0,0.6666666666666666,0.3333333333333333,0.0,0.0,1.0,1.0,1.0,1.0,1.0,1.0,0.0,0.6666666666666666,1.0,1.0,0.6666666666666666,0.3333333333333333,0.0,1.0,0.6666666666666666,0.0,0.0,0.3333333333333333,1.0,0.3333333333333333,0.6666666666666666,0.3333333333333333,0.0,1.0,0.6666666666666666,1.0,0.3333333333333333,1.0,0.3333333333333333,0.3333333333333333,0.0,1.0,0.0,0.6666666666666666,0.0,0.0,1.0,0.6666666666666666,0.3333333333333333,0.6666666666666666,0.3333333333333333,0.6666666666666666,0.3333333333333333,1.0,0.0,0.3333333333333333,1.0,1.0,0.6666666666666666,0.0
35,0.3333333333333333,0.3333333333333333,1.0,1.0,0.6666666666666666,0.0,0.0,0.0,0.0,0.0,0.6666666666666666,0.0,0.6666666666666666,0.6666666666666666,1.0,1.0,0.6666666666666666,0.0,0.3333333333333333,0.6666666666666666,0.3333333333333333,1.0,0.6666666666666666,0.3333333333333333,0.0,0.0,0.6666666666666666,0.6666666666666666,0.3333333333333333,1.0,0.3333333333333333,1.0,0.0,1.0,0.0,0.3333333333333333,0.6666666666666666,0.3333333333333333,0.0,1.0,0.0,0.0,1.0,0.6666666666666666,0.3333333333333333,0.6666666666666666,0.3333333333333333,0.3333333333333333,0.3333333333333333,0.3333333333333333,0.6666666666666666,0.3333333333333333,0.0,0.0,0.3333333333333333,0.6666666666666666
36,1.0,0.3333333333333333,0.6666666666666666,1.0,1.0,0.6666666666666666,1.0,0.0,1.0,0.0,1.0,1.0,1.0,0.3333333333333333,1.0,1.0,0.6666666666666666,0.0,0.3333333333333333,0.0,0.3333333333333333,0.3333333333333333,1.0,1.0,1.0,1.0,0.3333333333333333,0.6666666666666666,0.6666666666666666,0.3333333333333333,0.0,1.0,0.3333333333333333,0.6666666666666666,0.3333333333333333,0.3333333333333333,0.3333333333333333,1.0,0.0,0.0,0.0,0.0,1.0,1.0,0.3333333333333333,0.6666666666666666,0.6666666666666666,0.3333333333333333,0.6666666666666666,1.0,0.3333333333333333,0.3333333333333333,1.0,0.3333333333333333,0.0,1.0
37,0.3333333333333333,0.3333333333333333,0.6666666666666666,1.0,1.0,1.0,0.0,1.0,1.0,1.0,1.0,1.0,1.0,0.3333333333333333,1.0,0.0,0.3333333333333333,0.3333333333333333,0.3333333333333333,0.0,1.0,0.0,1.0,0.3333333333333333,0.3333333333333333,1.0,1.0,0.6666666666666666,0.0,0.0,0.6666666666666666,0.3333333333333333,0.6666666666666666,0.6666666666666666,1.0,0.6666666666666666,1.0,1.0,0.0,1.0,0.0,0.0,1.0,0.6666666666666666,0.3333333333333333,0.3333333333333333,0.6666666666666666,0.3333333333333333,0.6666666666666666,0.3333333333333333,0.3333333333333333,0.3333333333333333,1.0,0.3333333333333333,0.6666666666666666,0.0
38,1.0,1.0,0.3333333333333333,0.6666666666666666,0.3333333333333333,0.0,1.0,0.0,1.0,1.0,1.0,1.0,1.0,0.3333333333333333,1.0,1.0,0.6666666666666666,0.3333333333333333,0.0,0.0,0.0,0.6666666666666666,1.0,1.0,0.6666666666666666,0.6666666666666666,0.6666666666666666,1.0,1.0,0.6666666666666666,0.0,0.6666666666666666,0.3333333333333333,1.0,0.6666666666666666,0.6666666666666666,0.3333333333333333,1.0,0.0,0.6666666666666666,0.0,1.0,1.0,0.0,0.6666666666666666,0.3333333333333333,0.3333333333333333,0.0,0.6666666666666666,0.3333333333333333,0.3333333333333333,0.0,0.0,1.0,0.3333333333333333,1.0
39,1.0,0.6666666666666666,1.0,0.0,0.0,0.0,0.3333333333333333,1.0,0.0,0.0,1.0,0.6666666666666666,0.3333333333333333,0.3333333333333333,1.0,1.0,1.0,0.0,0.3333333333333333,0.6666666666666666,1.0,0.6666666666666666,0.6666666666666666,0.6666666666666666,0.3333333333333333,0.6666666666666666,0.6666666666666666,1.0,0.6666666666666666,0.0,1.0,1.0,1.0,1.0,0.6666666666666666,1.0,0.3333333333333333,1.0,0.0,0.3333333333333333,0.0,0.0,1.0,0.3333333333333333,1.0,1.0,0.0,0.3333333333333333,0.3333333333333333,0.3333333333333333,0.3333333333333333,0.3333333333333333,0.0,0.3333333333333333,0.6666666666666666,1.0
40,0.6666666666666666,0.0,1.0,0.3333333333333333,0.6666666666666666,0.3333333333333333,0.0,0.3333333333333333,0.6666666666666666,0.0,1.0,0.3333333333333333,1.0,0.6666666666666666,1.0,0.0,1.0,0.0,0.3333333333333333,1.0,1.0,0.0,1.0,1.0,1.0,0.6666666666666666,0.0,0.6666666666666666,1.0,0.0,0.0,0.0,1.0,1.0,0.0,0.0,0.3333333333333333,0.3333333333333333,0.3333333333333333,0.0,0.3333333333333333,0.6666666666666666,0.0,1.0,0.3333333333333333,0.3333333333333333,0.3333333333333333,0.0,0.6666666666666666,0.3333333333333333,0.3333333333333333,0.0,1.0,1.0,0.3333333333333333,1.0
41,0.0,0.0,0.3333333333333333,0.6666666666666666,0.3333333333333333,0.0,1.0,0.0,0.3333333333333333,0.6666666666666666,0.6666666666666666,1.0,0.0,1.0,1.0,1.0,1.0,0.0,0.3333333333333333,0.3333333333333333,1.0,1.0,0.3333333333333333,0.3333333333333333,0.3333333333333333,0.0,0.6666666666666666,1.0,0.3333333333333333,0.0,0.0,0.6666666666666666,0.0,0.0,0.0,0.0,0.3333333333333333,1.0,1.0,0.0,1.0,0.3333333333333333,1.0,1.0,0.0,1.0,1.0,0.3333333333333333,0.3333333333333333,0.3333333333333333,0.0,0.3333333333333333,1.0,1.0,1.0,1.0
42,1.0,1.0,0.0,0.6666666666666666,0.3333333333333333,0.6666666666666666,0.6666666666666666,0.0,1.0,0.3333333333333333,0.3333333333333333,1.0,0.0,0.3333333333333333,0.3333333333333333,1.0,0.6666666666666666,0.0,0.3333333333333333,0.6666666666666666,0.3333333333333333,1.0,1.0,1.0,1.0,1.0,0.0,1.0,0.3333333333333333,0.6666666666666666,0.3333333333333333,0.0,0.0,0.3333333333333333,1.0,0.3333333333333333,1.0,0.3333333333333333,1.0,0.0,0.3333333333333333,1.0,0.6666666666666666,1.0,1.0,1.0,0.3333333333333333,1.0,0.3333333333333333,0.3333333333333333,0.0,1.0,0.0,0.3333333333333333,0.3333333333333333,0.3333333333333333
43,0.6666666666666666,0.3333333333333333,0.3333333333333333,1.0,1.0,0.3333333333333333,1.0,0.3333333333333333,0.3333333333333333,0.0,0.0,0.0,0.0,0.3333333333333333,0.6666666666666666,1.0,0.6666666666666666,1.0,1.0,1.0,1.0,1.0,1.0,0.6666666666666666,1.0,1.0,0.6666666666666666,1.0,1.0,0.0,0.0,1.0,1.0,0.3333333333333333,0.6666666666666666,0.6666666666666666,1.0,0.6666666666666666,1.0,0.0,0.6666666666666666,0.0,0.3333333333333333,1.0,1.0,0.6666666666666666,1.0,0.0,0.0,0.0,0.3333333333333333,0.3333333333333333,1.0,0.0,0.0,0.0
44,0.3333333333333333,0.0,0.6666666666666666,0.0,0.0,0.0,0.3333333333333333,0.6666666666666666,1.0,1.0,1.0,1.0,0.0,1.0,1.0,0.3333333333333333,0.6666666666666666,0.0,0.0,0.3333333333333333,0.0,1.0,0.3333333333333333,0.6666666666666666,0.0,1.0,0.3333333333333333,1.0,0.3333333333333333,0.6666666666666666,1.0,0.3333333333333333,1.0,1.0,0.6666666666666666,1.0,0.6666666666666666,1.0,1.0,0.0,0.6666666666666666,0.0,0.0,1.0,1.0,0.3333333333333333,1.0,0.0,0.0,0.3333333333333333,0.0,1.0,0.0,0.3333333333333333,0.6666666666666666,0.6666666666666666
45,0.3333333333333333,0.0,0.3333333333333333,1.0,0.0,0.0,1.0,1.0,1.0,0.0,1.0,1.0,0.3333333333333333,0.3333333333333333,0.0,1.0,0.6666666666666666,1.0,0.3333333333333333,0.0,0.3333333333333333,0.0,0.3333333333333333,1.0,1.0,1.0,1.0,0.3333333333333333,0.6666666666666666,0.3333333333333333,0.0,1.0,0.3333333333333333,1.0,1.0,1.0,0.6666666666666666,1.0,1.0,0.0,1.0,0.6666666666666666,0.3333333333333333,1.0,0.0,1.0,0.6666666666666666,0.6666666666666666,1.0,1.0,0.0,1.0,1.0,1.0,0.3333333333333333,0.0
46,0.0,1.0,0.0,1.0,0.0,0.0,0.0,0.0,0.0,0.0,0.6666666666666666,1.0,1.0,0.3333333333333333,1.0,1.0,0.6666666666666666,0.3333333333333333,1.0,1.0,1.0,0.3333333333333333,1.0,0.0,0.0,0.3333333333333333,0.6666666666666666,1.0,0.6666666666666666,0.0,0.0,0.0,0.6666666666666666,1.0,0.6666666666666666,0.6666666666666666,1.0,1.0,1.0,0.0,0.6666666666666666,0.6666666666666666,1.0,1.0,0.0,0.0,0.0,0.0,0.6666666666666666,0.0,0.3333333333333333,0.0,1.0,0.3333333333333333,0.0,0.6666666666666666
47,0.3333333333333333,0.0,0.0,0.6666666666666666,0.6666666666666666,1.0,0.0,0.6666666666666666,0.0,0.0,1.0,0.6666666666666666,0.3333333333333333,1.0,1.0,1.0,0.6666666666666666,0.3333333333333333,0.3333333333333333,1.0,1.0,0.6666666666666666,1.0,0.3333333333333333,0.6666666666666666,0.6666666666666666,0.3333333333333333,0.3333333333333333,1.0,0.6666666666666666,0.0,1.0,1.0,0.0,0.0,1.0,0.6666666666666666,0.6666666666666666,0.3333333333333333,0.0,0.3333333333333333,0.6666666666666666,0.0,1.0,0.0,0.6666666666666666,1.0,0.3333333333333333,0.6666666666666666,0.3333333333333333,0.0,1.0,0.3333333333333333,0.6666666666666666,0.6666666666666666,0.0
48,0.6666666666666666,0.6666666666666666,0.3333333333333333,0.3333333333333333,0.0,0.0,0.0,0.0,0.0,0.0,1.0,0.0,1.0,0.3333333333333333,1.0,1.0,0.6666666666666666,1.0,0.0,0.3333333333333333,1.0,0.0,1.0,1.0,1.0,0.0,0.3333333333333333,0.0,0.0,0.0,0.0,0.3333333333333333,0.3333333333333333,1.0,0.0,1.0,0.6666666666666666,0.6666666666666666,1.0,0.0,0.0,0.3333333333333333,1.0,0.3333333333333333,1.0,1.0,1.0,0.0,0.6666666666666666,0.6666666666666666,0.3333333333333333,0.0,1.0,1.0,0.3333333333333333,0.3333333333333333
49,1.0,0.0,0.6666666666666666,0.6666666666666666,0.3333333333333333,0.0,0.3333333333333333,0.3333333333333333,0.3333333333333333,0.3333333333333333,0.0,0.6666666666666666,0.6666666666666666,0.3333333333333333,1.0,1.0,1.0,0.0,0.3333333333333333,0.0,0.3333333333333333,1.0,1.0,1.0,0.0,1.0,0.6666666666666666,0.3333333333333333,1.0,1.0,0.3333333333333333,0.3333333333333333,0.6666666666666666,0.6666666666666666,0.3333333333333333,1.0,0.3333333333333333,0.6666666666666666,1.0,0.0,1.0,0.6666666666666666,1.0,1.0,0.6666666666666666,1.0,0.6666666666666666,1.0,0.6666666666666666,0.6666666666666666,0.0,0.0,1.0,1.0,0.6666666666666666,1.0
50,0.3333333333333333,0.3333333333333333,0.0,1.0,0.3333333333333333,0.0,0.0,0.0,0.0,0.0,0.0,0.0,1.0,0.0,1.0,1.0,0.3333333333333333,1.0,0.3333333333333333,0.0,0.0,0.3333333333333333,0.0,1.0,0.0,0.0,0.0,0.0,0.0,0.0,0.3333333333333333,1.0,1.0,1.0,0.6666666666666666,1.0,0.6666666666666666,1.0,0.0,0.0,1.0,0.0,0.3333333333333333,1.0,1.0,0.6666666666666666,1.0,0.0,0.0,0.3333333333333333,0.6666666666666666,0.3333333333333333,1.0,0.0,0.3333333333333333,0.0
51,1.0,0.6666666666666666,0.6666666666666666,0.6666666666666666,0.6666666666666666,0.0,0.3333333333333333,0.6666666666666666,1.0,0.3333333333333333,0.6666666666666666,1.0,1.0,0.0,0.3333333333333333,1.0,0.6666666666666666,0.0,1.0,0.3333333333333333,0.3333333333333333,0.6666666666666666,0.3333333333333333,0.0,0.3333333333333333,0.6666666666666666,1.0,1.0,1.0,0.0,1.0,0.6666666666666666,0.0,1.0,0.0,1.0,0.6666666666666666,0.3333333333333333,1.0,0.0,1.0,0.3333333333333333,0.6666666666666666,1.0,0.0,0.3333333333333333,1.0,0.3333333333333333,1.0,1.0,1.0,0.0,0.6666666666666666,0.3333333333333333,0.6666666666666666,0.0
52,1.0,0.3333333333333333,0.0,0.6666666666666666,0.0,0.0,0.0,1.0,0.0,1.0,1.0,0.0,1.0,0.6666666666666666,0.6666666666666666,1.0,0.6666666666666666,0.0,1.0,0.6666666666666666,0.0,0.0,0.3333333333333333,1.0,0.6666666666666666,1.0,1.0,1.0,1.0,1.0,1.0,1.0,0.0,1.0,0.3333333333333333,0.3333333333333333,0.0,0.6666666666666666,1.0,0.0,1.0,0.0,0.0,1.0,1.0,1.0,0.6666666666666666,1.0,1.0,0.6666666666666666,0.6666666666666666,0.3333333333333333,0.0,1.0,0.0,0.0
53,0.0,1.0,0.0,1.0,0.6666666666666666,0.0,0.0,0.3333333333333333,0.6666666666666666,1.0,1.0,0.6666666666666666,0.0,0.6666666666666666,0.0,0.3333333333333333,1.0,0.6666666666666666,0.3333333333333333,0.3333333333333333,0.6666666666666666,0.3333333333333333,1.0,0.6666666666666666,0.0,0.6666666666666666,1.0,1.0,0.0,1.0,0.3333333333333333,0.0,0.6666666666666666,0.3333333333333333,1.0,0.6666666666666666,1.0,0.6666666666666666,0.0,0.0,0.3333333333333333,0.6666666666666666,0.0,0.3333333333333333,0.0,1.0,1.0,0.3333333333333333,1.0,0.6666666666666666,0.6666666666666666,0.3333333333333333,0.6666666666666666,1.0,0.3333333333333333,1.0
54,0.3333333333333333,0.6666666666666666,0.0,0.0,0.3333333333333333,0.6666666666666666,0.0,0.6666666666666666,1.0,0.3333333333333333,0.0,0.0,1.0,0.3333333333333333,0.0,0.6666666666666666,0.0,0.3333333333333333,0.3333333333333333,0.6666666666666666,0.3333333333333333,1.0,1.0,1.0,0.6666666666666666,0.0,0.3333333333333333,1.0,0.3333333333333333,1.0,0.6666666666666666,0.6666666666666666,1.0,0.0,1.0,1.0,0.0,0.3333333333333333,1.0,0.6666666666666666,1.0,0.6666666666666666,0.0,0.0,0.3333333333333333,0.0,1.0,1.0,0.0,1.0,1.0,0.3333333333333333,0.6666666666666666,1.0,0.3333333333333333,1.0
55,0.3333333333333333,0.0,0.0,1.0,0.6666666666666666,0.6666666666666666,0.3333333333333333,0.3333333333333333,1.0,0.3333333333333333,1.0,0.0,0.0,0.0,0.3333333333333333,0.6666666666666666,0.6666666666666666,0.6666666666666666,1.0,0.3333333333333333,1.0,1.0,0.6666666666666666,0.0,0.6666666666666666,0.6666666666666666,0.6666666666666666,0.6666666666666666,1.0,1.0,1.0,1.0,1.0,1.0,0.6666666666666666,0.3333333333333333,1.0,0.6666666666666666,0.0,0.0,0.0,0.6666666666666666,0.6666666666666666,0.0,0.6666666666666666,0.6666666666666666,0.0,0.0,0.3333333333333333,1.0,0.0,1.0,0.0,1.0,0.6666666666666666,0.3333333333333333
56,1.0,1.0,0.6666666666666666,0.0,0.3333333333333333,0.3333333333333333,1.0,0.0,0.3333333333333333,1.0,0.0,0.3333333333333333,0.6666666666666666,0.3333333333333333,0.3333333333333333,0.0,0.6666666666666666,0.3333333333333333,0.0,1.0,1.0,1.0,1.0,0.6666666666666666,0.6666666666666666,0.3333333333333333,0.6666666666666666,0.6666666666666666,1.0,0.6666666666666666,1.0,0.0,0.0,0.6666666666666666,0.3333333333333333,1.0,0.0,0.0,0.3333333333333333,0.3333333333333333,0.0,1.0,1.0,0.3333333333333333,0.3333333333333333,0.6666666666666666,0.6666666666666666,1.0,1.0,0.6666666666666666,0.0,0.3333333333333333,1.0,0.3333333333333333,0.0,0.0
57,0.3333333333333333,0.6666666666666666,1.0,0.3333333333333333,1.0,0.0,1.0,0.3333333333333333,0.6666666666666666,0.6666666666666666,1.0,0.6666666666666666,0.0,0.0,0.3333333333333333,0.3333333333333333,1.0,0.3333333333333333,0.3333333333333333,0.6666666666666666,0.6666666666666666,1.0,0.0,1.0,0.3333333333333333,0.0,0.0,0.3333333333333333,0.6666666666666666,0.3333333333333333,1.0,0.6666666666666666,0.6666666666666666,0.0,0.0,0.6666666666666666,0.6666666666666666,1.0,0.6666666666666666,0.0,0.3333333333333333,0.6666666666666666,0.3333333333333333,1.0,0.0,0.0,0.3333333333333333,0.6666666666666666,0.3333333333333333,0.0,0.6666666666666666,0.0,1.0,0.6666666666666666,0.3333333333333333,0.0
58,0.6666666666666666,0.3333333333333333,0.3333333333333333,0.0,0.0,1.0,0.3333333333333333,0.0,0.0,1.0,0.3333333333333333,0.0,0.0,0.6666666666666666,0.0,0.0,0.3333333333333333,1.0,1.0,0.6666666666666666,0.0,0.0,0.6666666666666666,0.6666666666666666,0.6666666666666666,1.0,0.6666666666666666,0.6666666666666666,1.0,0.0,1.0,0.3333333333333333,0.0,0.6666666666666666,0.3333333333333333,0.3333333333333333,0.0,0.0,0.3333333333333333,0.0,0.6666666666666666,0.3333333333333333,0.3333333333333333,1.0,0.6666666666666666,0.0,0.3333333333333333,0.0,1.0,0.3333333333333333,0.3333333333333333,1.0,1.0,0.3333333333333333,0.6666666666666666,1.0
59,1.0,0.6666666666666666,0.6666666666666666,0.0,1.0,0.6666666666666666,0.6666666666666666,0.0,0.3333333333333333,0.6666666666666666,1.0,1.0,0.3333333333333333,0.0,0.0,0.3333333333333333,0.0,1.0,1.0,0.6666666666666666,0.0,0.6666666666666666,0.6666666666666666,0.0,0.0,0.6666666666666666,0.6666666666666666,0.3333333333333333,0.0,1.0,0.0,0.0,0.3333333333333333,0.6666666666666666,0.3333333333333333,1.0,0.0,0.3333333333333333,1.0,0.0,0.3333333333333333,0.3333333333333333,1.0,0.6666666666666666,0.0,1.0,0.6666666666666666,1.0,1.0,1.0,0.0,0.3333333333333333,1.0,0.3333333333333333,0.3333333333333333,0.0
60,0.6666666666666666,0.0,0.6666666666666666,0.6666666666666666,1.0,0.6666666666666666,0.6666666666666666,0.3333333333333333,1.0,0.0,1.0,0.6666666666666666,1.0,0.6666666666666666,1.0,0.0,1.0,0.6666666666666666,0.0,0.3333333333333333,0.3333333333333333,0.6666666666666666,0.0,0.0,0.3333333333333333,0.6666666666666666,0.0,0.6666666666666666,1.0,0.3333333333333333,0.0,0.0,1.0,0.3333333333333333,0.0,0.6666666666666666,0.0,0.3333333333333333,0.3333333333333333,0.6666666666666666,0.3333333333333333,1.0,1.0,1.0,0.6666666666666666,0.0,0.3333333333333333,1.0,0.3333333333333333,1.0,0.6666666666666666,0.6666666666666666,1.0,0.0,1.0,1.0
61,0.3333333333333333,0.6666666666666666,1.0,0.0,0.6666666666666666,0.3333333333333333,0.6666666666666666,0.3333333333333333,0.0,1.0,0.3333333333333333,0.0,0.6666666666666666,1.0,0.6666666666666666,0.3333333333333333,1.0,1.0,1.0,0.3333333333333333,1.0,1.0,0.0,0.3333333333333333,1.0,0.6666666666666666,1.0,0.6666666666666666,0.0,0.6666666666666666,1.0,0.0,0.3333333333333333,0.6666666666666666,0.3333333333333333,0.0,0.3333333333333333,0.3333333333333333,0.0,0.6666666666666666,0.3333333333333333,0.6666666666666666,0.3333333333333333,0.3333333333333333,0.0,0.6666666666666666,0.0,0.6666666666666666,0.6666666666666666,0.0,0.3333333333333333,0.6666666666666666,0.0,0.3333333333333333,0.6666666666666666,0.0
62,0.3333333333333333,0.6666666666666666,0.0,0.3333333333333333,0.3333333333333333,0.6666666666666666,0.0,0.0,0.6666666666666666,0.3333333333333333,0.6666666666666666,0.0,0.6666666666666666,0.3333333333333333,0.3333333333333333,1.0,0.3333333333333333,0.6666666666666666,1.0,0.3333333333333333,0.3333333333333333,1.0,0.3333333333333333,0.0,0.0,1.0,0.6666666666666666,0.6666666666666666,0.3333333333333333,0.3333333333333333,1.0,0.3333333333333333,1.0,0.0,0.0,0.0,0.3333333333333333,0.6666666666666666,0.6666666666666666,0.6666666666666666,1.0,0.3333333333333333,1.0,1.0,0.6666666666666666,0.0,0.6666666666666666,0.6666666666666666,0.6666666666666666,0.6666666666666666,1.0,1.0,1.0,1.0,1.0,1.0
63,0.3333333333333333,1.0,0.0,0.3333333333333333,0.6666666666666666,0.6666666666666666,1.0,0.6666666666666666,0.6666666666666666,0.6666666666666666,1.0,0.0,0.3333333333333333,0.0,0.0,1.0,0.0,1.0,0.6666666666666666,0.3333333333333333,1.0,0.6666666666666666,0.6666666666666666,0.0,1.0,0.6666666666666666,0.6666666666666666,0.0,0.6666666666666666,0.0,1.0,0.6666666666666666,0.3333333333333333,0.6666666666666666,1.0,1.0,0.3333333333333333,0.0,0.3333333333333333,1.0,1.0,0.3333333333333333,1.0,0.6666666666666666,0.6666666666666666,1.0,0.3333333333333333,1.0,0.0,0.3333333333333333,1.0,0.6666666666666666,0.0,0.3333333333333333,1.0,0.3333333333333333
64,0.0,1.0,0.0,0.6666666666666666,1.0,0.3333333333333333,1.0,0.3333333333333333,0.0,0.6666666666666666,0.0,0.6666666666666666,1.0,0.3333333333333333,1.0,1.0,0.6666666666666666,0.0,0.3333333333333333,0.3333333333333333,1.0,0.0,0.3333333333333333,1.0,0.0,0.3333333333333333,0.6666666666666666,0.3333333333333333,0.3333333333333333,0.0,0.6666666666666666,0.3333333333333333,0.0,1.0,1.0,1.0,1.0,0.6666666666666666,0.6666666666666666,0.3333333333333333,0.6666666666666666,0.6666666666666666,1.0,0.6666666666666666,1.0,0.0,0.0,0.6666666666666666,0.3333333333333333,1.0,0.0,0.0,0.3333333333333333,0.3333333333333333,0.0,1.0
65,0.0,0.0,0.3333333333333333,1.0,0.3333333333333333,0.0,0.0,0.6666666666666666,0.6666666666666666,0.3333333333333333,1.0,0.6666666666666666,0.0,1.0,0.0,0.3333333333333333,0.6666666666666666,0.6666666666666666,0.3333333333333333,0.6666666666666666,0.0,0.6666666666666666,0.0,0.3333333333333333,1.0,1.0,0.6666666666666666,0.3333333333333333,0.6666666666666666,0.0,0.6666666666666666,0.3333333333333333,0.3333333333333333,1.0,1.0,0.6666666666666666,1.0,0.3333333333333333,0.3333333333333333,1.0,1.0,0.6666666666666666,0.3333333333333333,0.6666666666666666,0.6666666666666666,1.0,0.0,0.3333333333333333,0.0,0.3333333333333333,0.0,0.6666666666666666,0.3333333333333333,0.0,0.6666666666666666,0.3333333333333333
66,1.0,1.0,0.0,0.3333333333333333,1.0,0.6666666666666666,1.0,0.6666666666666666,0.0,0.0,0.3333333333333333,0.0,1.0,1.0,0.0,1.0,1.0,0.3333333333333333,0.6666666666666666,1.0,0.3333333333333333,1.0,0.3333333333333333,0.3333333333333333,0.6666666666666666,0.3333333333333333,0.6666666666666666,0.0,0.3333333333333333,1.0,0.0,0.3333333333333333,0.6666666666666666,0.0,1.0,0.6666666666666666,0.0,0.6666666666666666,0.0,1.0,0.6666666666666666,0.3333333333333333,0.3333333333333333,1.0,0.6666666666666666,0.0,0.6666666666666666,1.0,0.6666666666666666,0.3333333333333333,1.0,1.0,0.3333333333333333,0.3333333333333333,0.6666666666666666,1.0
67,1.0,0.0,1.0,1.0,0.3333333333333333,1.0,0.3333333333333333,0.0,0.0,0.3333333333333333,0.0,0.0,0.6666666666666666,0.0,1.0,1.0,0.0,0.0,0.3333333333333333,0.3333333333333333,0.6666666666666666,0.0,0.3333333333333333,0.0,0.6666666666666666,0.0,1.0,1.0,0.3333333333333333,0.0,0.0,1.0,0.3333333333333333,1.0,0.3333333333333333,0.6666666666666666,1.0,0.6666666666666666,0.6666666666666666,0.0,1.0,0.6666666666666666,0.6666666666666666,0.0,0.3333333333333333,0.6666666666666666,1.0,1.0,0.3333333333333333,0.0,0.0,0.3333333333333333,0.0,1.0,1.0,0.6666666666666666
68,0.0,0.0,0.3333333333333333,0.6666666666666666,0.0,0.6666666666666666,1.0,0.3333333333333333,0.0,0.0,1.0,0.3333333333333333,0.0,0.6666666666666666,0.0,0.3333333333333333,0.3333333333333333,0.6666666666666666,0.3333333333333333,1.0,1.0,1.0,0.6666666666666666,0.0,0.3333333333333333,1.0,0.3333333333333333,1.0,0.6666666666666666,0.6666666666666666,1.0,0.0,1.0,1.0,0.0,0.3333333333333333,1.0,0.6666666666666666,1.0,0.6666666666666666,0.0,0.0,0.3333333333333333,0.0,1.0,1.0,0.0,1.0,1.0,0.3333333333333333,0.6666666666666666,1.0,0.3333333333333333,1.0,0.3333333333333333,0.3333333333333333
69,0.0,0.0,0.6666666666666666,1.0,0.6666666666666666,0.3333333333333333,1.0,1.0,0.0,0.6666666666666666,0.3333333333333333,1.0,1.0,0.3333333333333333,0.0,0.0,0.6666666666666666,0.6666666666666666,1.0,0.3333333333333333,0.0,0.3333333333333333,0.6666666666666666,0.6666666666666666,0.0,1.0,0.0,0.3333333333333333,0.6666666666666666,0.0,0.3333333333333333,0.3333333333333333,0.6666666666666666,0.0,0.0,0.6666666666666666,0.3333333333333333,0.6666666666666666,0.0,0.6666666666666666,0.3333333333333333,0.3333333333333333,1.0,0.3333333333333333,0.6666666666666666,1.0,0.3333333333333333,0.3333333333333333,1.0,0.3333333333333333,0.0,0.0,1.0,0.6666666666666666,0.6666666666666666,0.3333333333333333
70,0.6666666666666666,0.0,0.0,0.6666666666666666,0.0,0.3333333333333333,0.3333333333333333,0.0,0.3333333333333333,0.6666666666666666,0.3333333333333333,0.3333333333333333,1.0,0.3333333333333333,0.6666666666666666,0.3333333333333333,0.3333333333333333,0.0,0.3333333333333333,0.3333333333333333,0.6666666666666666,0.0,0.6666666666666666,1.0,0.0,0.6666666666666666,0.0,0.3333333333333333,0.3333333333333333,0.3333333333333333,1.0,1.0,0.0,0.6666666666666666,0.0,0.6666666666666666,0.0,0.6666666666666666,0.3333333333333333,0.0,1.0,0.6666666666666666,1.0,0.3333333333333333,0.0,0.6666666666666666,0.3333333333333333,0.3333333333333333,1.0,0.3333333333333333,0.6666666666666666,0.0,0.3333333333333333,0.0,0.0,0.3333333333333333
71,1.0,1.0,0.0,0.6666666666666666,0.0,0.6666666666666666,0.0,0.6666666666666666,0.3333333333333333,0.0,1.0,0.6666666666666666,1.0,0.3333333333333333,0.0,0.6666666666666666,0.3333333333333333,0.3333333333333333,1.0,0.3333333333333333,0.6666666666666666,0.0,0.3333333333333333,0.0,0.0,0.3333333333333333,1.0,1.0,0.6666666666666666,0.3333333333333333,0.0,1.0,0.0,0.0,0.0,1.0,0.6666666666666666,0.3333333333333333,1.0,1.0,1.0,0.3333333333333333,1.0,1.0,0.6666666666666666,1.0,0.0,0.6666666666666666,0.0,0.3333333333333333,0.6666666666666666,1.0,0.6666666666666666,0.3333333333333333,0.3333333333333333,0.3333333333333333
72,1.0,0.0,1.0,1.0,0.3333333333333333,0.6666666666666666,1.0,0.3333333333333333,1.0,0.3333333333333333,0.3333333333333333,0.6666666666666666,0.3333333333333333,0.6666666666666666,0.0,0.3333333333333333,1.0,0.0,0.3333333333333333,0.6666666666666666,0.0,1.0,0.6666666666666666,0.0,0.6666666666666666,0.0,1.0,0.6666666666666666,0.3333333333333333,0.3333333333333333,1.0,0.6666666666666666,0.0,0.6666666666666666,1.0,0.6666666666666666,0.3333333333333333,1.0,1.0,0.3333333333333333,0.3333333333333333,0.6666666666666666,1.0,1.0,0.0,0.3333333333333333,1.0,0.6666666666666666,0.6666666666666666,0.0,1.0,1.0,0.6666666666666666,1.0,0.3333333333333333,0.0
73,1.0,0.6666666666666666,0.3333333333333333,1.0,0.6666666666666666,0.0,0.0,0.0,0.6666666666666666,0.6666666666666666,0.0,0.6666666666666666,0.6666666666666666,0.0,0.0,0.3333333333333333,1.0,0.0,1.0,0.0,1.0,0.6666666666666666,0.3333333333333333,0.6666666666666666,0.3333333333333333,1.0,0.3333333333333333,0.0,1.0,0.0,0.3333333333333333,0.6666666666666666,0.0,1.0,0.0,1.0,0.6666666666666666,0.0,0.0,0.3333333333333333,0.6666666666666666,1.0,1.0,0.6666666666666666,0.0,0.6666666666666666,0.0,0.3333333333333333,1.0,0.6666666666666666,0.3333333333333333,0.3333333333333333,0.6666666666666666,0.3333333333333333,1.0,0.6666666666666666
74,0.3333333333333333,0.0,1.0,0.6666666666666666,0.0,0.0,0.3333333333333333,1.0,0.3333333333333333,0.0,0.0,0.6666666666666666,0.6666666666666666,0.3333333333333333,1.0,0.6666666666666666,0.0,1.0,0.0,0.3333333333333333,0.6666666666666666,0.6666666666666666,0.3333333333333333,0.6666666666666666,0.0,0.6666666666666666,0.0,0.3333333333333333,1.0,1.0,0.6666666666666666,0.3333333333333333,0.6666666666666666,0.0,0.6666666666666666,0.3333333333333333,0.3333333333333333,1.0,1.0,0.6666666666666666,1.0,0.3333333333333333,0.3333333333333333,1.0,1.0,0.6666666666666666,0.3333333333333333,0.6666666666666666,0.6666666666666666,1.0,0.0,0.3333333333333333,0.0,0.3333333333333333,0.0,0.6666666666666666
75,1.0,1.0,0.3333333333333333,0.6666666666666666,1.0,0.3333333333333333,1.0,0.3333333333333333,0.3333333333333333,0.6666666666666666,0.3333333333333333,0.6666666666666666,0.0,0.3333333333333333,1.0,0.0,0.3333333333333333,0.6666666666666666,0.0,1.0,0.6666666666666666,0.0,0.6666666666666666,0.0,1.0,0.6666666666666666,0.3333333333333333,0.3333333333333333,1.0,0.6666666666666666,0.0,0.6666666666666666,1.0,0.6666666666666666,0.3333333333333333,1.0,1.0,0.3333333333333333,0.3333333333333333,0.6666666666666666,1.0,1.0,0.0,0.3333333333333333,1.0,0.6666666666666666,0.6666666666666666,0.0,1.0,1.0,0.6666666666666666,1.0,0.3333333333333333,0.0,0.3333333333333333,0.3333333333333333
76,0.3333333333333333,0.0,1.0,0.6666666666666666,1.0,0.3333333333333333,0.0,0.6666666666666666,0.3333333333333333,0.3333333333333333,1.0,0.3333333333333333,0.6666666666666666,0.0,0.3333333333333333,0.0,0.0,0.3333333333333333,1.0,1.0,0.6666666666666666,0.3333333333333333,0.0,1.0,0.0,0.0,0.0,1.0,0.6666666666666666,0.3333333333333333,1.0,1.0,1.0,0.3333333333333333,1.0,1.0,0.6666666666666666,1.0,0.0,0.6666666666666666,0.0,0.3333333333333333,0.6666666666666666,1.0,0.6666666666666666,0.3333333333333333,0.3333333333333333,0.3333333333333333,1.0,0.0,0.3333333333333333,0.6666666666666666,0.3333333333333333,0.6666666666666666,0.3333333333333333,1.0
77,0.0,0.6666666666666666,0.6666666666666666,0.0,0.6666666666666666,0.6666666666666666,0.0,0.0,0.3333333333333333,1.0,0.0,0.3333333333333333,0.6666666666666666,0.3333333333333333,0.0,0.0,0.6666666666666666,0.6666666666666666,1.0,1.0,0.6666666666666666,0.6666666666666666,0.0,0.0,0.3333333333333333,0.0,1.0,0.3333333333333333,0.6666666666666666,0.6666666666666666,0.0,0.6666666666666666,0.0,0.6666666666666666,0.0,1.0,0.6666666666666666,0.3333333333333333,0.3333333333333333,0.0,0.6666666666666666,0.3333333333333333,0.3333333333333333,0.0,0.6666666666666666,0.3333333333333333,0.6666666666666666,0.3333333333333333,0.0,0.3333333333333333,0.3333333333333333,1.0,0.6666666666666666,0.3333333333333333,0.0,0.3333333333333333
78,1.0,0.3333333333333333,1.0,0.3333333333333333,0.0,0.0,0.3333333333333333,0.0,0.0,0.6666666666666666,0.0,1.0,1.0,0.0,0.0,0.3333333333333333,0.3333333333333333,0.6666666666666666,0.0,0.3333333333333333,0.0,0.6666666666666666,0.0,1.0,1.0,0.3333333333333333,0.0,0.0,1.0,0.3333333333333333,1.0,0.3333333333333333,0.6666666666666666,1.0,0.6666666666666666,0.6666666666666666,0.0,1.0,0.6666666666666666,0.6666666666666666,0.0,0.3333333333333333,0.6666666666666666,1.0,1.0,0.3333333333333333,0.0,0.0,0.3333333333333333,0.0,1.0,1.0,0.6666666666666666,0.0,0.6666666666666666,0.6666666666666666
79,1.0,0.6666666666666666,0.0,0.0,0.6666666666666666,1.0,0.6666666666666666,0.3333333333333333,1.0,1.0,0.0,0.6666666666666666,0.3333333333333333,1.0,1.0,0.3333333333333333,0.0,0.0,0.6666666666666666,0.6666666666666666,1.0,0.3333333333333333,0.0,0.3333333333333333,0.6666666666666666,0.6666666666666666,0.0,1.0,0.0,0.3333333333333333,0.6666666666666666,0.0,0.3333333333333333,0.3333333333333333,0.6666666666666666,0.0,0.0,0.6666666666666666,0.3333333333333333,0.6666666666666666,0.0,0.6666666666666666,0.3333333333333333,0.3333333333333333,1.0,0.3333333333333333,0.6666666666666666,1.0,0.3333333333333333,0.3333333333333333,1.0,0.3333333333333333,0.0,0.0,1.0,0.6666666666666666
80,0.3333333333333333,1.0,0.0,1.0,0.0,1.0,0.6666666666666666,0.3333333333333333,0.6666666666666666,0.3333333333333333,1.0,0.3333333333333333,0.0,1.0,0.0,0.3333333333333333,0.6666666666666666,0.0,1.0,0.0,1.0,0.6666666666666666,0.0,0.0,0.3333333333333333,0.6666666666666666,1.0,1.0,0.6666666666666666,0.0,0.6666666666666666,0.0,0.3333333333333333,1.0,0.6666666666666666,0.3333333333333333,0.3333333333333333,0.6666666666666666,0.3333333333333333,1.0,0.6666666666666666,0.0,0.6666666666666666,1.0,1.0,0.0,1.0,0.3333333333333333,0.0,0.6666666666666666,0.3333333333333333,1.0,0.6666666666666666,1.0,0.6666666666666666,0.0
81,0.6666666666666666,0.3333333333333333,0.6666666666666666,0.6666666666666666,0.3333333333333333,0.0,0.6666666666666666,0.3333333333333333,0.0,0.3333333333333333,0.6666666666666666,1.0,1.0,1.0,0.3333333333333333,0.3333333333333333,0.0,0.3333333333333333,0.6666666666666666,0.3333333333333333,0.6666666666666666,0.6666666666666666,1.0,0.6666666666666666,0.0,0.6666666666666666,0.0,0.6666666666666666,0.3333333333333333,0.3333333333333333,1.0,0.3333333333333333,0.0,0.6666666666666666,0.6666666666666666,0.0,1.0,1.0,0.3333333333333333,0.0,1.0,0.6666666666666666,1.0,0.3333333333333333,0.6666666666666666,0.0,1.0,0.6666666666666666,1.0,0.3333333333333333,1.0,1.0,0.3333333333333333,0.3333333333333333,0.6666666666666666,0.6666666666666666
82,0.0,1.0,0.3333333333333333,0.3333333333333333,0.3333333333333333,1.0,0.0,0.0,1.0,0.6666666666666666,1.0,0.3333333333333333,1.0,0.0,0.3333333333333333,1.0,1.0,0.3333333333333333,0.3333333333333333,0.6666666666666666,0.6666666666666666,1.0,0.3333333333333333,0.0,0.0,1.0,0.3333333333333333,0.3333333333333333,0.0,1.0,0.3333333333333333,1.0,0.0,0.3333333333333333,0.6666666666666666,1.0,1.0,0.0,0.0,0.3333333333333333,0.3333333333333333,0.6666666666666666,0.0,0.6666666666666666,0.6666666666666666,1.0,0.6666666666666666,0.6666666666666666,0.3333333333333333,1.0,0.0,1.0,0.6666666666666666,1.0,0.6666666666666666,1.0
83,1.0,0.6666666666666666,0.6666666666666666,0.3333333333333333,0.6666666666666666,1.0,0.3333333333333333,1.0,0.0,1.0,0.3333333333333333,0.6666666666666666,0.6666666666666666,1.0,0.6666666666666666,0.0,0.0,0.3333333333333333,0.3333333333333333,1.0,0.3333333333333333,0.3333333333333333,0.6666666666666666,0.6666666666666666,1.0,0.0,1.0,0.3333333333333333,0.0,0.0,0.3333333333333333,0.6666666666666666,0.3333333333333333,1.0,0.6666666666666666,0.6666666666666666,0.0,0.0,0.6666666666666666,0.6666666666666666,1.0,0.6666666666666666,0.0,0.3333333333333333,0.6666666666666666,0.3333333333333333,1.0,0.0,0.0,0.3333333333333333,0.6666666666666666,0.3333333333333333,0.0,0.6666666666666666,0.0,1.0
84,1.0,0.3333333333333333,1.0,0.3333333333333333,0.6666666666666666,1.0,0.6666666666666666,0.6666666666666666,0.0,1.0,0.6666666666666666,0.6666666666666666,0.0,0.3333333333333333,0.6666666666666666,1.0,1.0,0.3333333333333333,0.0,0.0,0.3333333333333333,0.0,1.0,1.0,0.6666666666666666,0.0,0.6666666666666666,0.6666666666666666,0.0,0.0,0.6666666666666666,0.6666666666666666,0.3333333333333333,0.0,1.0,0.0,0.0,0.3333333333333333,0.6666666666666666,0.3333333333333333,1.0,0.0,0.3333333333333333,1.0,0.0,0.3333333333333333,0.3333333333333333,1.0,0.6666666666666666,0.0,1.0,0.6666666666666666,1.0,1.0,1.0,0.0
85,1.0,0.0,1.0,1.0,0.6666666666666666,0.6666666666666666,0.3333333333333333,1.0,1.0,0.6666666666666666,0.3333333333333333,1.0,0.3333333333333333,0.0,0.0,0.6666666666666666,0.3333333333333333,0.0,1.0,0.6666666666666666,0.0,0.0,0.3333333333333333,1.0,0.3333333333333333,0.0,0.0,0.6666666666666666,0.6666666666666666,0.3333333333333333,1.0,0.6666666666666666,0.0,1.0,0.0,0.3333333333333333,0.6666666666666666,0.6666666666666666,0.3333333333333333,0.6666666666666666,0.0,0.6666666666666666,0.0,0.3333333333333333,1.0,1.0,0.6666666666666666,0.3333333333333333,0.6666666666666666,0.0,0.6666666666666666,0.3333333333333333,0.3333333333333333,1.0,1.0,0.6666666666666666
86,1.0,0.0,0.6666666666666666,0.0,0.6666666666666666,0.6666666666666666,0.6666666666666666,1.0,0.6666666666666666,1.0,0.0,0.3333333333333333,1.0,0.3333333333333333,0.3333333333333333,0.0,0.0,0.6666666666666666,0.0,0.0,0.6666666666666666,0.0,0.6666666666666666,0.6666666666666666,0.0,0.0,0.6666666666666666,0.0,1.0,0.6666666666666666,0.0,0.6666666666666666,0.6666666666666666,0.3333333333333333,1.0,0.0,0.6666666666666666,0.0,0.3333333333333333,0.6666666666666666,1.0,0.3333333333333333,1.0,0.3333333333333333,1.0,0.6666666666666666,0.3333333333333333,0.0,1.0,0.6666666666666666,0.6666666666666666,0.0,0.6666666666666666,1.0,0.0,1.0
87,0.3333333333333333,0.0,0.6666666666666666,0.3333333333333333,0.6666666666666666,0.6666666666666666,0.3333333333333333,0.0,0.6666666666666666,0.3333333333333333,0.0,0.3333333333333333,0.6666666666666666,1.0,1.0,1.0,0.3333333333333333,0.3333333333333333,0.0,0.3333333333333333,0.6666666666666666,0.3333333333333333,0.6666666666666666,0.6666666666666666,1.0,0.6666666666666666,0.0,0.6666666666666666,0.0,0.6666666666666666,0.3333333333333333,0.3333333333333333,1.0,0.3333333333333333,0.0,0.6666666666666666,0.6666666666666666,0.0,1.0,1.0,0.3333333333333333,0.0,1.0,0.6666666666666666,1.0,0.3333333333333333,0.6666666666666666,0.0,1.0,0.6666666666666666,1.0,0.3333333333333333,1.0,1.0,0.3333333333333333,0.3333333333333333
88,1.0,1.0,0.0,0.3333333333333333,0.6666666666666666,1.0,1.0,0.6666666666666666,0.6666666666666666,0.3333333333333333,0.6666666666666666,0.0,0.3333333333333333,0.3333333333333333,0.6666666666666666,0.3333333333333333,1.0,0.0,0.6666666666666666,0.6666666666666666,0.0,0.3333333333333333,1.0,1.0,1.0,0.3333333333333333,1.0,1.0,0.6666666666666666,1.0,1.0,0.6666666666666666,0.0,1.0,1.0,1.0,1.0,0.3333333333333333,0.3333333333333333,0.0,1.0,0.6666666666666666,0.3333333333333333,0.6666666666666666,0.6666666666666666,1.0,0.6666666666666666,1.0,1.0,1.0,1.0,0.6666666666666666,0.3333333333333333,0.6666666666666666,0.3333333333333333,0.0
89,0.0,0.3333333333333333,0.6666666666666666,0.3333333333333333,1.0,0.0,0.0,0.3333333333333333,0.6666666666666666,0.3333333333333333,0.0,0.6666666666666666,0.0,1.0,0.6666666666666666,0.3333333333333333,0.0,0.6666666666666666,0.3333333333333333,0.6666666666666666,0.0,0.0,0.3333333333333333,0.6666666666666666,0.3333333333333333,1.0,0.3333333333333333,0.6666666666666666,0.6666666666666666,0.3333333333333333,0.6666666666666666,1.0,0.0,1.0,1.0,0.3333333333333333,1.0,0.3333333333333333,0.0,0.0,0.3333333333333333,0.0,0.0,0.6666666666666666,0.0,1.0,1.0,0.0,0.0,0.3333333333333333,0.3333333333333333,0.6666666666666666,0.0,0.3333333333333333,0.0,0.6666666666666666
90,0.6666666666666666,0.6666666666666666,1.0,0.6666666666666666,1.0,1.0,1.0,1.0,0.6666666666666666,0.3333333333333333,0.6666666666666666,0.3333333333333333,0.0,0.0,1.0,0.6666666666666666,1.0,1.0,0.0,0.0,1.0,0.3333333333333333,0.6666666666666666,0.3333333333333333,1.0,1.0,1.0,0.6666666666666666,1.0,0.0,0.3333333333333333,0.0,0.3333333333333333,0.3333333333333333,1.0,0.3333333333333333,0.0,0.6666666666666666,0.6666666666666666,0.3333333333333333,0.0,1.0,0.6666666666666666,1.0,0.0,0.0,0.0,0.3333333333333333,0.6666666666666666,1.0,0.3333333333333333,1.0,1.0,0.3333333333333333,0.6666666666666666,1.0
91,0.0,0.0,0.3333333333333333,0.3333333333333333,0.0,1.0,1.0,0.3333333333333333,0.3333333333333333,0.6666666666666666,0.6666666666666666,1.0,1.0,0.6666666666666666,0.0,0.3333333333333333,1.0,0.3333333333333333,0.0,0.0,1.0,0.6666666666666666,0.0,0.6666666666666666,0.3333333333333333,0.0,1.0,0.3333333333333333,1.0,0.3333333333333333,0.6666666666666666,0.0,1.0,0.6666666666666666,0.3333333333333333,0.0,0.6666666666666666,0.3333333333333333,0.6666666666666666,1.0,0.0,0.3333333333333333,1.0,0.3333333333333333,0.3333333333333333,1.0,0.0,0.3333333333333333,0.0,1.0,0.6666666666666666,0.0,0.0,1.0,0.0,0.6666666666666666
92,0.0,0.6666666666666666,0.0,0.3333333333333333,0.6666666666666666,1.0,0.3333333333333333,1.0,0.3333333333333333,1.0,0.6666666666666666,0.3333333333333333,0.0,1.0,0.6666666666666666,0.6666666666666666,0.0,0.6666666666666666,1.0,0.0,1.0,0.6666666666666666,0.0,0.6666666666666666,0.0,1.0,0.6666666666666666,0.6666666666666666,0.0,0.3333333333333333,1.0,0.0,0.3333333333333333,0.6666666666666666,0.6666666666666666,1.0,0.6666666666666666,0.6666666666666666,0.6666666666666666,1.0,0.0,0.3333333333333333,0.0,0.0,1.0,0.0,1.0,0.6666666666666666,0.3333333333333333,1.0,0.6666666666666666,0.6666666666666666,0.0,1.0,0.6666666666666666,0.6666666666666666
93,1.0,0.6666666666666666,1.0,1.0,0.6666666666666666,0.0,1.0,1.0,1.0,1.0,0.3333333333333333,0.3333333333333333,0.0,1.0,0.6666666666666666,0.3333333333333333,0.6666666666666666,0.6666666666666666,1.0,0.6666666666666666,1.0,1.0,1.0,1.0,0.6666666666666666,0.3333333333333333,0.6666666666666666,0.3333333333333333,0.0,0.0,1.0,0.6666666666666666,1.0,1.0,0.0,0.0,1.0,0.3333333333333333,0.6666666666666666,0.3333333333333333,1.0,1.0,1.0,0.6666666666666666,1.0,0.0,0.3333333333333333,0.0,0.3333333333333333,0.3333333333333333,1.0,0.3333333333333333,0.0,0.6666666666666666,0.6666666666666666,0.3333333333333333
94,1.0,0.6666666666666666,0.3333333333333333,0.0,0.3333333333333333,0.6666666666666666,0.6666666666666666,0.6666666666666666,1.0,1.0,0.6666666666666666,0.3333333333333333,0.6666666666666666,0.0,1.0,0.0,0.6666666666666666,0.3333333333333333,0.3333333333333333,1.0,0.3333333333333333,0.0,0.6666666666666666,0.3333333333333333,0.6666666666666666,1.0,0.0,1.0,1.0,0.3333333333333333,0.0,0.6666666666666666,0.6666666666666666,1.0,0.6666666666666666,0.3333333333333333,0.6666666666666666,0.0,0.6666666666666666,1.0,1.0,0.3333333333333333,0.6666666666666666,0.0,1.0,0.0,0.6666666666666666,1.0,0.3333333333333333,1.0,0.3333333333333333,0.0,0.6666666666666666,0.0,0.6666666666666666,1.0
95,0.0,0.6666666666666666,0.6666666666666666,0.3333333333333333,0.0,1.0,0.6666666666666666,1.0,0.0,0.0,0.0,0.3333333333333333,0.6666666666666666,1.0,0.3333333333333333,1.0,1.0,0.3333333333333333,0.6666666666666666,1.0,0.0,0.6666666666666666,0.3333333333333333,0.6666666666666666,0.3333333333333333,0.0,1.0,0.3333333333333333,0.0,0.6666666666666666,1.0,0.6666666666666666,0.3333333333333333,1.0,1.0,1.0,0.3333333333333333,1.0,1.0,0.0,0.3333333333333333,1.0,0.6666666666666666,1.0,0.6666666666666666,0.0,0.6666666666666666,1.0,0.0,0.3333333333333333,0.6666666666666666,0.3333333333333333,0.0,0.3333333333333333,0.3333333333333333,0.0
96,0.3333333333333333,0.3333333333333333,0.6666666666666666,0.0,0.6666666666666666,1.0,0.0,0.6666666666666666,0.0,0.3333333333333333,0.3333333333333333,0.3333333333333333,1.0,1.0,0.0,0.6666666666666666,0.0,0.6666666666666666,0.0,0.6666666666666666,0.3333333333333333,0.0,1.0,0.6666666666666666,1.0,0.3333333333333333,0.0,0.6666666666666666,0.3333333333333333,0.3333333333333333,1.0,0.3333333333333333,0.6666666666666666,0.0,0.3333333333333333,0.0,0.0,0.3333333333333333,1.0,1.0,0.6666666666666666,0.3333333333333333,0.0,1.0,0.0,0.0,0.0,1.0,0.6666666666666666,0.3333333333333333,1.0,1.0,1.0,0.3333333333333333,1.0,1.0
97,0.3333333333333333,0.6666666666666666,0.3333333333333333,1.0,0.0,0.6666666666666666,0.6666666666666666,0.0,0.3333333333333333,1.0,1.0,1.0,0.3333333333333333,1.0,1.0,0.6666666666666666,1.0,1.0,0.6666666666666666,0.0,1.0,1.0,1.0,1.0,0.3333333333333333,0.3333333333333333,0.0,1.0,0.6666666666666666,0.3333333333333333,0.6666666666666666,0.6666666666666666,1.0,0.6666666666666666,1.0,1.0,1.0,1.0,0.6666666666666666,0.3333333333333333,0.6666666666666666,0.3333333333333333,0.0,0.0,1.0,0.6666666666666666,1.0,1.0,0.0,0.0,1.0,0.3333333333333333,0.6666666666666666,0.3333333333333333,1.0,1.0
98,1.0,0.0,1.0,0.6666666666666666,0.0,0.3333333333333333,0.3333333333333333,0.6666666666666666,0.0,0.0,0.3333333333333333,0.6666666666666666,0.0,0.6666666666666666,1.0,0.3333333333333333,0.0,0.0,1.0,0.3333333333333333,0.0,0.6666666666666666,0.0,0.3333333333333333,0.3333333333333333,0.6666666666666666,0.3333333333333333,1.0,1.0,1.0,0.6666666666666666,0.0,0.3333333333333333,1.0,0.3333333333333333,1.0,0.6666666666666666,0.6666666666666666,1.0,0.0,1.0,1.0,0.0,0.3333333333333333,1.0,0.6666666666666666,1.0,0.6666666666666666,0.0,0.0,0.3333333333333333,0.0,1.0,1.0,0.0,1.0
99,0.0,0.6666666666666666,0.0,0.6666666666666666,0.6666666666666666,0.6666666666666666,1.0,0.6666666666666666,1.0,0.0,0.3333333333333333,1.0,0.3333333333333333,0.3333333333333333,0.0,0.0,0.6666666666666666,0.0,0.0,0.6666666666666666,0.0,0.6666666666666666,0.6666666666666666,0.0,0.0,0.6666666666666666,0.0,1.0,0.6666666666666666,0.0,0.6666666666666666,0.6666666666666666,0.3333333333333333,1.0,0.0,0.6666666666666666,0.0,0.3333333333333333,0.6666666666666666,1.0,0.3333333333333333,1.0,0.3333333333333333,1.0,0.6666666666666666,0.3333333333333333,0.0,1.0,0.6666666666666666,0.6666666666666666,0.0,0.6666666666666666,1.0,0.0,1.0,0.6666666666666666
100,0.6666666666666666,0.0,0.6666666666666666,0.0,0.6666666666666666,0.3333333333333333,0.0,1.0,0.6666666666666666,1.0,0.3333333333333333,0.0,0.6666666666666666,0.3333333333333333,0.3333333333333333,1.0,0.3333333333333333,0.6666666666666666,0.0,0.3333333333333333,0.0,0.0,0.3333333333333333,1.0,1.0,0.6666666666666666,0.3333333333333333,0.0,1.0,0.0,0.0,0.0,1.0,0.6666666666666666,0.3333333333333333,1.0,1.0,1.0,0.3333333333333333,1.0,1.0,0.6666666666666666,1.0,0.0,0.6666666666666666,0.0,0.3333333333333333,0.6666666666666666,1.0,0.6666666666666666,0.3333333333333333,0.3333333333333333,0.3333333333333333,1.0,0.0,0.3333333333333333
101,0.3333333333333333,0.3333333333333333,1.0,0.3333333333333333,0.0,0.0,1.0,0.6666666666666666,0.6666666666666666,0.3333333333333333,0.3333333333333333,1.0,0.3333333333333333,1.0,0.0,0.0,0.0,0.3333333333333333,0.6666666666666666,0.6666666666666666,0.6666666666666666,1.0,0.3333333333333333,1.0,1.0,0.6666666666666666,0.0,0.6666666666666666,0.6666666666666666,0.6666666666666666,0.6666666666666666,1.0,1.0,1.0,1.0,1.0,1.0,0.6666666666666666,0.3333333333333333,1.0,0.6666666666666666,0.0,0.0,0.0,0.6666666666666666,0.6666666666666666,0.0,0.6666666666666666,0.6666666666666666,0.0,0.0,0.3333333333333333,1.0,0.0,1.0,0.0
102,0.6666666666666666,1.0,0.0,1.0,1.0,0.3333333333333333,1.0,0.3333333333333333,0.0,0.0,0.3333333333333333,0.0,0.0,0.6666666666666666,0.0,1.0,1.0,0.0,0.0,0.3333333333333333,0.3333333333333333,0.6666666666666666,0.0,0.3333333333333333,0.0,0.6666666666666666,0.0,1.0,1.0,0.3333333333333333,0.0,0.0,1.0,0.3333333333333333,1.0,0.3333333333333333,0.6666666666666666,1.0,0.6666666666666666,0.6666666666666666,0.0,1.0,0.6666666666666666,0.6666666666666666,0.0,0.3333333333333333,0.6666666666666666,1.0,1.0,0.3333333333333333,0.0,0.0,0.3333333333333333,0.0,1.0,1.0
103,0.3333333333333333,0.6666666666666666,0.3333333333333333,0.6666666666666666,0.0,0.3333333333333333,1.0,0.0,0.3333333333333333,0.6666666666666666,0.0,1.0,0.6666666666666666,0.0,0.6666666666666666,0.0,1.0,0.6666666666666666,0.3333333333333333,0.3333333333333333,1.0,0.6666666666666666,0.0,0.6666666666666666,1.0,0.6666666666666666,0.3333333333333333,1.0,1.0,0.3333333333333333,0.3333333333333333,0.6666666666666666,1.0,1.0,0.0,0.3333333333333333,1.0,0.6666666666666666,0.6666666666666666,0.0,1.0,1.0,0.6666666666666666,1.0,0.3333333333333333,0.0,0.3333333333333333,0.3333333333333333,0.0,0.0,0.6666666666666666,0.6666666666666666,0.3333333333333333,1.0,1.0,0.3333333333333333
104,0.3333333333333333,1.0,0.3333333333333333,0.6666666666666666,1.0,0.3333333333333333,0.3333333333333333,1.0,0.3333333333333333,0.0,0.0,1.0,0.6666666666666666,0.6666666666666666,0.3333333333333333,0.3333333333333333,1.0,0.3333333333333333,1.0,0.0,0.0,0.0,0.3333333333333333,0.6666666666666666,0.6666666666666666,0.6666666666666666,1.0,0.3333333333333333,1.0,1.0,0.6666666666666666,0.0,0.6666666666666666,0.6666666666666666,0.6666666666666666,0.6666666666666666,1.0,1.0,1.0,1.0,1.0,1.0,0.6666666666666666,0.3333333333333333,1.0,0.6666666666666666,0.0,0.0,0.0,0.6666666666666666,0.6666666666666666,0.0,0.6666666666666666,0.6666666666666666,0.0,0.0
105,1.0,0.0,0.0,0.3333333333333333,0.0,1.0,1.0,0.0,0.0,1.0,0.0,0.0,0.0,1.0,0.0,0.0,0.6666666666666666,0.6666666666666666,0.0,0.6666666666666666,0.6666666666666666,0.3333333333333333,1.0,0.3333333333333333,1.0,0.0,0.0,1.0,0.6666666666666666,0.6666666666666666,0.3333333333333333,0.0,0.3333333333333333,1.0,0.3333333333333333,0.0,1.0,1.0,0.0,0.6666666666666666,0.3333333333333333,0.3333333333333333,0.0,0.0,1.0,0.3333333333333333,0.0,0.0,1.0,0.3333333333333333,0.0,0.0,0.6666666666666666,0.0,0.0,0.3333333333333333
