,f1,f2,f3,f4,f5
0,0.0,0.9166666666666666,0.07999999999999999,0.0,0.25396825396825395
1,1.0,0.5833333333333334,0.07999999999999999,0.0,0.2222222222222222
2,0.0,0.9166666666666666,0.07999999999999999,1.0,0.73015873015873
3,0.0,0.16666666666666666,0.04,1.0,0.4761904761904761
4,1.0,0.24999999999999997,0.4,1.0,0.8253968253968254
5,1.0,0.9166666666666666,0.07999999999999999,0.0,0.2698412698412698
6,1.0,0.3333333333333333,0.16,1.0,0.25396825396825395
7,1.0,0.37499999999999994,0.07999999999999999,1.0,0.38095238095238093
8,0.0,0.875,0.07999999999999999,0.0,0.873015873015873
9,1.0,0.5833333333333334,0.07999999999999999,0.0,0.2698412698412698
10,1.0,0.37499999999999994,0.84,1.0,0.09523809523809523
11,1.0,0.49999999999999994,0.0,1.0,0.42857142857142855
12,1.0,0.7083333333333334,0.7999999999999999,1.0,0.4126984126984127
13,1.0,0.20833333333333334,0.64,1.0,0.5714285714285714
14,1.0,0.20833333333333334,0.64,1.0,0.6190476190476191
15,1.0,0.20833333333333334,0.64,1.0,0.6349206349206349
16,1.0,0.24999999999999997,0.4,1.0,0.1111111111111111
17,1.0,0.875,0.07999999999999999,1.0,0.6825396825396826
18,1.0,0.49999999999999994,0.07999999999999999,0.0,0.1111111111111111
19,1.0,0.24999999999999997,0.96,1.0,0.6190476190476191
20,1.0,0.9999999999999999,0.24000000000000002,1.0,0.38095238095238093
21,1.0,0.9999999999999999,0.24000000000000002,1.0,0.31746031746031744
22,1.0,0.041666666666666664,0.32,1.0,0.4444444444444444
23,1.0,0.0,0.5599999999999999,0.0,0.30158730158730157
24,1.0,0.5833333333333334,0.48000000000000004,1.0,0.5396825396825395
25,1.0,0.24999999999999997,0.4,1.0,0.15873015873015872
26,1.0,0.29166666666666663,0.07999999999999999,1.0,0.3333333333333333
27,1.0,0.5416666666666666,0.5599999999999999,1.0,0.5555555555555556
28,1.0,0.8333333333333334,0.04,1.0,0.6190476190476191
29,1.0,0.875,0.07999999999999999,1.0,0.3968253968253968
30,1.0,0.41666666666666663,0.0,1.0,0.7619047619047619
31,1.0,0.7083333333333334,0.16,1.0,0.25396825396825395
32,1.0,0.49999999999999994,0.0,1.0,0.4444444444444444
33,0.0,0.49999999999999994,0.07999999999999999,0.0,0.15873015873015872
34,1.0,0.16666666666666666,0.04,1.0,0.5396825396825395
35,1.0,0.625,0.28,1.0,0.5238095238095237
36,1.0,0.125,0.6,1.0,0.2857142857142857
37,1.0,0.16666666666666666,0.04,1.0,0.7142857142857142
38,1.0,0.5416666666666666,0.5599999999999999,1.0,0.5555555555555556
39,0.0,0.9166666666666666,0.07999999999999999,0.0,0.25396825396825395
40,1.0,0.5833333333333334,0.07999999999999999,0.0,0.2222222222222222
41,0.0,0.9166666666666666,0.07999999999999999,1.0,0.73015873015873
42,0.0,0.16666666666666666,0.04,1.0,0.4761904761904761
43,1.0,0.24999999999999997,0.4,1.0,0.8253968253968254
44,1.0,0.9166666666666666,0.07999999999999999,0.0,0.2698412698412698
45,1.0,0.3333333333333333,0.16,1.0,0.25396825396825395
46,1.0,0.37499999999999994,0.07999999999999999,1.0,0.38095238095238093
47,0.0,0.875,0.07999999999999999,1.0,0.873015873015873
48,1.0,0.5833333333333334,0.07999999999999999,0.0,0.2698412698412698
49,1.0,0.37499999999999994,0.84,1.0,0.09523809523809523
50,1.0,0.49999999999999994,0.0,1.0,0.42857142857142855
51,1.0,0.7083333333333334,0.7999999999999999,1.0,0.4126984126984127
52,1.0,0.20833333333333334,0.64,1.0,0.5714285714285714
53,1.0,0.20833333333333334,0.64,1.0,0.6190476190476191
54,1.0,0.20833333333333334,0.64,1.0,0.6349206349206349
55,1.0,0.24999999999999997,0.4,1.0,0.1111111111111111
56,1.0,0.875,0.07999999999999999,1.0,0.6825396825396826
57,1.0,0.49999999999999994,0.07999999999999999,0.0,0.1111111111111111
58,1.0,0.24999999999999997,0.96,1.0,0.6190476190476191
59,1.0,0.9999999999999999,0.24000000000000002,1.0,0.38095238095238093
60,1.0,0.9999999999999999,0.24000000000000002,1.0,0.31746031746031744
61,1.0,0.041666666666666664,0.32,1.0,0.4444444444444444
62,1.0,0.0,0.5599999999999999,0.0,0.30158730158730157
63,1.0,0.5833333333333334,0.48000000000000004,1.0,0.5396825396825395
64,1.0,0.24999999999999997,0.4,1.0,0.15873015873015872
65,1.0,0.29166666666666663,0.07999999999999999,1.0,0.3333333333333333
66,1.0,0.5416666666666666,0.5599999999999999,1.0,0.5555555555555556
67,1.0,0.8333333333333334,0.04,1.0,0.6190476190476191
68,1.0,0.875,0.07999999999999999,1.0,0.3968253968253968
69,1.0,0.41666666666666663,0.0,1.0,0.7619047619047619
70,1.0,0.7083333333333334,0.16,1.0,0.25396825396825395
71,1.0,0.49999999999999994,0.0,1.0,0.4444444444444444
72,0.0,0.49999999999999994,0.07999999999999999,0.0,0.15873015873015872
73,1.0,0.16666666666666666,0.04,1.0,0.5396825396825395
74,1.0,0.625,0.28,1.0,0.5238095238095237
75,1.0,0.125,0.6,1.0,0.2857142857142857
76,1.0,0.16666666666666666,0.04,1.0,0.7142857142857142
77,1.0,0.5416666666666666,0.5599999999999999,1.0,0.5555555555555556
78,0.0,0.9166666666666666,0.07999999999999999,0.0,0.3492063492063492
79,0.0,0.49999999999999994,0.07999999999999999,0.0,0.2222222222222222
80,1.0,0.625,0.72,1.0,0.12698412698412698
81,1.0,0.3333333333333333,0.04,1.0,0.5714285714285714
82,1.0,0.49999999999999994,0.07999999999999999,0.0,0.12698412698412698
83,1.0,0.7083333333333334,0.7999999999999999,1.0,0.25396825396825395
84,0.0,0.875,0.07999999999999999,1.0,0.6666666666666665
85,1.0,0.24999999999999997,0.4,0.0,0.2698412698412698
86,1.0,0.9166666666666666,0.07999999999999999,0.0,0.2698412698412698
87,0.0,0.9166666666666666,0.07999999999999999,0.0,0.2698412698412698
88,0.0,0.9166666666666666,0.07999999999999999,1.0,0.5555555555555556
89,1.0,0.5416666666666666,0.84,1.0,0.2222222222222222
90,0.0,0.6666666666666666,0.64,1.0,0.25396825396825395
91,1.0,0.3333333333333333,0.16,1.0,0.3333333333333333
92,1.0,0.7083333333333334,0.96,1.0,0.3492063492063492
93,0.0,0.6666666666666666,0.64,1.0,0.4444444444444444
94,1.0,0.0,0.5599999999999999,1.0,0.4444444444444444
95,1.0,0.0,0.28,1.0,0.23809523809523808
96,0.0,0.41666666666666663,0.6,1.0,0.30158730158730157
97,0.0,0.875,0.48000000000000004,1.0,0.38095238095238093
98,1.0,0.3333333333333333,0.04,1.0,0.1746031746031746
99,1.0,0.49999999999999994,0.0,1.0,0.2698412698412698
100,0.0,0.20833333333333334,0.64,1.0,0.5079365079365079
101,1.0,0.9166666666666666,0.07999999999999999,0.0,0.2698412698412698
102,0.0,0.9166666666666666,0.07999999999999999,0.0,0.2698412698412698
103,1.0,0.20833333333333334,0.64,1.0,0.5396825396825395
104,0.0,0.875,0.07999999999999999,1.0,0.19047619047619047
105,1.0,0.7916666666666666,0.04,1.0,0.3492063492063492
106,1.0,0.9166666666666666,0.07999999999999999,1.0,0.1111111111111111
107,1.0,0.7916666666666666,0.04,1.0,0.1746031746031746
108,0.0,0.9166666666666666,0.07999999999999999,1.0,0.5555555555555556
109,1.0,0.49999999999999994,0.0,1.0,0.4126984126984127
110,1.0,0.37499999999999994,0.07999999999999999,1.0,0.25396825396825395
111,1.0,0.24999999999999997,0.4,1.0,0.42857142857142855
112,0.0,0.5416666666666666,0.5599999999999999,1.0,0.4603174603174603
113,1.0,0.29166666666666663,0.07999999999999999,1.0,0.38095238095238093
114,1.0,0.4583333333333333,0.24000000000000002,1.0,0.49206349206349204
115,1.0,0.29166666666666663,0.24000000000000002,1.0,0.31746031746031744
116,1.0,0.5833333333333334,0.0,1.0,0.9999999999999998
117,1.0,0.9166666666666666,0.07999999999999999,1.0,0.14285714285714285
118,1.0,0.041666666666666664,0.32,1.0,0.4126984126984127
119,1.0,0.5833333333333334,0.0,1.0,0.25396825396825395
120,1.0,0.7916666666666666,0.04,1.0,0.0
121,1.0,0.49999999999999994,0.52,1.0,0.2222222222222222
122,1.0,0.3333333333333333,0.19999999999999998,1.0,0.06349206349206349
123,0.0,0.37499999999999994,0.07999999999999999,1.0,0.2857142857142857
124,1.0,0.5416666666666666,0.5599999999999999,1.0,0.5238095238095237
125,0.0,0.49999999999999994,0.0,1.0,0.8095238095238095
126,0.0,0.29166666666666663,0.07999999999999999,1.0,0.4126984126984127
127,1.0,0.7916666666666666,0.04,1.0,0.6666666666666665
128,1.0,0.875,0.0,1.0,0.12698412698412698
129,1.0,0.7083333333333334,0.44,1.0,0.20634920634920634
130,1.0,0.7916666666666666,0.5599999999999999,1.0,0.23809523809523808
131,0.0,0.6666666666666666,0.6799999999999999,1.0,0.6507936507936507
132,1.0,0.5416666666666666,0.88,1.0,0.2222222222222222
133,1.0,0.9583333333333334,1.0,1.0,0.2857142857142857
134,1.0,0.3333333333333333,0.9199999999999999,1.0,0.2698412698412698
135,1.0,0.4583333333333333,0.28,1.0,0.3333333333333333
136,1.0,0.3333333333333333,0.19999999999999998,1.0,0.031746031746031744
137,1.0,0.875,0.0,1.0,0.6190476190476191
138,1.0,0.24999999999999997,0.4,1.0,0.42857142857142855
139,1.0,0.37499999999999994,0.07999999999999999,1.0,0.25396825396825395
140,1.0,0.9166666666666666,0.07999999999999999,1.0,0.12698412698412698
141,1.0,0.6666666666666666,0.6799999999999999,1.0,0.4126984126984127
142,1.0,0.625,0.76,1.0,0.19047619047619047
143,1.0,0.08333333333333334,0.04,1.0,0.5396825396825395
144,1.0,0.75,0.12,1.0,0.1111111111111111
145,1.0,0.9166666666666666,0.07999999999999999,1.0,0.3333333333333333
146,1.0,0.08333333333333334,0.04,1.0,0.36507936507936506
147,1.0,0.37499999999999994,0.07999999999999999,1.0,0.14285714285714285
148,0.0,0.7083333333333334,0.24000000000000002,1.0,0.7142857142857142
149,1.0,0.875,0.0,1.0,0.7619047619047619
150,1.0,0.041666666666666664,0.36000000000000004,1.0,0.38095238095238093
