,f1,f2,f3,f4,f5,f6,f7
0,0.8341241756474181,0.8253849975161454,0.37589535970102794,0.402408637873755,0.6055430228810827,0.2662473794549278,0.719974309569686
1,0.5465658677818884,0.7389468455042225,0.3914668327623785,0.42400332225913573,0.7151144054141145,0.4289308176100626,0.5324341682723173
2,0.6742399871320574,0.24143070044709347,0.5951417004048585,0.8567275747508312,0.5916854656783759,0.5329140461215935,0.3673731535003206
3,0.6774167604954159,0.5455373406193078,0.8125194643413263,0.27346345514950166,0.31002255881405283,0.5446540880503115,0.5131663455362911
4,0.8698327167444103,0.3345752608047685,0.42058548738710666,0.30419435215946855,0.2974540766999674,0.2138364779874209,0.718689788053954
5,0.7083802477078976,0.15143235635038899,0.26533790096543175,0.49024086378737586,0.42056074766355245,0.30062893081760933,0.46499678869621164
6,0.7094257680553319,0.4292929292929286,0.6803176580504511,0.4572259136212615,0.5697711891717692,0.415094339622641,0.43224149004495516
7,0.8009087984558466,0.2199039576088757,0.26923076923076916,0.45847176079734275,0.6045762165646149,0.6092243186582813,0.5324341682723173
8,0.7373331188676212,0.45421427388640456,0.6947991279975074,0.44289867109634606,0.309055752497585,0.3832285115303975,0.47077713551701805
9,0.7133263631976837,0.448998178506375,0.5647773279352224,0.5894933554817268,0.40992587818240445,0.26498951781970703,0.5446371226718014
10,0.5854913945632941,0.29143897996357016,0.23450638430395543,0.4611710963455149,0.39381243957460654,0.36687631027253786,0.4065510597302513
11,0.8459465980376385,0.3121377711541644,0.5755216443475542,0.5444352159468444,0.6281018369320037,0.4029350104821816,0.7572254335260098
12,0.7142110342608975,0.36587183308494753,0.5781687947679854,0.6881229235880397,0.6174669674508557,0.4943396226415082,0.29736673089274035
13,0.6676451664790092,0.2466467958271239,0.5028028651510432,0.4597176079734222,0.5958749597164026,0.2746331236897248,0.5003211303789321
14,0.5607608171143638,0.4832753767179998,0.558548738710682,0.44310631229235753,0.6458266194005802,0.2553459119496857,0.762363519588952
15,0.6695753578896572,0.13611525086934906,0.5434444098411699,0.41154485049833944,0.3631969062197875,0.44234800838574273,0.5818882466281323
16,0.7341563455042625,0.5769167080642488,0.39535970102771767,0.41258305647840565,0.87270383499839,0.6088050314465399,0.5491329479768758
17,0.8194064661412256,0.3194237456532534,0.5521644347555279,0.5101744186046506,0.5845955526909439,0.28763102725366707,0.4084778420038546
18,0.7237815666720281,0.35701275045537306,0.3349423855496729,0.8870431893687698,0.4311956171446987,0.12997903563941549,0.2569043031470777
19,0.7000562972494772,0.528481536678258,0.7053877296792272,0.37333887043189407,0.40025781501772606,0.3781970649895179,0.7212588310854251
20,0.7343574071095381,0.5101010101010104,0.5012457178449079,0.6683970099667782,0.6506606509829211,0.10901467505241058,0.6300578034682083
21,0.7027103104391187,0.24325219407186616,0.5534101526004358,0.6117109634551507,0.8933290364163735,0.4511530398322847,0.4765574823378316
22,0.8153048093935981,0.17105481039907255,0.7067891622547497,0.48214285714285765,0.7389622945536587,0.213417190775683,0.4727039177906214
23,0.7171867460189801,0.37804272230501734,0.5934288383681103,0.6584302325581408,0.8105059619722859,0.5664570230607957,0.6994219653179208
24,0.6979250442335528,0.5356019208478222,0.9268140766116462,0.7769933554817268,0.9887205929745413,0.6645702306079642,0.5850995504174712
25,0.5683207334727359,0.379947011094552,0.2661164746184985,0.5006229235880397,0.4872703834998404,0.43563941299790443,0.39113680154142827
26,0.6117098278912659,0.2252028481536681,0.45110557458735645,0.6901993355481739,0.4067031904608438,0.6557651991614257,0.28644829800899174
27,0.8592970886279553,0.3542805100182149,0.645748987854251,0.5809800664451839,0.3715758942958445,0.8062893081761011,0.4765574823378316
28,0.8004262506031846,0.7028481536678255,0.8463095608844595,0.4333471760797334,0.41089268449887406,0.49727463312369125,0.4367373153500296
29,0.6765320894322021,0.5436330518297732,0.1820305200872001,0.430440199335548,0.26297131807927876,0.4322851153039835,0.4547206165703308
30,0.6269100852501205,0.5142407683391292,0.3561195889131117,0.45535714285714235,0.5391556558169519,0.1786163522012565,0.24662813102119685
31,0.58569245616857,0.43591654247391887,0.5043600124571785,0.6370431893687716,0.4125040283596526,0.43941299790356325,0.7077713551701983
32,0.6243364967025896,0.51043219076006,0.6301775147928996,0.6889534883720927,0.9046084434418322,0.5911949685534559,0.5022479126525354
33,0.6986488660125462,0.30427223050173824,0.5504515727187789,0.506229235880399,0.41089268449887406,0.45199161425576406,0.6050096339113686
34,0.7863519382338745,0.420102666004305,0.7312363749610711,0.22757475083056455,0.4933934901708028,0.37106918238993813,0.21387283236994037
35,0.7801592407913783,0.3283656234475907,0.7064777327935214,0.3986710963455149,0.31292297776345634,0.3643605870020963,0.5677585099550413
36,0.6313736528872446,0.49213445934757427,0.680940516972905,0.4601328903654487,0.39606832097969935,0.43480083857442153,0.6390494540783571
37,0.6527263953675403,0.4023845007451561,0.345998131423233,0.3363787375415299,0.5043506284241062,0.42264150943396217,0.6281310211946085
38,0.6957937912176292,0.45471104487497893,0.5979445655559008,0.5288621262458477,0.27263938124395715,0.37777777777777644,0.5748233782915868
39,0.7154978285346628,0.15515813876469586,0.5260043600124567,0.5533637873754156,0.2758620689655178,0.48511530398322833,0.42260757867694565
40,0.7698648866012546,0.4395595297234638,0.8170351915291176,0.2952657807308974,0.7885916854656791,0.437735849056601,0.30186255619781477
41,0.5866575518738942,0.7102997184964397,0.1768919339769548,0.49937707641196205,0.31195617144698673,0.7555555555555529,0.8689788053949918
42,0.7144120958661734,0.5192084782248712,0.8508252880722509,0.8168604651162799,1.0,0.37484276729559696,0.42646114322414874
43,0.6443220202670098,0.27678423580062894,0.42074120211772037,0.571428571428573,0.4759909764743817,0.5601677148846953,0.704560051380863
44,0.5748351294836737,0.3156979632389465,0.6491747119277491,0.9381229235880397,0.6416371253625535,0.24696016771488516,0.6846499678869655
45,0.7063696316551392,0.40221891041563174,0.9574898785425097,0.6324750830564785,0.2739284563325821,0.5861635220125763,0.5619781631342313
46,0.6075679588225832,0.35577082298393714,0.717844908128308,0.8307724252491688,0.6535610699323229,0.46079664570230605,0.581245985870261
47,0.6144844780440727,0.23472429210134127,0.48520710059171535,0.3895348837209305,0.6529165323880122,0.4855345911949662,0.41425818882466103
48,0.6417484317194789,0.4372412651101176,0.553877296792276,0.19123754152823835,0.6922333225910418,0.36981132075471734,0.24341682723185443
49,0.769704037317034,0.468289451896009,0.26019931485518555,0.4219269102990033,0.6832097969706759,0.3828092243186596,0.6705202312138745
50,0.7142110342608975,0.37448253022023525,0.3469324198069135,0.30419435215946855,0.5149854979052559,0.6561844863731636,0.2517662170841355
51,0.6952308187228567,0.5134956118562672,0.5934288383681103,0.12707641196013242,0.528843055107961,0.21677148846960037,0.044958253050737085
52,0.770669133022358,0.33979135618479894,0.08860168171909066,0.2927740863787367,0.5984531098936543,0.5090146750524092,0.3230571612074513
53,0.7585250120636963,0.3963404537175026,0.5437558393023982,0.5093438538205977,0.6948114727682899,0.3840670859538804,0.29608220937700835
54,0.7287276821618142,0.370673952641166,0.5658673310495166,0.5182724252491688,0.5198195294875916,0.24150943396226054,0.9055876685934514
55,0.8678221006916519,0.20235138267925112,0.45390843973839967,0.6422342192691026,0.5414115372220447,0.04109014675052336,0.5838150289017321
56,0.8576885957857486,0.5399900645802282,0.5284957957022733,0.5091362126245844,0.5198195294875916,0.36687631027253786,0.6942838792549821
57,0.8619511018175968,0.4551250206987909,0.44472127063220146,0.8039867109634571,0.30357718337093154,0.45408805031446775,0.8901734104046284
58,0.6425526781405823,0.6199701937406856,0.5255372158206164,0.36773255813953476,0.4244279729294238,0.6243186582809201,0.24341682723185443
59,0.7078574875341802,0.5320417287630401,0.7975708502024297,0.8397009966777418,0.5584917821463105,0.2742138364779869,0.29030186255620194
60,0.742761782210069,0.5020698791190594,0.7503892868265334,0.4875415282392037,0.5017724782468598,0.5823899371069174,0.12010276172125955
61,0.7089834325237253,0.1344593475741016,0.4289940828402372,0.6021594684385381,0.5462455688043839,0.2494758909853232,0.41682723185613213
62,0.802436866655943,0.38864050339460166,0.37838679539084374,0.4113372093023244,0.45343216242346074,0.3895178197064979,0.1785484906872199
63,0.8329580183368185,0.21626097035933078,0.3780753659296172,0.4107142857142865,0.26941669352240005,0.3555555555555543,0.3750802825947339
64,0.7835370757600127,0.4754098360655741,0.5859545312986603,0.3708471760797334,0.8395101514663246,0.3450733752620536,0.42838792549775206
65,0.722092649187711,0.31429044543798623,0.6479289940828394,0.4439368770764123,0.5333548179181467,0.6788259958071272,0.663455362877329
66,0.5249718513752614,0.5635866865375059,0.5633758953597008,0.6692275747508312,0.2610377054463431,0.43941299790356325,0.6994219653179208
67,0.759892230979572,0.4770657393608211,0.21083774525070087,0.41860465116279144,0.8124395746052233,0.48972746331237005,0.33847141939627434
68,0.6742399871320574,0.1187282662692497,0.20274057925879774,0.4011627906976738,0.6467934257170498,0.4109014675052407,0.6923570969813753
69,0.6435177738459062,0.37299221725451215,0.7222049205854875,0.6571843853820596,0.5194972607154362,0.7119496855345915,0.7951188182402085
70,0.10008846710632147,0.38731578075840334,0.5322329492369979,0.44082225913621365,0.29326458266194066,0.36352201257861694,0.3917790622992925
71,0.7999034904294676,0.38019539658883916,0.5596387418249771,0.9495431893687698,0.6429262004511784,0.6784067085953858,0.7109826589595372
72,0.5997667685378799,0.15904951150852753,0.768763625038928,0.5429817275747517,0.4089590718659366,0.28637316561844983,0.42324983943480987
73,0.9251648705163259,0.5703758900480214,0.6677047648707566,0.4759136212624586,0.6145665485014522,0.20670859538784114,0.3943481053307636
74,0.661010133504906,0.3667825798973334,0.7854251012145745,0.7865448504983377,0.362552368675475,0.41257861635220294,0.3134232498394347
75,0.6743606240952228,0.3343268753104822,0.5750545001557148,0.0,0.7921366419593951,0.6566037735849051,0.6152858060372495
76,0.7662457777062891,0.4630733565159795,0.49688570538772936,0.6486710963455149,0.300676764421528,0.27169811320754533,0.42389210019267765
77,0.8059353385877431,0.6097035933101504,0.7651821862348172,0.8156146179401986,0.4933934901708028,0.2943396226415089,0.523442517662172
78,0.7070532411130769,0.49097532704090074,0.33400809716599156,0.47300664451827146,0.48598130841121545,0.23480083857442224,0.41811175337187123
79,0.544153128518578,0.17651929127338972,0.49657427592650194,0.5099667774086374,0.6271350306155341,0.3463312368972744,0.5934489402697487
80,0.7852259932443298,0.19821162444113227,0.1501090003114296,0.8571428571428577,0.36513051885272496,0.4645702306079649,0.25626204238921346
81,0.831992922631494,0.5283159463487328,0.5541887262535043,0.4233803986710978,0.8475668707702226,0.3895178197064979,0.5439948619139372
82,0.879644523081872,0.2870508362311641,0.5336343818125195,0.6704734219269106,0.663229133097003,0.17148846960167674,0.2832369942196564
83,0.76174199774811,0.39700281503560175,0.47648707567735915,0.5299003322259139,0.6806316467934259,0.41928721174004124,0.6782273603082878
84,0.6609699211838506,0.4146381851299883,0.27296792276549375,0.7900747508305646,0.4041250402835974,0.1786163522012565,0.6120745022479142
85,0.6746018980215537,0.39617486338797825,0.22376206789162278,0.6638289036544851,0.304221720915244,0.4578616352201266,0.5041746949261423
86,0.8164307543831429,0.42366285808908755,0.40750545001557104,0.4007475083056473,0.5713825330325495,0.19664570230607836,0.22864482980089562
87,0.7518899790895931,0.5172213942705746,0.4668327623793207,0.3841362126245844,0.5017724782468598,0.29601677148847116,0.6191393705844597
88,0.6718674601898019,0.3209968537837389,0.26658361881033965,0.5130813953488378,0.518208185626813,0.6058700209643604,0.33911368015413856
89,0.702589673475953,0.5454545454545454,0.3956711304889433,0.6912375415282401,0.5069287786013543,0.3127882599580687,0.19524727039178202
90,0.5531606884349366,0.5025666501076338,0.6899719713484886,0.3403239202657815,0.3561069932323555,0.49098532494759084,0.6814386640976231
91,0.670661090558147,0.2880443782083124,0.7477421364061039,0.36067275747508276,0.5008056719303902,0.5777777777777757,0.5600513808606316
92,0.8015119832716743,0.3731578075840374,0.6231703519152916,0.6000830564784057,0.34676119883983425,0.5048218029350089,0.3699421965317917
93,0.7283657712723178,0.5380857757906936,0.7935222672064777,0.08970099667774178,0.5813728649693868,0.11740041928721112,0.48426461143224486
94,0.6796284381534502,0.5810564663023676,0.5882902522578632,0.7032807308970099,0.4112149532710294,0.15681341719077224,0.38792549775208585
95,0.60801029435419,0.2680907435005797,0.5084085954531297,0.9497508305647848,0.5172413793103452,0.6276729559748411,0.5407835581245983
96,0.5348238700337783,0.19630733565159764,0.396916848333853,0.423588039867111,0.1901385755720284,0.37735849056603854,0.6974951830443175
97,0.7117580826765321,0.44378208312634504,0.49408284023668614,0.7130398671096358,0.43860779890428603,0.5979035639413013,0.7315350032113059
98,0.800747949171626,0.48277860572942544,0.7393335409529742,0.6565614617940199,0.800193361263295,0.29601677148847116,0.19139370584457183
99,0.65139938877272,0.5734393111442286,0.5336343818125195,0.5452657807308974,0.44795359329681084,0.5069182389937126,0.5934489402697487
100,0.7248672993405177,0.41695644974333446,0.669884771099345,0.2506229235880397,0.3751208507895605,0.3568134171907751,0.5754656390494546
101,0.7083802477078976,0.4648120549759893,0.33151666147617487,0.5807724252491688,0.6293909120206269,0.501467505241088,0.5761078998073224
102,0.8038442978928745,0.18968372247060739,0.37355963874182496,0.6351744186046506,0.43538511118272716,0.11111111111111072,0.7379576107899801
103,0.7433649670258967,0.4963570127504551,0.5741202117720334,0.48463455149501655,0.27070576861102325,0.40712788259957833,0.6140012845215175
104,0.6309313173556376,0.21791687365457868,0.4883213952039869,0.38081395348837255,0.8304866258459551,0.25366876310272346,0.48362235067437
105,0.7504423355316067,0.5744328531213774,0.7555278729367796,0.6507475083056491,0.5278762487914932,0.5278825995807139,0.3615928066795142
106,0.7923837863921505,0.23381354528895493,0.30457801308003773,0.6634136212624586,0.2977763454721263,0.41425576519916163,0.4900449582530513
107,0.7596911693742959,0.32762046696472913,0.6719090625973214,0.41694352159468373,0.6142442797292951,0.3911949685534566,0.7064868336544663
108,1.0,0.6476237787713193,0.34444098411709767,0.5164036544850497,0.4969384466645188,0.31111111111111,0.6435452793834315
109,0.624658195271031,0.13023679417121992,0.42946122703207656,0.45182724252491546,0.6145665485014522,0.19161425576519875,0.2569043031470777
110,0.7429226314942897,0.28746481205497565,0.517595764559327,0.6347591362126259,0.4837254270061244,0.6972746331236905,0.6949261400128464
111,0.5956248994691974,0.4915548931942375,0.8811896605418879,0.6478405315614619,0.6287463744763144,0.2075471698113205,0.4913294797687868
112,0.654495737493968,0.0582877959927135,0.7812208034880097,0.4127906976744189,0.17724782468578937,0.28301886792452535,0.5337186897880564
113,0.7590075599163583,0.5447921841364467,0.45593273123637523,0.32890365448504966,0.390912020625203,0.184486373165619,0.5606936416184993
114,0.6697362071738778,0.47772810067892024,0.6653690439115536,0.3010797342192699,0.5008056719303902,0.0846960167714883,0.6287732819524763
115,0.7779877754543992,0.5150687199867523,0.60183743382124,0.03259966777408607,0.4415082178536913,0.3119496855345929,0.5889531149646778
116,0.6825639375904776,0.3080808080808075,0.7759265026471498,0.6843853820597996,0.6358362874637464,0.45157232704402617,0.5626204238921027
117,0.8052115168087502,0.5761715515813877,0.4643413266895049,0.47404485049833944,0.5172413793103452,0.5236897274633101,0.859987154784843
118,0.5881454077529354,0.7308329193575092,0.5496729990657112,0.4472591362126259,0.34192716725749506,0.19622641509433691,0.4579319203596661
119,0.7645568602219718,0.3138764696141747,0.4755527872936778,0.37022425249169366,0.9058975185304554,0.3505241090146747,0.37700706486833724
120,0.7604149911532893,0.1944858420268254,0.5618187480535655,0.8349252491694372,0.6174669674508557,0.49601677148847045,0.4797687861271669
121,0.7820492198809713,0.37199867527736385,0.8087823108066026,0.5093438538205977,0.7576538833387048,0.5517819706498948,0.5549132947976894
122,0.7475068360945792,0.6187282662692497,0.5224229212083458,0.3453073089700993,0.6293909120206269,0.032285115303984924,0.6473988439306346
123,0.6431156506353547,0.2861400894187778,0.5275615073185929,0.696428571428573,0.6242346116661324,0.5467505241090151,0.6628131021194648
124,0.7855074794917162,0.328531213777115,0.5963874182497664,0.7362956810631225,0.6422816629068642,0.2616352201257861,0.6339113680154149
125,0.8309474022840596,0.35121708892200676,0.4374026782933669,0.625,0.5462455688043839,0.5631027253668783,0.4425176621708431
126,0.5940968312691007,0.5358503063421094,0.6085331672376206,0.5350913621262468,0.5462455688043839,0.27924528301886653,0.29865125240847945
127,0.6548576483834644,0.4563669481702264,0.44596698847710936,0.7410714285714288,0.26426039316790195,0.5064989517819676,0.5632626846499669
128,0.6785427054849605,0.34095048849147247,0.45889131111803216,0.3943106312292368,0.6074766355140202,0.2197064989517834,0.5285806037251142
129,0.8356522438475148,0.41091240271568097,0.6465275615073178,0.7882059800664472,0.41572671608121325,0.3018867924528301,0.2594733461785488
130,0.6927376548174361,0.31039907269415457,0.40516972905636806,0.43833056478405297,0.7454076699967782,0.570649895178196,0.07578676942838669
131,0.7190767251085731,0.5185461169067724,0.5143257552164426,0.4601328903654487,0.0,0.4633123689727441,0.29608220937700835
132,0.8201302879202187,0.5114257327372083,0.9755527872936778,0.7452242524916937,0.601353528843056,0.2352201257861637,0.42903018625561984
133,0.6807945954640503,0.35726113594966025,0.39785113671753347,0.4053156146179404,0.6313245246535608,0.290985324947588,0.579961464354529
134,0.7232990188193661,0.24432853121377685,0.8282466521332914,0.5701827242524917,0.5520464067031927,0.4234800838574415,0.40012845215157
135,0.7377352420781725,0.3473257161781751,0.1820305200872001,0.5517026578073096,0.5762165646148887,0.43312368972746285,0.8362235067437425
136,0.6893598198488017,0.22536843848319243,0.21582061663033247,0.5932308970099669,0.6364808250080571,0.4234800838574415,0.46628131021194363
137,0.7167846228084281,0.3128001324722631,0.607131734662099,0.6584302325581408,0.3483725427006128,0.2125786163522001,0.692999357739243
138,0.7072140903972975,0.6130981950654082,0.7668950482715662,0.6777408637873759,0.678698034160492,0.1425576519916163,0.3982016698779738
139,0.8400755991635837,0.5138267925153168,0.4911242603550292,0.5853405315614619,0.5156300354495649,0.5526205450733741,0.0
140,0.6925768055332154,0.24068554396423236,0.5962317035191527,0.55481727574751,0.5575249758298426,0.07002096436058736,0.2626846499678841
141,0.6107045198648867,0.4323563503891368,0.5333229523512921,0.6144102990033229,0.8417660328714174,0.41299790356394084,0.24791265253692885
142,0.6394965417403892,0.256665010763371,0.729523512924322,0.36171096345515075,0.8417660328714174,0.32117400419286923,0.5285806037251142
143,0.6813575679588223,0.5299718496439811,0.02600436001245754,0.804609634551495,0.7257492748952625,0.5920335429769388,0.7912652536929983
144,0.660567797973299,0.33507203179334333,0.4096854562441603,0.4590946843853825,0.6496938446664515,0.18532494758909834,0.6249197174052661
145,0.7528550747949171,0.5656565656565657,0.46496418561195885,0.5508720930232567,0.13567515307766875,0.32201257861635213,0.622350674373795
146,0.7276419494933245,0.38839211790031447,0.614138897539708,0.5340531561461788,0.3174347405736402,0.6750524109014684,0.280025690430314
147,0.6711034260897536,0.6331346249379037,0.607754593584553,0.5134966777408625,0.46181115049951593,0.32201257861635213,0.5523442517662183
148,0.7659642914589028,0.7340619307832421,0.587823108066023,0.6148255813953476,0.8688366097325186,0.806708595387839,0.24534360950545775
149,0.6127151359176451,0.32124523927802606,0.7958579881656807,0.5336378737541541,0.5775056397035119,0.40377358490566095,0.32498394348105464
150,0.5897539005951423,0.37224706077165104,0.34179383369666816,0.5948920265780728,0.5117628101836935,0.3060796645702304,0.5998715478484264
151,0.8391909281003697,0.27827454876635205,0.23746496418561236,0.9975083056478411,0.5961972284885615,0.5199161425576513,0.22607578676942452
152,0.7959626829660605,0.2728928630567973,0.42650264715041963,0.716569767441861,0.48533677086690297,0.7991614255765178,0.5343609505459206
153,0.535427054849606,0.47640337804272237,0.671597633136094,0.666528239202659,0.41766032871414716,0.29182389937106734,0.7520873474630712
154,0.44454720926491864,0.30079483358171855,0.8393023980068515,0.7990033222591357,0.7089912987431539,0.3433962264150914,0.2183686576750148
155,0.6417484317194789,0.4471766848816028,0.5577701650576152,0.49626245847176165,0.31550112794070273,0.33165618448637346,0.6384071933204893
156,0.6841724304326847,0.13702599768173496,0.6826533790096541,0.6715116279069768,0.37286496938446767,0.4436058700209635,0.5401412973667341
157,0.7171867460189801,0.4740023182646129,0.35284957957022733,0.5085132890365447,0.49049307122140107,0.5656184486373164,0.36929993577392395
158,0.8200498632781082,0.6284980957112105,0.36810962317035223,0.7188538205980066,0.31066709635836354,0.19622641509433691,0.2658959537572265
159,0.6378076242560718,0.46299056135121663,0.0,0.38060631229235753,0.4566548501450214,0.24989517819706464,0.6172125883108528
160,0.7612192375743926,0.5134956118562672,0.33525381501090035,0.4713455149501655,0.5246535610699326,0.36100628930817535,0.5061014771997456
161,0.6568682644362233,0.47888723298559377,0.415758330738087,0.4343853820597996,0.9974218498227518,0.5333333333333314,0.47719974309569935
162,0.6949493324754704,0.4678754760721975,0.31501090003114207,0.48961794019933613,0.2710280373831786,0.2616352201257861,0.6814386640976231
163,0.6264677497185137,0.33258817685047193,0.31594518841482433,0.6042358803986705,0.4524653561069947,0.4075471698113198,0.7790622992935141
164,0.7974505388451022,0.31445603576751147,0.7321706633447516,1.0,0.4402191427650681,0.6067085953878397,0.6673089274245392
165,0.7988981824030882,0.6797483026991222,0.46885705387729715,0.8044019933554818,0.8530454398968761,0.40670859538784043,0.2774566473988429
166,0.6334646935821137,0.28994866699784705,0.5876673933354093,0.5317691029900349,0.4031582339671278,0.3656184486373171,0.7193320488118182
167,0.6043107608171142,0.43550256665010734,0.5882902522578632,0.5930232558139537,0.8933290364163735,0.5756813417190791,0.5491329479768758
168,0.8064580987614606,0.5000827951647624,0.31968234194954803,0.25622923588039903,0.6919110538188864,0.20461215932913746,0.33590237636480325
169,0.7809634872124817,0.38839211790031447,0.5493615696044838,0.5496262458471755,0.23138897840799366,0.4817610062893074,0.6403339755940962
170,0.7081791861026215,0.2559198542805099,0.6613204609156025,0.5348837209302317,0.24589107315501124,0.4570230607966437,0.5016056518946712
171,0.7319446678462279,0.4975161450571286,0.5414201183431953,0.6077657807308974,0.47115694489204074,0.11111111111111072,0.3243416827231833
172,0.6432764999195754,0.257410167246233,0.5929616941762692,0.7971345514950166,0.6948114727682899,0.44234800838574273,0.24213230571612243
173,0.7538201705002411,0.48319258155323697,0.7165991902834001,0.5373754152823924,0.6861102159200794,0.6972746331236905,0.42581888246628097
174,0.7689802155380406,0.3818512998840866,1.0,0.2026578073089702,0.1936835320657444,0.4746331236897241,0.2980089916506117
175,0.679588225832395,0.613677761218745,0.3575210214886324,0.5751661129568095,0.5088623912342918,0.48343815513626964,0.37636480411046946
176,0.8220604793308667,0.422917701606226,0.632980379943942,0.5259551495016606,0.6422816629068642,0.9878406708595406,0.5664739884393057
177,0.8744169213446998,0.40304686206325524,0.5284957957022733,0.17151162790697683,0.2816629068643266,0.1350104821802951,0.6152858060372495
178,0.7494370275052277,0.4498261301539994,0.9154469012768605,0.7186461794019952,0.6174669674508557,0.5316561844863728,0.4065510597302513
179,0.8344458742158595,0.43318430203676117,0.6281532232949232,0.5051910299003328,0.27425072510473925,0.2658280922431864,0.5722543352601193
180,0.4980698085893519,0.583540321245239,0.9185611958891311,0.3824750830564785,0.5626812761843372,0.8888888888888893,0.7719974309569686
181,0.8763471127553483,0.547855605232654,0.5694487698536275,0.3262043189368775,0.7151144054141145,0.46079664570230605,0.6814386640976231
182,0.7876789448286955,0.3792846497764528,0.46854562441606973,0.5732973421926921,0.5124073477280042,0.2603773584905653,0.32241490044958354
183,0.5945391668007077,0.263868190097698,0.6606976019931485,0.5373754152823924,0.24943602964872724,0.48721174004192846,0.5876685934489423
184,0.6031848158275693,0.6005133300215264,0.5322329492369979,0.80481727574751,0.5775056397035119,0.475471698113207,0.3994861913937058
185,0.8208138973781564,0.3488160291438973,0.35284957957022733,0.4360465116279073,0.9874315178859181,0.5719077568134168,0.258831085420681
186,0.6745214733794435,0.3579234972677594,0.7662721893491122,0.4541112956810629,0.5878182404125063,0.4746331236897241,0.7283236994219635
187,0.8285346630207496,0.5250041397582383,0.2517907194020559,0.5672757475083046,0.5581695133741551,0.3031446540880509,0.4097623635195866
188,0.7709908315907993,0.5360986918363966,0.6200560573030209,0.7884136212624586,0.42893973573960587,0.23857442348008462,0.34104046242774544
189,0.6279958179186101,0.3898824308660376,0.6188103394581121,0.7196843853820596,0.5916854656783759,0.2993710691823921,0.40012845215157
190,0.8823789609136238,0.4215929789700281,0.5990345686701959,0.3941029900332236,0.41572671608121325,0.36226415094339615,0.6730892742453456
191,0.6489866495094095,0.27579069382348065,0.89816256617876,0.543189368770765,0.5194972607154362,0.2490566037735853,0.32241490044958354
192,0.8131333440566187,0.4221725451233649,0.21784490812830892,0.896179401993356,0.8211408314534339,0.4863731656184491,0.6030828516377653
193,0.8678221006916519,0.3480708726610362,0.6725319215197754,0.6644518272425248,0.5597808572349354,0.18909853249476072,0.5022479126525354
194,0.569486890783336,0.15822155986090403,0.46854562441606973,0.4551495016611309,0.734772800515632,0.45157232704402617,0.3448940269749521
195,0.7164629242399868,0.5267428382182477,0.6406104017440049,0.5654069767441872,0.5478569126651625,0.10775681341718979,0.692999357739243
196,0.7730014476435577,0.5516641828117232,0.3889753970725627,0.4954318936877087,0.5414115372220447,0.6146750524109024,0.4386640976236329
197,0.6942657230175328,0.25749296241099495,0.5104328869511061,0.5496262458471755,0.2652271994843698,0.31446540880503093,0.4958253050738577
198,0.6756474183689881,0.3233979135618479,0.5627530364372468,0.5047757475083046,0.8011601675797646,0.5857442348008384,0.8766859344894051
199,0.7417564741836896,0.3903792018546115,0.5719402055434433,0.47466777408637917,0.7128585240090253,0.0,0.5773924213230579
200,0.7169454720926492,0.5079483358171881,0.4848956711304888,0.8833056478405332,0.43055107960038796,0.36897274633123445,0.6711624919717423
201,0.8431317355637767,0.5346083788706735,0.5365929616941765,0.6073504983388709,0.7576538833387048,0.45241090146750196,0.6473988439306346
202,0.9302718352903331,0.22536843848319243,0.5066957334163806,0.382059800664452,0.65646148888173,0.45450733752620565,0.6294155427103405
203,0.7689802155380406,0.3520450405696307,0.5725630644658981,0.8052325581395348,0.934579439252337,0.37651991614255564,0.42646114322414874
204,0.5832395045842046,0.27007782745487674,0.6891933976954219,0.7277823920265778,0.8369320012890764,0.8951781970649897,0.6801541425818911
205,0.6153289367862312,0.4058618976651762,0.35720959202740676,0.6708887043189371,0.2794070254592338,0.3429769392033535,0.6268464996788694
206,0.7781888370596749,0.42722305017386963,0.5998131423232627,0.3739617940199338,0.4102481469545598,0.23899371069182251,0.2710340398201687
207,0.8417243043268458,0.6146713031958932,0.5342572407349735,0.7778239202657797,0.6525942636158586,0.07169811320754604,0.5722543352601193
208,0.8344056618948045,0.3996522603079984,0.4187169106197439,0.7404485049833891,0.5391556558169519,0.4427672955974806,0.2697495183044296
209,0.6524851214412096,0.25202848153667823,0.477109934599814,0.6634136212624586,0.5823396712858528,0.32704402515723174,0.5876685934489423
210,0.6530883062570371,0.4258155323729089,0.6206789162254758,0.8093853820597996,0.41766032871414716,0.5802935010482209,0.5838150289017321
211,0.6045922470645005,0.5481867858917036,0.17393335409529787,0.5919850498338874,0.5749274895262655,0.23773584905660172,0.554271034039818
212,0.7365288724465174,0.5264116575591982,0.5680473372781067,0.6729651162790695,0.5955526909442472,0.6498951781970632,0.6274887604367372
213,0.654938073025575,0.4318595794005633,0.361258175023357,0.6156561461794023,0.6403480502739303,0.4893081761006286,0.2633269107257519
214,0.7947965256554609,0.26072197383672746,0.6814076611647462,0.36627906976744207,0.5958749597164026,0.25241090146750267,0.5581245985870282
215,0.7857889657391025,0.605646630236794,0.40143257552164435,0.8307724252491688,0.4792136641959388,1.0,0.6242774566473983
216,0.5366334244812611,0.40188772975658216,0.5512301463718474,0.714908637873755,0.535932968095393,0.0566037735849072,0.1721258831085386
217,0.6536110664307543,0.5367610531544957,0.2033634381812517,0.3272425249169437,0.2990654205607495,0.3404612159329119,0.47013487475915383
218,0.7991394563294193,0.47590660705414756,0.4313298037994384,0.3795681063122931,0.6174669674508557,0.1421383647798713,0.4502247912652564
219,0.7479491716261862,0.5901639344262293,0.7130177514792893,0.43376245847176165,0.49371575894295816,0.4696016771488445,0.12845215157353707
220,0.4813816953514557,0.6282497102169233,0.6256617876051074,0.7628737541528245,0.2816629068643266,0.15849056603773803,0.6743737957610776
221,0.9407270387646774,0.27347242921013404,0.2849579570227343,0.4298172757475083,0.40992587818240445,0.3056603773584925,0.5009633911368034
222,0.8175969116937428,0.5079483358171881,0.4716599190283395,0.668189368770765,0.7067354173380611,0.24989517819706464,0.858702633269111
223,0.7517693421264274,0.3142076502732243,0.5274057925879783,0.5506644518272417,0.5159523042217202,0.41635220125786176,0.6429030186255638
224,0.8104793308669777,0.1296572280178836,0.3934911242603558,0.5357142857142865,0.8730261037705453,0.3937106918238982,0.6769428387925487
225,0.6779395206691329,0.8138764696141743,0.5604173154780439,0.4283637873754156,0.3412826297131808,0.5962264150943355,0.3892100192678214
226,0.7641949493324754,0.3559364133134624,0.5733416381189658,0.37686877076412095,0.18498227521753208,0.3903563941299808,0.264611432241491
227,0.6834486086536914,0.010763371419108658,0.8327623793210837,0.5016611295681059,0.16081211730583256,0.4742138364779862,0.704560051380863
228,0.571376869872929,0.522106308991555,0.25132357521021476,0.5762043189368775,0.4025136964228171,0.5446540880503115,0.8625561978163141
229,0.6392150554930028,0.3592482199039573,0.35580815945188426,0.49937707641196205,0.4041250402835974,0.2587002096436031,0.2806679511881853
230,0.752131253015924,0.4797151846332173,0.7355963874182496,0.6692275747508312,0.6806316467934259,0.38532494758909763,0.47848426461143134
231,0.7683770307222132,0.4390627587348894,0.3958268452195579,0.2778239202657815,0.49371575894295816,0.616352201257861,0.41682723185613213
232,0.5616857004986328,0.47416790859413815,0.6451261289317971,0.6488787375415299,0.4250725104737345,0.45995807127882316,0.28644829800899174
233,0.6903651278751809,0.37920185461169087,0.7642478978511376,0.8515365448505001,0.2104415082178548,0.3291404612159319,0.301220295439947
234,0.5947804407270388,0.5072031793343266,0.32746807848022375,0.5305232558139537,0.5842732839187885,0.25115303983228543,0.51059730250482
235,0.5443944024449091,0.5441298228183471,0.6124260355029589,0.5105897009966789,0.4969384466645188,0.8834381551362682,0.5157353885677622
236,0.6530883062570371,0.3493955952972341,0.4173154780442232,0.8156146179401986,0.6010312600709007,0.3421383647798706,0.41682723185613213
237,0.7674521473379442,0.25906607054148,0.6630333229523515,0.48463455149501655,0.5575249758298426,0.44696016771488445,0.6294155427103405
238,0.7043992279234358,0.364298724954462,0.16941762690750561,0.8008720930232567,0.39606832097969935,0.5568134171907744,0.7219010918432893
239,0.6009731381695352,0.5183805265772481,0.4961071317346626,0.43521594684385434,0.43957460522075387,0.3899371069182358,0.20873474630699818
240,0.6422309795721409,0.435336976320583,0.5501401432575523,0.5539867109634571,0.300676764421528,0.37400419287211406,0.48426461143224486
241,0.6393759047772235,0.0697135287299222,0.6080660230457795,0.47009966777408785,0.8330647760232051,0.6494758909853253,0.7000642260757886
242,0.7856683287759368,0.2315780758403707,0.5196200560573025,0.49024086378737586,0.6310022558814055,0.290985324947588,0.5587668593448925
243,0.6095785748753418,0.42664348402053287,0.7919651199003424,0.40448504983388744,0.4041250402835974,0.39161425576519804,0.6705202312138745
244,0.6516808750201063,0.3782911077993045,0.39785113671753347,0.41445182724252483,0.43731872381566284,0.5438155136268357,0.3506743737957585
245,0.6883142995013672,0.3955952972346415,0.6284646527561506,0.3988787375415299,0.5655816951337425,0.28385744234800825,0.497752087347461
246,0.5326926170178542,0.42598112270243416,0.4518841482404232,0.5585548172757466,0.4263615855623595,0.6377358490566003,0.3082851637764925
247,0.7188354511822422,0.5127504553734061,0.43070694487698447,0.5234634551495017,0.31356751530776883,0.5727463312368961,0.47527296082209247
248,0.6823628759852017,0.4033780427223048,0.35191529118654685,0.6046511627906987,0.7863358040605863,0.49559748427673256,0.2215799614643501
249,0.6041901238539488,0.3568471601258487,0.7678293366552476,0.6135797342192699,0.3954237834353851,0.3903563941299808,0.3994861913937058
250,0.6912095866173397,0.15565490975327023,0.798037994394269,0.8247508305647848,0.6429262004511784,0.4209643605870035,0.3628773281952462
251,0.7752533376226475,0.39327703262129443,0.433821239489256,0.6617524916943527,0.6790203029326474,0.8306079664570234,0.3673731535003206
252,0.7472655621682481,0.2923497267759556,0.7890065400186854,0.6144102990033229,0.43731872381566284,0.32578616352201095,0.3506743737957585
253,0.5726636641466946,0.5494287133631395,0.9232326378075353,0.7385797342192699,0.5520464067031927,0.2679245283018865,0.6840077071290942
254,0.7591684092005789,0.5088590826295745,0.9948614138897538,0.729028239202659,0.43055107960038796,0.5509433962264154,0.59409120102762
255,0.6608894965417403,0.2631230336148369,0.5917159763313613,0.21366279069767558,0.16500161134386282,0.6054507337526189,0.28580603725112397
256,0.550707736850571,0.785891703924491,0.8755839302398005,0.9684385382059801,0.9919432806961019,0.23731656184486383,0.1708413615928066
257,0.801190284703233,0.3448418612353037,0.5699159140454686,0.8588039867109636,0.43538511118272716,0.58825995807128,0.6602440590879937
258,0.7192375743927938,0.41554893194237463,0.7289006540018681,0.7958887043189371,0.34869481147276815,0.2272536687631046,0.5998715478484264
259,0.752613800868586,0.22983937738036042,0.4792899408284015,0.5035299003322269,0.5033838221076383,0.5182389937106926,0.6865767501605653
260,0.7217307382982147,0.14994204338466588,0.3266895048271561,0.3855897009966789,0.39961327747341535,0.5551362683438157,0.33911368015413856
261,0.7624658195271031,0.5266600430534853,0.673933354095297,0.33949335548172854,0.6274572993876895,0.6259958071278824,0.5594091201027602
262,0.6778590960270224,0.5617651929127336,0.6007474307069449,0.47259136212624675,0.5075733161456686,0.2989517819706471,0.7970456005138118
263,0.5963085089271353,0.16492796820665623,0.9078168794767976,0.6231312292358808,0.4070254592330027,0.3870020964360599,0.2941554271034015
264,0.673033617500402,0.4258155323729089,0.09996885705387726,0.6507475083056491,0.81662906864325,0.4498951781970639,0.6307000642260796
265,0.681437992600933,0.3286140089418774,0.47633136094674544,0.839908637873755,0.734772800515632,0.3593291404612131,0.482337829158638
266,0.7646774971851374,0.5282331511839709,0.14979757085020218,0.6787790697674421,0.48952626490493145,0.6696016771488438,0.5883108542068065
267,0.6492279234357409,0.27330683888060925,0.5467144191840552,0.46345514950166056,0.6277795681598448,0.6000000000000014,0.6865767501605653
268,0.6979250442335528,0.3160291438979965,0.5518530052943014,0.7109634551495017,0.4759909764743817,0.3840670859538804,0.5773924213230579
269,0.6495898343252372,0.2619639013081634,0.31251946434132627,0.6345514950166109,0.4956493715758956,0.426415094339621,0.5305073859987175
270,0.4840357085410968,0.41745322073190927,0.590781687947679,0.7946428571428577,0.6252014179825984,0.4863731656184491,0.7790622992935141
271,0.7392633102782692,0.4628249710216923,0.5453129866085336,0.3982558139534884,0.5739606832097994,0.4993710691823914,0.6409762363519604
272,0.7876387325076403,0.10192084782248712,0.5833073808782316,0.4975083056478411,0.46052207541089274,0.3937106918238982,0.6294155427103405
273,0.6862634711275534,0.37473091571452244,0.4705699159140462,0.9345930232558146,0.43538511118272716,0.3459119496855365,0.4457289659601784
274,0.8784783657712724,0.3848319258155324,0.22407349735284932,0.5398671096345531,0.48888172736061897,0.33333333333333215,0.6422607578676924
275,0.6788644040534019,0.5471104487497929,0.5241357832450948,0.45847176079734275,0.7708669029971009,0.023480083857442935,0.5028901734104032
276,0.7591281968795239,0.5312137771154162,0.8422609778885084,0.19393687707641227,0.4850145020947476,0.7119496855345915,0.8124598587026348
277,0.7890461637445713,0.5101838052657723,0.624727499221426,0.3781146179401986,0.81662906864325,0.5710691823899374,0.4540783558124559
278,0.7483512948367378,0.4485842026825635,0.6259732170663339,0.3862126245847186,0.6313245246535608,0.6427672955974835,0.5292228644829784
279,0.7294112916197523,0.5869349230004968,0.03145437558393027,0.3224667774086374,0.4047695778279099,0.6880503144654071,0.511881824020552
280,0.6613720443944023,0.3191753601589662,0.6723762067891625,0.5463039867109636,0.757009345794394,0.39958071278825713,0.2254335260115603
281,0.7562329097635515,0.3113098195065409,0.5784802242292111,0.7381644518272417,0.2758620689655178,0.4725366876310275,0.5793192035966648
282,0.6035065143960109,0.5534856764364959,0.5554344440984122,0.5558554817275745,0.6313245246535608,0.5375262054507353,0.5985870263326873
283,0.8285748753418046,0.3488160291438973,0.4310183743382128,0.34053156146179475,0.29100870125684786,0.2985324947589092,0.6262042389210052
284,0.0,0.5000827951647624,0.509342883836811,0.5782807308970099,0.6016757976152114,0.39874213836478134,0.9640333975594118
285,0.7858291780601575,0.3081636032455708,0.07863593895982568,0.5444352159468444,0.4695456010312622,0.875890985324947,0.5176621708413585
286,0.9060238056940645,0.38698460009935376,0.4328869511055746,0.7329734219269106,0.6135997421849844,0.3480083857442331,0.6756583172768167
287,0.5079218272478686,0.4990892531876141,0.4364683899096855,0.4981312292358808,0.601353528843056,0.6209643605870028,0.43159922928709094
288,0.7745697281647098,0.35800629243252224,0.5766116474618492,0.5039451827242516,0.8698034160489847,0.1710691823899353,0.37443802183686614
289,0.7338346469358211,0.718413644643153,0.3623481781376512,0.6638289036544851,0.3912342893973584,0.5027253668763088,0.482337829158638
290,0.7154978285346628,0.4196886901804935,0.5974774213640606,0.4152823920265778,0.4379632613599753,0.6964360587002076,0.33076429030186105
291,0.8682644362232587,0.273886405033946,0.6465275615073178,0.36980897009966895,0.3715758942958445,0.5501048218029361,0.28131021194604955
292,0.7849445069969437,0.48128829276370233,0.7578635938959826,0.3612956810631225,0.4921044150821796,0.3174004192872104,0.23249839434810582
293,0.6405822744088788,0.49850968703427734,0.5017128620367481,0.4491279069767451,0.8604576216564634,0.7052410901467496,0.37443802183686614
294,0.7472253498471931,0.394353369763206,0.4606041731547803,0.5874169435215961,0.28617466967450866,0.26708595387840717,0.6005138086062942
295,0.6945874215859741,0.2737208147044208,0.5105886016817189,0.6019518272425248,0.41991621011923996,0.17023060796645595,0.3063583815028892
296,0.6401399388772718,0.41339625765855237,0.21161631890376764,0.6845930232558146,0.48533677086690297,0.5769392033542964,0.6114322414900464
297,0.7647981341483031,0.2974002318264608,0.8028651510432887,0.6017441860465116,0.9055752497583001,0.42431865828092086,0.439948619139372
298,0.6955927296123531,0.4471766848816028,0.8690439115540327,0.5988372093023262,0.19239445697711943,0.2477987421383645,0.36929993577392395
299,0.6470966704198166,0.31429044543798623,0.5516972905636868,0.9428986710963461,0.42410570415726845,0.5224318658280893,0.3808606294155439
300,0.7223339231140421,0.33200861069713516,0.7113048894425402,0.632890365448505,0.5729938768933298,0.3618448637316547,0.48554913294797686
301,0.5293147820492198,0.45123364795495924,0.6694176269075056,0.4854651162790695,0.6203673864002575,0.44863731656184314,0.6878612716763008
302,0.7786311725912819,0.0,0.5026471504204304,0.18044019933554978,0.7257492748952625,0.61090146750524,0.7398843930635834
303,0.79930030561364,0.3352376221228677,0.40127686079103064,0.78529900332226,0.5968417660328722,0.29014675052410865,0.4206807964033423
304,0.7863117259128195,0.4760721973836728,0.782777950794145,0.3507059800664454,0.6351917499194322,0.4427672955974806,0.4386640976236329
305,0.7130046646292424,0.23232323232323182,0.646994705699159,0.696428571428573,0.6535610699323229,0.5194968553459098,0.6262042389210052
306,0.6204761138812932,0.6361152508693491,0.6943319838056681,0.6075581395348841,0.5201417982597505,0.40041928721174,0.8432883750802809
307,0.6477802798777544,0.5925649942043383,0.7220492058548729,0.5579318936877087,0.6416371253625535,0.4498951781970639,0.0867052023121353
308,0.8913463085089272,0.17155158138764648,0.6465275615073178,0.6235465116279091,0.4102481469545598,0.2721174004192868,0.29479768786126925
309,0.6837300949010777,0.2905282331511838,0.8248209280597951,0.4036544850498345,0.28391878826941586,0.14591194968553722,0.5806037251123968
310,0.3032813253981018,0.2813379698625602,0.4392712550607287,0.48899501661129463,0.300676764421528,0.5966457023060805,0.5517019910083469
311,0.6972012224545602,0.1958105646630237,0.32092805979445593,0.4819352159468444,0.601353528843056,0.3865828092243184,0.6152858060372495
312,0.6951101817596911,0.29433681073025353,0.8162566178760509,0.9451827242524917,0.6313245246535608,0.3643605870020963,0.2363519588953089
313,0.8207736850571014,0.33929458519622413,0.3266895048271561,0.4011627906976738,0.6803093780212706,0.03941299790356467,0.6384071933204893
314,0.8428904616374454,0.3970856102003637,0.5560573030208662,0.43230897009966895,0.4321624234611665,0.2939203354297675,0.5536287732819538
315,0.651439601093775,0.4433681073025335,0.43459981314232277,0.32495847176079806,0.18175958749597143,0.426415094339621,0.6942838792549821
316,0.6479009168409201,0.3228183474085111,0.4895671130488948,0.500207641196015,0.35804060586529296,0.36897274633123445,0.2941554271034015
317,0.7071336657551875,0.4941215433018713,0.6336032388663959,0.6659053156146175,0.8011601675797646,0.2746331236897248,0.38728323699421807
318,0.7207656425928902,0.5661533366451397,0.5811273746496415,0.570390365448505,0.5729938768933298,0.6096436058700192,0.5606936416184993
319,0.6557423194466784,0.4918860738532871,0.6133603238866394,0.6115033222591357,0.5033838221076383,0.5563941299790365,0.4091201027617224
320,0.7471851375261379,0.7029309488325883,0.29367798193709227,0.5583471760797352,0.5552690944247498,0.4855345911949662,0.5754656390494546
321,0.5708138973781566,0.3579234972677594,0.6231703519152916,0.40157807308970206,0.6464711569448944,0.8046121593291389,0.5684007707129091
322,0.7102702267974906,0.47391952309985097,0.32653379009654326,0.5921926910299007,0.4041250402835974,0.36477987421383773,0.383429672447015
323,0.5213125301592408,0.4328531213777116,0.4592027405792578,0.4964700996677749,0.3116339026748314,0.24109014675052265,0.2761721258831109
324,0.5888692295319286,0.44874979301208784,0.4372469635627523,0.3673172757475083,0.19593941347083543,0.3542976939203335,0.2517662170841355
325,0.6770950619269746,0.2998840867693322,0.7053877296792272,0.41362126245847186,0.7006123106670987,0.42557651991614165,0.27424534360950403
326,0.6594016406626989,0.5952972346414973,0.6208346309560886,0.6497093023255829,0.6806316467934259,0.40712788259957833,0.2106615285806015
327,0.7000562972494772,0.17709885742672604,0.39006540018685776,0.4294019933554818,0.47985820174025307,0.5262054507337517,0.29608220937700835
328,0.6968795238861188,0.3019539658883921,0.5610401744004978,0.9534883720930232,0.3499838865613931,0.5362683438155145,0.3326910725754679
329,0.6703393919897055,0.4410498426891869,0.6213017751479297,0.5816029900332218,0.5446342249436054,0.6264150943396203,0.4951830443159899
330,0.6582756956731542,0.09413810233482378,0.4464341326689505,0.38392857142857295,0.6861102159200794,0.25115303983228543,0.5985870263326873
331,0.7591684092005789,0.5257492962410995,0.5214886328246644,0.4466362126245844,0.2993876893329048,0.486792452830187,0.18304431599229432
332,0.8000643397136883,0.33465805596953135,0.5758330738087825,0.48504983388704304,0.47985820174025307,0.5182389937106926,0.4328837508028265
333,0.711074473218594,0.42664348402053287,0.49314855185300566,0.6582225913621258,0.45020947470190364,0.35974842767295456,0.3615928066795142
334,0.7669695994852822,0.21526742838218205,0.4324198069137335,0.45245016611295696,0.6806316467934259,0.5366876310272524,0.651894669235709
335,0.663382660447161,0.4099188607385327,0.2533478667081912,0.49979235880398676,0.6432484692233338,0.42306079664570007,1.0
336,0.5763631976837701,0.5483523762212288,0.3841482404235439,0.35195182724252483,0.6271350306155341,0.6046121593291396,0.6114322414900464
337,0.6612111951101817,0.5116741182314954,0.4808470881345377,0.37230066445182786,0.2916532388011621,0.37777777777777644,0.48426461143224486
338,0.7319848801672834,0.4006458022851467,0.5484272812208033,0.5296926910299007,0.5414115372220447,0.3136268343815516,0.39370584457289937
339,0.6698970564580989,0.3435171385991058,0.6448146994705697,0.4321013289036557,0.6535610699323229,0.16142557651991396,0.30443159922928587
340,0.7647981341483031,0.3470773306838879,0.6174089068825905,0.382059800664452,0.2810183693200141,0.3756813417190763,0.2774566473988429
341,0.7510053080263793,0.3111442291770157,0.07240734973528529,0.6737956810631225,0.7766677408959097,0.6616352201257847,0.6088631984585753
342,0.5994852822904938,0.5415631727107133,0.3676424789785111,0.4154900332225928,0.5610699323235586,0.4981132075471706,0.3461785484906841
343,0.7578414026057582,0.28282828282828243,0.5404858299595139,0.6580149501661126,0.7067354173380611,0.5438155136268357,0.47013487475915383
344,0.6655943381051953,0.3377214770657391,0.4285269386483961,0.3714700996677749,0.7979374798582022,0.7274633123689718,0.25754656390494546
345,0.8020749557664467,0.3038582546779267,0.3308938025537209,0.5442275747508312,0.31195617144698673,0.2184486373165626,0.2363519588953089
346,0.8834244812610582,0.3041066401722139,0.3919339769542196,0.5276162790697665,0.6145665485014522,0.1861635220125777,0.6602440590879937
347,0.7046405018497667,0.33730750124192754,0.9688570538772963,0.5272009966777418,0.44086368030937884,0.45073375262054327,0.8895311496467571
348,0.7200418208138973,0.48021195562179164,0.8687324820928062,0.48878737541528317,0.5845955526909439,0.740461215932914,0.3468208092485554
349,0.6168167926652725,0.5266600430534853,0.7880722516350049,0.5164036544850497,0.40573638414437774,0.5480083857442324,0.4849068721901091
350,0.7691812771433165,0.3633879781420766,0.63640610401744,0.7323504983388709,0.13406380921688665,0.25283018867924767,0.398843930635838
351,0.7354833520990832,0.3710051333002151,0.6971348489567104,0.2917358803986705,0.40573638414437774,0.4008385744234779,0.29030186255620194
352,0.76174199774811,0.38226527570789814,0.7500778573653069,0.40157807308970206,0.35095069287786096,0.4511530398322847,0.5908798972382776
353,0.7031928582917807,0.5043881437324056,0.4188726253503585,0.27450166112956786,0.6438930067676463,0.34549266247379506,0.5549132947976894
354,0.6801914106482226,0.5028978307666834,0.3995639987542825,0.47466777408637917,0.23009990331937047,0.5161425576519889,0.29094412331406616
355,0.6556618948045682,0.5803113098195065,0.8558081594518843,0.8816445182724255,0.3370931356751541,0.6012578616352222,0.7488760436737323
356,0.8519784461959145,0.5862725616823976,0.7763936468389909,0.4925249169435215,0.6284241057041591,0.5802935010482209,0.36929993577392395
357,0.6315747144925202,0.5341944030468619,0.5440672687636239,0.8241279069767451,0.4112149532710294,0.4276729559748418,0.7283236994219635
358,0.7920218755026537,0.4063586686537506,0.25615073185923354,0.7190614617940199,0.5488237189816321,0.5324947589098556,0.719974309569686
359,0.6741595624899467,0.4950322901142572,0.4797570850202426,0.30772425249169366,0.532388011601677,0.5677148846960165,0.3134232498394347
360,0.7344378317516488,0.3219076005961248,0.5675801930862656,0.7319352159468426,0.2568482114083146,0.31781970649895186,0.29929351316634367
361,0.595785748753418,0.4238284484186119,0.7701650576144496,0.846968438538207,0.6142442797292951,0.3769392033542971,0.5568400770712891
362,0.752573588547531,0.23944361649279688,0.8523824353783862,0.5436046511627897,0.4076699967773134,0.3186582809224312,0.5690430314707768
363,0.7416358372205244,0.4758238118893856,0.21270632201806272,0.7308970099667782,0.5845955526909439,0.3509433962264161,0.523442517662172
364,0.7523725269422551,0.24888226527570811,0.5745873559638746,0.34509966777408785,0.5194972607154362,0.4184486373165619,0.4913294797687868
365,0.6268296606080105,0.5028150356019205,0.7454064154469018,0.47695182724252483,0.4041250402835974,0.5517819706498948,0.554271034039818
366,0.8189641306096186,0.23058453386322242,0.3894425412644038,0.47404485049833944,0.47115694489204074,0.5786163522012551,0.2845215157353884
367,0.741113077046807,0.48567643649610837,0.6265960759887887,0.7381644518272417,0.7176925555913662,0.41551362683437887,0.6140012845215175
368,0.7239022036351938,0.4821990395760887,0.6248832139520406,0.6004983388704321,0.5175636480825023,0.7798742138364751,0.24855491329479307
369,0.7762586456490269,0.42697466467958245,0.8251323575210208,0.5735049833887036,0.37995488237189967,0.12410901467505298,0.704560051380863
370,0.7214894643718833,0.3677761218744826,0.8094051697290565,0.3594269102990033,0.45794392523364635,0.19790356394129915,0.2819524727039173
371,0.8705967508444586,0.5704586852127838,0.6368732482092803,0.876038205980068,0.4102481469545598,0.38742138364779777,0.15735388567758335
372,0.7659642914589028,0.3283656234475907,0.5143257552164426,0.39784053156146193,0.6748308088946207,0.35974842767295456,0.47848426461143134
373,0.5693260414991154,0.21452227189932094,0.2289006540018681,0.5195182724252501,0.41089268449887406,0.512788259958068,0.4091201027617224
374,0.5158034421746823,0.31081304851796654,0.6248832139520406,0.243978405315616,0.4089590718659366,0.262054507337524,0.28516377649325264
375,0.6680472896895607,0.42548435171385934,0.3484895671130488,0.6287375415282401,0.297131807927812,0.29308176100628813,0.648041104688506
376,0.7520508283738138,0.4426229508196724,0.4310183743382128,0.8706395348837219,0.5952304221720937,0.3953878406708604,0.4405908798972398
377,0.6967186746018982,0.29077661864547055,0.18779196511990026,0.47279900332226,0.5520464067031927,0.4268343815513589,0.30571612074502497
378,0.5503458259610744,0.2613015399900642,0.9033011522890062,0.4898255813953494,0.5878182404125063,0.20293501048217877,0.7141939627488796
379,0.596228084285025,0.4511508527901973,0.6029274369355342,0.6137873754152832,0.25555913631968963,0.41006289308176136,0.6628131021194648
380,0.8177577609779635,0.39369100844510685,0.5683587667393333,0.39534883720930303,0.583628746374476,0.18658280922431913,0.6737315350032098
381,0.5751970403731702,0.3753104818678583,0.49828713796325097,0.9478820598006639,0.40573638414437774,0.42557651991614165,0.581245985870261
382,0.8104793308669777,0.37439973505547286,0.43942696979134244,0.33492524916943545,0.6126329358685147,0.24318658280922634,0.2652536929993552
383,0.7848238700337781,0.4182811723795332,0.5361258175023353,0.5519102990033229,0.4595552690944249,0.38532494758909763,0.5343609505459206
384,0.672993405179347,0.25252525252525215,0.4528184366241046,0.4580564784053145,0.5884627779568152,0.10356394129978952,0.6274887604367372
385,0.6536512787518097,0.23058453386322242,0.42525692930551173,0.6646594684385381,0.6432484692233338,0.4767295597484278,0.5266538214515109
386,0.8393919897056458,0.5,0.45328558081594483,0.7855066445182732,0.3735095069287784,0.5786163522012551,0.4123314065510577
387,0.7659642914589028,1.0,0.248209280597945,0.49937707641196205,0.5984531098936543,0.4096436058700199,0.5934489402697487
388,0.7532169856844136,0.30079483358171855,0.3132980379943948,0.8060631229235877,0.3963905897518547,0.4637316561844891,0.47206165703275715
389,0.6985684413704359,0.5198708395429708,0.36079103083151676,0.5517026578073096,0.5823396712858528,0.6276729559748411,0.5517019910083469
390,0.750723821778993,0.37622122868024466,0.7891622547492982,0.6960132890365447,0.4195939413470846,0.1060796645702311,0.4097623635195866
391,0.8265642592890462,0.2673455870177177,0.5823730924945494,0.3118770764119603,0.4031582339671278,0.6628930817610055,0.4971098265895968
392,0.7319446678462279,0.46497764530551455,0.5348800996574274,0.5294850498338874,0.8105059619722859,0.3081761006289305,0.5966602440590911
393,0.8519784461959145,0.5434674615002479,0.560261600747431,0.4833887043189371,0.5987753786658097,0.07882599580712935,0.34553628773281986
394,0.7190365127875179,0.3674449412154326,0.7408906882591086,0.5442275747508312,0.5746052207541101,0.5241090146750516,0.637764932562618
395,0.708701946276339,0.535767511177347,0.3421052631578947,0.5398671096345531,0.5423783435385126,0.21635220125786248,0.6024405908798975
396,0.7966462924239986,0.4804603411160788,0.22827779507941415,0.9489202657807319,0.3631969062197875,0.4201257861635206,0.4945407835581257
397,0.7849042946758885,0.4816194734227519,0.4735284957957031,0.3801910299003328,0.5327102803738324,0.6364779874213831,0.5292228644829784
398,0.6181840115811484,0.4013909587680078,0.35035814388041064,0.5425664451827235,0.39445697711891725,0.27756813417190784,0.5317919075144495
399,0.5709345343413222,0.35577082298393714,0.46620990345686675,0.5411129568106308,0.7766677408959097,0.40125786163521937,0.564547206165706
