,f1,f2,f3,f4,f5,f6,f7,f8,f9,f11,f12,f13,f14,f16,f17,f18
0,1.0,0.0,0.6228214295984585,1.0,1.0,1.0,1.0,1.0,0.5126353790613718,0.23880597014925387,0.26027397260273966,0.10527944361766396,0.2589928057553956,0.19423368740515934,0.3555555555555554,1.0
1,0.0,0.0,0.578365269403679,1.0,0.0,1.0,1.0,0.0,0.02888086642599278,0.8134328358208954,0.08561643835616438,0.5235092165559109,0.20229751682524943,0.24127465857359637,0.1777777777777776,0.6666666666666667
2,1.0,0.0,0.8395981710648658,0.0,0.0,0.0,0.0,0.5,0.03971119133574007,0.5671641791044776,0.3527397260273972,0.016723886424919326,0.16187050359712227,0.13505311077389984,0.33333333333333326,1.0
3,1.0,0.0,0.5456649061089117,1.0,0.0,1.0,1.0,0.5,0.05415162454873647,0.21641791044776126,0.10273972602739725,0.4297228402610989,0.07955442097934556,0.1836115326251897,0.14444444444444438,1.0
4,0.0,1.0,0.22674769705625808,1.0,0.0,1.0,1.0,0.0,0.11191335740072202,0.5858208955223881,0.23801369863013697,0.028143280239291555,0.20143884892086333,0.11229135053110773,0.21111111111111103,0.6666666666666667
5,1.0,1.0,0.7664810252772639,1.0,0.0,1.0,0.0,0.0,0.018050541516245487,0.7537313432835823,0.07876712328767123,0.04825614805428263,0.15467625899280574,0.2661608497723824,0.2222222222222221,0.6666666666666667
6,0.0,1.0,0.5608868609990126,1.0,0.0,1.0,0.0,0.0,0.02527075812274368,0.7947761194029851,0.0821917808219178,0.03941532703670414,0.07913669064748202,0.21547799696509862,0.07777777777777772,0.6666666666666667
7,1.0,1.0,0.5133843927034308,1.0,0.0,0.0,0.0,0.0,0.0,0.7611940298507464,0.0821917808219178,0.3213785786906744,0.004711069853794374,0.4719271623672231,0.2222222222222221,0.6666666666666667
8,1.0,0.0,0.3111490275394687,1.0,0.0,0.0,1.0,0.0,0.10469314079422383,0.417910447761194,0.12842465753424656,0.146389261349404,0.2733812949640288,0.2867981790591806,0.2222222222222221,0.3333333333333333
9,1.0,1.0,0.8489403103821783,1.0,1.0,0.0,1.0,1.0,0.44404332129963897,0.29104477611940316,0.2328767123287671,0.04634063683380729,0.2805755395683453,0.36418816388467373,0.2777777777777777,1.0
10,1.0,1.0,0.5259818065047975,1.0,0.0,1.0,1.0,0.0,0.03971119133574007,0.8208955223880597,0.07191780821917808,0.060043909411053975,0.12230215827338128,0.29742033383915023,0.33333333333333326,1.0
11,1.0,1.0,0.6299607948391054,1.0,0.0,0.0,1.0,0.0,0.11913357400722023,0.582089552238806,0.15410958904109587,0.02224939956090589,0.12949640287769784,0.013657056145675264,0.5111111111111111,1.0
12,0.0,1.0,0.3721403717301075,1.0,0.0,0.0,0.0,0.0,0.014440433212996389,0.7052238805970151,0.06164383561643835,0.06571676956400017,0.1438848920863309,0.27617602427921095,0.1777777777777776,0.6666666666666667
13,1.0,1.0,0.5740613287578004,0.0,1.0,1.0,0.0,1.0,0.018050541516245487,0.11567164179104483,0.06678082191780821,0.03234267022264134,0.10362032954281736,0.1426403641881639,0.2222222222222221,1.0
14,1.0,0.0,0.7355655032926584,1.0,0.0,0.0,0.0,0.0,0.018050541516245487,0.7126865671641792,0.2893835616438356,0.6424919327508215,0.23522859132049195,0.3535660091047041,0.2222222222222221,0.6666666666666667
15,0.0,1.0,0.2715719448252063,1.0,0.0,0.0,0.0,0.0,0.014440433212996389,0.6343283582089553,0.0410958904109589,0.02917470935800905,0.10791366906474817,0.20637329286798178,0.19999999999999996,0.6666666666666667
16,1.0,1.0,0.4966402423243196,1.0,0.0,1.0,0.0,0.0,0.08664259927797835,0.44402985074626866,0.2654109589041096,0.0916498445488971,0.2122302158273381,0.24582701062215478,0.16666666666666652,1.0
17,1.0,0.0,0.5301285430825416,1.0,0.0,1.0,1.0,1.0,0.40072202166064985,0.31343283582089543,1.0,0.049508597698439585,0.5899280575539569,0.3353566009104704,0.37777777777777777,1.0
18,0.0,0.0,0.4463579459946513,1.0,0.0,1.0,0.0,0.5,0.014440433212996389,0.5970149253731344,0.05993150684931506,0.11728822549987476,0.15467625899280574,0.2230652503793627,0.2222222222222221,0.6666666666666667
19,1.0,1.0,0.6456025996184925,1.0,0.0,1.0,0.0,0.0,0.17328519855595667,0.5783582089552238,0.2328767123287671,0.12008781882210794,0.22302158273381295,0.3945371775417299,0.4444444444444444,1.0
20,0.0,1.0,0.7268004179327666,0.0,0.0,1.0,1.0,0.0,0.010830324909747292,0.6977611940298508,0.06335616438356165,0.04081512369782074,0.0899280575539568,0.4157814871016692,0.2666666666666666,1.0
21,1.0,0.0,0.5751099949196247,1.0,0.0,0.0,1.0,0.0,0.11191335740072202,0.623134328358209,0.7876712328767123,0.08008310371756523,0.2194244604316547,0.1684370257966616,0.28888888888888875,1.0
22,1.0,1.0,0.5691784170317188,1.0,1.0,1.0,1.0,1.0,0.6173285198555956,0.3656716417910447,0.9486301369863013,0.4255234502777491,0.4657461127871895,0.23065250379362673,0.2999999999999998,1.0
23,1.0,0.0,0.34972728928424224,0.0,0.0,1.0,0.0,0.0,0.06498194945848376,0.7611940298507464,0.2054794520547945,0.4000471510454271,0.45377117660710137,0.012139605462822459,0.10000000000000009,0.3333333333333333
24,0.0,1.0,0.36032897826941324,1.0,0.0,0.0,0.0,0.0,0.014440433212996389,0.798507462686567,0.06164383561643835,0.02740654515449335,0.18705035971223022,0.3975720789074355,0.25555555555555554,0.3333333333333333
25,1.0,1.0,0.49359585134629946,1.0,0.0,1.0,1.0,0.0,0.1768953068592058,0.6417910447761196,0.0839041095890411,0.21652644142219343,0.3237410071942446,0.5447647951441579,0.10000000000000009,0.6666666666666667
26,1.0,1.0,0.5398905322891404,1.0,1.0,1.0,1.0,0.5,0.7689530685920578,0.5037313432835823,0.3715753424657534,0.2511087863026213,0.17535391042005105,0.02731411229135053,0.33333333333333326,1.0
27,1.0,1.0,0.3579153206867134,1.0,1.0,1.0,1.0,1.0,0.6101083032490974,0.47388059701492546,0.351027397260274,0.12421353529697791,0.3776978417266187,0.1244309559939302,0.4444444444444444,1.0
28,0.0,1.0,0.7208170777297432,1.0,0.0,0.0,0.0,0.0,0.014440433212996389,0.6791044776119403,0.03424657534246575,0.4084459310121267,0.10949176142956601,0.4977238239757208,0.1777777777777776,0.3333333333333333
29,1.0,1.0,0.2896293243100754,1.0,0.0,1.0,1.0,0.0,0.11913357400722023,0.21641791044776126,0.28767123287671226,0.5148304772569879,0.22025992109538178,0.09408194233687406,0.2222222222222221,1.0
30,1.0,1.0,0.2928309193562302,1.0,0.0,1.0,0.0,0.0,0.1588447653429603,0.5522388059701494,0.18835616438356165,0.7105220504810881,0.41784636806683684,0.20182094081942337,0.14444444444444438,0.3333333333333333
31,0.0,1.0,0.5313880927504001,1.0,0.0,1.0,0.0,0.0,0.05415162454873647,0.5149253731343283,0.1660958904109589,0.5148304772569879,0.13044789974472035,0.33990895295902884,0.1777777777777776,1.0
32,1.0,1.0,0.47937271742568754,1.0,0.0,0.0,0.0,0.0,0.018050541516245487,0.45895522388059706,0.13356164383561644,0.09599658154920654,0.44604316546762596,0.17905918057663128,0.33333333333333326,0.6666666666666667
33,0.0,0.0,0.49427834705673723,1.0,0.0,0.0,0.0,0.0,0.018050541516245487,0.6492537313432837,0.0565068493150685,0.1142676116522021,0.3345323741007194,0.32018209408194237,0.16666666666666652,0.3333333333333333
34,1.0,1.0,0.4283024836325643,1.0,0.0,0.0,0.0,0.0,0.032490974729241874,0.4626865671641792,0.33732876712328763,0.8818571618017593,0.10649802738454395,0.5599393019726859,0.1777777777777776,0.6666666666666667
35,0.0,1.0,0.5776827736932412,1.0,0.0,0.0,0.0,0.0,0.0,0.5335820895522388,0.023972602739726026,0.019818173781071802,0.10431654676258992,0.37784522003034904,0.1777777777777776,0.3333333333333333
36,1.0,0.0,0.6796142748962358,1.0,1.0,1.0,0.0,1.0,0.24548736462093862,0.39179104477611937,0.24999999999999997,0.4893541780246659,0.3579716871663959,0.06069802731411228,0.33333333333333326,1.0
37,1.0,1.0,0.19840495384526913,1.0,0.0,1.0,1.0,0.0,0.10830324909747291,0.5858208955223881,0.16780821917808217,0.06962146551343068,0.2589928057553956,0.26100151745068284,0.2222222222222221,1.0
38,1.0,0.0,0.5581568781572616,1.0,0.0,1.0,0.0,0.0,0.014440433212996389,0.38805970149253743,0.0821917808219178,0.6466913227341713,0.10649802738454395,0.7602427921092565,0.1777777777777776,1.0
39,0.0,0.0,0.39093009211774976,1.0,0.0,0.0,0.0,0.0,0.036101083032490974,0.5149253731343283,0.17294520547945205,0.7925501348225206,0.18134137851009513,0.449165402124431,0.2222222222222221,1.0
40,1.0,0.0,0.14103505459007126,1.0,0.0,1.0,0.0,0.0,0.23465703971119134,0.4850746268656717,0.15753424657534246,0.06822166885231408,0.29136690647482016,0.2488619119878604,0.2999999999999998,1.0
41,0.0,1.0,0.14218916250491265,1.0,0.0,1.0,1.0,0.0,0.06498194945848376,0.5895522388059703,0.20205479452054795,0.625414413485199,0.07057321884427939,0.4279210925644916,0.2222222222222221,1.0
42,0.0,0.0,0.4331297987979641,1.0,0.0,0.0,0.0,0.0,0.02888086642599278,0.6268656716417912,0.0547945205479452,0.3787702417964548,0.09452309120445579,0.2139605462822458,0.1777777777777776,0.3333333333333333
43,1.0,1.0,0.21672306202850766,1.0,0.0,1.0,1.0,1.0,0.10830324909747291,0.5932835820895522,0.21746575342465752,0.05451839627506741,0.2158273381294964,0.2078907435508346,0.2999999999999998,0.6666666666666667
44,0.0,1.0,0.297449268138378,1.0,0.0,0.0,0.0,0.0,0.010830324909747292,0.7350746268656717,0.025684931506849314,0.1132361825334846,0.10431654676258992,0.6251896813353566,0.21111111111111103,0.3333333333333333
45,1.0,0.0,0.3742396211765383,1.0,0.0,1.0,0.0,0.0,0.19494584837545129,0.32835820895522383,0.2688356164383562,0.8297847260082221,0.2561847296356463,0.6919575113808801,0.411111111111111,0.6666666666666667
46,0.0,1.0,0.4054695512974128,1.0,0.0,0.0,0.0,0.0,0.007220216606498195,0.6305970149253731,0.1095890410958904,0.10513209660070431,0.37410071942446044,0.4461305007587254,0.08888888888888902,0.6666666666666667
47,0.0,1.0,0.4382216769072975,0.0,0.0,0.0,0.0,0.0,0.05776173285198555,0.6492537313432837,0.47431506849315064,0.744677089012333,0.3759340914365282,0.23065250379362673,0.2222222222222221,0.6666666666666667
48,1.0,1.0,0.6685908188989963,1.0,0.0,1.0,0.0,0.0,0.018050541516245487,0.6940298507462687,0.09246575342465753,0.028658994798650302,0.16546762589928057,0.25948406676783003,0.2222222222222221,1.0
49,1.0,0.0,0.5220459534330876,1.0,0.0,1.0,0.0,0.0,0.02888086642599278,0.5223880597014926,0.06678082191780821,0.05827574520753827,0.18705035971223022,0.10015174506828528,0.1777777777777776,1.0
50,1.0,1.0,0.49480363869904054,1.0,0.0,0.0,0.0,0.0,0.018050541516245487,0.6119402985074628,0.08561643835616438,0.29786199478391556,0.16936644233000694,0.32018209408194237,0.1777777777777776,0.3333333333333333
51,1.0,0.0,0.46514766638229343,0.0,0.0,0.0,0.0,0.0,0.20577617328519857,0.6492537313432837,0.26369863013698625,0.35329394256413277,0.41784636806683684,0.45523520485584223,0.1777777777777776,0.0
52,1.0,0.0,0.7885260201489604,1.0,0.0,1.0,0.0,0.0,0.08303249097472924,0.4253731343283583,0.15410958904109587,0.454359261496751,0.07057321884427939,0.23065250379362673,0.2222222222222221,1.0
53,1.0,0.0,0.24769034632823062,1.0,1.0,1.0,1.0,1.0,0.036101083032490974,0.537313432835821,0.4417808219178082,0.3829696317798046,0.10949176142956601,0.291350531107739,0.2222222222222221,1.0
54,1.0,0.0,0.7569816818918166,0.0,0.0,0.0,0.0,0.0,0.05415162454873647,0.7388059701492539,0.20034246575342465,0.7275995697467106,0.12446043165467627,0.22913505311077392,0.2222222222222221,0.6666666666666667
55,1.0,1.0,0.1407206464538021,1.0,0.0,1.0,1.0,0.0,0.02888086642599278,0.6865671641791046,0.14383561643835616,1.0,0.1603852401949408,0.45978755690440065,0.1777777777777776,0.3333333333333333
56,1.0,0.0,0.5232518236630465,1.0,0.0,1.0,0.0,0.5,0.07220216606498193,0.45522388059701513,0.38869863013698625,0.8127072067425996,0.1843351125551172,0.23368740515933234,0.37777777777777777,0.6666666666666667
57,0.0,0.0,0.35067243081583155,0.0,0.0,0.0,0.0,0.0,0.014440433212996389,0.7910447761194032,0.11815068493150685,0.41264532099547646,0.07057321884427939,0.26600910470409717,0.1777777777777776,0.0
58,1.0,0.0,0.27062872041639907,1.0,0.0,1.0,1.0,0.0,0.018050541516245487,0.5746268656716419,0.07705479452054795,0.54030677648931,0.23223485727546994,0.3930197268588771,0.1777777777777776,0.6666666666666667
59,0.0,0.0,0.6154730979745598,1.0,0.0,0.0,0.0,0.0,0.021660649819494587,0.537313432835821,0.13356164383561644,0.04324634947765482,0.10431654676258992,0.251896813353566,0.14444444444444438,0.6666666666666667
60,0.0,1.0,0.3378123711933131,0.0,0.0,0.0,0.0,0.0,0.010830324909747292,0.7388059701492539,0.0410958904109589,0.022986134645704096,0.07913669064748202,0.2261001517450683,0.4444444444444444,0.0
61,1.0,1.0,0.6600366170451387,1.0,1.0,0.0,0.0,0.0,0.036101083032490974,0.2947761194029851,0.09246575342465753,0.09091310946409889,0.039568345323741004,0.40515933232169954,0.46666666666666656,1.0
62,1.0,1.0,0.3901421546542949,1.0,0.0,0.0,1.0,1.0,0.8014440433212996,0.4328358208955224,0.15582191780821916,0.3762506078064449,0.5071942446043166,0.15629742033383914,0.28888888888888875,0.6666666666666667
63,1.0,1.0,0.7022363237253529,1.0,0.0,1.0,0.0,0.0,0.06498194945848376,0.5746268656716419,0.0821917808219178,0.053044926105470985,0.28776978417266186,0.17602427921092567,0.2222222222222221,0.6666666666666667
64,0.0,0.0,0.26695359604305857,1.0,0.0,0.0,0.0,0.0,0.032490974729241874,0.6119402985074628,0.11986301369863014,0.03204797618872206,0.26618705035971224,0.5584218512898331,0.11111111111111116,0.0
65,1.0,0.0,0.38678335554000554,0.0,0.0,1.0,0.0,0.0,0.03971119133574007,0.6492537313432837,0.17294520547945205,0.11935108373730972,0.36330935251798563,0.09256449165402125,0.2222222222222221,0.6666666666666667
66,1.0,1.0,0.4794781591787046,1.0,0.0,0.0,0.0,0.0,0.02888086642599278,0.7276119402985076,0.136986301369863,0.11036291570277158,0.7014388489208634,0.30197268588770865,0.11111111111111116,0.6666666666666667
67,0.0,0.0,0.12145739673897427,1.0,0.0,0.0,0.0,0.0,0.014440433212996389,0.7947761194029851,0.09246575342465753,0.02600674849337675,0.10431654676258992,0.2139605462822458,0.1777777777777776,0.6666666666666667
68,1.0,0.0,0.44210576766389,1.0,0.0,1.0,1.0,0.5,0.7111913357400722,0.5597014925373135,0.2654109589041096,0.22124154596490195,0.43884892086330934,0.2503793626707132,0.37777777777777777,0.6666666666666667
69,0.0,0.0,0.577471890187207,1.0,0.0,0.0,0.0,0.0,0.010830324909747292,0.9999999999999999,0.0273972602739726,0.02777491269689245,0.0647482014388489,0.30804248861911987,0.1777777777777776,0.3333333333333333
70,0.0,1.0,0.43265818659356037,1.0,0.0,1.0,0.0,0.0,0.032490974729241874,0.6007462686567165,0.12842465753424656,0.14086374821341743,0.2194244604316547,0.5280728376327769,0.2777777777777777,1.0
71,0.0,1.0,0.1191472637865093,1.0,0.0,0.0,0.0,0.0,0.007220216606498195,0.5895522388059703,0.08047945205479451,0.07028452708974907,0.22302158273381295,0.2473444613050076,0.11111111111111116,0.6666666666666667
72,0.0,1.0,0.23420147043317385,1.0,0.0,0.0,0.0,0.0,0.014440433212996389,0.6119402985074628,0.02226027397260274,0.009872250136295991,0.053956834532374105,0.30804248861911987,0.2222222222222221,0.0
73,1.0,0.0,0.49160204365288573,1.0,0.0,1.0,1.0,0.0,0.29241877256317694,0.7574626865671644,0.4726027397260274,0.049950638749318516,0.1474820143884892,0.3277693474962064,0.2222222222222221,1.0
74,1.0,0.0,0.33051580188453167,1.0,1.0,1.0,1.0,0.5,0.6064981949458483,0.2126865671641791,0.3476027397260274,0.13180190667039948,0.36330935251798563,0.3125948406676783,0.2777777777777777,1.0
75,1.0,0.0,0.49202189354217196,1.0,0.0,1.0,1.0,0.5,0.4296028880866426,0.417910447761194,0.18321917808219176,0.13578027612830978,0.29856115107913667,0.15629742033383914,0.28888888888888875,1.0
76,1.0,1.0,0.4514479069812025,1.0,0.0,1.0,1.0,0.5,0.22743682310469313,0.5410447761194032,0.33390410958904104,0.11272046797412587,0.3345323741007194,0.1062215477996965,0.34444444444444433,0.6666666666666667
77,1.0,0.0,0.41538874457214614,1.0,0.0,1.0,0.0,0.0,0.21660649819494585,0.3955223880597015,0.12157534246575341,0.1390219105014219,0.3345323741007194,0.26403641881638845,0.1777777777777776,1.0
78,0.0,0.0,0.3879911428927466,1.0,0.0,1.0,0.0,0.0,0.018050541516245487,0.8507462686567165,0.015410958904109588,0.09931188943079847,0.3345323741007194,0.5523520485584219,0.21111111111111103,0.6666666666666667
79,1.0,1.0,0.78857969958686,0.0,0.0,1.0,0.0,0.0,0.24909747292418777,0.656716417910448,0.4537671232876712,0.07470493759853832,0.34892086330935246,0.4522003034901366,0.24444444444444424,1.0
80,1.0,0.0,0.7090593637069486,1.0,0.0,1.0,1.0,0.0,0.5090252707581228,0.6305970149253731,0.05136986301369863,0.06844268937775354,0.07913669064748202,0.49013657056145676,0.2999999999999998,1.0
81,1.0,0.0,0.7866376542085639,1.0,0.0,0.0,0.0,0.0,0.1516245487364621,0.7947761194029851,0.2568493150684932,0.09511249944744868,0.2122302158273381,0.5311077389984825,0.23333333333333317,0.6666666666666667
82,0.0,0.0,0.5700717962481906,1.0,0.0,1.0,0.0,0.5,0.036101083032490974,0.5746268656716419,0.07534246575342465,0.06254880869936788,0.10431654676258992,0.028831562974203334,0.43333333333333335,1.0
83,0.0,1.0,0.5665557930657669,1.0,0.0,0.0,0.0,0.0,0.0036101083032490985,0.6716417910447762,0.04280821917808219,0.07779922495469078,0.2589928057553956,0.1805766312594841,0.24444444444444424,0.6666666666666667
84,1.0,1.0,0.40142825647268576,1.0,0.0,1.0,0.0,0.0,0.06498194945848376,0.5671641791044776,0.09246575342465753,0.1293706808905654,0.1474820143884892,0.2473444613050076,0.2777777777777777,1.0
85,1.0,0.0,0.5076636983215591,1.0,0.0,1.0,1.0,0.0,0.1696750902527076,0.46641791044776115,0.12157534246575341,0.1743851945717359,0.12949640287769784,0.1805766312594841,0.21111111111111103,0.6666666666666667
86,1.0,0.0,0.21089692589361886,1.0,0.0,0.0,0.0,0.0,0.02888086642599278,0.9104477611940301,0.12157534246575341,0.11574108182179853,0.44604316546762596,0.5842185128983308,0.18888888888888866,0.6666666666666667
87,0.0,1.0,0.28978652837820995,1.0,0.0,0.0,0.0,0.5,0.010830324909747292,0.7835820895522388,0.0565068493150685,0.05473941680050687,0.12589928057553953,0.5766312594840668,0.33333333333333326,0.6666666666666667
88,1.0,0.0,0.5016266786806362,1.0,0.0,1.0,0.0,0.0,0.061371841155234655,0.6305970149253731,0.07876712328767123,0.058496765732977726,0.19424460431654672,0.2094081942336874,0.2666666666666666,0.3333333333333333
89,1.0,0.0,0.13799066361205115,0.0,0.0,0.0,0.0,0.0,0.04693140794223827,0.8432835820895522,0.15410958904109587,0.11552006129635904,0.29136690647482016,0.417298937784522,0.2222222222222221,0.3333333333333333
90,1.0,1.0,0.3705644968031978,1.0,0.0,1.0,1.0,0.5,0.1696750902527076,0.5634328358208956,0.18150684931506847,0.15994518690969103,0.5107913669064749,0.5584218512898331,0.3222222222222222,1.0
91,1.0,0.0,0.9668280245008293,1.0,1.0,0.0,0.0,1.0,0.03971119133574007,0.43656716417910457,0.0547945205479452,0.09850148083752044,0.14028776978417265,0.125948406676783,0.3555555555555554,1.0
92,0.0,0.0,0.19662011253510736,1.0,0.0,0.0,0.0,0.0,0.036101083032490974,0.6380597014925374,0.11815068493150685,0.12892863983968647,0.4784172661870503,0.48254931714719274,0.23333333333333317,0.3333333333333333
93,1.0,0.0,0.52986589726139,1.0,0.0,1.0,1.0,0.0,0.10469314079422383,0.42910447761194026,0.297945205479452,0.06800064832687462,0.30935251798561153,0.19119878603945373,0.3111111111111111,1.0
94,1.0,1.0,0.38557556818726446,1.0,1.0,1.0,1.0,1.0,0.6173285198555956,0.25373134328358216,0.3047945205479452,0.01989184728955162,0.2158273381294964,0.5144157814871017,0.2999999999999998,0.3333333333333333
95,0.0,0.0,0.43265818659356037,1.0,0.0,0.0,0.0,0.0,0.02527075812274368,0.6492537313432837,0.04965753424657534,0.07138962971694637,0.16906474820143885,0.4188163884673748,0.15555555555555545,0.6666666666666667
96,1.0,1.0,0.8745013084362986,0.0,0.0,1.0,0.0,0.5,0.061371841155234655,0.4850746268656717,0.09931506849315068,0.21416888915083915,0.118705035971223,0.4279210925644916,0.2666666666666666,0.6666666666666667
97,0.0,0.0,0.04996788819339937,1.0,0.0,0.0,0.0,0.0,0.02527075812274368,0.6753731343283583,0.125,0.11699353146595547,0.16546762589928057,0.37936267071320184,0.13333333333333308,0.0
98,0.0,1.0,0.42541529672267864,0.0,0.0,0.0,0.0,0.0,0.05415162454873647,0.5186567164179104,0.24657534246575344,0.08715576053162803,0.19064748201438847,0.16691957511380878,0.13333333333333308,0.3333333333333333
99,1.0,1.0,0.48294240004601086,0.0,0.0,1.0,0.0,0.0,0.07220216606498193,0.38805970149253743,0.24143835616438356,0.03366879337527812,0.35251798561151076,0.08649468892261,0.33333333333333326,1.0
100,0.0,1.0,0.3579670830018309,1.0,0.0,0.0,0.0,0.0,0.021660649819494587,0.6119402985074628,0.046232876712328765,0.10314291187174915,0.32014388489208634,0.40212443095599393,0.15555555555555545,0.6666666666666667
101,0.0,0.0,0.5807271646712614,1.0,0.0,0.0,0.0,0.0,0.021660649819494587,0.7500000000000001,0.28767123287671226,0.02630144252729603,0.08273381294964027,0.10015174506828528,0.12222222222222201,0.0
102,1.0,1.0,0.43491464010812575,1.0,1.0,1.0,1.0,1.0,0.07942238267148015,0.6380597014925374,0.09075342465753425,0.07249473234414369,0.2158273381294964,0.07283763277693475,0.23333333333333317,1.0
103,1.0,0.0,0.3209110167460675,1.0,0.0,0.0,0.0,0.0,0.02888086642599278,0.6268656716417912,0.0273972602739726,0.1340121119247941,0.23741007194244607,0.43550834597875565,0.23333333333333317,0.3333333333333333
104,0.0,1.0,0.1488032361032563,1.0,0.0,1.0,0.0,0.0,0.02888086642599278,0.8358208955223881,0.05821917808219178,0.09982760399015722,0.29136690647482016,0.43399089529590285,0.14444444444444438,0.6666666666666667
105,1.0,0.0,0.8096258734890677,1.0,1.0,1.0,0.0,0.0,0.06498194945848376,0.7238805970149255,0.07876712328767123,0.05879145976689702,0.17985611510791363,0.11380880121396056,0.1777777777777776,0.3333333333333333
106,0.0,1.0,0.6948362297863365,1.0,0.0,0.0,0.0,0.0,0.010830324909747292,0.7723880597014928,0.010273972602739725,0.02644878954425568,0.10431654676258992,0.38543247344461307,0.9000000000000001,0.0
107,1.0,0.0,0.4616316631998697,1.0,0.0,0.0,0.0,0.0,0.0036101083032490985,0.5746268656716419,0.017123287671232876,0.05694962205490149,0.053956834532374105,0.41274658573596357,0.14444444444444438,0.3333333333333333
108,0.0,1.0,0.3409622039243504,1.0,0.0,0.0,0.0,0.0,0.007220216606498195,0.6156716417910447,0.0839041095890411,0.03794185686710773,0.19424460431654672,0.3171471927162367,0.1777777777777776,0.6666666666666667
109,1.0,0.0,0.24217861832961096,1.0,0.0,1.0,1.0,0.0,0.05776173285198555,0.5895522388059703,0.11986301369863014,0.05621288697010329,0.19064748201438847,0.11987860394537178,0.21111111111111103,0.6666666666666667
110,0.0,0.0,0.28516626247328014,1.0,0.0,0.0,0.0,0.0,0.18772563176895307,0.8283582089552238,0.125,0.15581947043482106,0.3381294964028777,0.6145675265553869,0.18888888888888866,0.6666666666666667
111,1.0,1.0,0.55941642782512,1.0,0.0,1.0,1.0,0.0,0.061371841155234655,0.6380597014925374,0.14554794520547945,0.03425818144311668,0.39568345323741005,0.11229135053110773,0.3111111111111111,1.0
112,1.0,0.0,0.47842757589409823,1.0,0.0,1.0,1.0,0.0,0.23104693140794225,0.6641791044776121,0.16952054794520546,0.05083472085107636,0.23741007194244607,0.3095599393019727,0.23333333333333317,1.0
113,1.0,1.0,0.5089750103045348,0.0,0.0,0.0,0.0,0.0,0.10469314079422383,0.873134328358209,0.34931506849315064,0.05532880486834543,0.19424460431654672,0.3125948406676783,0.2999999999999998,0.6666666666666667
114,0.0,1.0,0.31366812687518575,1.0,0.0,0.0,1.0,0.0,0.014440433212996389,0.8320895522388062,0.13184931506849315,0.09540719348136796,0.19784172661870503,0.3717754172989378,0.14444444444444438,0.6666666666666667
115,0.0,0.0,0.6670168610948689,1.0,0.0,0.0,1.0,0.5,0.09747292418772563,0.623134328358209,0.11986301369863014,0.09570188751528726,0.18705035971223022,0.5705614567526556,0.10000000000000009,0.6666666666666667
116,1.0,0.0,0.4481945496199303,1.0,0.0,1.0,1.0,0.0,0.22382671480144406,0.42910447761194026,0.18321917808219176,0.15360926518042645,0.3345323741007194,0.4430955993930198,0.2222222222222221,1.0
117,1.0,0.0,0.43281539066169494,1.0,0.0,1.0,0.0,0.0,0.11552346570397111,0.5000000000000001,0.10787671232876711,0.04339369649461447,0.2589928057553956,0.22003034901365703,0.13333333333333308,0.6666666666666667
118,1.0,0.0,0.5363745291067167,1.0,0.0,0.0,1.0,0.0,0.010830324909747292,0.6977611940298508,0.21404109589041095,0.04825614805428263,0.16546762589928057,0.370257966616085,0.05555555555555558,0.6666666666666667
119,0.0,0.0,0.17011397294939756,0.0,0.0,0.0,0.0,0.0,0.11552346570397111,0.7537313432835823,0.7534246575342465,0.03514226354487453,0.24100719424460426,0.4279210925644916,0.1777777777777776,0.6666666666666667
120,1.0,1.0,0.7980790429723069,0.0,1.0,1.0,0.0,1.0,0.036101083032490974,0.417910447761194,0.11815068493150685,0.06063329747889254,0.04676258992805755,0.22913505311077392,0.46666666666666656,1.0
121,0.0,0.0,0.5589965779358338,1.0,0.0,0.0,0.0,0.0,0.010830324909747292,0.8097014925373135,0.04280821917808219,0.03455287547703596,0.0899280575539568,0.2943854324734446,0.18888888888888866,0.6666666666666667
122,1.0,0.0,0.3746594710658244,1.0,0.0,1.0,1.0,1.0,0.17328519855595667,0.47388059701492546,0.023972602739726026,0.036910427748390234,0.35611510791366907,0.06373292867981789,0.4444444444444444,1.0
123,0.0,0.0,0.510182797657276,0.0,0.0,1.0,0.0,0.0,0.010830324909747292,0.7238805970149255,0.03595890410958904,0.02888001532408976,0.07194244604316546,0.1820940819423369,0.19999999999999996,1.0
124,0.0,1.0,0.400745760762248,1.0,0.0,1.0,0.0,0.0,0.036101083032490974,0.5783582089552238,0.12157534246575341,0.06431697290288357,0.2805755395683453,0.26707132018209406,0.11111111111111116,1.0
125,1.0,0.0,0.5237771153053498,1.0,1.0,1.0,1.0,0.0,0.032490974729241874,0.4328358208955224,0.22431506849315067,0.08487188176875358,0.3237410071942446,0.15781487101669195,0.23333333333333317,1.0
126,0.0,1.0,0.34174822426502305,1.0,0.0,0.0,0.0,0.0,0.007220216606498195,0.7910447761194032,0.008561643835616438,0.06520105500464143,0.14028776978417265,0.5933232169954477,0.11111111111111116,0.3333333333333333
127,1.0,0.0,0.30043997967849856,1.0,0.0,1.0,1.0,0.0,0.5740072202166064,0.3470149253731344,0.06506849315068493,0.11338352955044424,0.6330935251798561,0.09256449165402125,0.3999999999999999,1.0
128,0.0,0.0,0.7157788790583092,1.0,0.0,1.0,0.0,0.0,0.021660649819494587,0.7126865671641792,0.04452054794520548,0.053044926105470985,0.07194244604316546,0.2720789074355084,0.07777777777777772,0.6666666666666667
129,1.0,1.0,0.3441101195326055,1.0,0.0,1.0,1.0,0.0,0.6173285198555956,0.5485074626865672,0.3441780821917808,0.1308441510601618,0.3237410071942446,0.5402124430955995,0.2777777777777777,0.6666666666666667
130,1.0,1.0,0.6848633570737036,1.0,0.0,1.0,1.0,0.0,0.09025270758122743,0.6865671641791046,0.11986301369863014,0.023943890255941767,0.25539568345323743,0.08952959028831564,0.46666666666666656,1.0
131,0.0,0.0,0.2736711942716371,1.0,0.0,0.0,0.0,0.0,0.05776173285198555,0.6977611940298508,0.0958904109589041,0.05621288697010329,0.23381294964028776,0.1805766312594841,0.08888888888888902,0.6666666666666667
132,1.0,1.0,0.6971981250539191,0.0,0.0,0.0,0.0,0.0,0.04332129963898917,0.742537313432836,0.015410958904109588,0.021217970442188396,0.23741007194244607,0.15629742033383914,0.12222222222222201,1.0
133,0.0,1.0,0.30784199074029694,1.0,0.0,0.0,0.0,0.0,0.014440433212996389,0.6380597014925374,0.053082191780821915,0.07838861302252935,0.23381294964028776,0.5538694992412747,0.18888888888888866,0.3333333333333333
134,0.0,0.0,0.31996587521447806,1.0,0.0,0.0,0.0,0.0,0.0036101083032490985,0.6007462686567165,0.20376712328767121,0.040299409138461986,0.11151079136690648,0.5811836115326252,0.2222222222222221,0.3333333333333333
135,0.0,0.0,0.5690748924014838,1.0,0.0,0.0,0.0,0.0,0.018050541516245487,0.5186567164179104,0.039383561643835614,0.09923821592231866,0.20863309352517984,0.21851289833080423,0.08888888888888902,0.3333333333333333
136,0.0,0.0,0.7013448616316632,1.0,0.0,0.0,0.0,0.0,0.02888086642599278,0.6119402985074628,0.12842465753424656,0.23450277749126971,0.29856115107913667,0.4279210925644916,0.12222222222222201,0.3333333333333333
137,1.0,0.0,0.4787419840303673,0.0,0.0,1.0,0.0,0.0,0.2527075812274368,0.7350746268656717,0.4417808219178082,0.15729294060441748,0.276978417266187,0.2883156297420334,0.16666666666666652,0.6666666666666667
138,0.0,1.0,0.3927149334279114,1.0,0.0,1.0,0.0,0.0,0.02888086642599278,0.5037313432835823,0.2654109589041096,0.07153697673390602,0.15827338129496402,0.12139605462822459,0.28888888888888875,1.0
139,0.0,0.0,0.5329102882394102,1.0,0.0,1.0,0.0,0.0,0.02888086642599278,0.7947761194029851,0.05821917808219178,0.13489619402655195,0.37050359712230213,0.3884673748103187,0.11111111111111116,0.6666666666666667
140,0.0,0.0,0.3979640156053794,1.0,0.0,0.0,0.0,0.0,0.021660649819494587,0.6753731343283583,0.09417808219178081,0.037205121782309516,0.2302158273381295,0.4157814871016692,0.1777777777777776,0.3333333333333333
141,1.0,1.0,0.564560068249571,1.0,0.0,1.0,0.0,0.0,0.02527075812274368,0.5671641791044776,0.0273972602739726,0.031753282154802775,0.2517985611510791,0.3353566009104704,0.10000000000000009,0.3333333333333333
142,1.0,1.0,0.380065757311427,1.0,0.0,1.0,0.0,0.0,0.09386281588447652,0.6119402985074628,0.14041095890410957,0.08862923070122446,0.2517985611510791,0.3262518968133536,0.2222222222222221,1.0
143,1.0,1.0,0.4986359671405155,1.0,0.0,1.0,0.0,0.5,0.9999999999999999,0.4850746268656717,0.2534246575342466,0.2657403450867137,0.39928057553956836,0.4142640364188164,0.11111111111111116,0.6666666666666667
144,0.0,1.0,0.47779684249877774,1.0,0.0,0.0,1.0,0.0,0.014440433212996389,0.701492537313433,0.15753424657534246,0.041920226325018045,0.03597122302158274,0.2898330804248862,0.2666666666666666,0.6666666666666667
145,0.0,1.0,0.14544443698896692,1.0,0.0,0.0,0.0,0.5,0.032490974729241874,0.7201492537313433,0.09246575342465753,0.07330514093742171,0.34172661870503596,0.26858877086494687,0.04444444444444451,0.6666666666666667
146,0.0,0.0,0.9342848652741965,1.0,0.0,0.0,0.0,0.5,0.032490974729241874,0.5261194029850748,0.04794520547945205,0.03698410125687006,0.07194244604316546,0.22913505311077392,0.18888888888888866,0.3333333333333333
147,1.0,1.0,0.0879173336656347,1.0,0.0,1.0,0.0,0.0,0.24909747292418777,0.4850746268656717,0.41609589041095885,0.26131993457792446,0.39928057553956836,0.40667678300455234,0.08888888888888902,0.6666666666666667
148,1.0,0.0,0.6810827909473461,0.0,0.0,1.0,1.0,0.5,0.09747292418772563,0.6828358208955224,0.48972602739726023,0.10130107415975363,0.17625899280575538,0.11836115326251898,0.10000000000000009,1.0
149,0.0,1.0,0.16696414021836037,1.0,0.0,0.0,1.0,0.0,0.02527075812274368,0.623134328358209,0.09075342465753425,0.09187086507433657,0.2517985611510791,0.25948406676783003,0.11111111111111116,0.0
150,0.0,0.0,0.551439279928683,1.0,0.0,0.0,0.0,0.0,0.021660649819494587,0.3992537313432837,0.09075342465753425,0.0318269556632826,0.13669064748201437,0.3626707132018209,0.04444444444444451,0.3333333333333333
151,1.0,0.0,0.8370771546063668,0.0,0.0,1.0,0.0,0.0,0.07220216606498193,0.39179104477611937,0.4092465753424658,0.146389261349404,0.20503597122302158,0.4203338391502276,0.21111111111111103,0.6666666666666667
152,0.0,0.0,0.4471976457732235,1.0,0.0,0.0,0.0,0.0,0.007220216606498195,0.7052238805970151,0.1095890410958904,0.012082455390690614,0.0647482014388489,0.3156297420333839,0.23333333333333317,0.0
153,1.0,0.0,0.8262645821151614,0.0,0.0,0.0,1.0,1.0,0.07581227436823104,0.22388059701492546,0.3784246575342466,0.056507581004022575,0.2194244604316547,0.06980273141122914,0.5666666666666664,0.6666666666666667
154,0.0,1.0,0.331251977032869,1.0,0.0,1.0,1.0,0.5,0.010830324909747292,0.5186567164179104,0.09075342465753425,0.09805943978664151,0.29496402877697836,0.37784522003034904,0.24444444444444424,1.0
155,1.0,1.0,0.6351561975786738,1.0,0.0,1.0,0.0,0.0,0.9097472924187725,0.582089552238806,0.3681506849315068,0.1605345749775296,0.40647482014388486,0.13505311077389984,0.2777777777777777,0.3333333333333333
156,0.0,1.0,0.4309787870364158,1.0,0.0,0.0,0.0,0.0,0.010830324909747292,0.5447761194029851,0.05136986301369863,0.11633046988963709,0.118705035971223,0.6449165402124432,0.11111111111111116,0.3333333333333333
157,0.0,0.0,0.19583217507165251,1.0,0.0,0.0,0.0,0.0,0.11191335740072202,0.5261194029850748,0.04794520547945205,0.0824406559889195,0.20863309352517984,0.38088012139605465,0.24444444444444424,0.3333333333333333
158,1.0,1.0,0.37350344602820085,0.0,0.0,0.0,0.0,0.0,0.07942238267148015,0.5597014925373135,0.36472602739726023,0.031311241103923845,0.24100719424460426,0.22003034901365703,0.12222222222222201,0.6666666666666667
159,0.0,1.0,0.5961063236294967,1.0,0.0,0.0,0.0,0.0,0.010830324909747292,0.6194029850746269,0.015410958904109588,0.009209188559977603,0.11510791366906475,0.24582701062215478,0.16666666666666652,0.6666666666666667
160,0.0,1.0,0.31566193456859937,1.0,0.0,0.0,0.0,0.0,0.07220216606498193,0.5970149253731344,0.0,0.04972961822387906,0.2194244604316547,0.3141122913505311,0.06666666666666665,0.3333333333333333
161,1.0,1.0,0.6238183334451656,1.0,0.0,1.0,1.0,0.0,0.10469314079422383,0.45895522388059706,0.148972602739726,0.03875226546038575,0.23381294964028776,0.14871016691957512,0.33333333333333326,1.0
162,1.0,0.0,0.5218350699270534,1.0,0.0,0.0,0.0,0.0,0.0,0.7910447761194032,0.0273972602739726,0.024533278323780338,0.09352517985611511,0.449165402124431,0.10000000000000009,0.6666666666666667
163,1.0,1.0,0.32852199419111794,1.0,0.0,1.0,1.0,0.5,0.296028880866426,0.5149253731343283,0.2688356164383562,0.08391412615851591,0.3597122302158273,0.039453717754173,0.47777777777777786,1.0
164,1.0,0.0,0.5181618626764951,0.0,0.0,1.0,0.0,0.0,0.13357400722021662,0.5559701492537316,0.13013698630136986,0.1625974332149646,0.24820143884892087,0.22761760242792112,0.25555555555555554,1.0
165,0.0,1.0,0.2890503532298727,1.0,0.0,1.0,0.0,0.0,0.19494584837545129,0.4850746268656717,0.136986301369863,0.1231084326697806,1.0,0.22913505311077392,0.05555555555555558,0.3333333333333333
166,1.0,0.0,0.6648639322105384,0.0,0.0,1.0,0.0,0.0,0.021660649819494587,0.7089552238805971,0.3356164383561644,0.053486967156349915,0.13309352517985612,0.26707132018209406,0.14444444444444438,1.0
167,0.0,1.0,0.4117155373215877,1.0,0.0,1.0,0.0,0.0,0.0036101083032490985,0.6865671641791046,0.0684931506849315,0.040741450189340916,0.16546762589928057,0.30440060698027316,0.022222222222222143,0.3333333333333333
168,1.0,1.0,0.17662260479472414,1.0,0.0,0.0,0.0,0.0,0.036101083032490974,0.8432835820895522,0.10787671232876711,0.08089351231084327,0.2697841726618705,0.3535660091047041,0.12222222222222201,0.6666666666666667
169,0.0,0.0,0.4291421834111365,1.0,0.0,0.0,0.0,0.0,0.032490974729241874,0.6156716417910447,0.04794520547945205,0.08988168034538141,0.1438848920863309,0.30500758725341426,0.0,0.6666666666666667
170,0.0,0.0,0.5059306193265148,1.0,0.0,0.0,0.0,0.0,0.007220216606498195,0.9552238805970149,0.046232876712328765,0.036468386697511304,0.11151079136690648,0.45371775417298943,0.12222222222222201,0.6666666666666667
171,0.0,1.0,0.45228952388255705,1.0,0.0,0.0,1.0,0.0,0.036101083032490974,0.5149253731343283,0.10445205479452055,0.054665743292027044,0.1510791366906475,0.23520485584218515,0.08888888888888902,0.6666666666666667
172,0.0,0.0,0.07663314897002582,1.0,0.0,1.0,1.0,0.0,0.09747292418772563,0.5447761194029851,0.1232876712328767,0.0820722884465204,0.1474820143884892,0.65402124430956,0.08888888888888902,0.3333333333333333
173,0.0,0.0,0.5615156772715507,1.0,0.0,0.0,0.0,0.0,0.007220216606498195,0.7052238805970151,0.10102739726027396,0.02755389217145299,0.12230215827338128,0.37784522003034904,0.07777777777777772,0.0
174,0.0,1.0,0.496063188366899,1.0,0.0,0.0,0.0,0.0,0.018050541516245487,0.6865671641791046,0.2534246575342466,0.03160593513784313,0.19064748201438847,0.4218512898330804,0.12222222222222201,0.6666666666666667
175,1.0,0.0,0.2939332649559542,1.0,0.0,1.0,1.0,0.0,0.10469314079422383,0.5970149253731344,0.125,0.11058393622821107,0.26258992805755393,0.13201820940819423,0.12222222222222201,1.0
176,0.0,1.0,0.559310986072103,1.0,0.0,0.0,0.0,0.0,0.021660649819494587,0.7649253731343283,0.07705479452054795,0.01989184728955162,0.039568345323741004,0.3262518968133536,0.15555555555555545,0.3333333333333333
177,0.0,0.0,0.8382849419591075,1.0,0.0,0.0,0.0,0.0,0.010830324909747292,0.7910447761194032,0.08047945205479451,0.027701239188412632,0.11151079136690648,0.3990895295902883,0.13333333333333308,1.0
178,0.0,1.0,0.33865207097188543,1.0,0.0,1.0,0.0,0.0,0.05415162454873647,0.6977611940298508,0.05993150684931506,0.13695905226398694,0.17625899280575538,0.3277693474962064,0.10000000000000009,1.0
179,0.0,1.0,0.3123031354543102,1.0,0.0,0.0,0.0,0.0,0.1588447653429603,0.9029850746268658,0.0684931506849315,0.0987225013629599,0.4892086330935252,0.1714719271623672,0.15555555555555545,0.6666666666666667
180,0.0,0.0,0.35067243081583155,1.0,0.0,1.0,1.0,0.0,0.03971119133574007,0.6044776119402987,0.10102739726027396,0.01952347974715252,0.11510791366906475,0.025796661608497723,0.14444444444444438,1.0
181,0.0,0.0,0.5879182922270257,1.0,0.0,1.0,0.0,0.0,0.010830324909747292,0.6455223880597015,0.2688356164383562,0.02836430076473102,0.0,0.723823975720789,0.10000000000000009,0.3333333333333333
182,0.0,1.0,0.26805594164278257,1.0,0.0,0.0,0.0,0.0,0.007220216606498195,0.6604477611940299,0.0684931506849315,0.07779922495469078,0.0647482014388489,0.5811836115326252,0.12222222222222201,0.3333333333333333
183,1.0,1.0,0.21719467423291128,1.0,0.0,1.0,0.0,0.0,0.3862815884476534,0.5932835820895522,0.6061643835616438,0.15640885850265962,0.3273381294964029,0.6206373292867982,0.08888888888888902,0.6666666666666667
184,0.0,0.0,0.42336780959136533,1.0,0.0,0.0,0.0,0.0,0.018050541516245487,0.5895522388059703,0.06506849315068493,0.06210676764848895,0.11151079136690648,0.19726858877086495,0.16666666666666652,0.6666666666666667
185,1.0,0.0,0.8542411548747638,1.0,0.0,0.0,1.0,0.5,0.061371841155234655,0.5858208955223881,0.08047945205479451,0.04744573946100461,0.10071942446043164,0.2094081942336874,0.411111111111111,0.6666666666666667
186,1.0,1.0,0.18239506149171325,1.0,0.0,1.0,0.0,0.0,0.49458483754512633,0.5485074626865672,0.422945205479452,0.19015132538641757,0.29496402877697836,0.3125948406676783,0.2777777777777777,0.6666666666666667
187,0.0,0.0,0.6967782751646329,1.0,0.0,1.0,0.0,0.0,0.014440433212996389,0.5671641791044776,0.06335616438356165,0.026890830595134602,0.2194244604316547,0.15477996965098634,0.2222222222222221,1.0
188,0.0,1.0,0.46719515351360674,1.0,0.0,1.0,0.0,0.0,0.036101083032490974,0.623134328358209,0.0821917808219178,0.11220475341476711,0.16546762589928057,0.2943854324734446,0.10000000000000009,0.6666666666666667
189,0.0,0.0,0.5415699318462851,1.0,0.0,0.0,1.0,0.0,0.07220216606498193,0.7350746268656717,0.03424657534246575,0.11338352955044424,0.24820143884892087,0.40212443095599393,0.13333333333333308,0.3333333333333333
190,1.0,1.0,0.5064041486537006,1.0,1.0,1.0,1.0,0.0,0.8736462093862816,0.5186567164179104,0.39212328767123283,0.25424727776386163,0.2805755395683453,0.511380880121396,0.6888888888888887,1.0
191,0.0,0.0,0.5069294402960037,1.0,0.0,1.0,0.0,0.0,0.021660649819494587,0.6455223880597015,0.10787671232876711,0.02998511795128708,0.05755395683453237,0.4279210925644916,0.08888888888888902,1.0
192,1.0,1.0,0.5846112554278539,1.0,0.0,0.0,0.0,0.0,0.3790613718411553,0.45895522388059706,0.4503424657534246,0.13961129856926047,0.3129496402877697,0.48558421851289835,0.15555555555555545,1.0
193,0.0,0.0,0.3473653940166598,1.0,0.0,0.0,0.0,0.0,0.04332129963898917,0.873134328358209,0.07876712328767123,0.05054002681715708,0.2302158273381295,0.4157814871016692,0.011111111111111072,0.3333333333333333
194,0.0,0.0,0.06282794781591794,1.0,0.0,1.0,0.0,0.0,0.12274368231046932,0.7238805970149255,0.1232876712328767,0.16613376162199597,0.45323741007194246,0.10166919575113809,0.2777777777777777,1.0
195,0.0,0.0,0.5897548958523048,1.0,0.0,1.0,1.0,0.0,0.03971119133574007,0.5223880597014926,0.015410958904109588,0.038383897917986645,0.10791366906474817,0.08345978755690439,0.28888888888888875,1.0
196,0.0,0.0,0.35177477641555555,1.0,0.0,0.0,0.0,0.0,0.010830324909747292,0.7500000000000001,0.03595890410958904,0.06446431991984322,0.17625899280575538,0.2109256449165402,0.12222222222222201,0.3333333333333333
197,0.0,1.0,0.18250050324473044,1.0,0.0,0.0,1.0,0.0,0.014440433212996389,0.35074626865671654,0.05821917808219178,0.10336393239718862,0.26618705035971224,0.48406676783004554,0.06666666666666665,0.3333333333333333
198,0.0,0.0,0.2768210270026744,1.0,0.0,0.0,0.0,0.0,0.06498194945848376,0.5485074626865672,0.0821917808219178,0.08148290037868183,0.3669064748201438,0.40364188163884673,0.13333333333333308,0.6666666666666667
199,0.0,1.0,0.11416082743019285,1.0,0.0,0.0,1.0,0.0,0.1588447653429603,0.5932835820895522,0.18493150684931506,0.08118820634476255,0.2589928057553956,0.40971168437025796,0.10000000000000009,0.6666666666666667
200,0.0,1.0,0.28401215455843865,1.0,0.0,1.0,0.0,0.0,0.010830324909747292,0.4626865671641792,0.03767123287671233,0.10822638395685678,0.18705035971223022,0.251896813353566,0.19999999999999996,1.0
201,0.0,0.0,0.6779348753390911,1.0,0.0,0.0,0.0,0.0,0.007220216606498195,0.6865671641791046,0.018835616438356163,0.055623498902264715,0.12589928057553953,0.6858877086494689,0.11111111111111116,0.3333333333333333
202,0.0,1.0,0.20664474756285778,1.0,0.0,1.0,0.0,0.0,0.007220216606498195,0.7761194029850748,0.3818493150684932,0.022765114120264638,0.06115107913669065,0.15781487101669195,0.10000000000000009,0.3333333333333333
203,1.0,1.0,0.6959385753860604,1.0,0.0,0.0,0.0,0.0,0.014440433212996389,0.6641791044776121,0.032534246575342464,0.054150028732668304,0.118705035971223,0.3323216995447648,0.13333333333333308,0.6666666666666667
204,1.0,0.0,0.4351772859292774,1.0,1.0,0.0,0.0,0.0,0.07942238267148015,0.5932835820895522,0.1780821917808219,0.09039739490474015,0.49280575539568344,0.09711684370257967,0.14444444444444438,0.6666666666666667
205,0.0,0.0,0.6846524735676697,1.0,0.0,0.0,0.0,0.0,0.010830324909747292,0.787313432835821,0.0136986301369863,0.36917795099238215,0.07194244604316546,0.27010622154779973,0.2222222222222221,0.0
206,0.0,0.0,0.8913509005684267,1.0,0.0,0.0,0.0,0.5,0.010830324909747292,0.5111940298507464,0.017123287671232876,0.032711037765040446,0.13669064748201437,0.29893778452200304,0.12222222222222201,1.0
207,1.0,0.0,0.6713208017407476,1.0,0.0,1.0,0.0,0.0,0.12996389891696752,0.4626865671641792,0.09246575342465753,0.08479820826027377,0.29496402877697836,0.1426403641881639,0.11111111111111116,1.0
208,0.0,1.0,0.5050909195479424,1.0,0.0,1.0,1.0,0.0,0.014440433212996389,0.7649253731343283,0.011986301369863013,0.06785330130991497,0.10791366906474817,0.3748103186646434,0.05555555555555558,0.3333333333333333
209,0.0,1.0,0.45024203675124363,0.0,0.0,1.0,0.0,0.0,0.021660649819494587,0.5261194029850748,0.13184931506849315,0.059601868360175045,0.22302158273381295,0.3581183611532625,0.11111111111111116,0.3333333333333333
210,0.0,1.0,0.5106544098616795,1.0,0.0,0.0,0.0,0.0,0.036101083032490974,0.6716417910447762,0.039383561643835614,0.07315779392046208,0.1726618705035971,0.07890743550834597,0.14444444444444438,0.6666666666666667
211,0.0,1.0,0.4023197185663756,1.0,0.0,0.0,0.0,0.0,0.032490974729241874,0.7537313432835823,0.011986301369863013,0.05783370415665935,0.1726618705035971,0.24430955993930198,0.10000000000000009,0.6666666666666667
212,0.0,0.0,0.45869271397486655,1.0,0.0,0.0,1.0,0.0,0.007220216606498195,0.537313432835821,0.008561643835616438,0.0622541146654486,0.16187050359712227,0.4461305007587254,0.13333333333333308,0.6666666666666667
213,1.0,1.0,0.8256875281577408,1.0,0.0,1.0,0.0,0.0,0.021660649819494587,0.5485074626865672,0.05136986301369863,0.11618312287267744,0.12230215827338128,0.26403641881638845,0.10000000000000009,0.6666666666666667
214,1.0,1.0,0.28548258773233137,1.0,0.0,0.0,0.0,0.0,0.20216606498194947,0.7052238805970151,0.2345890410958904,0.06741126025903606,0.41007194244604317,0.23368740515933234,0.18888888888888866,0.6666666666666667
215,0.0,0.0,0.6304860864814087,1.0,0.0,0.0,0.0,0.0,0.007220216606498195,0.6417910447761196,0.0273972602739726,0.04177287930805841,0.06834532374100719,0.1274658573596358,0.15555555555555545,0.6666666666666667
216,1.0,1.0,0.1879067894903329,1.0,0.0,1.0,0.0,0.0,0.40072202166064985,0.5037313432835823,0.10445205479452055,0.11058393622821107,0.29136690647482016,0.3581183611532625,0.19999999999999996,1.0
217,0.0,0.0,0.15945860452632699,1.0,0.0,0.0,0.0,0.0,0.007220216606498195,0.7201492537313433,0.04280821917808219,0.04479349315573106,0.09352517985611511,0.5477996965098635,0.12222222222222201,0.0
218,0.0,1.0,0.3150848806111788,1.0,0.0,0.0,0.0,0.0,0.04693140794223827,0.8246268656716419,0.10787671232876711,0.04766675998644407,0.2517985611510791,0.17298937784522006,0.06666666666666665,0.6666666666666667
219,1.0,0.0,0.7160932871945783,1.0,0.0,0.0,1.0,0.0,0.1263537906137184,0.47014925373134353,0.15753424657534246,0.17880560508052515,0.42805755395683454,0.251896813353566,0.1777777777777776,0.3333333333333333
220,0.0,1.0,0.5818812725861028,1.0,0.0,1.0,0.0,0.0,0.021660649819494587,0.6305970149253731,0.11643835616438356,0.21343215406604094,0.15827338129496402,0.3141122913505311,0.07777777777777772,1.0
221,1.0,1.0,0.3831619106045647,1.0,0.0,1.0,0.0,0.0,0.1516245487364621,0.5298507462686567,0.3818493150684932,0.1488941606377179,0.3273381294964029,0.27010622154779973,0.37777777777777777,0.6666666666666667
222,1.0,0.0,0.6703238978940406,1.0,1.0,1.0,0.0,1.0,0.4981949458483755,0.17537313432835833,0.20376712328767121,0.11375189709284335,0.24982594569505684,0.2245827010622155,0.2222222222222221,1.0
223,0.0,0.0,0.2366151280158738,1.0,0.0,0.0,0.0,0.0,0.02527075812274368,0.6343283582089553,0.10787671232876711,0.06814799534383426,0.3057553956834532,0.3748103186646434,0.07777777777777772,0.6666666666666667
224,0.0,0.0,0.23950231492575935,1.0,0.0,0.0,0.0,0.0,0.014440433212996389,0.6343283582089553,0.1780821917808219,0.05717064258034096,0.1438848920863309,0.2867981790591806,0.12222222222222201,0.3333333333333333
225,0.0,1.0,0.5831408222539612,1.0,0.0,1.0,0.0,0.0,0.007220216606498195,0.6492537313432837,0.05993150684931506,0.043835737545493386,0.11510791366906475,0.2564491654021244,0.06666666666666665,0.6666666666666667
226,1.0,0.0,0.6263911122187821,0.0,0.0,0.0,0.0,0.0,0.07220216606498193,0.5186567164179104,0.28767123287671226,0.09665964312552493,0.35611510791366907,0.503793626707132,0.07777777777777772,0.3333333333333333
227,0.0,1.0,0.20407388591202325,1.0,0.0,0.0,0.0,0.0,0.014440433212996389,0.5186567164179104,0.06335616438356165,0.026227769018816214,0.15467625899280574,0.15629742033383914,0.06666666666666665,0.6666666666666667
228,1.0,0.0,0.6927887426550233,1.0,1.0,1.0,0.0,0.5,0.1516245487364621,0.40671641791044777,0.3356164383561644,0.05385533469874902,0.34532374100719426,0.11684370257966617,0.2666666666666666,1.0
229,0.0,1.0,0.15972125034747853,1.0,0.0,1.0,1.0,0.0,0.10830324909747291,0.5410447761194032,0.08047945205479451,0.0015471436780762349,0.13309352517985612,0.05007587253414264,0.2777777777777777,1.0
230,1.0,1.0,0.6145816358808699,1.0,0.0,1.0,1.0,0.0,0.11191335740072202,0.0,0.19006849315068491,0.14447375012892866,0.41007194244604317,0.19423368740515934,0.18888888888888866,1.0
231,0.0,0.0,0.4582728640855803,1.0,0.0,1.0,0.0,0.0,0.0036101083032490985,0.3955223880597015,0.07363013698630136,0.05245553803763242,0.24820143884892087,0.30804248861911987,0.1777777777777776,0.6666666666666667
232,0.0,0.0,0.3145595889688755,1.0,0.0,1.0,1.0,0.0,0.021660649819494587,0.4104477611940299,0.6986301369863013,0.171880295283422,0.18345323741007194,0.33687405159332323,0.08888888888888902,1.0
233,0.0,1.0,0.15531186794858276,1.0,0.0,0.0,0.0,0.0,0.021660649819494587,0.5186567164179104,0.12671232876712327,0.050613700325636904,0.20863309352517984,0.3945371775417299,0.24444444444444424,0.3333333333333333
234,0.0,1.0,0.1323754109831965,1.0,0.0,1.0,0.0,0.0,0.4584837545126354,0.8208955223880597,0.11472602739726026,0.2373023708135029,0.42446043165467623,0.4188163884673748,0.3222222222222222,0.6666666666666667
235,0.0,0.0,0.23204854154884358,1.0,0.0,1.0,1.0,0.0,0.04332129963898917,0.6828358208955224,0.10787671232876711,0.05282390558003153,0.26258992805755393,0.4233687405159332,0.07777777777777772,0.6666666666666667
236,0.0,0.0,0.6419274752451521,1.0,0.0,1.0,0.0,0.0,0.04693140794223827,0.3694029850746271,0.17294520547945205,0.03912063300278486,0.13669064748201437,0.1805766312594841,0.12222222222222201,0.6666666666666667
237,0.0,1.0,0.7694199745022671,1.0,0.0,0.0,0.0,0.5,0.010830324909747292,0.5186567164179104,0.20582191780821918,0.05923350081777594,0.23741007194244607,0.3535660091047041,0.08888888888888902,0.3333333333333333
238,1.0,0.0,0.3932402250702147,1.0,0.0,1.0,1.0,0.0,0.018050541516245487,0.3656716417910447,0.38869863013698625,0.11087863026213034,0.24100719424460426,0.3899848254931715,0.24444444444444424,1.0
239,0.0,0.0,0.5713313459160493,1.0,0.0,0.0,0.0,0.0,0.0036101083032490985,0.656716417910448,0.03424657534246575,0.005893880678385664,0.05755395683453237,0.4006069802731411,0.12222222222222201,0.6666666666666667
240,0.0,1.0,0.28941844080404133,1.0,0.0,1.0,1.0,0.0,0.14801444043321302,0.6194029850746269,0.5205479452054794,0.06114901203825128,0.20503597122302158,0.3338391502276176,0.08888888888888902,1.0
241,0.0,0.0,0.7341487495566653,1.0,0.0,1.0,0.0,0.0,0.05776173285198555,0.3768656716417912,0.14041095890410957,0.09312331471849353,0.39568345323741005,0.3262518968133536,0.10000000000000009,0.6666666666666667
242,1.0,1.0,0.7900482156379706,1.0,0.0,1.0,0.0,0.0,0.2779783393501805,0.3171641791044776,0.23116438356164382,0.12671843458529183,0.39928057553956836,0.25948406676783003,0.11111111111111116,1.0
243,1.0,0.0,0.355658867172148,1.0,0.0,0.0,1.0,0.0,0.12996389891696752,0.47014925373134353,0.20034246575342465,0.07212636480174459,0.5719424460431656,0.3156297420333839,0.06666666666666665,0.6666666666666667
244,0.0,1.0,0.373714329534235,1.0,0.0,1.0,0.0,0.0,0.010830324909747292,0.6305970149253731,0.07534246575342465,0.037205121782309516,0.06115107913669065,0.3687405159332322,0.06666666666666665,0.6666666666666667
245,0.0,0.0,0.12791234914640115,1.0,0.0,1.0,0.0,0.0,0.06498194945848376,0.6753731343283583,0.10102739726027396,0.09754372522728277,0.28776978417266186,0.1866464339908953,0.12222222222222201,1.0
246,0.0,0.0,0.2864794915790382,1.0,0.0,1.0,0.0,0.0,0.20938628158844766,0.3246268656716419,0.14554794520547945,0.24990054076355225,0.3057553956834532,0.3566009104704097,0.11111111111111116,0.6666666666666667
247,0.0,1.0,0.5586284903616653,1.0,0.0,1.0,0.0,0.0,0.018050541516245487,0.5783582089552238,0.05993150684931506,0.06984248603887014,0.09352517985611511,0.4688922610015175,0.11111111111111116,0.6666666666666667
248,0.0,0.0,0.4160712402825839,1.0,0.0,0.0,1.0,0.0,0.036101083032490974,0.4626865671641792,0.053082191780821915,0.09334433524393299,0.34532374100719426,0.20182094081942337,0.1777777777777776,1.0
249,0.0,1.0,0.27823778073866745,1.0,0.0,1.0,0.0,0.0,0.010830324909747292,0.5223880597014926,0.032534246575342464,0.18271030102995567,0.4496402877697841,0.36570561456752654,0.21111111111111103,1.0
250,0.0,0.0,0.5884953461844463,1.0,0.0,0.0,0.0,0.0,0.007220216606498195,0.6156716417910447,0.06164383561643835,0.02851164778169066,0.1314690183337201,0.283763277693475,0.10000000000000009,0.3333333333333333
251,0.0,0.0,0.8087344113953777,1.0,0.0,1.0,1.0,0.0,0.02888086642599278,0.5186567164179104,0.1917808219178082,0.04678267788468622,0.20143884892086333,0.38694992412746587,0.11111111111111116,1.0
252,0.0,0.0,1.0,0.0,1.0,1.0,1.0,0.0,0.24548736462093862,0.3992537313432837,0.6438356164383561,0.051129414884995644,0.3057553956834532,0.05311077389984825,0.24444444444444424,1.0
253,0.0,0.0,0.2603395224447149,1.0,0.0,1.0,1.0,0.0,0.10108303249097474,0.667910447761194,0.20034246575342465,0.06240146168240823,0.1941285681132513,0.30652503793626706,0.11111111111111116,0.6666666666666667
254,0.0,1.0,0.17315836392741768,1.0,0.0,1.0,1.0,0.0,0.014440433212996389,0.7052238805970151,0.053082191780821915,0.013040211000928285,0.06184729635646321,0.1426403641881639,0.14444444444444438,0.6666666666666667
255,0.0,0.0,0.09904431429310889,1.0,0.0,0.0,0.0,0.0,0.02888086642599278,0.6641791044776121,0.07534246575342465,0.039341653528224316,0.13378974239962868,0.27314112291350534,0.07777777777777772,0.6666666666666667
256,0.0,0.0,0.6132166444599946,1.0,0.0,0.0,0.0,0.0,0.007220216606498195,0.8470149253731346,0.0547945205479452,0.006483268746224232,0.0688094685541889,0.2503793626707132,0.1777777777777776,0.3333333333333333
257,0.0,0.0,0.4833085704973975,1.0,0.0,0.0,0.0,0.0,0.02888086642599278,0.5522388059701494,0.13013698630136986,0.05260288505459207,0.16860060338825714,0.3171471927162367,0.06666666666666665,0.0
258,0.0,1.0,0.6459170077547617,1.0,0.0,1.0,0.0,0.0,0.10108303249097474,0.3768656716417912,0.06506849315068493,0.06048595046193289,0.22893942910187975,0.24127465857359637,0.08888888888888902,0.6666666666666667
259,0.0,1.0,0.9249427259568838,0.0,0.0,1.0,0.0,0.0,0.19133574007220217,0.6082089552238806,0.31506849315068486,0.061222685546731104,0.16627987932234856,0.2822458270106222,0.21111111111111103,1.0
260,0.0,1.0,0.500104483191626,1.0,0.0,1.0,1.0,0.0,0.10469314079422383,0.44029850746268673,0.21404109589041095,0.04184655281653822,0.1453933627291715,0.4749620637329287,0.05555555555555558,0.6666666666666667
261,0.0,1.0,0.3165016343471718,1.0,0.0,1.0,0.0,0.0,0.09025270758122743,0.4104477611940299,0.10445205479452055,0.16745988477463275,0.15003481086098863,0.2564491654021244,0.05555555555555558,0.6666666666666667
262,0.0,1.0,0.16481121133402987,1.0,0.0,1.0,1.0,0.5,0.02888086642599278,0.6007462686567165,0.0702054794520548,0.08229330897195986,0.3797864933859364,0.2822458270106222,0.2666666666666666,1.0
263,0.0,1.0,0.3424307199754608,1.0,0.0,1.0,1.0,0.0,0.11191335740072202,0.4328358208955224,0.31506849315068486,0.11949843075426937,0.15235553492689718,0.3884673748103187,0.24444444444444424,0.6666666666666667
264,0.0,1.0,0.38541836411913,1.0,0.0,1.0,0.0,0.0,0.11552346570397111,0.4626865671641792,0.20034246575342465,0.047814107003403716,0.21733580877233694,0.3550834597875569,0.11111111111111116,1.0
265,0.0,0.0,0.5757407283149448,1.0,0.0,0.0,0.0,0.0,0.007220216606498195,0.5074626865671642,0.0821917808219178,0.02387021674746195,0.10129960547690878,0.3292867981790592,0.13333333333333308,0.6666666666666667
266,1.0,0.0,0.8556061462956396,1.0,1.0,1.0,1.0,1.0,0.22743682310469313,0.13805970149253743,0.22945205479452055,0.02438593130682069,0.18484567184961706,0.20182094081942337,0.34444444444444433,1.0
267,1.0,0.0,0.5582086404723791,1.0,1.0,1.0,0.0,0.5,0.22021660649819497,0.2947761194029851,0.02054794520547945,0.04015206212150235,0.12914829426781155,0.13201820940819423,0.2222222222222221,1.0
268,0.0,1.0,0.3605398617754475,1.0,0.0,0.0,0.0,0.0,0.11913357400722023,0.5746268656716419,0.23801369863013697,0.08391412615851591,0.3751450452541193,0.13505311077389984,0.12222222222222201,0.3333333333333333
269,0.0,0.0,0.0,1.0,0.0,1.0,1.0,0.0,0.02527075812274368,0.6641791044776121,0.16780821917808217,0.06181207361456967,0.10362032954281736,0.251896813353566,0.13333333333333308,0.6666666666666667
270,0.0,1.0,0.4638363543993175,1.0,0.0,1.0,0.0,0.0,0.02527075812274368,0.5746268656716419,0.15410958904109587,0.04906655664756067,0.1964492921791599,0.34446130500758726,0.07777777777777772,0.6666666666666667
271,0.0,0.0,0.2323648668078948,1.0,0.0,0.0,0.0,0.0,0.007220216606498195,0.3619402985074628,0.030821917808219176,0.02836430076473102,0.07345091668600603,0.13808801213960548,0.08888888888888902,0.0
272,0.0,1.0,0.40531234722927834,1.0,0.0,0.0,1.0,0.0,0.06859205776173286,0.5597014925373135,0.12157534246575341,0.1022588297699913,0.14075191459735437,0.212443095599393,0.06666666666666665,0.6666666666666667
273,0.0,0.0,0.4160712402825839,1.0,0.0,0.0,0.0,0.0,0.04693140794223827,0.41417910447761186,0.22602739726027396,0.12568700546657435,0.23590160129960547,0.4704097116843703,0.06666666666666665,1.0
274,0.0,0.0,0.23078899188098512,1.0,0.0,0.0,0.0,0.0,0.06859205776173286,0.6753731343283583,0.125,0.16436559741848028,0.15235553492689718,0.3748103186646434,0.05555555555555558,1.0
275,0.0,0.0,0.4568541932268052,1.0,0.0,0.0,0.0,0.0,0.02527075812274368,0.7052238805970151,0.10787671232876711,0.025859401476417108,0.27535391042005103,0.05007587253414264,0.18888888888888866,0.3333333333333333
276,0.0,1.0,0.1689061855966565,1.0,0.0,0.0,0.0,0.5,0.02527075812274368,0.5970149253731344,0.0684931506849315,0.09923821592231866,0.13378974239962868,0.503793626707132,0.08888888888888902,0.6666666666666667
277,0.0,1.0,0.11935814729254335,1.0,0.0,0.0,0.0,0.0,0.19133574007220217,0.6492537313432837,0.21575342465753425,0.13629599068766854,0.3681828730563936,0.23216995447647953,0.10000000000000009,1.0
278,0.0,1.0,0.5727480996520423,1.0,0.0,0.0,0.0,0.0,0.007220216606498195,0.6753731343283583,0.05821917808219178,0.04582492227444855,0.07113019262009745,0.330804248861912,0.08888888888888902,0.3333333333333333
279,0.0,0.0,0.3810626611581338,1.0,0.0,0.0,0.0,0.0,0.04693140794223827,0.6455223880597015,0.1113013698630137,0.16900702845270899,0.26839173822232537,0.33687405159332323,0.06666666666666665,0.6666666666666667
280,1.0,0.0,0.7592898977214996,1.0,1.0,0.0,0.0,1.0,0.6353790613718411,0.052238805970149294,0.36986301369863006,0.03064817952760546,0.7232536551404039,0.0,0.43333333333333335,1.0
281,0.0,1.0,0.14696663247797703,1.0,0.0,1.0,0.0,0.0,0.036101083032490974,0.582089552238806,0.15924657534246575,0.09820678680360116,0.10362032954281736,0.2928679817905918,0.05555555555555558,1.0
282,0.0,1.0,0.7013448616316632,1.0,0.0,0.0,0.0,0.0,0.02888086642599278,0.7574626865671644,0.16952054794520546,0.0739682025137401,0.15003481086098863,0.5462822458270107,0.06666666666666665,1.0
283,0.0,1.0,0.4272519003479578,1.0,0.0,0.0,0.0,0.0,0.036101083032490974,0.5522388059701494,0.12157534246575341,0.058423092224497916,0.13611046646553723,0.2867981790591806,0.05555555555555558,0.6666666666666667
284,0.0,0.0,0.3847895478465918,1.0,0.0,0.0,0.0,0.0,0.018050541516245487,0.5671641791044776,0.10445205479452055,0.029395729883448508,0.07113019262009745,0.2883156297420334,0.11111111111111116,0.0
285,0.0,0.0,0.24107627272988708,1.0,0.0,1.0,1.0,0.0,0.061371841155234655,0.5223880597014926,0.11301369863013698,0.07131595620846656,0.2219772569041541,0.12291350531107739,0.08888888888888902,0.6666666666666667
286,0.0,0.0,0.6205649760838933,1.0,0.0,0.0,1.0,0.0,0.22021660649819497,0.5597014925373135,0.2585616438356164,0.108963119041655,0.21733580877233694,0.29742033383915023,0.12222222222222201,1.0
287,0.0,1.0,0.43438934846582256,1.0,0.0,1.0,0.0,0.5,0.30324909747292417,0.7201492537313433,0.1763698630136986,0.02563838095097765,0.21037363657461128,0.3581183611532625,0.06666666666666665,0.3333333333333333
288,1.0,0.0,0.7916758528799978,0.0,0.0,1.0,0.0,0.5,0.13357400722021662,0.7574626865671644,0.2962328767123288,0.049434924189959775,0.1384311905314458,0.3141122913505311,0.08888888888888902,0.3333333333333333
289,0.0,0.0,0.7612319430997957,1.0,0.0,0.0,0.0,0.0,0.03971119133574007,0.6007462686567165,0.04965753424657534,0.031900629171762424,0.15467625899280574,0.3353566009104704,0.08888888888888902,0.6666666666666667
290,0.0,0.0,0.2803389473078802,1.0,0.0,0.0,0.0,0.0,0.10469314079422383,0.45522388059701513,0.20376712328767121,0.22448318033801407,0.41459735437456485,0.3672230652503794,0.10000000000000009,1.0
291,0.0,1.0,0.4594787343155392,0.0,0.0,1.0,0.0,0.0,0.2996389891696751,0.6604477611940299,0.136986301369863,0.057539010122740056,0.23358087723369692,0.34749620637329287,0.24444444444444424,0.6666666666666667
292,0.0,1.0,0.5927456073924254,1.0,0.0,1.0,1.0,1.0,0.296028880866426,0.3805970149253731,0.3287671232876712,0.03875226546038575,0.3171269436064052,0.09104704097116845,0.3666666666666667,1.0
293,0.0,0.0,0.6567813425610843,0.0,0.0,1.0,0.0,0.0,0.22743682310469313,0.41417910447761186,0.14383561643835616,0.2107799077607674,0.3867486655836621,0.3596358118361153,0.21111111111111103,1.0
294,0.0,0.0,0.17394438426809056,0.0,0.0,0.0,0.0,0.0,0.07581227436823104,0.6977611940298508,0.16780821917808217,0.04169920579957859,0.23358087723369692,0.370257966616085,0.14444444444444438,0.6666666666666667
295,0.0,1.0,0.09783652694036793,1.0,0.0,0.0,0.0,0.0,0.018050541516245487,0.5037313432835823,0.09931506849315068,0.060117582919533785,0.25678811789278255,0.3505311077389985,0.21111111111111103,1.0
296,0.0,0.0,0.5695465046058875,0.0,0.0,1.0,0.0,0.0,0.032490974729241874,0.5485074626865672,0.1643835616438356,0.06284350273328716,0.1129032258064516,0.23520485584218515,0.25555555555555554,1.0
297,0.0,1.0,0.5070329649262387,1.0,0.0,1.0,0.0,0.0,0.02888086642599278,0.5261194029850748,0.11815068493150685,0.0,0.16395915525644,0.27465857359635815,0.13333333333333308,0.6666666666666667
298,0.0,0.0,0.22648505123510643,1.0,0.0,0.0,0.0,0.0,0.07581227436823104,0.6716417910447762,0.14726027397260275,0.10049066556647561,0.28695753074959385,0.22913505311077392,0.19999999999999996,0.6666666666666667
299,1.0,1.0,0.6114318031498328,1.0,0.0,1.0,0.0,0.0,0.1768953068592058,0.10074626865671643,0.3938356164383562,0.022986134645704096,0.2521466697609654,0.21851289833080423,0.3666666666666667,1.0
300,0.0,1.0,0.36295351935814724,1.0,0.0,0.0,0.0,0.0,0.02527075812274368,0.6007462686567165,0.07876712328767123,0.0749996316324576,0.11058250174054304,0.3535660091047041,0.16666666666666652,1.0
301,0.0,0.0,0.22086979860625178,1.0,0.0,0.0,0.0,0.0,0.014440433212996389,0.742537313432836,0.06678082191780821,0.02711185112057406,0.05952657229055466,0.3125948406676783,0.1777777777777776,0.3333333333333333
302,0.0,1.0,0.6591432378286667,1.0,0.0,1.0,1.0,0.0,0.02527075812274368,0.48134328358208955,0.1780821917808219,0.06637983114031856,0.2637502900905082,0.2822458270106222,0.1777777777777776,1.0
303,0.0,0.0,0.17746230457329637,1.0,0.0,0.0,0.0,0.0,0.007220216606498195,0.7350746268656717,0.030821917808219176,0.02755389217145299,0.043281503829194705,0.27921092564491656,0.19999999999999996,0.6666666666666667
304,0.0,1.0,0.3218561582776569,1.0,0.0,1.0,1.0,0.0,0.09386281588447652,0.6156716417910447,0.11815068493150685,0.36063182400872296,0.6072174518449757,0.323216995447648,0.1777777777777776,0.6666666666666667
305,0.0,1.0,0.5773146861190724,1.0,0.0,1.0,0.0,0.0,0.010830324909747292,0.5559701492537316,0.046232876712328765,0.057686357139699704,0.06648874448828032,0.2503793626707132,0.18888888888888866,0.3333333333333333
306,0.0,1.0,0.08235384335189744,1.0,0.0,0.0,0.0,0.0,0.018050541516245487,0.5970149253731344,0.0821917808219178,0.07315779392046208,0.24054304943142257,0.4279210925644916,0.16666666666666652,0.3333333333333333
307,0.0,0.0,0.6691697899791992,1.0,0.0,1.0,0.0,0.0,0.0036101083032490985,0.6044776119402987,0.03424657534246575,0.037426142307748975,0.15003481086098863,0.34294385432473445,0.15555555555555545,0.3333333333333333
308,0.0,1.0,0.6138991401704322,1.0,0.0,0.0,0.0,0.0,0.0036101083032490985,0.2947761194029851,0.06335616438356165,0.06461166693680286,0.10129960547690878,0.2564491654021244,0.19999999999999996,0.3333333333333333
309,0.0,0.0,0.6912128677281136,1.0,0.0,0.0,0.0,0.0,0.05054151624548736,0.5186567164179104,0.05993150684931506,0.10491107607526486,0.3356927361336737,0.26100151745068284,0.13333333333333308,0.3333333333333333
310,0.0,0.0,0.22470020992494477,1.0,0.0,0.0,0.0,0.0,0.061371841155234655,0.4477611940298508,0.1113013698630137,0.056065539953143645,0.21037363657461128,0.4142640364188164,0.16666666666666652,0.3333333333333333
311,0.0,1.0,0.1317964399029936,1.0,0.0,0.0,1.0,0.0,0.22021660649819497,0.6828358208955224,0.3116438356164384,0.13452782648415285,0.254467393826874,0.2094081942336874,0.19999999999999996,0.3333333333333333
312,0.0,0.7,0.6464940617121823,1.0,0.0,0.6,0.2,0.0,0.014440433212996389,0.6305970149253731,0.1309931506849315,0.13172970663208924,0.1373195637038756,0.4795144157814871,0.2222222222222221,0.7
313,1.0,0.3999999999999999,0.7423502008186115,0.8,0.1,0.5,0.2,0.5,0.03971119133574007,0.40298507462686584,0.11986301369863014,0.08809878144016974,0.14999999999999997,0.40819423368740515,0.34444444444444433,0.7333333333333334
314,0.0,0.7,0.5314666947844674,1.0,0.0,0.6,0.1,0.0,0.014440433212996389,0.7723880597014928,0.08852739726027398,0.10103437605905667,0.12986075655604548,0.2488619119878604,0.08888888888888902,0.5999999999999999
315,1.0,0.30000000000000004,0.9340624790314694,0.6,0.1,0.4,0.1,0.5,0.014440433212996389,0.746268656716418,0.15085616438356161,0.07980314438534192,0.13353446275237874,0.2676783004552352,0.25555555555555554,0.8
316,0.0,0.5,0.684836517354754,0.9,0.0,0.5,0.0,0.0,0.018050541516245487,0.19402985074626866,0.09537671232876713,0.06288033948752707,0.13144581109306103,0.32018209408194237,0.11111111111111116,0.5666666666666667
317,0.0,0.5,0.32058318875032354,0.8,0.0,0.4,0.2,0.0,0.014440433212996389,0.6417910447761196,0.11215753424657533,0.13654648061649993,0.23459271292643302,0.370257966616085,0.05555555555555558,0.7
318,1.0,0.3999999999999999,0.378096872214181,0.9,0.0,0.6,0.3,0.0,0.1696750902527076,0.3619402985074628,0.10736301369863013,0.1020967480513357,0.21200046414481316,0.30045523520485584,0.15555555555555545,0.5666666666666667
319,0.0,0.8999999999999999,0.3397544165716093,0.9,0.0,0.6,0.3,0.5,0.0036101083032490985,0.6902985074626867,0.10616438356164383,0.12240853433922229,0.17673706196333255,0.2488619119878604,0.16666666666666652,0.6333333333333333
320,0.0,0.5,0.6656652895334682,1.0,0.0,0.5,0.2,0.5,0.036101083032490974,0.5410447761194032,0.09212328767123287,0.07971473617516613,0.18775818055233232,0.29893778452200304,0.21111111111111103,0.7
321,1.0,0.19999999999999996,0.7231789729973256,0.8,0.3,0.6,0.2,0.0,0.02888086642599278,0.6455223880597015,0.18955479452054794,0.053280681332606425,0.1776978417266187,0.11684370257966617,0.16666666666666652,0.7333333333333334
322,0.0,0.3999999999999999,0.2630695052864661,0.8,0.1,0.8,0.5,0.0,0.010830324909747292,0.7761194029850748,0.17534246575342466,0.16124920800978385,0.27142492457646783,0.10318664643399089,0.24444444444444424,0.6333333333333333
323,0.0,0.5,0.7040077451760397,0.9,0.0,0.6,0.1,0.0,0.010830324909747292,0.7388059701492539,0.09571917808219177,0.10609721956178995,0.16995822696681365,0.26100151745068284,0.2777777777777777,0.5666666666666667
324,0.0,0.6000000000000001,0.14804213835875124,0.9,0.0,0.5,0.5,0.0,0.05415162454873647,0.4776119402985076,0.1191780821917808,0.21688302120323577,0.21899976792759335,0.3610015174506828,1.0,0.5999999999999999
325,0.0,0.6000000000000001,0.49312423914189585,0.8,0.0,0.4,0.2,0.0,0.04332129963898917,0.5447761194029851,0.14315068493150684,0.09010270087082087,0.14592944998839635,0.27921092564491656,0.14444444444444438,0.49999999999999994
326,0.0,0.30000000000000004,0.4356105556780384,0.8,0.0,0.2,0.1,0.0,0.032490974729241874,0.7574626865671644,0.13493150684931507,0.17335376545301842,0.20012067765142727,0.26555386949924126,0.24444444444444424,0.5666666666666667
327,1.0,0.3999999999999999,0.5314666947844674,0.9,0.1,0.9,0.3,0.0,0.02527075812274368,0.6119402985074628,0.14160958904109588,0.2620434084311963,0.17209561383151542,0.23444613050075874,0.34444444444444433,0.8666666666666667
328,1.0,0.6000000000000001,0.7040077451760397,0.9,0.0,0.5,0.1,0.0,0.014440433212996389,0.537313432835821,0.16832191780821917,0.09353735983615012,0.15730563935948014,0.4688922610015175,0.12222222222222201,0.7666666666666666
329,1.0,0.5,0.5314666947844674,1.0,0.1,0.4,0.2,0.0,0.11552346570397111,0.623134328358209,0.10342465753424658,0.0804293692074204,0.19064748201438847,0.3990895295902883,0.14444444444444438,0.6333333333333333
330,1.0,0.6000000000000001,0.378096872214181,0.9,0.0,0.8,0.6,0.5,0.10108303249097474,0.5970149253731344,0.17654109589041095,0.10220725831405543,0.2376328614527733,0.12139605462822459,0.5111111111111111,0.6333333333333333
331,1.0,0.6000000000000001,0.5122954669631817,0.8,0.1,0.9,0.6,0.0,0.44404332129963897,0.3395522388059703,0.11660958904109588,0.05907878644996832,0.2939429101879787,0.07890743550834597,0.3111111111111111,0.8666666666666667
332,1.0,0.3999999999999999,0.5698091504270392,0.9,0.0,0.6,0.5,0.0,0.09025270758122743,0.7313432835820896,0.17945205479452053,0.13611622732697778,0.17113019262009746,0.23201820940819423,0.1777777777777776,0.6333333333333333
333,1.0,0.30000000000000004,0.5698091504270392,0.9,0.0,0.7,0.1,0.0,0.24548736462093862,0.5783582089552238,0.11232876712328765,0.23135544520901177,0.12174286377349733,1.0,0.3111111111111111,0.4666666666666666
334,0.0,0.7,0.5506379226057533,1.0,0.0,0.4,0.1,0.0,0.010830324909747292,0.8171641791044778,0.11267123287671232,0.11931424698306982,0.15297980970062658,0.330804248861912,0.12222222222222201,0.5333333333333334
335,0.0,0.3999999999999999,0.7423502008186115,0.7,0.2,0.7,0.1,0.0,0.06498194945848376,0.5149253731343283,0.0910958904109589,0.04039518469948576,0.16752146669760964,0.1411229135053111,0.12222222222222201,0.9000000000000001
336,1.0,0.5,0.5698091504270392,0.9,0.2,0.9,0.3,0.0,0.05415162454873647,0.6268656716417912,0.1809931506849315,0.05976395007883066,0.1999651891390114,0.11987860394537178,0.11111111111111116,0.8
337,1.0,0.6000000000000001,0.39726810003546675,0.9,0.0,0.5,0.1,0.0,0.5667870036101083,0.5447761194029851,0.125,0.12437561701563353,0.16389185425852867,0.6267071320182094,0.5333333333333334,0.4333333333333333
338,0.0,0.5,0.6464940617121823,0.8,0.0,0.4,0.0,0.0,0.010830324909747292,0.9029850746268658,0.1261986301369863,0.09318962087612537,0.14943838477605015,0.3141122913505311,0.1777777777777776,0.4666666666666666
339,0.0,0.3999999999999999,0.5122954669631817,0.8,0.2,0.8,0.3,0.0,0.184115523465704,0.8320895522388062,0.18493150684931506,0.09620286737295003,0.1915548851241587,0.11987860394537178,0.24444444444444424,0.7333333333333334
340,1.0,0.5,0.5314666947844674,0.9,0.0,0.7,0.2,0.0,0.3140794223826715,0.49626865671641796,0.22431506849315067,0.1028776872412218,0.21405430494314226,0.33990895295902884,0.4555555555555555,0.6666666666666667
341,0.0,0.7,0.4547817834993242,0.9,0.0,0.4,0.1,0.0,0.021660649819494587,0.7649253731343283,0.13150684931506848,0.0890565370504074,0.1526479461592017,0.27617602427921095,0.16666666666666652,0.49999999999999994
342,1.0,0.3999999999999999,0.41643932785675253,0.8,0.0,1.0,0.6,0.0,0.3898916967509025,0.32835820895522383,0.24880136986301368,0.09663017372213299,0.2767695521002552,0.3016691957511381,0.3555555555555554,0.8333333333333333
343,0.0,0.7,0.1863845940013228,0.7,0.0,0.2,0.2,0.0,0.3104693140794224,0.6716417910447762,0.18801369863013698,0.11093020171806621,0.3030540728707356,0.2230652503793627,0.1777777777777776,0.49999999999999994
344,0.0,0.7,0.41643932785675253,0.8,0.0,0.2,0.2,0.0,0.007220216606498195,0.6716417910447762,0.15,0.1792859563558136,0.20430958459039222,0.4946889226100152,0.12222222222222201,0.4666666666666666
345,1.0,0.3999999999999999,0.8382063399250405,0.7,0.3,0.7,0.2,0.5,0.010830324909747292,0.6902985074626867,0.09452054794520548,0.05054002681715708,0.19417498259456945,0.14871016691957512,0.2222222222222221,0.9333333333333333
346,1.0,0.7,0.4739530113206101,1.0,0.1,0.6,0.3,0.0,0.11191335740072202,0.7313432835820896,0.14571917808219176,0.08627167842987019,0.28161986539800415,0.291350531107739,0.03333333333333344,0.6333333333333333
347,0.0,0.30000000000000004,0.49312423914189585,0.8,0.0,0.6,0.4,0.0,0.021660649819494587,0.44029850746268673,0.10530821917808218,0.14162111188058998,0.20170341146437692,0.19575113808801214,0.3666666666666667,0.7
348,0.0,0.6000000000000001,0.5314666947844674,0.9,0.0,0.5,0.2,0.0,0.03971119133574007,0.6940298507462687,0.13767123287671232,0.05694225470405352,0.1500232072406591,0.283763277693475,0.14444444444444438,0.5666666666666667
349,1.0,0.3999999999999999,0.41643932785675253,0.8,0.0,0.3,0.2,0.0,0.06498194945848376,0.798507462686567,0.10445205479452055,0.1254600910604565,0.17950568577396148,0.2094081942336874,0.0,0.49999999999999994
350,1.0,0.30000000000000004,0.7615214286398971,0.8,0.2,0.8,0.2,0.0,0.5306859205776173,0.537313432835821,0.1958904109589041,0.06391913595709253,0.2042817359016012,0.13353566009104703,0.23333333333333317,0.8333333333333333
351,0.0,0.3999999999999999,0.5122954669631817,0.9,0.1,0.1,0.1,0.0,0.010830324909747292,0.8320895522388062,0.06164383561643835,0.0959671121458146,0.15417962404270136,0.40667678300455234,0.10000000000000009,0.4666666666666666
352,0.0,0.5,0.684836517354754,0.8,0.2,0.8,0.3,0.0,0.036101083032490974,0.537313432835821,0.15530821917808219,0.052330293073216724,0.21467857971687165,0.15933232169954475,0.1777777777777776,0.9000000000000001
353,1.0,0.5,0.6273228338908966,0.9,0.1,0.8,0.4,0.0,0.036101083032490974,0.4328358208955224,0.1506849315068493,0.044528268525203696,0.24178463680668366,0.09559939301972686,0.06666666666666665,0.8
354,0.0,0.5,0.24389827746518022,0.9,0.0,0.7,0.5,0.0,0.04693140794223827,0.667910447761194,0.136986301369863,0.0916498445488971,0.17814110002320727,0.125948406676783,0.15555555555555545,0.5333333333333334
355,1.0,0.5,0.780692656461183,0.9,0.1,0.7,0.3,0.5,0.06859205776173286,0.4850746268656717,0.15291095890410958,0.05230819102067279,0.21438848920863307,0.16540212443095598,0.23333333333333317,0.8333333333333333
356,0.0,0.6000000000000001,0.6081516060696107,0.8,0.2,0.8,0.4,0.0,0.09747292418772563,0.5597014925373135,0.1327054794520548,0.09295533911915953,0.20737990252958927,0.07132018209408195,0.15555555555555545,0.8
357,0.0,0.5,0.7231789729973256,1.0,0.0,0.6,0.2,0.0,0.018050541516245487,0.57089552238806,0.08339041095890411,0.057244316088820774,0.15719424460431655,0.38239757207890746,0.14444444444444438,0.5666666666666667
358,0.0,0.6000000000000001,0.378096872214181,0.9,0.0,0.5,0.2,0.0,0.018050541516245487,0.3470149253731344,0.11489726027397258,0.21071212813296597,0.2324553260617313,0.5417298937784523,0.1777777777777776,0.4666666666666666
359,1.0,0.3999999999999999,0.7231789729973256,0.9,0.0,0.9,0.4,0.0,0.05415162454873647,0.44402985074626866,0.11695205479452053,0.11167283068354282,0.1910489672777907,0.1836115326251897,0.15555555555555545,0.8
360,0.0,0.3999999999999999,0.2822407331077519,0.9,0.0,0.6,0.1,0.0,0.18772563176895307,0.13059701492537323,0.10667808219178081,0.1780099311889431,0.12152471571130191,0.6904400606980273,0.15555555555555545,0.4000000000000001
361,0.0,0.6000000000000001,0.4356105556780384,0.9,0.0,0.5,0.4,0.0,0.6389891696750902,0.40298507462686584,0.14417808219178083,0.21480100785359602,0.2522394987236018,0.5614567526555387,0.07777777777777772,0.49999999999999994
362,0.0,0.3999999999999999,0.3397544165716093,0.9,0.1,0.7,0.4,0.0,0.010830324909747292,0.5746268656716419,0.11523972602739725,0.09285072273711818,0.17091204455790207,0.13353566009104703,0.10000000000000009,0.5666666666666667
363,1.0,0.3999999999999999,0.6273228338908966,0.9,0.3,0.9,0.2,0.0,0.08664259927797835,0.5186567164179104,0.15547945205479452,0.05437104925810776,0.18449756323973077,0.12139605462822459,0.2777777777777777,0.7666666666666666
364,0.0,0.5,0.7040077451760397,1.0,0.0,0.5,0.2,0.0,0.021660649819494587,0.6044776119402987,0.074486301369863,0.10453386771184815,0.15419354838709676,0.24582701062215478,0.11111111111111116,0.5333333333333334
365,1.0,0.3999999999999999,0.6656652895334682,0.9,0.0,0.6,0.2,0.0,0.036101083032490974,0.39179104477611937,0.08458904109589041,0.1043570512914966,0.15535391042005106,0.24430955993930198,0.18888888888888866,0.5999999999999999
366,0.0,0.5,0.7231789729973256,0.8,0.2,0.8,0.3,0.0,0.02888086642599278,0.57089552238806,0.15530821917808219,0.052330293073216724,0.21467857971687165,0.15781487101669195,0.08888888888888902,0.9000000000000001
367,1.0,0.6000000000000001,0.4356105556780384,0.8,0.2,0.5,0.4,0.0,0.4873646209386282,0.3022388059701494,0.2073630136986301,0.13022529358893128,0.22382455326061734,0.4946889226100152,0.18222222222222229,0.5666666666666667
368,1.0,0.6000000000000001,0.30141196092903766,0.8,0.2,0.7,0.4,0.0,0.14801444043321302,0.9552238805970149,0.12893835616438354,0.12702933679107667,0.2459294499883964,0.06069802731411228,0.19999999999999996,0.7333333333333334
369,1.0,0.6000000000000001,0.4547817834993242,0.8,0.2,0.5,0.4,0.0,0.5667870036101083,0.5223880597014926,0.21952054794520545,0.15211516642845568,0.18666511951728942,0.48861911987860396,0.11111111111111116,0.6333333333333333
370,1.0,0.30000000000000004,0.4739530113206101,0.9,0.0,0.3,0.2,0.5,0.2527075812274368,0.582089552238806,0.13133561643835617,0.056419172793846784,0.2560686934323509,0.30804248861911987,0.23333333333333317,0.49999999999999994
371,0.0,0.3999999999999999,0.20555582182260868,0.9,0.1,0.3,0.3,0.0,0.010830324909747292,0.5932835820895522,0.13561643835616438,0.13855924086816865,0.17434207472731492,0.2822458270106222,0.14444444444444438,0.6333333333333333
372,0.0,0.3999999999999999,0.684836517354754,0.9,0.1,0.9,0.4,0.0,0.014440433212996389,0.49626865671641796,0.12773972602739725,0.09667290435705128,0.19658389417498257,0.19423368740515934,0.08888888888888902,0.8333333333333333
373,0.0,0.5,0.4739530113206101,0.8,0.0,0.2,0.0,0.0,0.014440433212996389,0.4253731343283583,0.12174657534246575,0.11179218176728013,0.1560199582269668,0.3216995447647952,0.1777777777777776,0.36666666666666664
374,0.0,0.6000000000000001,0.49312423914189585,0.9,0.0,0.6,0.0,0.0,0.05054151624548736,0.4776119402985076,0.1023972602739726,0.10292925869715766,0.13863077280111394,0.2564491654021244,0.16666666666666652,0.5666666666666667
375,1.0,0.7,0.3397544165716093,0.8,0.0,0.7,0.0,0.0,0.33212996389891697,0.623134328358209,0.12945205479452054,0.12379359629864294,0.20698770016245066,0.3490136570561457,0.13333333333333308,0.6333333333333333
376,0.0,0.30000000000000004,0.12887091053746536,0.9,0.1,0.4,0.4,0.0,0.06859205776173286,0.6716417910447762,0.14246575342465753,0.13188442099989686,0.15058946391274078,0.2898330804248862,0.10000000000000009,0.5666666666666667
377,1.0,0.5,0.6464940617121823,1.0,0.0,0.5,0.2,0.5,0.05415162454873647,0.6194029850746269,0.074486301369863,0.10453386771184815,0.15419354838709676,0.2473444613050076,0.10000000000000009,0.5333333333333334
378,1.0,0.5,0.7040077451760397,1.0,0.0,0.5,0.2,0.5,0.10830324909747291,0.287313432835821,0.074486301369863,0.10453386771184815,0.15419354838709676,0.24582701062215478,0.23333333333333317,0.5333333333333334
379,0.0,0.6000000000000001,0.12887091053746536,0.9,0.0,0.6,0.3,0.0,0.09386281588447652,0.7910447761194032,0.11558219178082191,0.1356108270588062,0.2541796240427013,0.5402124430955995,0.16666666666666652,0.4666666666666666
380,0.0,0.3999999999999999,0.2822407331077519,0.8,0.1,0.8,0.5,0.0,0.05054151624548736,0.6343283582089553,0.11404109589041095,0.11562320420823081,0.22493385936412158,0.045523520485584223,0.2222222222222221,0.7
381,1.0,0.30000000000000004,0.4739530113206101,1.0,0.1,0.8,0.6,0.0,0.49458483754512633,0.23134328358208966,0.14263698630136984,0.18870732462021308,0.24218612207008594,0.19423368740515934,0.28888888888888875,0.7333333333333334
382,0.0,0.5,0.20555582182260868,0.8,0.1,0.7,0.5,0.5,0.018050541516245487,0.38805970149253743,0.15513698630136985,0.13201850678533014,0.19822464608957996,0.021244309559939306,0.19999999999999996,0.7
383,0.0,0.5,0.6273228338908966,0.9,0.0,0.6,0.1,0.0,0.036101083032490974,0.537313432835821,0.10462328767123286,0.08170392090412129,0.1593293107449524,0.27465857359635815,0.07777777777777772,0.5999999999999999
384,0.0,0.3999999999999999,0.5506379226057533,0.7,0.0,0.8,0.0,0.0,0.014440433212996389,0.3619402985074628,0.19092465753424656,0.21458882814917413,0.20404270132281271,0.2230652503793627,0.1777777777777776,0.7
385,0.0,0.5,0.5314666947844674,0.6,0.2,0.6,0.3,0.0,0.05054151624548736,0.15671641791044777,0.17431506849315068,0.08777461800285853,0.18360640519842192,0.15781487101669195,0.08888888888888902,0.7333333333333334
386,0.0,0.7,0.4356105556780384,0.9,0.0,0.9,0.1,0.5,0.48014440433212996,0.38805970149253743,0.15993150684931506,0.14591775089513315,0.22421907635182176,0.25948406676783003,0.10000000000000009,0.7
387,0.0,0.5,0.2630695052864661,0.7,0.2,0.7,0.3,0.0,0.021660649819494587,0.5746268656716419,0.13441780821917806,0.15603312360941254,0.28627755859828263,0.08345978755690439,0.21111111111111103,0.7333333333333334
388,0.0,0.5,0.780692656461183,0.8,0.2,0.8,0.3,0.0,0.014440433212996389,0.4104477611940299,0.1732876712328767,0.052330293073216724,0.21467857971687165,0.15629742033383914,0.11111111111111116,0.9000000000000001
389,0.0,0.19999999999999996,0.7998638842824689,0.8,0.3,0.6,0.2,0.0,0.09747292418772563,0.44402985074626866,0.18955479452054794,0.053280681332606425,0.17769784172661868,0.11684370257966617,0.11111111111111116,0.7333333333333334
390,0.0,0.5,0.2822407331077519,0.7,0.2,0.7,0.2,0.0,0.032490974729241874,0.31343283582089543,0.1386986301369863,0.15816965535532734,0.2693710837781388,0.08801213960546284,0.2222222222222221,0.7333333333333334
391,0.0,0.5,0.8190351121037546,0.9,0.1,0.7,0.3,0.0,0.0036101083032490985,0.3992537313432837,0.15393835616438356,0.05230819102067279,0.21438848920863307,0.1684370257966616,0.21111111111111103,0.8333333333333333
392,1.0,0.3999999999999999,0.49312423914189585,0.9,0.0,0.4,0.3,0.5,0.014440433212996389,0.37313432835820903,0.12037671232876712,0.1012716047563617,0.1719331631469018,0.3899848254931715,0.10000000000000009,0.4333333333333333
393,0.0,0.3999999999999999,0.5889803782483248,0.8,0.0,0.7,0.3,0.5,0.061371841155234655,0.41417910447761186,0.12226027397260275,0.11688302120323575,0.19004177303318637,0.02731411229135053,0.34444444444444433,0.6333333333333333
394,0.0,0.6000000000000001,0.1863845940013228,0.8,0.1,0.4,0.3,0.0,0.03971119133574007,0.7537313432835823,0.15393835616438356,0.12179704421883979,0.23230679972151308,0.5159332321699545,0.2222222222222221,0.4000000000000001
395,0.0,0.6000000000000001,0.4547817834993242,0.9,0.0,0.3,0.0,0.0,0.04693140794223827,0.5671641791044776,0.08767123287671233,0.12332945319522005,0.15485959619401254,0.3262518968133536,0.13333333333333308,0.4333333333333333
396,0.0,0.6000000000000001,0.7231789729973256,1.0,0.0,0.6,0.3,0.0,0.007220216606498195,0.6305970149253731,0.13561643835616438,0.1764465793390013,0.22169644929217913,0.5508345978755691,0.13333333333333308,0.7
397,0.0,0.3999999999999999,0.684836517354754,1.0,0.2,0.9,0.5,0.0,0.2527075812274368,0.57089552238806,0.15017123287671233,0.1043128471864087,0.21528893014620554,0.19271623672230653,0.21111111111111103,0.8333333333333333
398,0.0,0.6000000000000001,0.30141196092903766,0.9,0.0,0.3,0.4,0.0,0.2815884476534296,0.32089552238805974,0.12208904109589039,0.17043040063653914,0.20059410536087263,0.19878603945371776,0.15555555555555545,0.49999999999999994
399,0.0,0.3999999999999999,0.3397544165716093,0.9,0.1,0.4,0.3,0.0,0.007220216606498195,0.5149253731343283,0.14503424657534247,0.1445415297567301,0.20310744952425158,0.29742033383915023,0.1777777777777776,0.49999999999999994
400,1.0,0.5,0.8190351121037546,0.8,0.1,0.7,0.4,0.0,0.14079422382671483,0.45895522388059706,0.1613013698630137,0.045080819838802355,0.19142492457646781,0.08801213960546284,0.23333333333333317,0.7
401,0.0,0.6000000000000001,0.49312423914189585,0.9,0.0,0.4,0.2,0.0,0.018050541516245487,0.39179104477611937,0.12756849315068491,0.0734819573577733,0.19086795080064978,0.2943854324734446,0.1777777777777776,0.5999999999999999
402,0.0,0.3999999999999999,0.7615214286398971,0.8,0.0,0.6,0.3,0.0,0.07942238267148015,0.5111940298507464,0.13647260273972603,0.05431211045132392,0.14928057553956833,0.2943854324734446,0.19999999999999996,0.7666666666666666
403,0.0,0.10000000000000009,0.2630695052864661,0.7,0.0,0.1,0.2,0.0,0.15523465703971118,0.6119402985074628,0.17345890410958903,0.09940029764097426,0.23313065676491068,0.417298937784522,0.15555555555555545,0.4666666666666666
404,0.0,0.19999999999999996,0.49312423914189585,0.9,0.0,0.3,0.0,0.0,0.02527075812274368,0.6268656716417912,0.09606164383561644,0.10186099282420026,0.1538199118124855,0.4218512898330804,0.1777777777777776,0.4666666666666666
405,1.0,0.8,0.378096872214181,0.8,0.0,0.5,0.1,0.0,0.1516245487364621,0.26865671641791067,0.18955479452054794,0.25348107327567154,0.28898352285913204,0.23823975720789076,0.2777777777777777,0.5999999999999999
406,0.0,0.7,0.5314666947844674,0.9,0.0,0.7,0.2,0.0,0.02888086642599278,0.6455223880597015,0.12157534246575341,0.17713321643803323,0.16115107913669066,0.23975720789074356,0.19999999999999996,0.6666666666666667
407,0.0,0.5,0.4739530113206101,0.6,0.2,0.7,0.3,0.5,0.05776173285198555,0.451492537313433,0.17910958904109586,0.09651966345941325,0.21382223253655136,0.15174506828528073,0.18888888888888866,0.7666666666666666
408,0.0,0.7,0.32058318875032354,0.6,0.0,0.3,0.1,0.0,0.014440433212996389,0.6604477611940299,0.175,0.17153255632339723,0.2934903689951265,0.23065250379362673,0.19999999999999996,0.4666666666666666
409,0.0,0.30000000000000004,0.24389827746518022,0.9,0.1,0.5,0.4,0.0,0.04332129963898917,0.6902985074626867,0.15,0.1339767486407238,0.1554745880714783,0.2928679817905918,0.19999999999999996,0.5333333333333334
410,0.0,0.6000000000000001,0.4739530113206101,0.8,0.0,0.6,0.1,0.0,0.010830324909747292,0.6007462686567165,0.16215753424657534,0.15171585601249504,0.16725922487816197,0.33990895295902884,0.1777777777777776,0.5666666666666667
411,0.0,0.5,0.780692656461183,0.8,0.0,0.7,0.1,0.0,0.02527075812274368,0.6044776119402987,0.1231164383561644,0.09298333505238185,0.16166163843119052,0.27617602427921095,0.19999999999999996,0.6666666666666667
412,0.0,0.30000000000000004,0.16721336618003702,0.8,0.0,0.1,0.2,0.0,0.014440433212996389,0.47388059701492546,0.12448630136986302,0.13548558209439052,0.22524019494082148,0.37936267071320184,0.19999999999999996,0.5666666666666667
413,1.0,0.3999999999999999,0.780692656461183,0.9,0.1,0.7,0.3,0.0,0.032490974729241874,0.37313432835820903,0.14263698630136984,0.0914052485007441,0.19896263634253886,0.1699544764795144,0.21111111111111103,0.8333333333333333
414,0.0,0.6000000000000001,0.24389827746518022,0.7,0.0,0.4,0.0,0.0,0.021660649819494587,0.6977611940298508,0.1357876712328767,0.09883301162567963,0.22684149454629837,0.17905918057663128,0.24444444444444424,0.5666666666666667
415,0.0,0.3999999999999999,0.5889803782483248,0.9,0.3,0.9,0.2,0.0,0.04693140794223827,0.5447761194029851,0.15547945205479452,0.05437104925810776,0.18449756323973074,0.12291350531107739,0.10000000000000009,0.7666666666666666
416,0.0,0.3999999999999999,0.6081516060696107,0.9,0.0,0.3,0.0,0.0,0.018050541516245487,0.667910447761194,0.10702054794520548,0.08987431299453343,0.15142260385240194,0.3141122913505311,0.15555555555555545,0.4333333333333333
417,0.0,0.30000000000000004,0.5122954669631817,0.9,0.0,0.3,0.2,0.0,0.014440433212996389,0.49626865671641796,0.1077054794520548,0.17870688257916217,0.18670225110234392,0.43702579666160846,0.1777777777777776,0.6333333333333333
