,f1,f2,f3,f4,f5,f6,f7,f8,f9,f10,f11,f12
0,0.6108910891089108,0.3965,0.36733295678005107,0.47932998007022865,0.46132261635462296,0.4340199720198756,0.5168766503206337,0.6161148448309942,0.7969968921325559,0.6034073107049608,0.47066434030710075,0.3606851940584571
1,0.6214521452145213,0.4175,0.6076890088280825,0.490374394989086,0.7569138951725466,0.4421679772299677,0.5138023387400981,0.7533109310140343,0.6348943674267556,0.6355241130394716,0.4595670209319248,0.5529271681839961
2,0.6267326732673266,0.759,0.7033649219697921,0.714287747935845,0.5394556480723878,0.7892807178349174,0.617787250094304,0.47478108321802726,0.3423228690156092,0.6005594378743664,0.5156375977947386,0.8232870148538572
3,0.8841584158415841,0.7095,0.554594996025271,0.6837287653032171,0.41293738268277425,0.7100246032128903,0.8455865711052433,0.5439316070369637,0.26416873275831965,0.4750307172477346,0.6625610138253744,0.7947867752755151
4,0.5359735973597358,0.5575,0.5153633739174093,0.5587292398215811,0.5038167204119941,0.5909354045057649,0.550577140701622,0.21900079067009287,0.6150958550127458,0.6750691138074029,0.40144043085453884,0.6092812649736464
5,0.7617161716171617,0.655,0.5850748922639221,0.5517011483344405,0.5970929393078885,0.6013121713541416,0.8518747642399095,0.14723759636291756,0.6066417571673011,0.7462793733681462,0.3108398795391896,0.6934547196933397
6,0.6612871287128712,0.631,0.7833824944562989,0.7848011768055423,0.7696683833084661,0.620618457233827,0.7174877404752923,0.18446333267444154,0.7447742431120579,0.5999723544770388,0.49686897496773375,0.324638236703402
7,0.7630363036303629,0.5425,0.7030929668214719,0.6847394894182404,0.7572267411079558,0.522794153118819,0.7763787250094304,0.3391529946629769,0.5628033662744003,0.3312778375057595,0.8127917908188468,0.2711499760421658
8,0.988118811881188,0.49832,0.022655955817748263,0.1647859922178988,0.14096356548106087,0.41305417530995225,0.9424669935873256,0.7521397509389207,0.6837779795369627,0.6723583166948242,0.40061186443378644,0.5483713464302827
9,0.9402640264026401,0.666,0.16628488347767872,0.16239441966404095,0.20442797323964007,0.5813883930725072,0.8977102980007544,0.7295364696580351,0.7388204071655551,0.5695822454308094,0.5239779686313252,0.3621034978437949
10,0.7099009900990098,0.49375,0.6013189824693528,0.5326041567808674,0.6355200462049382,0.5466018621255246,0.6084436061863447,0.4380757066613955,0.6275458323148375,0.6221655659652895,0.4673559170796221,0.5499343555342597
11,0.822112211221122,0.7325,0.9640025521944688,0.9477982347916862,0.849694373586177,0.7374547735057168,0.8061297623538287,0.43370725439810237,0.4836819499249223,0.4421747811396099,0.681256871524403,0.5279266890273119
12,0.5947194719471947,0.4789,0.7713432492364336,0.6636518933282718,0.8324974731674448,0.5104500940711082,0.5925839305922294,0.3467780193714173,0.5743094597897825,0.4309092305329442,0.6882040822830192,0.3862386200287494
13,0.45214521452145207,0.6005,0.688637504706916,0.6666698301224256,0.6326851807286904,0.6588643928795408,0.46557902678234625,0.22621565526783943,0.6412805112267347,0.5906608047918906,0.4871572204783378,0.5080728318160038
14,0.6112211221122111,0.33399999999999996,0.361151207062466,0.32041378001328646,0.555197574240747,0.36615369771817263,0.48794417201056206,0.6503903933583712,0.5905437022034432,0.45111733988634617,0.672955273347249,0.4280642069956876
15,0.6679042904290428,0.04749999999999999,0.18445357934814444,0.043845496820727026,0.6761948308225442,0.010661392252400037,0.598281026027914,0.6269025499110495,0.7800048887802494,0.5898322070342497,0.4946977060395057,0.3504360325826545
16,0.8481848184818481,0.8465,0.5470953098196728,0.8690614026762835,0.18862203397988164,0.9173525013266439,0.765273481705017,0.37632931409369436,0.7292174459615184,0.5729189064659806,0.5098381639817928,0.4031959750838524
17,0.7666666666666666,0.995,0.6913413664700222,0.9184872354560121,0.31698994079992304,1.0,0.7794983025273482,0.5303424589839889,0.8902364074449141,0.7697396713254492,0.27912596865257044,0.3948730234786775
18,0.6277227722772276,0.51235,0.5140977364963809,0.6234317168074404,0.46823891803436496,0.6001495489410971,0.5078121463598642,0.48916683138960265,0.7325872123476622,0.6876939026263247,0.3820222331989569,0.5187612841399137
19,0.788118811881188,0.6739999999999999,0.49965482615790136,0.5591226155452216,0.42952784328825144,0.6667711901201216,0.783195020746888,0.3653834749950583,1.0,0.9440638918752879,0.06757596520021036,0.45724484906564444
20,0.8594059405940593,0.487,0.48011082172294045,0.44819208503369073,0.6774317755210089,0.37829128274398194,0.9193775933609958,0.5299125321209724,0.9519013863183994,0.7666986637997235,0.2769695714293302,0.3318591279348347
21,0.8679867986798678,0.4566,0.6858656541567298,0.5076425927683401,0.8711556047552582,0.40919484779777127,0.8401810637495285,0.5589197469855702,0.8385445402800573,0.5779964675165105,0.4891808346213293,0.3225011978917106
22,0.4016501650165016,0.05199999999999999,0.4681216267101795,0.3151371358071557,0.8354959811329836,0.14927396401177095,0.259075820445115,0.45802974896224546,0.6697133079582359,0.6856588849639071,0.40183346877207526,0.5287000479156684
23,0.5359735973597358,0.33799999999999997,0.5421373582695285,0.4552718990224921,0.7048274534340858,0.38015823242799945,0.5098151640890229,0.3960169994069974,0.717617068827042,0.8860428505605897,0.15690711026838117,0.6736559655007187
24,0.7874587458745873,0.56,0.4956021714572612,0.63123279870931,0.46479761274486214,0.5654257320661875,0.7274236137306677,0.685313303024313,0.8509061703390719,0.7480225771770849,0.3101918981075756,0.43481552467656925
25,0.7947194719471946,0.3625,0.40202815781766454,0.36421657018126596,0.5967512152861337,0.3510347821892036,0.7144850999622784,0.5858519470251038,0.9140761951321719,0.7329788050990631,0.3222061112084854,0.3622568279827504
26,0.46402640264026396,0.22449999999999998,0.478845288900046,0.43942298566954535,0.7343071665784281,0.2769453422741088,0.4252093549603923,0.18685016801739474,0.6357582847365297,0.6165952234679772,0.4680943503455016,0.5212214470531864
27,0.42673267326732667,0.272,0.2010062340487846,0.29818259466641356,0.4224430861048275,0.29127309566308074,0.4350320633723123,0.2360693813006523,0.5487900268882914,0.4741744739671325,0.621488551442821,0.48507906085289887
28,0.7402640264026401,0.497555,0.3109493326639053,0.4216807440447945,0.3553352264523271,0.5159654107771722,0.6331403244058845,0.5725439810239177,0.5775779585850473,0.5096836123483336,0.5986445503168205,0.5007182558696693
29,0.6472937293729372,0.7355,0.327057445295176,0.5201062921135048,0.12973480290706074,0.7831395629311593,0.5491625801584308,0.7211603083613362,0.8041100673953279,0.6666180310244202,0.40990136872799127,0.3966650694777192
30,0.6745874587458744,0.603,0.5806137818501318,0.525592198918098,0.5250527025075805,0.6550581311206523,0.6009064503960769,0.4358074718323779,0.5685092712225444,0.7224005529104591,0.3445136686902809,0.739463344513656
31,0.41815181518151806,0.5329,0.47131239278691267,0.6529847205086836,0.3886653511093998,0.6327463939408559,0.33648811769143716,0.45164558213085587,0.5291196703565318,0.48912609430195053,0.6140580102720992,0.5687877335888836
32,0.6766666666666665,0.462,0.14734739132253882,0.28973142260605483,0.30643500024065073,0.40679724058082883,0.6657827235005658,0.5247731765170982,0.5735412228934595,0.37318384272769156,0.7467189300870527,0.3931863919501677
33,0.6516831683168316,0.589,0.29871135098949836,0.4145012811995824,0.28154690282523953,0.5922138067441749,0.6157642399094682,0.5526235422020161,0.6310088347243078,0.6705152818307479,0.3996876941952549,0.6128988979396263
34,0.817161716171617,0.692,0.5548146521066064,0.828480592198918,0.3863502911873707,0.7163442520140866,0.6942512259524708,1.0,0.9252889618325943,0.8656965135923821,0.16127832927017116,0.4893042644944897
35,0.9148514851485148,0.7415,0.39034454625329484,0.651048685584132,0.2822784810126583,0.6757103574702109,0.8900490380988306,0.9185115635501087,0.8731012326710201,0.8599562279219781,0.16175634835906677,0.5408203162434116
36,0.8320132013201319,0.324,0.36802853437094685,0.46630919616589156,0.5616609712663041,0.31627671378262345,0.7624179554884949,0.34884364498912823,0.8708419177986522,0.6677008140070649,0.4176373109832853,0.26904168663152844
37,0.7785478547854785,0.4265,0.27470084933684785,0.40991268862104957,0.38256244886172214,0.41584253943750304,0.7037759336099585,0.6081290768926665,0.7347452596291512,0.6053509445553679,0.48479633731151445,0.3950646861523718
38,0.7983498349834982,0.612,0.0,0.0,0.1313760408143621,0.49731294321964403,0.8163523198792908,0.607461949001779,0.8586898068931803,0.7994240516049762,0.2579072324288151,0.4634020124580738
39,0.5752475247524751,0.7065,0.1307633571817079,0.1429818733985005,0.09306444626269439,0.6727097303294902,0.5983866465484723,0.4890862818738881,0.7700457450151902,0.7509099984641376,0.3174949675212586,0.5025725922376617
40,0.8528052805280527,0.4681,0.3388665746203088,0.5789930720318875,0.3565240410068826,0.48655362053162243,0.6942361373066768,0.9988683534295315,0.7285330167266125,0.574185992935033,0.5055328053878063,0.4842204120747484
41,0.9897689768976896,0.5431,0.41414062173130833,0.6495349720034165,0.4243009096597199,0.5128350137488543,0.9225122595247076,0.6289780589049219,0.7423089010720397,0.7927852864383351,0.2562554109105202,0.6175227599425012
42,0.8541254125412541,0.56,0.6633299861930464,0.8198585935275694,0.59551908360206,0.5984755656326886,0.7270878913617502,0.7768531330302431,0.5608059503439606,0.4735524497005068,0.6542912835874801,0.4870009583133685
43,0.7514851485148514,0.52835,0.7939416760804987,0.7409936414539242,0.8351975742407469,0.5271754546770225,0.7061373066767258,0.7583909863609408,0.5818765932185634,0.5562931961296268,0.5430721755711001,0.5525515093435553
44,0.755115511551155,0.3085,0.4660108363666792,0.44303407041852516,0.6208018481975262,0.36991654204254915,0.5796190116937004,0.6400424985174935,0.5613157802842477,0.44106512056519737,0.6766625769477951,0.4578246286535697
45,0.6382178217821781,0.14300000000000002,0.6266108112631271,0.43550346398405615,0.975261106030707,0.1693424670751122,0.5612372689551113,0.499550800553469,0.5882774033592905,0.5643257564122255,0.5400394100182179,0.5219281744130331
46,0.8818481848184817,0.4755,0.4056001840927158,0.4237638796621429,0.5023800356163065,0.4517535819383473,0.7960241418332705,0.7394939711405415,0.4851101721549045,0.4486676393795116,0.6556350483595978,0.5756013416387159
47,0.7389438943894389,0.3225,0.6393770135140789,0.6111701622852803,0.8374741300476489,0.3337835882097545,0.6154541682384006,0.8586232457007313,0.5216782484198764,0.25615496851482106,0.8820142662141419,0.3578725443219933
48,0.5745874587458745,0.476,0.8167126898456132,0.6218136091866755,0.9173316648216778,0.5023619084374549,0.5707808374198415,0.41361435066218616,0.8471208576317353,0.8481876823836584,0.18632652952830142,0.5263612841399138
49,0.8214521452145214,0.503345,0.7414072632944229,0.6549729524532599,0.7624633007652692,0.5462810555260746,0.7025914749151263,0.6487151610990314,0.442895554701959,0.4843034864076179,0.6353457936975839,0.6123622424532822
50,0.7059405940594058,0.636,0.2828804234132463,0.6714767011483344,0.09370939019107671,0.7040474697283999,0.5952583930592229,0.5732605257956117,0.6900792680797571,0.6550529872523422,0.4273554390605332,0.5245353617632966
51,0.9917491749174916,0.897,0.37187251579431824,0.6901110372971433,0.08368388121480486,0.8653673597375658,1.0,0.34758351452856295,0.4968746726263226,0.6999692827522653,0.38921907614844087,0.7455582175371347
52,0.44587458745874575,0.8,0.8225074264675118,0.9151561165417101,0.5785098907445734,0.8828404650489654,0.40846095812900796,0.49453597548922706,0.801592345566924,0.7081938258332053,0.35816376933985566,0.46180642069956873
53,0.3603960396039603,0.555,0.8014518220994937,0.6852614596184872,0.8420224286470617,0.5944956341357519,0.33722746133534515,0.6118402846412334,0.8452072493627126,0.5754569190600523,0.4955772611630736,0.31166746526114036
54,0.5858085808580857,0.47515,0.5161839462783984,0.5378338236689759,0.6120421620060644,0.4715702638815187,0.6326408902301018,0.1751630757066614,0.5228480636938228,0.6113918752879741,0.46442767836751175,0.6783900335409679
55,0.4636963696369636,0.7565,0.5760637630224676,0.7304972952453259,0.382904172883477,0.7976023927830577,0.5354696341003394,0.14454437635896422,0.6615015539337221,0.8263822761480571,0.2099937857518444,0.7415045519885003
56,0.665115511551155,0.235,0.45628425588887495,0.12388250925310806,0.8459161572893104,0.19976844034926916,0.6311078838174273,0.49881102984779596,0.626302336138562,0.6549339579173705,0.4338012609081301,0.5542189746046957
57,0.6207920792079207,0.6095,0.4878634785155433,0.4756050109139223,0.484997352842085,0.6081721260070434,0.6346356092040739,0.38967681359952555,0.6806711596885149,0.7401666410689602,0.3151048720767805,0.6146094873023479
58,0.5537953795379537,0.363,0.29485167984603156,0.14747081712062254,0.4419935505607162,0.42523035361088335,0.42507732930969444,0.5766505238189366,0.7988162167824843,0.6904622945784058,0.38308980916415714,0.4269286056540489
59,0.6287128712871286,0.055999999999999994,0.49799433078113886,0.1822814842934421,0.9024257592530203,0.10169810410535962,0.4970086759713316,0.7084799367463925,0.5660299612389567,0.664072339118415,0.4333667946695561,0.6366123622424533
60,0.6731848184818481,0.2825,0.45714666750345173,0.37874157729904145,0.6805554218607114,0.31714023831347393,0.5849867974349302,0.3701472623048033,0.4165939169605755,0.4911572723084011,0.6372950493156361,0.6424676569238141
61,0.4234323432343233,0.15999999999999998,0.39976360821722945,0.5258596374679699,0.6198584973769072,0.24619615032080666,0.3556959637872501,0.32403637082427356,0.4037748367496595,0.5770810935340194,0.5235052608656395,0.7673023478677528
62,0.583168316831683,0.48315,0.5814924061754738,0.6535493973616778,0.633590027434182,0.4994596941482947,0.5569935873255375,0.6045216445937932,0.457261584663198,0.4802411303947166,0.6347349915284395,0.5985241974125539
63,0.7306930693069306,0.24,0.5542393623697753,0.36536015943817024,0.8490542426721857,0.2188528148970042,0.7560580912863071,0.3028711207748567,0.30948074169780354,0.6090746429119951,0.4940523802694966,0.8671633924293245
64,0.7689768976897688,0.44,0.44739236852014563,0.5106453449748505,0.5681763488472831,0.40418737035071645,0.7519049415314976,0.6898991895631548,0.619867653734679,0.4385155890032253,0.6717974048874797,0.39608528988979397
65,0.9999999999999999,0.53735,0.334703568888331,0.5468292682926829,0.356061991625355,0.50673742100439,0.9251942663145982,0.5012186202806879,0.48926214338094076,0.19148364306558135,0.9585982355784297,0.3050646861523718
66,0.6198019801980197,0.7985,0.554584536211874,0.7899734269716238,0.28013668960870197,0.8581455931303972,0.6231812146359864,0.1873888120181854,0.7793798233055139,0.680694209798802,0.3683455759333323,0.4684762817441303
67,0.4336633663366336,0.6155,0.6027467469980335,0.6342507355034639,0.4997747509265053,0.7066621641179025,0.3900339494530366,0.2701867958094485,0.7699759052973427,0.651462140992167,0.4095401987497146,0.45323909918543365
68,0.7693069306930692,0.5815,0.13965942847579604,0.31662712346967825,0.09251094960773937,0.5970041970186696,0.6926442851754055,0.4781389602688278,0.8830429165066174,0.9211411457533405,0.1224366226357973,0.5306420699568759
69,0.5920792079207919,0.401,0.28595560855194346,0.32928252823384263,0.4312075853106801,0.40823484007911626,0.5424896265560166,0.5208870330104763,0.722072842825715,0.7177929657502687,0.3615258369317549,0.5213769525634883
70,0.6346534653465346,0.9590000000000001,0.6021976067946948,0.80844642687672,0.30689704962217845,0.9344059047710938,0.7359901923802339,0.3138219015615734,0.7251632503404687,0.6849293503302104,0.4015785252579976,0.44164829899377095
71,0.23102310231023088,0.7384999999999999,0.6119461528806326,0.6758849767486002,0.4442412282812726,0.8239519513724735,0.25779328555262165,0.15295018778414704,0.8676711946083738,0.8607625556750115,0.18964079521131105,0.4638620028749401
72,0.6033003300330032,0.5685,0.4166091376929836,0.3709404953971718,0.5179125956586611,0.5095745091417822,0.6558117691437193,0.5001556631745404,0.6681286447602752,0.4823299032406696,0.6161666055864499,0.3645807379012937
73,0.6568646864686467,0.576,0.3247092171875654,0.4765065958052576,0.33033642970592486,0.5465502436200492,0.7012372689551113,0.3938278315872702,0.7845235185249853,0.7154277376747042,0.3461814241782056,0.4455965500718735
74,0.5930693069306929,0.4365,0.6947041964771349,0.6197921609566289,0.8155027193531309,0.4515220222876164,0.5593247831007166,0.5588307966001186,0.8470719698292419,0.658420365535248,0.4154145222199207,0.32460469573550543
75,0.7132013201320131,0.5135,0.601209154428685,0.4764401632343171,0.7565866101939644,0.46622606010902606,0.7274122972463222,0.3872356196876853,0.9247232601180292,0.7014245123636922,0.3626624600986844,0.27888835649257304
76,0.5188118811881187,0.3,0.40139533910715036,0.32025244376957385,0.5605544592578332,0.3840223840995707,0.3722029422859298,0.6441440996244316,0.6290959248524637,0.5859265089847949,0.5058419243986255,0.5310570196454241
77,0.6531683168316831,0.4568,0.5106475670474039,0.45835152320394795,0.5599802666409973,0.526460031839452,0.5120633723123349,0.5522746590235224,0.7587666305828126,0.5580863154661342,0.5288272067220107,0.3746813608049832
78,0.5574257425742573,0.3275,0.5301713317434417,0.39269241719654546,0.7294652741011696,0.3689082927299918,0.44710298000754434,0.6672118995848981,0.49140622271886025,0.37142911995085237,0.7551108207587757,0.4926075706756109
79,0.5795379537953794,0.0,0.19033722438391704,0.010202144823004633,0.6212253934639265,0.06312894978050076,0.36806865333836286,0.8261563550108717,0.39047386248559557,0.45710720319459375,0.6564901713964,0.7103162434115956
80,0.554125412541254,0.54815,0.6080446424835781,0.6269621334345639,0.5570140058718775,0.6478363645134836,0.3881629573745756,0.6682644791460762,0.8440129901875197,0.6237037321455997,0.4619741126106747,0.3358505031145185
81,0.6833663366336633,0.5755,0.6090069453160956,0.7475277593242857,0.5008966645810271,0.6506729702349366,0.5161863447755564,0.9806285827238583,0.44643293641093695,0.20799416372293045,0.9628950960552802,0.3679060852898898
82,0.624092409240924,0.6825,0.5418915526547007,0.8912830976558792,0.31093516869615445,0.7697573447826718,0.5057374575631837,0.7260031626803716,0.4447428152390265,0.2933996313930272,0.8511023651322254,0.48705558217537137
83,0.757095709570957,0.8395,0.45966172963474333,0.8593290310335009,0.014535303460557314,0.9872642192098028,0.5374877404752924,0.7462640838110298,0.7646960226280687,0.7671863001075103,0.3191467890395535,0.5148251078102539
84,0.8346534653465345,0.4598,0.6413800677795909,0.5783334915061212,0.7759830581893441,0.4249987939601525,0.8521689928328933,0.30717533109310136,0.6292439850543005,0.5823510213484872,0.5052151882598512,0.5062903689506468
85,0.9013201320132012,0.3775,0.5503273921593239,0.5173393755338331,0.7466381094479473,0.3292778233392831,0.8872727272727272,0.5131943071753311,0.49724482313091456,0.430959146060513,0.6735395189003437,0.5509516051748922
86,0.6965016501650164,0.1845,0.3951037613488976,0.4412309006358546,0.6719016219858498,0.21491147667518934,0.5632968691059977,0.6822296896619885,0.7088382162936062,0.5369912455843956,0.5468272810805357,0.4186583612841399
87,0.674125412541254,0.54175,0.7888477469561943,0.9999999999999999,0.7008615295759735,0.5878720632929713,0.7046774801961524,0.23109310140343936,0.8376470999057165,0.7686876055905391,0.2653961981548464,0.4534547196933397
88,0.4999999999999999,0.5434,0.27366532781055186,0.22044225111511812,0.33309909996630893,0.5617555116021034,0.43489249339871744,0.6373986953943467,0.5412019415441562,0.49292351405314083,0.6056661196003761,0.5543445136559655
89,0.721122112211221,0.599,0.39904188109284133,0.5352068900066432,0.4367040477451028,0.5373944715133389,0.7736816295737458,0.4934636291757264,0.884558438383909,0.8213216095837812,0.21618678861464763,0.47022999520843317
90,0.8762376237623761,0.52255,0.34253796912263085,0.5337581854417766,0.3883188140732541,0.47966472092237933,0.8415164089023011,0.6685263886143507,0.6782588958340608,0.6063408078636154,0.4746649882885324,0.49316962146621945
91,0.8168316831683167,0.4075,0.2008964060081168,0.45702761696877664,0.23239639986523564,0.44724299290848574,0.682817804602037,0.6522632931409369,0.6741187973600588,0.6912647826754722,0.37850613723396914,0.600402491614758
92,0.582178217821782,0.7905,0.6102150537634409,0.7053383315934325,0.4401982961929056,0.7851078199623716,0.7035043379856658,0.06960367661593198,0.39702133603380246,0.7020273383504838,0.3727964647832715,0.8645951126018208
93,0.5082508250825082,0.7885,0.5719373666373792,0.6204422511151181,0.4227174279251095,0.7814559313039704,0.6295877027536778,0.11192923502668506,0.15668540699095573,0.6058931039778835,0.5100670820121417,1.0
94,0.6313531353135312,0.4593,0.28099765700179913,0.5273046407895985,0.2610482745343409,0.5275536687732163,0.5128592983779705,0.5826991500296501,0.7108007123651221,0.6604400245737981,0.4135768043892776,0.5054504072831816
95,0.7419141914191418,0.53575,0.49438883310321746,0.47199867134858114,0.553863887953025,0.5365627864344639,0.6349581290079215,0.7805346906503261,0.6015015539337222,0.5044309629857164,0.6212123626359035,0.43747005270723527
96,0.421122112211221,0.08100000000000002,0.12928852349274095,0.06914681598177852,0.557422149492227,0.07551739109460182,0.38432289701999245,0.6120725439810238,0.5785417466913434,0.559299646751651,0.5272550550518651,0.5695975083852419
97,0.6079207920792078,0.22649999999999998,0.43998420568177066,0.385408560311284,0.6355392982625019,0.3105166674706933,0.43937004903809884,0.7282812808855504,0.5998673045360897,0.6316414529258179,0.44569437583985305,0.6084619070436033
98,0.6768646864686467,0.3665,0.3391019204217397,0.31613362437126313,0.542909948500746,0.3350812870857254,0.6766503206337231,0.5152110100810436,0.7207982679749975,0.6327253878052527,0.4388475490899048,0.45982750359367514
99,0.6145214521452144,0.4195,0.49374869252332537,0.5445743570276169,0.5829474900129952,0.4598147522794154,0.5122519803847605,0.6569776635698754,0.4776093864580787,0.4465366303179235,0.6824890985091117,0.5448921897460469
100,0.8557755775577557,0.5242,0.5245157106397222,0.626321533643352,0.5813976993791212,0.4850629552800425,0.8413202565069785,0.5914113461158331,0.8501344414568566,0.6628244509291967,0.3966336833495329,0.36440824149496887
101,0.8580858085808579,0.33999999999999997,0.6142211622944647,0.447091202429534,0.8836309380565048,0.28330358435042696,0.8267634854771784,0.6844929828029254,0.761364668086741,0.61619537321456,0.45645458553089335,0.42638715860086246
102,0.7594059405940593,0.727,0.32184322831680684,0.4236357597039005,0.22907060692111475,0.6998118577837813,0.7603244058845718,0.4573107333465111,0.8468275308167756,0.7677353709107664,0.2738040227961993,0.46724484906564445
103,0.5108910891089108,0.6719999999999999,0.1504748755282206,0.16752870836101358,0.12962410357606974,0.6527473587727339,0.5332742361373066,0.45560881597153585,0.9584628278101758,0.9132544923974811,0.11195738194256338,0.4539195016770484
104,0.5227722772277227,0.4165,0.3024873436257897,0.5434862864192843,0.31819319439765126,0.4991972598774664,0.38655224443606184,0.670853923700336,0.3565317596116912,0.5566541237905084,0.5723906796900312,0.7705414470531864
105,0.6273927392739272,0.354,0.4441649930965232,0.4172060358735883,0.6014005871877557,0.3803704954411694,0.5577480196152396,0.5469979244910061,0.3643607919824004,0.47511518967900473,0.651800273002013,0.6717393387637758
106,0.4999999999999999,0.8160000000000001,0.6147232333375172,0.6753724969156305,0.41721133946190503,0.8493077331275026,0.5345190494153149,0.23719114449495943,0.7916995495338199,0.6192644371064352,0.44625737610010785,0.373445136559655
107,0.7518151815181517,0.6595,0.393644617380026,0.590694694884692,0.20532319391634984,0.7410342997732646,0.6773368540173519,0.140289582921526,0.5189021196354368,0.6156739440946091,0.4697858474481748,0.6547963584091998
108,0.44587458745874575,0.48160000000000003,0.3797278356554119,0.5913210591249881,0.3338643692544641,0.5806840658015342,0.369260656356092,0.2879373393951373,0.5054160701190767,0.5288050990631239,0.5805488721405164,0.5907810253953043
109,0.0,0.313,0.45686216057905527,0.6243427920660529,0.5607869278529143,0.4181002460321289,0.06110901546586189,0.029487052777228684,0.4835806823340434,0.3731800030717248,0.7489018839263426,0.4539722089123143
110,0.529042904290429,0.27049999999999996,0.3539757750721727,0.5817073170731707,0.41939644799537956,0.3864489362728545,0.35491135420596,0.7592953152796995,0.44065020777316066,0.5732375979112271,0.5481604232062334,0.6903449928126497
111,0.1188118811881187,0.0,0.4299480147274173,0.2666033975514852,0.8242190884150744,0.10988470259057359,0.0,0.7225143308954338,0.5976638614379999,0.6469966211027491,0.45174291071134554,0.5887781504551989
112,0.7640264026402639,0.6675,0.44378634785155435,0.3817168074404479,0.4775092650527025,0.6230305369289402,0.7319577517917767,0.5182496540818343,0.7888710409609946,0.7043349715865458,0.3800304869952252,0.4074221370388117
113,0.8343234323432343,0.4065,0.5681143048408016,0.40125747366423076,0.7894931895846369,0.3599208837860003,0.8435646925688419,0.2746985570270804,0.5972099032719909,0.6808593150053754,0.400659666342676,0.6249496885481552
114,0.5749174917491748,0.5775,0.8638341491987782,0.635275695169403,0.9582759782451749,0.5576733079260939,0.5873511882308563,0.6351996441984582,0.7077068128644761,0.7632391337736139,0.32391635728208973,0.5498792525155726
115,0.5386138613861385,0.5805,1.0,0.8277308531840182,0.9835539298262501,0.6498721597761591,0.4632478310071671,0.5710120577189167,0.7707441421936656,0.6374619874059284,0.44231000069047205,0.4292189746046957
116,0.819141914191419,0.673,0.3746757457846952,0.618548922843314,0.24508831881407334,0.6644218244970814,0.7949226706903055,0.6268926665348883,0.9757970457799352,1.0,0.0,0.5300608528988979
117,0.9026402640264025,0.2345,0.4330775908957784,0.35055993166935556,0.7548394859700631,0.1919870712528342,0.8620294228592984,0.4223364301245305,0.6948807486817754,0.7011135002303793,0.35522129628154264,0.5652697652132247
118,0.689075907590759,0.3805,0.5314788084180578,0.5164866660339754,0.7287625740000963,0.34854069178445657,0.7246435307431158,0.3527525202609211,0.8138631839927367,0.8742781446782368,0.1342808733939887,0.6447819837086728
119,0.32673267326732663,0.5565,0.5144962553868039,0.6919521685489227,0.4707445733262743,0.6020599160596267,0.3966276876650321,0.17398695394346708,0.6628309529629501,0.6987213945630472,0.3548017017479565,0.6213560134163871
120,0.7069306930693068,1.0,0.34728149449813817,0.5747413874916959,0.0,0.989869265280525,0.7259222934741607,0.49945641431112864,0.0,0.33484487789894024,0.8426095593195133,0.9309678965021562
121,0.8026402640264025,0.7605,0.2975555416091377,0.5867372117300939,0.06465803532752568,0.8059530126875393,0.6937344398340248,0.46640739276536863,0.3890037364249049,0.15066810013822762,1.0,0.39935313847628173
122,0.8603960396039603,0.15500000000000003,0.4777212250533451,0.3779728575495871,0.8508446840256052,0.10622798977278208,0.8719803847604677,0.29966396521051586,0.5618395781681043,0.5260827829826448,0.5821104011642421,0.4875289889793962
123,0.39702970297029694,0.383,0.3963641688632275,0.3940637752681029,0.47429369013813355,0.4855622557769309,0.3074311580535647,0.2531873888120182,0.7565073157104446,0.689732759944709,0.37820870313421184,0.48083181600383323
124,0.6889768976897689,0.53325,0.740115476339902,0.678214861915156,0.7884439524474178,0.5275218293212408,0.7063183704262542,0.4306038742834552,0.41889862764954433,0.5954139149132237,0.5019057027677306,0.7344321993291807
125,0.6346534653465346,0.379,0.48685410652273964,0.6036964980544747,0.5908552726572652,0.40534516860437075,0.5757299132402867,0.6436400474402055,0.5559311380382024,0.6301105820918446,0.4657017585791149,0.6224724484906564
126,0.6414521452145213,0.443,0.39268231454750846,0.2606814083705039,0.5796842662559561,0.4237927541125959,0.6138675971331573,0.44204882387823674,0.5777839857526976,0.6474631393027185,0.45109014908884254,0.6061427886919023
127,0.5636963696369636,0.591,0.5161823773063888,0.4646673626269336,0.5629166867208933,0.5771334844903276,0.5632478310071671,0.5856048626210713,0.7276390683381639,0.6439179849485486,0.4416938871981177,0.4576856732151413
128,0.6515841584158415,0.373,0.4788749947700933,0.4284853373825567,0.5757712855561439,0.4352839017801149,0.5621501320256507,0.4525103775449693,0.8252016621852849,0.768557057287667,0.2700329833171338,0.5037355055103019
129,0.6614191419141913,0.47995,0.3513137525626543,0.3054474708171206,0.46990903402801176,0.4710632447296059,0.6250033195020747,0.45513935560387425,0.6421611900687921,0.5481416065120565,0.5455525635101474,0.47675946334451363
130,0.8056105610561055,0.7195,0.6591931299945609,0.7809528328746321,0.5001703807094383,0.7183414540016403,0.8376273104488872,0.3979541411346116,0.5506826832419598,0.5719858700660421,0.511787419599845,0.6037422137038811
131,0.8214521452145214,0.20450000000000002,0.6092056817706373,0.39956818828888674,1.0,0.1506536735973757,0.8314334213504337,0.3081340185807471,0.35272549498900024,0.5265051451389955,0.5894825177796545,0.7423957834211787
132,0.7075907590759075,0.4744,0.8462930421321284,0.8772420992692416,0.8562689512441642,0.5332283274639394,0.6244088268577895,0.5336919351650523,0.742459056465412,0.8050721855321763,0.25122558783069626,0.5910637278390034
133,0.5409240924092408,0.6779999999999999,0.38194008618886244,0.5122601309670684,0.2865379987486163,0.7049254667374211,0.48910599773670316,0.5922761415299466,0.8831441840974963,0.7064237444324988,0.36077694035915175,0.35496885481552465
134,0.8620462046204619,0.4775,0.3766631103301117,0.5194101736737211,0.3370313327236849,0.5380380143759951,0.7337080347038853,0.5142374975291559,0.75174075496735,0.8067424358777453,0.23632201490357296,0.599985625299473
135,0.728052805280528,0.5051,0.40861784025772985,0.5381118914301983,0.4250565529190933,0.5151312171354142,0.6713164843455299,0.6269964419845819,0.6697122603624682,0.610394332667793,0.49379796788773994,0.45250119789171056
136,0.7075907590759075,0.4744,0.8462930421321284,0.8772420992692416,0.8562689512441642,0.5332283274639394,0.6244088268577895,0.5336919351650523,0.742459056465412,0.8050721855321763,0.25122558783069626,0.5910637278390034
137,0.5409240924092408,0.6779999999999999,0.38194008618886244,0.5122601309670684,0.2865379987486163,0.7049254667374211,0.48910599773670316,0.5922761415299466,0.8831441840974963,0.7064237444324988,0.36077694035915175,0.35496885481552465
138,0.8620462046204619,0.4775,0.3766631103301117,0.5194101736737211,0.3370313327236849,0.5380380143759951,0.7337080347038853,0.5142374975291559,0.75174075496735,0.8067424358777453,0.23632201490357296,0.599985625299473
139,0.728052805280528,0.5051,0.40861784025772985,0.5381118914301983,0.4250565529190933,0.5151312171354142,0.6713164843455299,0.6269964419845819,0.6697122603624682,0.610394332667793,0.49379796788773994,0.45250119789171056
140,0.7993399339933992,0.4365,0.5640454374293963,0.6602258707411977,0.5811522356451846,0.48921800376284436,0.6553202565069784,0.7516307570666139,0.5888954848622412,0.4587160190446936,0.6443697318312912,0.48347149017728797
141,0.9079207920792078,0.652,0.4103593991883185,0.5587681503274176,0.335255330413438,0.6216990689372378,0.9189626556016597,0.44248369242933383,0.7366902957712052,0.7188066349255107,0.32575407511273285,0.5493406804024916
142,0.5158415841584157,0.469,0.28842412451361865,0.40082566195311753,0.32545603311353904,0.5193220608808916,0.4684270086759713,0.30967088357382877,0.5543283165136014,0.6445066042082629,0.4435926852456753,0.6382414949688549
143,0.632013201320132,0.72,0.40532822894439563,0.6099269241719654,0.21650382634644083,0.7606203868975832,0.6085001886080724,0.4362769322000395,0.7294863288752315,0.6166861849178313,0.4569124215915912,0.4368615237182559
144,0.7788778877887788,0.444,0.5164956487176269,0.7828034544936888,0.5292453193435048,0.47580587582613737,0.691161825726141,0.6461059497924491,0.5232985298739393,0.6642758408846567,0.4210333710437282,0.7244513655965501
145,0.6701059405940593,0.32,0.5136950336805991,0.7042137230710828,0.6124705202868557,0.36044671715953497,0.609617880045266,0.5886192923502668,0.6451838530572337,0.6068522500383965,0.4815229688172215,0.5062654528030666
146,0.5188118811881187,0.38,0.3007300949751056,0.3771614311473853,0.3637580016364249,0.46572917169183276,0.39121463598642015,0.5391663372207945,0.37243426336557606,0.2767240055291046,0.8625748232657202,0.5310191662673694
147,0.6006600660066006,0.549,0.32082339651060626,0.5248621524152984,0.288381383260336,0.566033093733417,0.5802565069784986,0.5295127495552481,0.507863952229633,0.3259407157118722,0.7949351221869905,0.4254815524676569
148,0.9112211221122111,0.737,0.5648508430609598,0.5223900540950934,0.5032242383404727,0.7059867818032708,0.8724933987174651,0.45781824471239374,0.6397576561790691,0.7030678851174934,0.37077816196349,0.6141399137517969
149,0.6132013201320131,0.6755,0.5353646290950169,0.6966831166366138,0.4190450979448429,0.6931448695064886,0.5854703885326292,0.6809893259537457,0.7337255997485771,0.6505137459683612,0.4337635505133394,0.4461715380929564
150,0.7656765676567656,0.49215,0.08651311660599975,0.4154171016418335,0.04166145256774323,0.5271667711901202,0.7121689928328933,0.2757560782763392,0.7313196214687293,0.7689870987559514,0.2782389776765086,0.5861619549592717
151,0.9128712871287128,0.32999999999999996,0.36666875862934606,0.5487131061972098,0.4914058815035857,0.3303150176081818,0.8469143719351189,0.47680025696778017,0.600527289869749,0.5330786361542006,0.565655921859813,0.4793392429324389
152,0.523102310231023,0.10599999999999998,0.4819973013681436,0.2754341843029325,0.8380805698609038,0.1580056925080805,0.4399132402866842,0.4686533899980233,0.49078115724412474,0.47605590539087694,0.6195817864104485,0.603497843794921
153,0.5706270627062705,0.433,0.32178046943642524,0.27758849767485994,0.49071232612985516,0.39092093202759426,0.63831648434553,0.4032516307570666,0.7219261794182352,0.6981032099523883,0.3609787706411299,0.5118524197412554
154,0.6603960396039603,0.572,0.7415903100288691,0.8253250450792444,0.7214997352842085,0.5959862993873318,0.6215241418332704,0.4508450286617908,0.7261235464608724,0.46853401935186606,0.6267626953903026,0.2961907043603258
155,0.7112211221122111,0.447,0.632442157231915,0.6154930245800512,0.7041006882610579,0.4811848135462396,0.6625235760090532,0.3208983988930618,0.5177113524461361,0.44564583013362,0.6683184881849615,0.4885591758505031
156,0.7085808580858085,0.866,0.667357014350864,0.7353516181076207,0.42339606295422827,0.8811954266968982,0.7964390795926065,0.4363214073927653,0.9400949820162727,0.9503417293810474,0.19302941941925994,0.5396181121226641
157,0.6709702970297029,0.4465,0.3055102296975022,0.3757236405048875,0.4401838571497329,0.42675961213758506,0.6442534892493399,0.5660802530144297,0.34263714774592313,0.5774727384426355,0.5331293785220712,0.8283996166746527
158,0.5003300330033003,0.50189,0.5379952721643446,0.5442849008256619,0.5651220099148097,0.5528168266679532,0.3962655601659751,0.6023967187191144,1.0,0.7115266472124098,0.3799242605310261,0.11199329180642065
159,0.6473267326732672,0.5016,0.6558407598008451,0.6661288791876245,0.6987052991288444,0.5264397703700131,0.5235835533760845,0.7351798774461356,0.31217306282082624,0.0,1.0,0.0
160,0.6740264026402639,0.22699999999999998,0.21620957282122089,0.5983154598082945,0.35069066756509604,0.304370688407545,0.4481667295360241,0.5914953548132041,0.5311939099766038,0.6090696513592382,0.4765127976332744,0.727412553905127
161,0.45511551155115504,0.385,0.5887933559265303,0.9999999999999999,0.4950141983924532,0.5158412851560616,0.31359109769898147,0.45121071357975884,0.39439536264273495,0.5939721240976809,0.496293227531775,0.9272208912314328
162,0.5666666666666665,0.49817,0.5218552571022133,0.5595212109708645,0.5411195071473264,0.5371508514641324,0.49362127499056957,0.5908628187388811,0.6095889932604672,0.46533558593150054,0.5955905394710985,0.32525634882606613
163,0.7702970297029702,0.365,0.4255392033806117,0.4000806681218563,0.7437984309573086,0.22141444353321438,1.0,0.0,0.6661647518944024,0.7490016894486253,0.35513631511018345,0.6146669861044561
164,0.7574257425742573,0.3835,0.362333165976319,0.31336718230995536,0.5572368484381769,0.3660282695740268,0.668483591097699,0.6634809250840087,0.7699828892691274,0.606975119029335,0.4735314456890646,0.29465261140392907
165,0.6056105610561056,0.6895,0.4275140161499519,0.5828319255955204,0.3057082350676229,0.7124366829080033,0.6676952093549604,0.3836183040126507,0.8866082341027344,1.0,0.14185482029137925,0.7897077144226162
166,0.7062706270627062,0.5217,0.2637964938705494,0.298044984340894,0.37422149492226986,0.4924651454484057,0.7401056205205583,0.24116920339988135,0.5451339176589727,0.46559284288127784,0.602957344763301,0.34545280306660275
167,0.6473267326732672,0.5016,0.6558407598008451,0.6661288791876245,0.6987052991288444,0.5264397703700131,0.5235835533760845,0.7351798774461356,0.31217306282082624,0.0,1.0,0.0
168,0.7062706270627062,0.5217,0.2637964938705494,0.298044984340894,0.37422149492226986,0.4924651454484057,0.7401056205205583,0.24116920339988135,0.5451339176589727,0.46559284288127784,0.602957344763301,0.34545280306660275
169,0.45940594059405926,0.6885,0.11283523701937159,0.2848486286419284,0.04964624344226792,0.6919725987746635,0.5296869105997737,0.4339988139948606,0.540681635646192,0.5593188450314852,0.521705784562108,0.534304743651174
170,0.8495049504950494,0.6975,0.5022336931509142,0.44895605959950646,0.38035327525629303,0.7532442471899272,0.694134288947567,0.803765566317454,0.8246918322449979,0.5400629703578559,0.5286466217328724,0.1328749401054144
171,0.6217821782178217,0.4475,0.6185044558805071,0.7263072980924361,0.6215767435144631,0.49192725167639545,0.5931437193511883,0.3683484878434473,0.7352550895694382,0.6893910305636615,0.4013342043903398,0.4720220412074748
172,0.8495049504950494,0.605,0.6466570436383415,0.4612128689380278,0.700611252827646,0.5563292971199769,0.914541682384006,0.3962937339395137,0.732548800502846,0.759960067577945,0.3512962284293887,0.583646382367034
173,0.5079207920792078,0.5725,0.3399700849336848,0.5985337382556705,0.23849448909852244,0.6583047903902746,0.429260656356092,0.4435263886143506,0.6854806718580857,0.6506020580555982,0.44022105727199823,0.5057513176808817
174,0.5732673267326731,0.378,0.5271170662315384,0.5040115782480782,0.6813640082783847,0.396053837618795,0.5025763862693323,0.4172909665941885,0.7145371372699655,0.658312855168177,0.42210413380285433,0.5223630570196455
175,0.8207920792079206,0.45755,0.6178977867034852,0.4140362532029989,0.7882177407710449,0.4054657725891264,0.8522595247076574,0.3977268234829017,0.8273666934385586,0.7235716479803409,0.36809063241925466,0.42604216578821275
176,0.7429042904290428,0.05149999999999999,0.46113237939835156,0.1704944481351428,0.9667902007027,0.0,0.6639192757450019,0.3408727021150425,0.7690540210217551,0.9961910612809092,0.14673061499811452,1.0
177,0.48844884488448836,0.638,0.3341073595247061,0.579192369744709,0.14473696876353664,0.76972357566694,0.30191625801584304,0.723285234236015,0.7220064950937599,0.6104814928582398,0.47007520833665295,0.47269765213224724
178,0.4112211221122111,0.6275,0.11039810049788712,0.3835199772231185,0.10558309669345917,0.6191326161416374,0.422840437570728,0.7620824273571851,0.5449278904913224,0.6237206266318538,0.4577590465112574,0.8389746046957356
179,0.7686468646864686,0.41000000000000003,0.4941942805740346,0.09888488184492739,0.7787457284497281,0.343026677601428,0.6898906073179932,0.8582970942874086,0.6165282676257988,0.45817462755337124,0.5999670697960984,0.3343747005270723
180,0.5452145214521451,0.2385,0.5896667503451738,0.40989370788649515,0.8256918708186938,0.2801341116310483,0.4315616748396831,0.37828128088555046,0.5359185668889899,0.601014821072032,0.47289950445354456,0.7489362721609967
181,0.795049504950495,0.4767,0.412493201121292,0.49513239062351705,0.46583722385329934,0.49547783298760195,0.6694832138815541,0.7510575212492587,0.4267660718650697,0.5230033788972508,0.5611200518385145,0.7559319597508385
