,f1,f2,f3,f4,f5,f6,f7
0,1.0,0.6175710594315246,0.16129032258064518,0.5361497022965693,0.23809523809523803,0.0,0.0
1,1.0,0.7286821705426357,0.3548387096774194,0.5897363198185427,0.20833333333333337,0.0,0.0
2,1.0,0.6459948320413437,0.2903225806451613,0.5168698610717324,0.1785714285714286,0.0,0.0
3,1.0,0.6098191214470284,0.2903225806451613,0.5160192798412249,0.23809523809523803,0.0,0.0
4,1.0,0.6046511627906976,0.23655913978494625,0.5205557130705982,0.14880952380952384,0.0,0.0
5,1.0,0.9328165374677002,0.4301075268817205,0.7734618656081657,0.11904761904761907,0.0,0.0
6,1.0,0.9974160206718348,0.4838709677419355,0.7771477176070315,0.059523809523809534,0.0,0.0
7,1.0,0.9612403100775193,0.4731182795698925,0.7652395803799262,0.029761904761904767,0.0,0.0
8,1.0,1.0,0.49462365591397855,0.797278140062376,0.11904761904761907,0.0,0.0
9,1.0,0.8320413436692506,0.40860215053763443,0.6342500708817692,0.029761904761904767,0.0,0.0
10,1.0,0.813953488372093,0.37634408602150543,0.5528777998298838,0.11904761904761907,0.0,0.0
11,1.0,0.702842377260982,0.34408602150537637,0.5659200453643324,0.0,0.0,0.0
12,1.0,0.8578811369509045,0.2903225806451613,0.6090161610433796,0.0892857142857143,0.0,0.0
13,1.0,1.0,0.49462365591397855,0.4176353841791891,0.11904761904761907,0.0,0.0
14,0.19999999999999996,0.11627906976744184,0.956989247311828,0.21519705131840094,0.41666666666666663,0.0,1.0
15,0.6000000000000001,0.3359173126614987,0.956989247311828,0.3459030337397222,0.4464285714285714,0.0,0.0
16,0.6000000000000001,0.33850129198966405,0.9784946236559141,0.3291749362064077,0.4464285714285714,0.0,0.0
17,0.6000000000000001,0.3410852713178295,0.8494623655913979,0.2761553728381061,0.47619047619047616,0.0,0.0
18,0.19999999999999996,0.07493540051679587,0.881720430107527,0.14658349872412813,0.38690476190476186,0.0,1.0
19,0.19999999999999996,0.07493540051679587,0.5161290322580645,0.06294301105755595,0.744047619047619,0.0,0.5
20,0.19999999999999996,0.10852713178294571,0.870967741935484,0.3002551743691523,0.5654761904761904,0.0,0.5
21,0.19999999999999996,0.10077519379844962,0.903225806451613,0.23164162177487946,0.38690476190476186,0.0,0.5
22,0.19999999999999996,0.09302325581395349,0.956989247311828,0.21604763254890846,0.5654761904761904,0.0,0.5
23,0.19999999999999996,0.13695090439276486,0.08602150537634409,0.1760703147150553,0.2678571428571428,0.0,0.5
24,0.6000000000000001,0.33850129198966405,0.903225806451613,0.2934505245250921,0.41666666666666663,0.0,0.0
25,1.0,0.7545219638242894,0.4731182795698925,0.8511482846611852,0.3571428571428571,0.0,0.0
26,1.0,0.6175710594315246,0.4408602150537635,0.7833853132974199,0.41666666666666663,0.0,0.0
27,1.0,0.6459948320413437,0.4623655913978495,0.7850864757584349,0.32738095238095233,0.0,0.0
28,1.0,0.6098191214470284,0.41935483870967744,0.8843209526509782,0.6249999999999999,0.0,0.0
29,0.19999999999999996,0.07493540051679587,0.881720430107527,0.14658349872412813,0.38690476190476186,0.08333333333333304,1.0
30,0.19999999999999996,0.18604651162790697,0.903225806451613,0.18457612702013038,0.4464285714285714,0.08333333333333304,0.0
31,0.19999999999999996,0.11627906976744184,0.956989247311828,0.17436915225404026,0.3571428571428571,0.08333333333333304,1.0
32,0.19999999999999996,0.07751937984496121,1.0,0.12276722426991782,0.6547619047619048,0.08333333333333304,0.0
33,0.6000000000000001,0.42377260981912146,0.0,0.2894811454493904,0.29761904761904756,0.08333333333333304,0.0
34,0.6000000000000001,0.40568475452196384,0.03225806451612903,0.5177204423022399,0.4464285714285714,0.08333333333333304,0.0
35,0.6000000000000001,0.4702842377260982,0.0,0.4865324638502977,0.4464285714285714,0.08333333333333304,0.0
36,0.6000000000000001,0.4702842377260982,0.881720430107527,0.47887723277573013,0.4464285714285714,0.08333333333333304,0.0
37,0.6000000000000001,0.42377260981912146,0.0,0.4749078537000283,0.4464285714285714,0.08333333333333304,0.0
38,1.0,0.7286821705426357,0.3548387096774194,0.736036291465835,0.23809523809523803,0.08333333333333304,0.0
39,1.0,0.8578811369509045,0.38709677419354843,0.8083356960589737,0.20833333333333337,0.08333333333333304,0.0
40,1.0,0.7312661498708011,0.3118279569892473,0.7204423022398639,0.32738095238095233,0.08333333333333304,0.0
41,1.0,0.6459948320413437,0.2903225806451613,0.7039977317833853,0.29761904761904756,0.08333333333333304,0.0
42,1.0,0.813953488372093,0.39784946236559143,0.9475474907853699,0.20833333333333337,0.08333333333333304,0.0
43,1.0,0.8578811369509045,0.37634408602150543,0.8882903317266798,0.23809523809523803,0.08333333333333304,0.0
44,1.0,0.8578811369509045,0.38709677419354843,1.0,0.23809523809523803,0.08333333333333304,0.0
45,0.6000000000000001,0.49095607235142125,0.06451612903225806,0.3824780266515452,0.32738095238095233,0.08333333333333304,0.0
46,0.19999999999999996,0.18604651162790697,0.7204301075268817,0.22540402608449106,0.6547619047619048,0.08333333333333304,0.0
47,0.6000000000000001,0.4702842377260982,0.0,0.4732066912390134,0.41666666666666663,0.08333333333333304,0.0
48,0.6000000000000001,0.4702842377260982,0.881720430107527,0.43266231925148857,0.38690476190476186,0.08333333333333304,0.0
49,0.19999999999999996,0.1395348837209302,0.860215053763441,0.17210093563935358,0.3571428571428571,0.08333333333333304,0.0
50,0.19999999999999996,0.12403100775193798,0.903225806451613,0.14459880918627732,0.3571428571428571,0.08333333333333304,0.5
51,0.19999999999999996,0.028423772609819126,0.6989247311827957,0.13070598242132125,0.6845238095238094,0.08333333333333304,0.5
52,0.19999999999999996,0.051679586563307484,0.7526881720430109,0.1281542387297987,0.38690476190476186,0.08333333333333304,0.5
53,0.19999999999999996,0.00775193798449611,0.6451612903225807,0.045364332293734044,0.6547619047619048,0.08333333333333304,1.0
54,0.19999999999999996,0.01033591731266148,0.6881720430107527,0.0,0.5952380952380952,0.08333333333333304,1.0
55,0.19999999999999996,0.07493540051679587,0.5913978494623656,0.06265948398072019,0.6547619047619048,0.08333333333333304,0.5
56,0.19999999999999996,0.05943152454780362,0.6989247311827957,0.0969662602778566,0.744047619047619,0.08333333333333304,0.0
57,0.19999999999999996,0.11627906976744184,0.956989247311828,0.1885455060958322,0.4464285714285714,0.16666666666666696,1.0
58,0.19999999999999996,0.07622739018087854,0.7956989247311829,0.14544939041678484,0.5357142857142857,0.16666666666666696,0.0
59,0.19999999999999996,0.07493540051679587,0.5698924731182796,0.18174085625177205,0.9226190476190476,0.16666666666666696,0.5
60,0.19999999999999996,0.18604651162790697,0.903225806451613,0.22540402608449106,0.6845238095238094,0.16666666666666696,0.0
61,0.19999999999999996,0.1395348837209302,0.860215053763441,0.17380209810036862,0.5059523809523809,0.16666666666666696,0.0
62,1.0,0.7286821705426357,0.3548387096774194,0.7544655514601645,0.23809523809523803,0.16666666666666696,0.0
63,1.0,0.8578811369509045,0.38709677419354843,0.7859370569889425,0.23809523809523803,0.16666666666666696,0.0
64,1.0,0.6459948320413437,0.2903225806451613,0.7150552877799831,0.32738095238095233,0.16666666666666696,0.0
65,1.0,0.7312661498708011,0.3118279569892473,0.713354125318968,0.29761904761904756,0.16666666666666696,0.0
66,1.0,0.6098191214470284,0.2903225806451613,0.58378225120499,0.20833333333333337,0.16666666666666696,0.0
67,1.0,0.9328165374677002,0.4516129032258065,0.8562517720442303,0.1785714285714286,0.16666666666666696,0.0
68,1.0,0.7286821705426357,0.32258064516129037,0.8191097249787355,0.32738095238095233,0.16666666666666696,0.0
69,1.0,0.7286821705426357,0.34408602150537637,0.8060674794442869,0.32738095238095233,0.16666666666666696,0.0
70,1.0,0.8578811369509045,0.40860215053763443,0.7964275588318684,0.2678571428571428,0.16666666666666696,0.0
71,0.0,0.00516795865633074,0.9784946236559141,0.20328891409129568,0.32738095238095233,0.16666666666666696,1.0
72,1.0,0.6098191214470284,0.2903225806451613,0.6461582081088745,0.2678571428571428,0.16666666666666696,0.0
73,1.0,0.6175710594315246,0.16129032258064518,0.7045647859370571,0.3571428571428571,0.16666666666666696,0.0
74,1.0,0.6046511627906976,0.23655913978494625,0.7601360929968811,0.47619047619047616,0.16666666666666696,0.0
75,1.0,0.6459948320413437,0.2903225806451613,0.6986107173235044,0.3571428571428571,0.16666666666666696,0.0
76,0.19999999999999996,0.13695090439276486,0.07526881720430108,0.374255741423306,0.38690476190476186,0.16666666666666696,0.5
77,0.19999999999999996,0.13695090439276486,0.7526881720430109,0.25460731499858236,0.5952380952380952,0.16666666666666696,0.5
78,0.19999999999999996,0.13436692506459946,0.870967741935484,0.3872979869577545,0.6845238095238094,0.16666666666666696,0.5
79,0.19999999999999996,0.07235142118863047,0.6881720430107527,0.16331159625744263,0.5952380952380952,0.16666666666666696,0.5
80,0.19999999999999996,0.1395348837209302,0.860215053763441,0.22171817408562522,0.47619047619047616,0.16666666666666696,0.0
81,0.19999999999999996,0.07493540051679587,0.924731182795699,0.19138077686419053,0.5357142857142857,0.16666666666666696,1.0
82,0.19999999999999996,0.13436692506459946,0.9784946236559141,0.2531896796144032,0.38690476190476186,0.16666666666666696,1.0
83,0.19999999999999996,0.07751937984496121,0.7956989247311829,0.1562234193365466,0.41666666666666663,0.16666666666666696,0.0
84,0.19999999999999996,0.07493540051679587,0.881720430107527,0.13807768641905305,0.5059523809523809,0.16666666666666696,1.0
85,1.0,0.7286821705426357,0.38709677419354843,0.7051318400907286,0.29761904761904756,0.25,0.0
86,1.0,0.6098191214470284,0.2903225806451613,0.58378225120499,0.20833333333333337,0.25,0.0
87,1.0,0.7286821705426357,0.25806451612903225,0.6733768074851149,0.29761904761904756,0.25,0.0
88,1.0,0.6046511627906976,0.20430107526881722,0.68868726963425,0.38690476190476186,0.25,0.0
89,1.0,0.6459948320413437,0.2903225806451613,0.613552594272753,0.2678571428571428,0.25,0.0
90,1.0,0.9328165374677002,0.4301075268817205,0.9466969095548624,0.20833333333333337,0.25,0.0
91,1.0,0.8578811369509045,0.2903225806451613,0.8083356960589737,0.23809523809523803,0.25,0.0
92,1.0,0.7312661498708011,0.33333333333333337,0.779699461298554,0.29761904761904756,0.25,0.0
93,1.0,0.6459948320413437,0.2903225806451613,0.7439750496172385,0.38690476190476186,0.25,0.0
94,1.0,0.9612403100775193,0.4731182795698925,0.8851715338814857,0.1785714285714286,0.25,0.0
95,1.0,1.0,0.49462365591397855,0.9464133824780266,0.1785714285714286,0.25,0.0
96,1.0,0.7545219638242894,0.38709677419354843,0.62602778565353,0.1785714285714286,0.25,0.0
97,0.6000000000000001,0.40568475452196384,0.03225806451612903,0.42755883186844346,0.5059523809523809,0.25,0.0
98,0.6000000000000001,0.4702842377260982,0.0,0.47207258293167,0.5952380952380952,0.25,0.0
99,0.6000000000000001,0.42377260981912146,0.0,0.37765806634533594,0.47619047619047616,0.25,0.0
100,0.6000000000000001,0.4702842377260982,0.881720430107527,0.3992061241848597,0.5059523809523809,0.25,0.0
101,0.6000000000000001,0.3359173126614987,0.956989247311828,0.36603345619506666,0.47619047619047616,0.25,0.0
102,0.19999999999999996,0.07493540051679587,0.5161290322580645,0.09554862489367733,0.7738095238095238,0.25,0.5
103,1.0,0.8578811369509045,0.2903225806451613,0.9594556280124752,0.3571428571428571,0.25,0.0
104,1.0,0.8578811369509045,0.3655913978494624,0.9336546640204139,0.2678571428571428,0.25,0.0
105,1.0,0.7545219638242894,0.37634408602150543,0.8622058406577827,0.29761904761904756,0.25,0.0
106,1.0,0.7286821705426357,0.39784946236559143,0.818259143748228,0.2678571428571428,0.25,0.0
107,0.6000000000000001,0.42377260981912146,0.0,0.3334278423589453,0.41666666666666663,0.25,0.0
108,0.19999999999999996,0.07493540051679587,0.881720430107527,0.18882903317266797,0.6547619047619048,0.25,1.0
109,0.19999999999999996,0.18604651162790697,0.7204301075268817,0.22341933654664026,0.6845238095238094,0.25,0.0
110,0.19999999999999996,0.10335917312661497,0.946236559139785,0.21718174085625175,0.5059523809523809,0.25,1.0
111,0.0,0.00516795865633074,0.903225806451613,0.1448823362631131,0.32738095238095233,0.25,1.0
112,0.19999999999999996,0.1395348837209302,0.8494623655913979,0.19761837255457892,0.6249999999999999,0.25,0.0
113,0.6000000000000001,0.2248062015503876,0.043010752688172046,0.24354975900198472,0.3571428571428571,0.25,0.0
114,0.19999999999999996,0.07751937984496121,0.903225806451613,0.18485965409696625,0.4464285714285714,0.25,0.5
115,1.0,0.7286821705426357,0.25806451612903225,0.7000283527076835,0.29761904761904756,0.25,0.0
116,1.0,0.8578811369509045,0.5053763440860215,0.7555996597675078,0.0892857142857143,0.25,0.0
117,0.19999999999999996,0.0,0.5376344086021506,0.07201587751630278,0.6845238095238094,0.25,0.5
118,0.19999999999999996,0.12403100775193798,0.7419354838709677,0.15452225687553167,0.4464285714285714,0.25,0.5
119,0.19999999999999996,0.11886304909560724,0.913978494623656,0.2747377374539268,0.3571428571428571,0.25,0.5
120,0.19999999999999996,0.13695090439276486,0.07526881720430108,0.35582648142897644,0.4464285714285714,0.25,0.5
121,1.0,0.6459948320413437,0.2903225806451613,0.5063793592288064,0.1785714285714286,0.25,0.0
122,0.19999999999999996,0.13695090439276486,0.06451612903225806,0.2968528494471222,0.3571428571428571,0.25,0.5
123,0.6000000000000001,0.22739018087855295,0.12903225806451613,0.3385313297419904,0.32738095238095233,0.25,1.0
124,1.0,0.7286821705426357,0.39784946236559143,0.5815140345903035,0.1785714285714286,0.25,0.0
125,0.6000000000000001,0.3359173126614987,0.956989247311828,0.4221718174085626,0.5059523809523809,0.33333333333333304,0.0
126,0.6000000000000001,0.3410852713178295,1.0,0.35781117096682735,0.5357142857142857,0.33333333333333304,0.0
127,0.6000000000000001,0.42377260981912146,0.0,0.36518287496455915,0.47619047619047616,0.33333333333333304,0.0
128,0.6000000000000001,0.4702842377260982,0.0,0.4885171533881486,0.5357142857142857,0.33333333333333304,0.0
129,0.19999999999999996,0.028423772609819126,0.6666666666666667,0.09554862489367733,0.6547619047619048,0.33333333333333304,1.0
130,0.19999999999999996,0.1395348837209302,0.7956989247311829,0.2375956903884321,0.5059523809523809,0.33333333333333304,0.0
131,0.19999999999999996,0.00775193798449611,0.6451612903225807,0.06322653813439183,0.7738095238095238,0.33333333333333304,1.0
132,0.19999999999999996,0.18604651162790697,0.7419354838709677,0.2633966543804933,0.5357142857142857,0.33333333333333304,0.0
133,0.6000000000000001,0.4702842377260982,0.0,0.6146867025800965,0.5357142857142857,0.33333333333333304,0.0
134,0.6000000000000001,0.49095607235142125,0.06451612903225806,0.5724411681315565,0.5952380952380952,0.33333333333333304,0.0
135,0.6000000000000001,0.40568475452196384,0.03225806451612903,0.5670541536716757,0.5059523809523809,0.33333333333333304,0.0
136,1.0,0.6046511627906976,0.23655913978494625,0.7167564502409981,0.3571428571428571,0.33333333333333304,0.0
137,1.0,0.7286821705426357,0.2903225806451613,0.8749645591153955,0.38690476190476186,0.33333333333333304,0.0
138,1.0,0.6459948320413437,0.2903225806451613,0.8063510065211227,0.32738095238095233,0.33333333333333304,0.0
139,1.0,0.6046511627906976,0.23655913978494625,0.8576694074284094,0.47619047619047616,0.33333333333333304,0.0
140,1.0,0.6098191214470284,0.2903225806451613,0.7496455911539551,0.4464285714285714,0.33333333333333304,0.0
141,0.19999999999999996,0.07751937984496121,0.8279569892473119,0.1718174085625177,0.5059523809523809,0.33333333333333304,0.5
142,0.19999999999999996,0.028423772609819126,0.6666666666666667,0.09923447689254328,0.4464285714285714,0.33333333333333304,0.5
143,0.19999999999999996,0.07493540051679587,0.7741935483870969,0.1947831017862206,0.38690476190476186,0.33333333333333304,0.5
144,0.19999999999999996,0.020671834625322988,0.5483870967741936,0.010206974766090171,0.5059523809523809,0.33333333333333304,1.0
145,0.19999999999999996,0.038759689922480606,0.6021505376344086,0.11057555996597679,0.6547619047619048,0.33333333333333304,1.0
146,0.19999999999999996,0.056847545219638224,0.7419354838709677,0.14516586333994896,0.38690476190476186,0.33333333333333304,0.0
147,0.19999999999999996,0.056847545219638224,0.7419354838709677,0.14034590303373973,0.4464285714285714,0.33333333333333304,0.5
148,0.19999999999999996,0.12403100775193798,0.7419354838709677,0.17947263963708537,0.3571428571428571,0.33333333333333304,0.5
149,0.19999999999999996,0.13436692506459946,0.9784946236559141,0.24836971930819396,0.41666666666666663,0.33333333333333304,1.0
150,0.19999999999999996,0.10335917312661497,0.935483870967742,0.22058406577828182,0.4464285714285714,0.33333333333333304,1.0
151,0.19999999999999996,0.028423772609819126,0.6666666666666667,0.10972497873546927,0.47619047619047616,0.33333333333333304,0.5
152,0.6000000000000001,0.40568475452196384,0.956989247311828,0.46810320385596826,0.47619047619047616,0.41666666666666696,0.0
153,0.6000000000000001,0.4702842377260982,0.03225806451612903,0.5233909838389567,0.47619047619047616,0.41666666666666696,0.0
154,0.6000000000000001,0.4702842377260982,0.7204301075268817,0.515735752764389,0.7738095238095238,0.41666666666666696,0.0
155,0.6000000000000001,0.4702842377260982,0.7204301075268817,0.43804933371136945,0.6845238095238094,0.41666666666666696,0.0
156,1.0,0.8578811369509045,0.37634408602150543,0.8661752197334845,0.20833333333333337,0.41666666666666696,0.0
157,1.0,0.7286821705426357,0.25806451612903225,0.8015310462149136,0.3571428571428571,0.41666666666666696,0.0
158,1.0,0.6459948320413437,0.2903225806451613,0.8179756166713922,0.38690476190476186,0.41666666666666696,0.0
159,1.0,0.7312661498708011,0.2688172043010753,0.8630564218882902,0.32738095238095233,0.41666666666666696,0.0
160,0.6000000000000001,0.4211886304909561,0.06451612903225806,0.6504111142614121,0.7738095238095238,0.41666666666666696,0.0
161,0.6000000000000001,0.4702842377260982,0.03225806451612903,0.6475758434930535,0.6249999999999999,0.41666666666666696,0.0
162,0.6000000000000001,0.49095607235142125,0.06451612903225806,0.6002268216614687,0.6547619047619048,0.41666666666666696,0.0
163,0.6000000000000001,0.40568475452196384,0.956989247311828,0.6158208108874398,0.6547619047619048,0.41666666666666696,0.0
164,0.6000000000000001,0.4211886304909561,0.06451612903225806,0.4043096115679048,0.41666666666666663,0.41666666666666696,0.0
165,1.0,0.5012919896640827,0.06451612903225806,0.45591153955202723,0.32738095238095233,0.41666666666666696,0.0
166,1.0,0.6046511627906976,0.15053763440860216,0.44116813155656365,0.23809523809523803,0.41666666666666696,0.0
167,0.19999999999999996,0.07493540051679587,0.7419354838709677,0.1582081088743975,0.47619047619047616,0.41666666666666696,1.0
168,0.19999999999999996,0.18604651162790697,0.8279569892473119,0.29089878083356957,0.5357142857142857,0.41666666666666696,0.0
169,0.6000000000000001,0.42377260981912146,0.0,0.368868726963425,0.47619047619047616,0.41666666666666696,0.0
170,0.19999999999999996,0.18604651162790697,0.7741935483870969,0.27757300822228526,0.6249999999999999,0.41666666666666696,0.0
171,0.19999999999999996,0.17054263565891475,0.967741935483871,0.30876098667422736,0.32738095238095233,0.41666666666666696,1.0
172,0.19999999999999996,0.056847545219638224,0.7096774193548387,0.1729515168698611,0.5059523809523809,0.41666666666666696,0.5
173,0.19999999999999996,0.13178294573643412,0.9784946236559141,0.26424723561100083,0.5357142857142857,0.41666666666666696,1.0
174,0.6000000000000001,0.2661498708010336,0.9784946236559141,0.3887156223419337,0.38690476190476186,0.41666666666666696,0.0
175,0.19999999999999996,0.056847545219638224,0.6989247311827957,0.09186277289481148,0.3571428571428571,0.41666666666666696,0.5
176,0.6000000000000001,0.42377260981912146,0.903225806451613,0.4530762687836688,0.5357142857142857,0.41666666666666696,0.0
177,0.19999999999999996,0.12144702842377259,0.956989247311828,0.3064927700595407,0.41666666666666663,0.41666666666666696,0.5
178,0.19999999999999996,0.13436692506459946,0.881720430107527,0.381060391267366,0.5357142857142857,0.41666666666666696,0.5
179,0.19999999999999996,0.13695090439276486,0.9892473118279571,0.37765806634533594,0.38690476190476186,0.41666666666666696,0.5
180,0.19999999999999996,0.13695090439276486,0.09677419354838711,0.2999716472923164,0.32738095238095233,0.41666666666666696,0.5
181,0.19999999999999996,0.05943152454780362,0.5591397849462366,0.05160192798412244,0.5654761904761904,0.41666666666666696,1.0
182,0.19999999999999996,0.10077519379844962,0.860215053763441,0.24128154238729804,0.4464285714285714,0.5,0.5
183,0.19999999999999996,0.12403100775193798,0.8064516129032259,0.17210093563935358,0.5297619047619045,0.5,0.5
184,0.19999999999999996,0.18604651162790697,0.924731182795699,0.2719024666855685,0.4107142857142857,0.5,0.0
185,0.19999999999999996,0.07751937984496121,0.7849462365591399,0.18202438332860793,0.5773809523809522,0.5,0.0
186,0.19999999999999996,0.08527131782945735,0.8279569892473119,0.16699744825630847,0.43452380952380953,0.5,0.5
187,1.0,0.6124031007751938,0.23655913978494625,0.7377374539268501,0.29761904761904756,0.5,0.0
188,1.0,0.6459948320413437,0.2903225806451613,0.7306492770059542,0.29761904761904756,0.5,0.0
189,1.0,0.6098191214470284,0.11827956989247312,0.666005103487383,0.35119047619047616,0.5,0.0
190,1.0,0.7312661498708011,0.3010752688172043,0.7377374539268501,0.2857142857142857,0.5,0.0
191,0.6000000000000001,0.40568475452196384,0.0,0.4593138644740573,0.44047619047619047,0.5,0.0
192,0.6000000000000001,0.4702842377260982,0.03225806451612903,0.49333711369435784,0.38690476190476186,0.5,0.0
193,0.6000000000000001,0.3410852713178295,0.8064516129032259,0.3966543804933371,0.5714285714285715,0.5,0.0
194,0.6000000000000001,0.42377260981912146,0.903225806451613,0.41735185710235323,0.5714285714285715,0.5,0.0
195,0.19999999999999996,0.043927648578811374,0.5483870967741936,0.11964842642472362,0.8452380952380952,0.5,0.0
196,0.19999999999999996,0.07751937984496121,0.5913978494623656,0.1562234193365466,0.8392857142857143,0.5,0.0
197,0.19999999999999996,0.056847545219638224,0.6989247311827957,0.09186277289481148,0.36904761904761896,0.5,0.5
198,0.19999999999999996,0.05943152454780362,0.5591397849462366,0.05160192798412244,0.5595238095238094,0.5,1.0
199,0.6000000000000001,0.40568475452196384,0.0,0.5778281825914374,0.5773809523809522,0.5,0.0
200,0.6000000000000001,0.4702842377260982,0.7741935483870969,0.5559965976750779,0.7738095238095238,0.5,0.0
201,0.6000000000000001,0.4702842377260982,0.06451612903225806,0.5761270201304224,0.488095238095238,0.5,0.0
202,0.6000000000000001,0.49095607235142125,0.956989247311828,0.4479727814006238,0.5833333333333334,0.5,0.0
203,0.19999999999999996,0.07493540051679587,0.7096774193548387,0.06010774028919763,0.2499999999999999,0.5,0.5
204,0.19999999999999996,0.043927648578811374,0.6989247311827957,0.10688970796711084,0.5357142857142857,0.5,1.0
205,0.19999999999999996,0.07493540051679587,0.7419354838709677,0.15367167564502415,0.4999999999999999,0.5,1.0
206,0.19999999999999996,0.18604651162790697,0.7204301075268817,0.2699177771477176,0.33333333333333326,0.5,0.0
207,0.19999999999999996,0.16020671834625322,0.010752688172043012,0.43578111709668277,0.45833333333333326,0.5,0.5
208,1.0,0.6459948320413437,0.2903225806451613,0.6597675077969946,0.3095238095238094,0.5,0.0
209,0.19999999999999996,0.13436692506459946,0.881720430107527,0.4698043663169833,0.8273809523809522,0.5,0.5
210,0.6000000000000001,0.22739018087855295,0.05376344086021506,0.37340516019279846,0.4464285714285714,0.5,1.0
211,0.6000000000000001,0.25839793281653745,0.11827956989247312,0.625744258576694,0.5178571428571428,0.5,0.5
212,1.0,0.7286821705426357,0.39784946236559143,0.7845194216047632,0.24404761904761896,0.5,0.0
213,1.0,0.7286821705426357,0.25806451612903225,0.692373121633116,0.23809523809523803,0.5,0.0
214,1.0,0.6046511627906976,0.16129032258064518,0.6399206124184861,0.41666666666666663,0.5,0.0
215,1.0,0.6459948320413437,0.2903225806451613,0.6073149985823646,0.3571428571428571,0.5,0.0
216,0.19999999999999996,0.07751937984496121,0.6774193548387097,0.12248369719308194,0.6249999999999999,0.583333333333333,1.0
217,0.19999999999999996,0.1111111111111111,0.7956989247311829,0.15367167564502415,0.40476190476190477,0.583333333333333,0.0
218,0.19999999999999996,0.028423772609819126,0.5806451612903226,0.06010774028919763,0.630952380952381,0.583333333333333,0.5
219,0.19999999999999996,0.1395348837209302,0.967741935483871,0.1947831017862206,0.4464285714285714,0.583333333333333,0.0
220,0.19999999999999996,0.043927648578811374,0.6989247311827957,0.09413098950949816,0.5238095238095238,0.583333333333333,1.0
221,1.0,0.6124031007751938,0.25806451612903225,0.6427558831868444,0.2678571428571428,0.583333333333333,0.0
222,1.0,0.49612403100775193,0.06451612903225806,0.6937907570172951,0.6547619047619048,0.583333333333333,0.0
223,1.0,0.6459948320413437,0.25806451612903225,0.7164729231641621,0.3392857142857142,0.583333333333333,0.0
224,1.0,0.6046511627906976,0.16129032258064518,0.7604196200737171,0.4107142857142857,0.583333333333333,0.0
225,0.6000000000000001,0.4702842377260982,0.06451612903225806,0.5406861355259427,0.4999999999999999,0.583333333333333,0.0
226,0.6000000000000001,0.4211886304909561,0.03225806451612903,0.5137510632265382,0.5297619047619045,0.583333333333333,0.0
227,0.6000000000000001,0.40568475452196384,0.0,0.5718741139778848,0.5773809523809522,0.583333333333333,0.0
228,0.6000000000000001,0.4702842377260982,0.9892473118279571,0.542103770910122,0.6547619047619048,0.583333333333333,0.0
229,1.0,0.8578811369509045,0.39784946236559143,0.7391550893110291,0.18452380952380953,0.583333333333333,0.0
230,1.0,0.7286821705426357,0.37634408602150543,0.723561100085058,0.20238095238095244,0.583333333333333,0.0
231,1.0,0.8578811369509045,0.40860215053763443,0.7689254323787921,0.2499999999999999,0.583333333333333,0.0
232,1.0,0.7312661498708011,0.2795698924731183,0.7717607031471506,0.38690476190476186,0.583333333333333,0.0
233,0.19999999999999996,0.07493540051679587,0.7741935483870969,0.092713354125319,0.38690476190476186,0.583333333333333,0.5
234,0.19999999999999996,0.21447028423772607,0.881720430107527,0.3195350155939892,0.47619047619047616,0.583333333333333,0.0
235,0.19999999999999996,0.07493540051679587,0.7419354838709677,0.18485965409696625,0.6071428571428571,0.583333333333333,1.0
236,0.19999999999999996,0.18604651162790697,0.89247311827957,0.3237879217465268,0.4642857142857143,0.583333333333333,0.0
237,0.19999999999999996,0.07751937984496121,0.6236559139784946,0.12418485965409698,0.5357142857142857,0.583333333333333,0.0
238,0.19999999999999996,0.07751937984496121,0.8279569892473119,0.13098950949815713,0.47023809523809523,0.583333333333333,0.0
239,0.19999999999999996,0.07493540051679587,0.6666666666666667,0.10547207258293168,0.4999999999999999,0.583333333333333,1.0
240,0.19999999999999996,0.07493540051679587,0.7741935483870969,0.1635951233342784,0.363095238095238,0.583333333333333,0.5
241,0.6000000000000001,0.20155038759689925,0.9784946236559141,0.3407995463566771,0.38690476190476186,0.583333333333333,1.0
242,0.19999999999999996,0.13695090439276486,0.06451612903225806,0.27984122483697194,0.2857142857142857,0.583333333333333,0.5
243,0.0,0.031007751937984496,0.06451612903225806,0.31386447405727247,0.32738095238095233,0.583333333333333,1.0
244,0.19999999999999996,0.056847545219638224,0.5268817204301076,0.10547207258293168,0.8035714285714285,0.666666666666667,0.5
245,0.19999999999999996,0.07751937984496121,0.6559139784946237,0.053019563368301714,0.38095238095238093,0.666666666666667,0.0
246,0.19999999999999996,0.025839793281653728,0.5483870967741936,0.10547207258293168,0.6785714285714285,0.666666666666667,1.0
247,0.19999999999999996,0.043927648578811374,0.6989247311827957,0.12957187411397786,0.630952380952381,0.666666666666667,1.0
248,0.19999999999999996,0.05943152454780362,0.5913978494623656,0.053019563368301714,0.4999999999999999,0.666666666666667,1.0
249,1.0,0.49612403100775193,0.06451612903225806,0.4967394386163879,0.4464285714285714,0.666666666666667,0.0
250,1.0,0.6459948320413437,0.23655913978494625,0.601644457045648,0.3095238095238094,0.666666666666667,0.0
251,1.0,0.6046511627906976,0.22580645161290325,0.5548624893677346,0.2857142857142857,0.666666666666667,0.0
252,0.6000000000000001,0.4211886304909561,0.03225806451612903,0.5449390416784804,0.6666666666666666,0.666666666666667,0.0
253,0.6000000000000001,0.3410852713178295,0.956989247311828,0.43719875248086193,0.6071428571428571,0.666666666666667,0.0
254,0.6000000000000001,0.3410852713178295,0.8494623655913979,0.3833286078820527,0.4642857142857143,0.666666666666667,0.0
255,0.19999999999999996,0.18604651162790697,0.881720430107527,0.31386447405727247,0.44047619047619047,0.666666666666667,0.0
256,0.6000000000000001,0.40568475452196384,0.0,0.5151686986107173,0.5476190476190476,0.666666666666667,0.0
257,0.6000000000000001,0.42377260981912146,0.903225806451613,0.45279274170683304,0.5476190476190476,0.666666666666667,0.0
258,0.6000000000000001,0.4211886304909561,0.03225806451612903,0.5009923447689254,0.4642857142857143,0.666666666666667,0.0
259,0.6000000000000001,0.3410852713178295,0.8494623655913979,0.41309895094981575,0.5178571428571428,0.666666666666667,0.0
260,0.6000000000000001,0.40568475452196384,0.06451612903225806,0.5690388432095265,0.6369047619047618,0.666666666666667,0.0
261,0.6000000000000001,0.49095607235142125,0.11827956989247312,0.5094981570740006,0.42261904761904756,0.666666666666667,0.0
262,1.0,0.6124031007751938,0.25806451612903225,0.5137510632265382,0.3095238095238094,0.666666666666667,0.0
263,0.6000000000000001,0.4211886304909561,0.3548387096774194,0.5194216047632549,0.3214285714285714,0.666666666666667,0.0
264,1.0,0.6046511627906976,0.22580645161290325,0.4513751063226539,0.19047619047619047,0.666666666666667,0.0
265,1.0,0.6459948320413437,0.23655913978494625,0.699461298554012,0.3392857142857142,0.666666666666667,0.0
266,0.19999999999999996,0.07751937984496121,0.6774193548387097,0.15367167564502415,0.5059523809523809,0.666666666666667,0.0
267,0.19999999999999996,0.17054263565891475,0.956989247311828,0.2685001417635384,0.36904761904761896,0.666666666666667,1.0
268,0.19999999999999996,0.13178294573643412,0.9784946236559141,0.1947831017862206,0.3988095238095237,0.666666666666667,1.0
269,0.19999999999999996,0.09560723514211888,0.7419354838709677,0.1749362064077119,0.38690476190476186,0.666666666666667,0.0
270,0.19999999999999996,0.17054263565891475,0.956989247311828,0.25574142330592575,0.40476190476190477,0.666666666666667,1.0
271,0.19999999999999996,0.22739018087855295,0.03225806451612903,0.3209526509781684,0.5178571428571428,0.666666666666667,0.0
272,0.19999999999999996,0.21447028423772607,0.8494623655913979,0.3521406294301106,0.5714285714285715,0.666666666666667,0.0
273,0.19999999999999996,0.13178294573643412,0.9784946236559141,0.22455344485398354,0.4107142857142857,0.666666666666667,1.0
274,0.3999999999999999,0.16279069767441862,0.021505376344086023,0.3450524525092147,0.47023809523809523,0.666666666666667,0.5
275,0.6000000000000001,0.24547803617571062,0.13978494623655915,0.43294584632832434,0.33333333333333326,0.666666666666667,0.5
276,0.19999999999999996,0.13695090439276486,0.09677419354838711,0.33512900481996033,0.45833333333333326,0.666666666666667,0.5
277,0.6000000000000001,0.24547803617571062,0.1827956989247312,0.5094981570740006,0.4642857142857143,0.666666666666667,0.5
278,0.19999999999999996,0.054263565891472854,0.7096774193548387,0.10688970796711084,0.4107142857142857,0.666666666666667,0.5
279,0.19999999999999996,0.07751937984496121,0.6774193548387097,0.1480011341083074,0.511904761904762,0.666666666666667,1.0
280,0.6000000000000001,0.4211886304909561,0.09677419354838711,0.4627161893960874,0.44047619047619047,0.75,0.0
281,0.6000000000000001,0.3410852713178295,0.8494623655913979,0.3904167848029487,0.6071428571428571,0.75,0.0
282,0.19999999999999996,0.18604651162790697,0.881720430107527,0.36206407711936495,0.5535714285714285,0.75,0.0
283,0.6000000000000001,0.42377260981912146,0.903225806451613,0.46838673093280414,0.6071428571428571,0.75,0.0
284,0.6000000000000001,0.40568475452196384,0.06451612903225806,0.49532180323220865,0.511904761904762,0.75,0.0
285,1.0,0.6124031007751938,0.16129032258064518,0.6314148001134109,0.44047619047619047,0.75,0.0
286,1.0,0.6046511627906976,0.15053763440860216,0.5988091862772894,0.3214285714285714,0.75,0.0
287,1.0,0.7312661498708011,0.21505376344086025,0.6640204139495322,0.3095238095238094,0.75,0.0
288,1.0,0.6459948320413437,0.19354838709677422,0.6285795293450523,0.4285714285714285,0.75,0.0
289,1.0,0.7286821705426357,0.32258064516129037,0.7788488800680465,0.4107142857142857,0.75,0.0
290,1.0,0.7312661498708011,0.24731182795698928,0.69208959455628,0.375,0.75,0.0
291,1.0,0.5142118863049095,0.13978494623655915,0.5647859370569889,0.41666666666666663,0.75,0.0
292,1.0,0.7545219638242894,0.2903225806451613,0.6597675077969946,0.29761904761904756,0.75,0.0
293,0.19999999999999996,0.054263565891472854,0.7096774193548387,0.08846044797278141,0.3571428571428571,0.75,0.5
294,0.19999999999999996,0.046511627906976744,0.6451612903225807,0.10263680181457335,0.4285714285714285,0.75,1.0
295,0.19999999999999996,0.07751937984496121,0.7956989247311829,0.08562517720442298,0.38095238095238093,0.75,0.0
296,0.19999999999999996,0.13695090439276486,0.7956989247311829,0.29968812021548064,0.41666666666666663,0.75,0.0
297,0.3999999999999999,0.2971576227390181,0.7634408602150539,0.5435214062943011,0.7202380952380952,0.75,0.5
298,1.0,0.7286821705426357,0.13978494623655915,0.648426424723561,0.5595238095238094,0.75,0.0
299,0.19999999999999996,0.18863049095607237,0.7096774193548387,0.4471222001701163,0.9999999999999999,0.75,0.5
300,1.0,0.49612403100775193,0.903225806451613,0.5123334278423589,0.8452380952380952,0.75,0.0
301,0.19999999999999996,0.09560723514211888,0.6989247311827957,0.16643039410263682,0.3095238095238094,0.75,0.0
302,0.19999999999999996,0.09560723514211888,0.6989247311827957,0.15225404026084488,0.4107142857142857,0.75,0.0
303,0.19999999999999996,0.043927648578811374,0.6451612903225807,0.11539552027218603,0.6666666666666666,0.75,1.0
304,0.19999999999999996,0.05943152454780362,0.6881720430107527,0.14658349872412813,0.3988095238095237,0.75,0.5
305,0.19999999999999996,0.21447028423772607,0.903225806451613,0.29968812021548064,0.47619047619047616,0.75,0.0
306,0.6000000000000001,0.2713178294573643,0.09677419354838711,0.2784235894527928,0.1964285714285715,0.75,0.0
307,0.6000000000000001,0.2713178294573643,0.09677419354838711,0.3081939325205557,0.29166666666666663,0.75,0.0
308,0.19999999999999996,0.21447028423772607,0.903225806451613,0.26736603345619503,0.3095238095238094,0.75,0.0
309,0.19999999999999996,0.07751937984496121,0.7526881720430109,0.15055287779982984,0.3988095238095237,0.833333333333333,0.5
310,0.19999999999999996,0.054263565891472854,0.5913978494623656,0.10065211227672244,0.6428571428571429,0.833333333333333,1.0
311,0.19999999999999996,0.07751937984496121,0.6989247311827957,0.1437482279557698,0.4464285714285714,0.833333333333333,0.0
312,0.19999999999999996,0.046511627906976744,0.6451612903225807,0.11511199319535015,0.4999999999999999,0.833333333333333,1.0
313,0.19999999999999996,0.21447028423772607,0.903225806451613,0.3019563368301673,0.5059523809523809,0.833333333333333,0.0
314,0.19999999999999996,0.18604651162790697,0.881720430107527,0.3563935355826482,0.6011904761904762,0.833333333333333,0.0
315,0.19999999999999996,0.21447028423772607,0.903225806451613,0.39410263680181457,0.7202380952380952,0.833333333333333,0.0
316,0.6000000000000001,0.40568475452196384,0.903225806451613,0.5012758718457613,0.6369047619047618,0.833333333333333,0.0
317,0.19999999999999996,0.07493540051679587,0.7741935483870969,0.16302806918060675,0.4642857142857143,0.833333333333333,0.5
318,0.19999999999999996,0.17054263565891475,0.903225806451613,0.3113127303657499,0.4464285714285714,0.833333333333333,1.0
319,0.19999999999999996,0.13436692506459946,0.7419354838709677,0.2633966543804933,0.5654761904761904,0.833333333333333,1.0
320,0.19999999999999996,0.13178294573643412,0.924731182795699,0.23277573008222285,0.41666666666666663,0.833333333333333,1.0
321,0.19999999999999996,0.10335917312661497,0.7419354838709677,0.18485965409696625,0.4285714285714285,0.833333333333333,1.0
322,0.19999999999999996,0.046511627906976744,0.6451612903225807,0.14091295718741137,0.5892857142857141,0.833333333333333,1.0
323,0.19999999999999996,0.22739018087855295,0.03225806451612903,0.3365466402041395,0.38095238095238093,0.833333333333333,0.0
324,0.19999999999999996,0.043927648578811374,0.6451612903225807,0.14091295718741137,0.6666666666666666,0.833333333333333,1.0
325,0.19999999999999996,0.056847545219638224,0.5268817204301076,0.13382478026651545,0.8154761904761904,0.833333333333333,0.5
326,0.19999999999999996,0.056847545219638224,0.5268817204301076,0.20470654947547495,0.9345238095238094,0.833333333333333,0.5
327,0.3999999999999999,0.13695090439276486,0.6666666666666667,0.3790757017295152,0.7083333333333331,0.833333333333333,0.5
328,0.19999999999999996,0.20155038759689925,0.6666666666666667,0.46413382478026655,0.8214285714285715,0.833333333333333,0.5
329,0.19999999999999996,0.05943152454780362,0.6666666666666667,0.06719591721009355,0.34523809523809523,0.833333333333333,1.0
330,0.19999999999999996,0.043927648578811374,1.0,0.06294301105755595,0.5535714285714285,0.833333333333333,0.5
331,0.19999999999999996,0.07493540051679587,0.6666666666666667,0.15083640487666572,0.5952380952380952,0.833333333333333,1.0
332,0.19999999999999996,0.054263565891472854,0.6129032258064516,0.06577828182591439,0.43452380952380953,0.833333333333333,0.5
333,0.6000000000000001,0.25839793281653745,0.17204301075268819,0.3677346186560817,0.20238095238095244,0.833333333333333,1.0
334,0.0,0.00516795865633074,0.0,0.22880635100652114,0.2678571428571428,0.833333333333333,1.0
335,0.19999999999999996,0.1395348837209302,0.881720430107527,0.25148851715338816,0.42261904761904756,0.833333333333333,0.5
336,0.19999999999999996,0.18604651162790697,1.0,0.36631698327190243,0.375,0.833333333333333,0.0
337,0.19999999999999996,0.10077519379844962,0.7204301075268817,0.19194783101786217,0.5357142857142857,0.833333333333333,1.0
338,0.19999999999999996,0.1731266149870801,0.8387096774193549,0.24865324638502972,0.45833333333333326,0.916666666666667,0.0
339,0.19999999999999996,0.21447028423772607,0.8387096774193549,0.2897646725262263,0.4999999999999999,0.916666666666667,0.0
340,0.19999999999999996,0.22739018087855295,0.924731182795699,0.2855117663736887,0.38095238095238093,0.916666666666667,0.0
341,0.6000000000000001,0.2713178294573643,0.06451612903225806,0.31528210944145163,0.2738095238095237,0.916666666666667,0.0
342,0.19999999999999996,0.1731266149870801,0.8387096774193549,0.21888290331726679,0.29166666666666663,0.916666666666667,0.0
343,0.19999999999999996,0.028423772609819126,0.5806451612903226,0.040260844910688987,0.5297619047619045,0.916666666666667,1.0
344,0.19999999999999996,0.046511627906976744,0.6344086021505377,0.07428409413098946,0.4999999999999999,0.916666666666667,0.0
345,0.19999999999999996,0.033591731266149866,0.5913978494623656,0.04167848029486815,0.4821428571428572,0.916666666666667,1.0
346,0.19999999999999996,0.07493540051679587,0.6666666666666667,0.1281542387297987,0.5833333333333334,0.916666666666667,1.0
347,0.19999999999999996,0.043927648578811374,0.6451612903225807,0.10263680181457335,0.6785714285714285,0.916666666666667,1.0
348,0.19999999999999996,0.054263565891472854,0.6129032258064516,0.1239013325772611,0.5535714285714285,0.916666666666667,1.0
349,0.19999999999999996,0.05943152454780362,0.6774193548387097,0.10547207258293168,0.47619047619047616,0.916666666666667,1.0
350,0.19999999999999996,0.09560723514211888,0.6236559139784946,0.17068330025517442,0.4107142857142857,0.916666666666667,0.0
351,0.19999999999999996,0.07751937984496121,0.6451612903225807,0.12248369719308194,0.488095238095238,0.916666666666667,0.0
352,0.19999999999999996,0.07751937984496121,0.6451612903225807,0.21746526793308762,0.7559523809523808,0.916666666666667,0.0
353,0.19999999999999996,0.09560723514211888,0.7311827956989247,0.1635951233342784,0.36904761904761896,0.916666666666667,0.5
354,0.19999999999999996,0.08268733850129201,1.0,0.20045364332293736,0.4642857142857143,0.916666666666667,0.5
355,0.19999999999999996,0.10077519379844962,0.7419354838709677,0.16926566487099515,0.38095238095238093,0.916666666666667,1.0
356,0.19999999999999996,0.10335917312661497,0.7419354838709677,0.20895945562801244,0.5238095238095238,0.916666666666667,1.0
357,0.19999999999999996,0.13178294573643412,0.0,0.28409413098950953,0.40476190476190477,0.916666666666667,1.0
358,0.19999999999999996,0.13436692506459946,0.7311827956989247,0.2897646725262263,0.613095238095238,0.916666666666667,1.0
359,0.19999999999999996,0.18863049095607237,0.7956989247311829,0.4584632832435498,0.738095238095238,0.916666666666667,0.5
360,0.6000000000000001,0.19896640826873385,0.7526881720430109,0.4386163878650411,0.6904761904761906,0.916666666666667,0.5
361,0.6000000000000001,0.25839793281653745,0.10752688172043012,0.36489934788772327,0.2738095238095237,0.916666666666667,1.0
362,0.6000000000000001,0.20155038759689925,0.11827956989247312,0.37340516019279846,0.34523809523809523,0.916666666666667,1.0
363,0.6000000000000001,0.4211886304909561,0.06451612903225806,0.5109157924581798,0.4642857142857143,0.916666666666667,0.0
364,1.0,0.7286821705426357,0.03225806451612903,0.5988091862772894,0.6547619047619048,0.916666666666667,0.0
365,0.6000000000000001,0.3410852713178295,0.881720430107527,0.4102636801814573,0.5416666666666666,0.916666666666667,0.0
366,0.6000000000000001,0.40568475452196384,0.8494623655913979,0.5250921462999717,0.511904761904762,0.916666666666667,0.0
367,0.19999999999999996,0.1136950904392765,0.881720430107527,0.2812588602211511,0.6904761904761906,1.0,0.0
368,0.19999999999999996,0.1136950904392765,0.881720430107527,0.29118230791040545,0.630952380952381,1.0,0.0
369,0.19999999999999996,0.1136950904392765,0.881720430107527,0.22171817408562522,0.5952380952380952,1.0,0.0
370,0.19999999999999996,0.1136950904392765,0.8494623655913979,0.272753047916076,0.488095238095238,1.0,0.0
371,0.19999999999999996,0.1731266149870801,0.8387096774193549,0.2585766940742841,0.47619047619047616,1.0,0.0
372,0.19999999999999996,0.21447028423772607,0.903225806451613,0.31811738020981006,0.5952380952380952,1.0,0.0
373,0.19999999999999996,0.18604651162790697,0.924731182795699,0.3549759001984689,0.4999999999999999,1.0,0.0
374,0.19999999999999996,0.21447028423772607,1.0,0.4031755032605614,0.744047619047619,1.0,0.0
375,0.19999999999999996,0.09560723514211888,0.7311827956989247,0.10405443719875251,0.43452380952380953,1.0,0.5
376,0.19999999999999996,0.05943152454780362,0.6774193548387097,0.11681315565636519,0.6071428571428571,1.0,1.0
377,0.19999999999999996,0.05943152454780362,0.6774193548387097,0.10121916643039408,0.5714285714285715,1.0,1.0
378,0.19999999999999996,0.09560723514211888,0.6236559139784946,0.14516586333994896,0.3988095238095237,1.0,0.0
379,0.19999999999999996,0.07751937984496121,0.6989247311827957,0.14516586333994896,0.5535714285714285,1.0,0.0
380,0.19999999999999996,0.13436692506459946,0.881720430107527,0.15508931102920331,0.38690476190476186,1.0,1.0
381,0.19999999999999996,0.10077519379844962,0.7419354838709677,0.16784802948681599,0.38690476190476186,1.0,1.0
382,0.19999999999999996,0.10335917312661497,0.6989247311827957,0.1791891125602495,0.5297619047619045,1.0,1.0
383,0.19999999999999996,0.05943152454780362,0.6666666666666667,0.09980153104621492,0.41666666666666663,1.0,1.0
384,0.19999999999999996,0.05943152454780362,0.6666666666666667,0.09980153104621492,0.45833333333333326,1.0,1.0
385,0.19999999999999996,0.05943152454780362,0.6666666666666667,0.10830734335129011,0.488095238095238,1.0,1.0
386,0.6000000000000001,0.29198966408268734,0.06451612903225806,0.37765806634533594,0.4999999999999999,1.0,0.0
387,0.6000000000000001,0.5012919896640827,0.8494623655913979,0.39750496172384464,0.5357142857142857,1.0,0.0
388,0.19999999999999996,0.22739018087855295,0.924731182795699,0.27558831868443434,0.38690476190476186,1.0,0.0
389,0.6000000000000001,0.42377260981912146,0.07526881720430108,0.34647008789339384,0.3988095238095237,1.0,0.0
390,0.19999999999999996,0.19638242894056845,0.967741935483871,0.29827048483130136,0.35119047619047616,1.0,1.0
391,0.19999999999999996,0.1731266149870801,0.8387096774193549,0.2146299971647292,0.29761904761904756,1.0,0.0
392,0.19999999999999996,0.21447028423772607,0.903225806451613,0.3790757017295152,0.5535714285714285,1.0,0.0
393,0.19999999999999996,0.18604651162790697,0.860215053763441,0.33371136943578117,0.45238095238095233,1.0,0.0
394,0.19999999999999996,0.07493540051679587,0.5483870967741936,0.14658349872412813,0.988095238095238,1.0,0.5
395,0.19999999999999996,0.1731266149870801,0.8387096774193549,0.19336546640204144,0.2142857142857143,1.0,0.0
396,0.19999999999999996,0.13436692506459946,0.7849462365591399,0.28692940175786785,0.630952380952381,1.0,0.0
397,0.19999999999999996,0.13178294573643412,0.8172043010752689,0.31386447405727247,0.6785714285714285,1.0,0.0
