,year,month,binaryClass
0,0.0,0.36363636363636365,1.0
1,0.0,0.2727272727272727,1.0
2,0.0,0.6363636363636364,1.0
3,0.0,0.0,1.0
4,0.0,0.7272727272727273,1.0
5,0.0,0.5454545454545454,1.0
6,0.0,0.4545454545454546,1.0
7,0.0,0.09090909090909091,1.0
8,0.0,1.0,1.0
9,0.0,0.9090909090909092,1.0
10,0.0,0.8181818181818182,1.0
11,0.0,0.18181818181818182,1.0
12,0.047619047619051,0.36363636363636365,1.0
13,0.047619047619051,0.2727272727272727,1.0
14,0.047619047619051,0.6363636363636364,1.0
15,0.047619047619051,0.0,1.0
16,0.047619047619051,0.7272727272727273,1.0
17,0.047619047619051,0.5454545454545454,1.0
18,0.047619047619051,0.4545454545454546,1.0
19,0.047619047619051,0.09090909090909091,1.0
20,0.047619047619051,1.0,1.0
21,0.047619047619051,0.9090909090909092,1.0
22,0.047619047619051,0.8181818181818182,1.0
23,0.047619047619051,0.18181818181818182,1.0
24,0.095238095238102,0.36363636363636365,1.0
25,0.095238095238102,0.2727272727272727,1.0
26,0.095238095238102,0.6363636363636364,1.0
27,0.095238095238102,0.0,1.0
28,0.095238095238102,0.7272727272727273,1.0
29,0.095238095238102,0.5454545454545454,1.0
30,0.095238095238102,0.4545454545454546,1.0
31,0.095238095238102,0.09090909090909091,1.0
32,0.095238095238102,1.0,1.0
33,0.095238095238102,0.9090909090909092,1.0
34,0.095238095238102,0.8181818181818182,1.0
35,0.095238095238102,0.18181818181818182,1.0
36,0.142857142857153,0.36363636363636365,1.0
37,0.142857142857153,0.2727272727272727,1.0
38,0.142857142857153,0.6363636363636364,1.0
39,0.142857142857153,0.0,1.0
40,0.142857142857153,0.7272727272727273,1.0
41,0.142857142857153,0.5454545454545454,1.0
42,0.142857142857153,0.4545454545454546,1.0
43,0.142857142857153,0.09090909090909091,1.0
44,0.142857142857153,1.0,1.0
45,0.142857142857153,0.9090909090909092,1.0
46,0.142857142857153,0.8181818181818182,1.0
47,0.142857142857153,0.18181818181818182,1.0
48,0.1904761904761898,0.36363636363636365,1.0
49,0.1904761904761898,0.2727272727272727,1.0
50,0.1904761904761898,0.6363636363636364,1.0
51,0.1904761904761898,0.0,1.0
52,0.1904761904761898,0.7272727272727273,1.0
53,0.1904761904761898,0.5454545454545454,1.0
54,0.1904761904761898,0.4545454545454546,1.0
55,0.1904761904761898,0.09090909090909091,1.0
56,0.1904761904761898,1.0,1.0
57,0.1904761904761898,0.9090909090909092,1.0
58,0.1904761904761898,0.8181818181818182,1.0
59,0.1904761904761898,0.18181818181818182,1.0
60,0.2380952380952408,0.36363636363636365,1.0
61,0.2380952380952408,0.2727272727272727,1.0
62,0.2380952380952408,0.6363636363636364,1.0
63,0.2380952380952408,0.0,1.0
64,0.2380952380952408,0.7272727272727273,1.0
65,0.2380952380952408,0.5454545454545454,1.0
66,0.2380952380952408,0.4545454545454546,1.0
67,0.2380952380952408,0.09090909090909091,1.0
68,0.2380952380952408,1.0,1.0
69,0.2380952380952408,0.9090909090909092,1.0
70,0.2380952380952408,0.8181818181818182,1.0
71,0.2380952380952408,0.18181818181818182,1.0
72,0.2857142857142918,0.36363636363636365,1.0
73,0.2857142857142918,0.2727272727272727,1.0
74,0.2857142857142918,0.6363636363636364,1.0
75,0.2857142857142918,0.0,1.0
76,0.2857142857142918,0.7272727272727273,1.0
77,0.2857142857142918,0.5454545454545454,1.0
78,0.2857142857142918,0.4545454545454546,0.0
79,0.2857142857142918,0.09090909090909091,0.0
80,0.2857142857142918,1.0,1.0
81,0.2857142857142918,0.9090909090909092,1.0
82,0.2857142857142918,0.8181818181818182,1.0
83,0.2857142857142918,0.18181818181818182,1.0
84,0.3333333333333428,0.36363636363636365,1.0
85,0.3333333333333428,0.2727272727272727,1.0
86,0.3333333333333428,0.6363636363636364,1.0
87,0.3333333333333428,0.0,1.0
88,0.3333333333333428,0.7272727272727273,1.0
89,0.3333333333333428,0.5454545454545454,1.0
90,0.3333333333333428,0.4545454545454546,1.0
91,0.3333333333333428,0.09090909090909091,1.0
92,0.3333333333333428,1.0,1.0
93,0.3333333333333428,0.9090909090909092,1.0
94,0.3333333333333428,0.8181818181818182,1.0
95,0.3333333333333428,0.18181818181818182,1.0
96,0.3809523809523938,0.36363636363636365,1.0
97,0.3809523809523938,0.2727272727272727,1.0
98,0.3809523809523938,0.6363636363636364,1.0
99,0.3809523809523938,0.0,1.0
100,0.3809523809523938,0.7272727272727273,1.0
101,0.3809523809523938,0.5454545454545454,1.0
102,0.3809523809523938,0.4545454545454546,0.0
103,0.3809523809523938,0.09090909090909091,0.0
104,0.3809523809523938,1.0,1.0
105,0.3809523809523938,0.9090909090909092,1.0
106,0.3809523809523938,0.8181818181818182,1.0
107,0.3809523809523938,0.18181818181818182,1.0
108,0.4285714285714306,0.36363636363636365,1.0
109,0.4285714285714306,0.2727272727272727,1.0
110,0.4285714285714306,0.6363636363636364,1.0
111,0.4285714285714306,0.0,1.0
112,0.4285714285714306,0.7272727272727273,0.0
113,0.4285714285714306,0.5454545454545454,0.0
114,0.4285714285714306,0.4545454545454546,0.0
115,0.4285714285714306,0.09090909090909091,0.0
116,0.4285714285714306,1.0,0.0
117,0.4285714285714306,0.9090909090909092,0.0
118,0.4285714285714306,0.8181818181818182,1.0
119,0.4285714285714306,0.18181818181818182,1.0
120,0.4761904761904816,0.36363636363636365,1.0
121,0.4761904761904816,0.2727272727272727,1.0
122,0.4761904761904816,0.6363636363636364,1.0
123,0.4761904761904816,0.0,0.0
124,0.4761904761904816,0.7272727272727273,0.0
125,0.4761904761904816,0.5454545454545454,0.0
126,0.4761904761904816,0.4545454545454546,0.0
127,0.4761904761904816,0.09090909090909091,0.0
128,0.4761904761904816,1.0,0.0
129,0.4761904761904816,0.9090909090909092,0.0
130,0.4761904761904816,0.8181818181818182,1.0
131,0.4761904761904816,0.18181818181818182,1.0
132,0.5238095238095326,0.36363636363636365,1.0
133,0.5238095238095326,0.2727272727272727,1.0
134,0.5238095238095326,0.6363636363636364,1.0
135,0.5238095238095326,0.0,0.0
136,0.5238095238095326,0.7272727272727273,0.0
137,0.5238095238095326,0.5454545454545454,0.0
138,0.5238095238095326,0.4545454545454546,0.0
139,0.5238095238095326,0.09090909090909091,0.0
140,0.5238095238095326,1.0,0.0
141,0.5238095238095326,0.9090909090909092,0.0
142,0.5238095238095326,0.8181818181818182,1.0
143,0.5238095238095326,0.18181818181818182,1.0
144,0.5714285714285836,0.36363636363636365,1.0
145,0.5714285714285836,0.2727272727272727,1.0
146,0.5714285714285836,0.6363636363636364,1.0
147,0.5714285714285836,0.0,1.0
148,0.5714285714285836,0.7272727272727273,0.0
149,0.5714285714285836,0.5454545454545454,0.0
150,0.5714285714285836,0.4545454545454546,0.0
151,0.5714285714285836,0.09090909090909091,0.0
152,0.5714285714285836,1.0,0.0
153,0.5714285714285836,0.9090909090909092,0.0
154,0.5714285714285836,0.8181818181818182,1.0
155,0.5714285714285836,0.18181818181818182,1.0
156,0.6190476190476204,0.36363636363636365,1.0
157,0.6190476190476204,0.2727272727272727,1.0
158,0.6190476190476204,0.6363636363636364,1.0
159,0.6190476190476204,0.0,0.0
160,0.6190476190476204,0.7272727272727273,0.0
161,0.6190476190476204,0.5454545454545454,0.0
162,0.6190476190476204,0.4545454545454546,0.0
163,0.6190476190476204,0.09090909090909091,0.0
164,0.6190476190476204,1.0,0.0
165,0.6190476190476204,0.9090909090909092,0.0
166,0.6190476190476204,0.8181818181818182,1.0
167,0.6190476190476204,0.18181818181818182,1.0
168,0.6666666666666714,0.36363636363636365,1.0
169,0.6666666666666714,0.2727272727272727,1.0
170,0.6666666666666714,0.6363636363636364,0.0
171,0.6666666666666714,0.0,0.0
172,0.6666666666666714,0.7272727272727273,0.0
173,0.6666666666666714,0.5454545454545454,0.0
174,0.6666666666666714,0.4545454545454546,0.0
175,0.6666666666666714,0.09090909090909091,0.0
176,0.6666666666666714,1.0,0.0
177,0.6666666666666714,0.9090909090909092,0.0
178,0.6666666666666714,0.8181818181818182,1.0
179,0.6666666666666714,0.18181818181818182,1.0
180,0.7142857142857224,0.36363636363636365,1.0
181,0.7142857142857224,0.2727272727272727,1.0
182,0.7142857142857224,0.6363636363636364,0.0
183,0.7142857142857224,0.0,0.0
184,0.7142857142857224,0.7272727272727273,0.0
185,0.7142857142857224,0.5454545454545454,0.0
186,0.7142857142857224,0.4545454545454546,0.0
187,0.7142857142857224,0.09090909090909091,0.0
188,0.7142857142857224,1.0,0.0
189,0.7142857142857224,0.9090909090909092,0.0
190,0.7142857142857224,0.8181818181818182,1.0
191,0.7142857142857224,0.18181818181818182,1.0
192,0.7619047619047734,0.36363636363636365,1.0
193,0.7619047619047734,0.2727272727272727,1.0
194,0.7619047619047734,0.6363636363636364,1.0
195,0.7619047619047734,0.0,0.0
196,0.7619047619047734,0.7272727272727273,0.0
197,0.7619047619047734,0.5454545454545454,0.0
198,0.7619047619047734,0.4545454545454546,0.0
199,0.7619047619047734,0.09090909090909091,0.0
200,0.7619047619047734,1.0,0.0
201,0.7619047619047734,0.9090909090909092,0.0
202,0.7619047619047734,0.8181818181818182,1.0
203,0.7619047619047734,0.18181818181818182,1.0
204,0.8095238095238102,0.36363636363636365,1.0
205,0.8095238095238102,0.2727272727272727,1.0
206,0.8095238095238102,0.6363636363636364,0.0
207,0.8095238095238102,0.0,0.0
208,0.8095238095238102,0.7272727272727273,0.0
209,0.8095238095238102,0.5454545454545454,0.0
210,0.8095238095238102,0.4545454545454546,0.0
211,0.8095238095238102,0.09090909090909091,0.0
212,0.8095238095238102,1.0,0.0
213,0.8095238095238102,0.9090909090909092,0.0
214,0.8095238095238102,0.8181818181818182,1.0
215,0.8095238095238102,0.18181818181818182,1.0
216,0.8571428571428612,0.36363636363636365,1.0
217,0.8571428571428612,0.2727272727272727,1.0
218,0.8571428571428612,0.6363636363636364,0.0
219,0.8571428571428612,0.0,0.0
220,0.8571428571428612,0.7272727272727273,0.0
221,0.8571428571428612,0.5454545454545454,0.0
222,0.8571428571428612,0.4545454545454546,0.0
223,0.8571428571428612,0.09090909090909091,0.0
224,0.8571428571428612,1.0,0.0
225,0.8571428571428612,0.9090909090909092,0.0
226,0.8571428571428612,0.8181818181818182,1.0
227,0.8571428571428612,0.18181818181818182,1.0
228,0.9047619047619122,0.36363636363636365,1.0
229,0.9047619047619122,0.2727272727272727,1.0
230,0.9047619047619122,0.6363636363636364,1.0
231,0.9047619047619122,0.0,0.0
232,0.9047619047619122,0.7272727272727273,0.0
233,0.9047619047619122,0.5454545454545454,0.0
234,0.9047619047619122,0.4545454545454546,0.0
235,0.9047619047619122,0.09090909090909091,0.0
236,0.9047619047619122,1.0,0.0
237,0.9047619047619122,0.9090909090909092,0.0
238,0.9047619047619122,0.8181818181818182,1.0
239,0.9047619047619122,0.18181818181818182,1.0
240,0.9523809523809632,0.36363636363636365,1.0
241,0.9523809523809632,0.2727272727272727,1.0
242,0.9523809523809632,0.6363636363636364,0.0
243,0.9523809523809632,0.0,0.0
244,0.9523809523809632,0.7272727272727273,0.0
245,0.9523809523809632,0.5454545454545454,0.0
246,0.9523809523809632,0.4545454545454546,0.0
247,0.9523809523809632,0.09090909090909091,0.0
248,0.9523809523809632,1.0,0.0
249,0.9523809523809632,0.9090909090909092,0.0
250,0.9523809523809632,0.8181818181818182,0.0
251,0.9523809523809632,0.18181818181818182,1.0
252,1.0,0.36363636363636365,1.0
253,1.0,0.2727272727272727,1.0
254,1.0,0.6363636363636364,0.0
255,1.0,0.0,0.0
256,1.0,0.7272727272727273,0.0
257,1.0,0.5454545454545454,0.0
258,1.0,0.4545454545454546,0.0
259,1.0,0.09090909090909091,0.0
260,1.0,1.0,0.0
261,1.0,0.9090909090909092,0.0
262,1.0,0.8181818181818182,0.0
263,1.0,0.18181818181818182,1.0
