,f1,f2,f3,f4,f5,f6,f7
0,0.550561797752809,0.15476190476190477,0.0,0.0,0.6363636363636365,0.21649484536082475,0.35353535353535354
1,0.07865168539325844,0.28571428571428575,0.0,0.0,0.6136363636363638,0.32989690721649484,0.4444444444444445
2,0.6292134831460675,0.28571428571428575,0.0,0.0,0.5568181818181819,0.3505154639175258,0.4646464646464647
3,0.6629213483146068,0.3928571428571429,0.0,0.0,0.5909090909090909,0.43298969072164956,0.36363636363636365
4,0.25842696629213485,0.19047619047619047,0.0,0.0,0.6250000000000001,0.22680412371134023,0.35353535353535354
5,0.752808988764045,0.27380952380952384,0.0,0.0,0.4090909090909091,0.3608247422680413,0.4646464646464647
6,0.3258426966292135,0.1428571428571429,0.0,0.0,0.5,0.20618556701030932,0.3434343434343435
7,0.2359550561797753,0.2142857142857143,0.0,0.0,0.5795454545454546,0.2577319587628867,0.393939393939394
8,0.22471910112359553,0.33333333333333337,0.0,0.0,0.5227272727272728,0.4948453608247423,0.5757575757575757
9,0.4719101123595506,0.28571428571428575,0.0,0.0,0.6363636363636365,0.15463917525773196,0.30303030303030304
10,0.4719101123595506,0.09523809523809523,0.0,0.0,0.6477272727272727,0.2474226804123712,0.37373737373737376
11,0.2808988764044944,0.38095238095238093,0.0,0.0,0.5,0.14432989690721654,0.29292929292929293
12,0.4382022471910113,0.19047619047619047,0.0,0.0,0.5227272727272728,0.21649484536082475,0.35353535353535354
13,0.5730337078651686,0.40476190476190477,0.0,0.0,0.5227272727272728,0.2989690721649485,0.35353535353535354
14,0.24719101123595508,0.3214285714285714,0.0,0.0,0.5454545454545455,0.13402061855670105,0.2828282828282829
15,0.2808988764044944,0.28571428571428575,0.0,0.0,0.5227272727272728,0.4226804123711341,0.5252525252525253
16,0.3820224719101124,0.34523809523809523,0.0,0.0,0.4318181818181819,0.21649484536082475,0.35353535353535354
17,0.49438202247191015,0.130952380952381,0.0,0.0,0.6250000000000001,0.5051546391752578,0.5858585858585859
18,0.25842696629213485,0.28571428571428575,0.0,0.0,0.44318181818181823,0.2577319587628867,0.38383838383838387
19,0.4606741573033708,0.488095238095238,0.0,0.0,0.44318181818181823,0.18556701030927836,0.32323232323232326
20,0.44943820224719105,0.34523809523809523,0.0,0.0,0.4318181818181819,0.19587628865979384,0.0
21,0.34831460674157305,0.08333333333333337,0.0,0.0,0.8295454545454546,0.020618556701030938,0.14141414141414144
22,0.5730337078651686,0.45238095238095244,0.0,0.0,0.46590909090909094,0.31958762886597947,0.43434343434343436
23,0.33707865168539325,0.0,0.0,0.0,0.6363636363636365,0.08247422680412372,0.23232323232323235
24,0.4044943820224719,0.27380952380952384,0.0,0.0,0.5454545454545455,0.19587628865979384,0.23232323232323235
25,0.3258426966292135,0.25,0.0,0.0,0.5454545454545455,0.4226804123711341,0.5252525252525253
26,0.2808988764044944,0.28571428571428575,0.0,0.0,0.5340909090909091,0.309278350515464,0.42424242424242425
27,0.2359550561797753,0.41666666666666663,0.0,0.0,0.5681818181818182,0.2989690721649485,0.41414141414141414
28,0.48314606741573035,0.25,0.0,0.0,0.6022727272727274,0.32989690721649484,0.4444444444444445
29,0.48314606741573035,0.27380952380952384,0.0,0.0,0.5340909090909091,0.288659793814433,0.41414141414141414
30,0.5955056179775282,0.2619047619047619,0.0,0.0,0.5,0.23711340206185572,0.36363636363636365
31,0.3820224719101124,0.20238095238095238,0.0,0.0,0.4318181818181819,0.32989690721649484,0.4444444444444445
32,0.6292134831460675,0.41666666666666663,0.0,0.0,0.3863636363636364,0.3505154639175258,0.4646464646464647
33,0.44943820224719105,0.15476190476190477,0.0,0.0,0.4772727272727273,0.32989690721649484,0.4444444444444445
34,0.2696629213483146,0.22619047619047616,0.0,0.0,0.3522727272727273,0.16494845360824745,0.31313131313131315
35,0.4044943820224719,0.45238095238095244,0.0,0.0,0.46590909090909094,0.3608247422680413,0.4646464646464647
36,0.3258426966292135,0.4285714285714286,0.0,0.0,0.4772727272727273,0.26804123711340205,0.393939393939394
37,0.7303370786516855,0.36904761904761907,0.0,0.0,0.6704545454545455,0.27835051546391754,0.4040404040404041
38,0.35955056179775285,0.30952380952380953,0.0,0.0,0.39772727272727276,0.2577319587628867,0.38383838383838387
39,0.4269662921348315,0.3571428571428572,0.0,0.0,0.5454545454545455,0.19587628865979384,0.29292929292929293
40,0.3707865168539326,0.34523809523809523,0.0,0.0,0.5909090909090909,0.2989690721649485,0.41414141414141414
41,0.33707865168539325,0.25,0.0,0.0,0.6704545454545455,0.3917525773195876,0.494949494949495
42,0.44943820224719105,0.40476190476190477,0.0,0.0,0.5113636363636365,0.37113402061855677,0.47474747474747475
43,0.31460674157303375,0.2619047619047619,0.0,0.0,0.5681818181818182,0.309278350515464,0.42424242424242425
44,0.6853932584269663,0.34523809523809523,0.0,0.0,0.5454545454545455,0.32989690721649484,0.41414141414141414
45,0.1910112359550562,0.2619047619047619,0.0,0.0,0.5113636363636365,0.4020618556701031,0.5050505050505051
46,0.49438202247191015,0.22619047619047616,0.0,0.0,0.6250000000000001,0.5360824742268042,0.6161616161616161
47,0.48314606741573035,0.28571428571428575,0.0,0.0,0.44318181818181823,0.2577319587628867,0.393939393939394
48,0.4719101123595506,0.22619047619047616,0.0,0.0,0.6590909090909091,0.12371134020618557,0.27272727272727276
49,0.25842696629213485,0.20238095238095238,0.0,0.0,0.48863636363636365,0.309278350515464,0.43434343434343436
50,0.4157303370786517,0.4285714285714286,0.0,0.0,0.4772727272727273,0.4020618556701031,0.36363636363636365
51,0.3258426966292135,0.16666666666666669,0.0,0.0,0.5113636363636365,0.0,0.17171717171717174
52,0.24719101123595508,0.23809523809523808,0.0,0.0,0.39772727272727276,0.37113402061855677,0.47474747474747475
53,0.25842696629213485,0.5,0.0,0.0,0.42045454545454547,0.5154639175257733,0.5959595959595959
54,0.5280898876404494,0.36904761904761907,0.0,0.0,0.25,0.13402061855670105,0.26262626262626265
55,0.6067415730337079,0.36904761904761907,0.0,0.0,0.31818181818181823,0.309278350515464,0.42424242424242425
56,0.5730337078651686,0.25,0.0,0.0,0.39772727272727276,0.3402061855670103,0.4545454545454546
57,0.44943820224719105,0.22619047619047616,0.0,0.0,0.5113636363636365,0.309278350515464,0.42424242424242425
58,0.49438202247191015,0.2142857142857143,0.0,0.0,0.34090909090909094,0.309278350515464,0.43434343434343436
59,0.4719101123595506,0.2619047619047619,0.0,0.0,0.6136363636363638,0.31958762886597947,0.43434343434343436
60,0.49438202247191015,0.4761904761904763,0.0,0.0,0.5681818181818182,0.44329896907216504,0.5454545454545455
61,0.5842696629213484,0.23809523809523808,0.0,0.0,0.46590909090909094,0.2577319587628867,0.38383838383838387
62,0.4044943820224719,0.2976190476190476,0.0,0.0,0.5454545454545455,0.4536082474226804,0.5454545454545455
63,0.20224719101123595,0.16666666666666669,0.0,0.0,0.5227272727272728,0.21649484536082475,0.35353535353535354
64,0.5280898876404494,0.15476190476190477,0.0,0.0,0.5795454545454546,0.309278350515464,0.43434343434343436
65,0.2696629213483146,0.3214285714285714,0.0,0.0,0.6136363636363638,0.5051546391752578,0.5959595959595959
66,0.2808988764044944,0.25,0.0,0.0,0.46590909090909094,0.309278350515464,0.42424242424242425
67,0.5842696629213484,0.488095238095238,0.0,0.0,0.4772727272727273,0.4536082474226804,0.5454545454545455
68,0.2808988764044944,0.25,0.0,0.0,0.48863636363636365,0.23711340206185572,0.36363636363636365
69,0.39325842696629215,0.38095238095238093,0.0,0.0,0.6363636363636365,0.38144329896907225,0.48484848484848486
70,0.2921348314606742,0.11904761904761907,0.0,0.0,0.3863636363636364,0.22680412371134023,0.35353535353535354
71,0.49438202247191015,0.41666666666666663,0.0,0.0,0.5340909090909091,0.23711340206185572,0.36363636363636365
72,0.4157303370786517,0.40476190476190477,0.0,0.0,0.4772727272727273,0.3402061855670103,0.4545454545454546
73,0.49438202247191015,0.30952380952380953,0.0,0.0,0.4772727272727273,0.22680412371134023,0.20202020202020204
74,0.2696629213483146,0.3214285714285714,0.0,0.0,0.42045454545454547,0.2577319587628867,0.38383838383838387
75,0.4719101123595506,0.16666666666666669,0.0,0.0,0.5454545454545455,0.23711340206185572,0.36363636363636365
76,0.5393258426966292,0.30952380952380953,0.0,0.0,0.5113636363636365,0.22680412371134023,0.35353535353535354
77,0.4606741573033708,0.38095238095238093,0.0,0.0,0.5795454545454546,0.4226804123711341,0.5151515151515152
78,0.49438202247191015,0.1428571428571429,0.0,0.0,0.48863636363636365,0.2474226804123712,0.37373737373737376
79,0.3258426966292135,0.2976190476190476,0.0,0.0,0.5454545454545455,0.3608247422680413,0.4646464646464647
80,0.3820224719101124,0.1428571428571429,0.0,0.0,0.46590909090909094,0.32989690721649484,0.4444444444444445
81,0.4606741573033708,0.3214285714285714,0.0,0.0,0.5113636363636365,0.288659793814433,0.41414141414141414
82,0.3258426966292135,0.36904761904761907,0.0,0.0,0.46590909090909094,0.20618556701030932,0.3434343434343435
83,0.3820224719101124,0.4642857142857143,0.0,0.0,0.6590909090909091,0.288659793814433,0.41414141414141414
84,0.4044943820224719,0.4761904761904763,0.0,0.0,0.48863636363636365,0.43298969072164956,0.5353535353535355
85,0.44943820224719105,0.3571428571428572,0.0,0.0,0.5909090909090909,0.47422680412371143,0.5656565656565657
86,0.5617977528089888,0.3928571428571429,0.0,0.0,0.5568181818181819,0.44329896907216504,0.5353535353535355
87,0.5842696629213484,0.33333333333333337,0.0,0.0,0.42045454545454547,0.3402061855670103,0.42424242424242425
88,0.5617977528089888,0.41666666666666663,0.0,0.0,0.3068181818181819,0.20618556701030932,0.3434343434343435
89,0.5955056179775282,0.30952380952380953,0.0,0.0,0.18181818181818185,0.26804123711340205,0.393939393939394
90,0.3820224719101124,0.3571428571428572,0.0,0.0,0.5909090909090909,0.32989690721649484,0.4444444444444445
91,0.44943820224719105,0.30952380952380953,0.0,0.0,0.42045454545454547,0.2474226804123712,0.27272727272727276
92,0.4606741573033708,0.3214285714285714,0.0,0.0,0.5681818181818182,0.21649484536082475,0.25252525252525254
93,0.33707865168539325,0.34523809523809523,0.0,0.0,0.4090909090909091,0.18556701030927836,0.32323232323232326
94,0.34831460674157305,0.36904761904761907,0.0,0.0,0.32954545454545453,0.2577319587628867,0.393939393939394
95,0.7191011235955057,0.7142857142857143,0.0,0.0,0.5113636363636365,0.32989690721649484,0.38383838383838387
96,0.39325842696629215,0.25,0.0,0.0,0.34090909090909094,0.31958762886597947,0.43434343434343436
97,0.6404494382022472,0.45238095238095244,0.0,0.0,0.42045454545454547,0.2577319587628867,0.33333333333333337
98,0.7303370786516855,0.4642857142857143,0.0,0.0,0.3863636363636364,0.3505154639175258,0.2828282828282829
99,0.5730337078651686,0.3571428571428572,0.0,0.0,0.6590909090909091,0.288659793814433,0.41414141414141414
100,0.4269662921348315,0.28571428571428575,0.0,0.0,0.7159090909090909,0.22680412371134023,0.35353535353535354
101,0.2696629213483146,0.488095238095238,0.0,0.0,0.7159090909090909,0.31958762886597947,0.43434343434343436
102,0.4269662921348315,0.11904761904761907,0.0,0.0,0.6136363636363638,0.13402061855670105,0.2828282828282829
103,0.3707865168539326,0.36904761904761907,0.0,0.0,0.6022727272727274,0.15463917525773196,0.29292929292929293
104,0.2696629213483146,0.2142857142857143,0.0,0.0,0.4318181818181819,0.27835051546391754,0.4040404040404041
105,0.2921348314606742,0.40476190476190477,0.0,0.0,0.5,0.2989690721649485,0.41414141414141414
106,0.49438202247191015,0.3928571428571429,0.0,0.0,0.44318181818181823,0.3608247422680413,0.4040404040404041
107,0.48314606741573035,0.19047619047619047,0.0,0.0,0.37500000000000006,0.43298969072164956,0.5252525252525253
108,0.550561797752809,0.3214285714285714,0.0,0.0,0.5568181818181819,0.27835051546391754,0.4040404040404041
109,0.5280898876404494,0.1428571428571429,0.0,0.0,0.6363636363636365,0.17525773195876293,0.25252525252525254
110,0.35955056179775285,0.20238095238095238,0.0,0.0,0.6818181818181819,0.030927835051546393,0.20202020202020204
111,0.3820224719101124,0.22619047619047616,0.0,0.0,0.5795454545454546,0.47422680412371143,0.5656565656565657
112,0.39325842696629215,0.2142857142857143,0.0,0.0,0.5227272727272728,0.27835051546391754,0.27272727272727276
113,0.4269662921348315,0.16666666666666669,0.0,0.0,0.48863636363636365,0.26804123711340205,0.393939393939394
114,0.4269662921348315,0.33333333333333337,0.0,0.0,0.48863636363636365,0.17525773195876293,0.31313131313131315
115,0.4606741573033708,0.41666666666666663,0.0,0.0,0.6590909090909091,0.17525773195876293,0.31313131313131315
116,0.3820224719101124,0.30952380952380953,0.0,0.0,0.46590909090909094,0.31958762886597947,0.43434343434343436
117,0.5730337078651686,0.3928571428571429,0.0,0.0,0.6022727272727274,0.11340206185567014,0.26262626262626265
118,0.2808988764044944,0.41666666666666663,0.0,0.0,0.42045454545454547,0.4020618556701031,0.5050505050505051
119,0.3258426966292135,0.1428571428571429,0.0,0.0,0.5681818181818182,0.4020618556701031,0.5050505050505051
120,0.2808988764044944,0.11904761904761907,0.0,0.0,0.44318181818181823,0.2989690721649485,0.42424242424242425
121,0.2696629213483146,0.2976190476190476,0.0,0.0,0.5568181818181819,0.20618556701030932,0.3434343434343435
122,0.1910112359550562,0.27380952380952384,0.0,0.0,0.6022727272727274,0.27835051546391754,0.393939393939394
123,0.04494382022471911,0.1785714285714286,0.0,0.0,0.46590909090909094,0.26804123711340205,0.393939393939394
124,0.6853932584269663,0.23809523809523808,0.0,0.0,0.5568181818181819,0.32989690721649484,0.4444444444444445
125,0.3820224719101124,0.41666666666666663,0.0,0.0,0.5,0.3505154639175258,0.4646464646464647
126,0.31460674157303375,0.20238095238095238,0.0,0.0,0.5113636363636365,0.19587628865979384,0.33333333333333337
127,0.44943820224719105,0.3571428571428572,0.0,0.0,0.4772727272727273,0.32989690721649484,0.4444444444444445
128,0.25842696629213485,0.2142857142857143,0.0,0.0,0.48863636363636365,0.23711340206185572,0.37373737373737376
129,0.4157303370786517,0.33333333333333337,0.0,0.0,0.4772727272727273,0.37113402061855677,0.47474747474747475
130,0.0,0.2619047619047619,0.0,0.0,0.4772727272727273,0.4639175257731959,0.5555555555555557
131,0.4382022471910113,0.1785714285714286,0.0,0.0,0.4318181818181819,0.31958762886597947,0.43434343434343436
132,0.33707865168539325,0.33333333333333337,0.0,0.0,0.5568181818181819,0.19587628865979384,0.33333333333333337
133,0.30337078651685395,0.16666666666666669,0.0,0.0,0.8068181818181819,0.2577319587628867,0.393939393939394
134,0.1910112359550562,0.4285714285714286,0.0,0.0,0.5568181818181819,0.3505154639175258,0.4646464646464647
135,0.4044943820224719,0.30952380952380953,0.0,0.0,0.6022727272727274,0.2989690721649485,0.41414141414141414
136,0.33707865168539325,0.25,0.0,0.0,0.48863636363636365,0.15463917525773196,0.30303030303030304
137,0.2921348314606742,0.28571428571428575,0.0,0.0,0.4090909090909091,0.23711340206185572,0.37373737373737376
138,0.44943820224719105,0.2976190476190476,0.0,0.0,0.6250000000000001,0.19587628865979384,0.33333333333333337
139,0.24719101123595508,0.2142857142857143,0.0,0.0,0.4772727272727273,0.26804123711340205,0.393939393939394
140,0.49438202247191015,0.22619047619047616,0.0,0.0,0.5,0.5051546391752578,0.5959595959595959
141,0.30337078651685395,0.30952380952380953,0.0,0.0,0.42045454545454547,0.3608247422680413,0.43434343434343436
142,0.17977528089887643,0.3214285714285714,0.0,0.0,0.6136363636363638,0.2474226804123712,0.37373737373737376
143,0.06741573033707865,0.5357142857142857,0.0,0.0,0.5568181818181819,0.9175257731958765,0.37373737373737376
144,0.49438202247191015,0.4285714285714286,0.0,0.0,0.48863636363636365,0.4536082474226804,0.5454545454545455
145,0.7078651685393259,0.36904761904761907,0.0,0.0,0.5795454545454546,0.8144329896907216,0.8484848484848485
146,0.25842696629213485,0.38095238095238093,0.0,0.0,0.6704545454545455,0.8762886597938145,0.8989898989898991
147,0.3820224719101124,0.3928571428571429,0.0,0.0,0.6590909090909091,0.8453608247422681,0.8080808080808082
148,0.48314606741573035,0.28571428571428575,0.0,0.0,0.6590909090909091,0.7422680412371135,0.787878787878788
149,0.5168539325842697,0.5357142857142857,0.0,0.0,0.5454545454545455,0.8556701030927836,0.8787878787878788
150,0.30337078651685395,0.22619047619047616,0.0,0.0,0.5795454545454546,0.7628865979381444,0.7979797979797981
151,0.5842696629213484,0.27380952380952384,0.0,0.0,0.7386363636363638,0.7010309278350516,0.7373737373737373
152,0.3258426966292135,0.36904761904761907,0.0,0.0,0.8068181818181819,0.6391752577319588,0.6969696969696969
153,0.6179775280898877,0.36904761904761907,0.0,0.0,0.6477272727272727,0.7731958762886599,0.8080808080808082
154,0.1348314606741573,0.6071428571428572,0.0,0.0,0.8409090909090909,0.5670103092783505,0.6363636363636365
155,0.44943820224719105,0.40476190476190477,0.0,0.0,0.7386363636363638,0.8144329896907216,0.8484848484848485
156,0.8202247191011236,0.23809523809523808,0.0,0.0,0.6022727272727274,0.9072164948453609,0.9292929292929294
157,0.9438202247191012,0.33333333333333337,0.0,0.0,0.5454545454545455,0.7010309278350516,0.7474747474747475
158,0.5393258426966292,0.34523809523809523,0.0,0.0,0.6818181818181819,0.7731958762886599,0.8080808080808082
159,0.6067415730337079,0.3928571428571429,0.0,0.0,0.4545454545454546,0.8659793814432991,0.888888888888889
160,0.5393258426966292,0.2976190476190476,0.0,0.0,0.5795454545454546,0.8969072164948455,0.888888888888889
161,0.5617977528089888,0.5952380952380952,0.0,0.0,0.3522727272727273,0.9175257731958765,0.9292929292929294
162,0.8089887640449438,0.3571428571428572,0.0,0.0,0.5795454545454546,0.6494845360824744,0.7070707070707071
163,0.5280898876404494,0.4642857142857143,0.0,0.0,0.6590909090909091,0.7010309278350516,0.7575757575757576
164,0.3707865168539326,0.4761904761904763,0.0,0.0,0.37500000000000006,0.7731958762886599,0.8080808080808082
165,0.7191011235955057,0.5,0.0,0.0,0.5454545454545455,0.7731958762886599,0.7373737373737373
166,0.6067415730337079,0.488095238095238,0.0,0.0,0.6363636363636365,0.8041237113402063,0.8383838383838383
167,0.5280898876404494,0.5119047619047619,0.0,0.0,0.5909090909090909,0.752577319587629,0.7979797979797981
168,0.7078651685393259,0.40476190476190477,0.0,0.0,0.6704545454545455,0.8453608247422681,0.8686868686868687
169,0.550561797752809,0.30952380952380953,0.0,0.0,0.6022727272727274,0.7835051546391754,0.8181818181818183
170,0.34831460674157305,0.40476190476190477,0.0,0.0,0.6477272727272727,0.8350515463917526,0.8585858585858586
171,0.8314606741573034,0.33333333333333337,0.0,0.0,0.6250000000000001,0.8762886597938145,0.8989898989898991
172,0.3707865168539326,0.34523809523809523,0.0,0.0,0.5113636363636365,0.8762886597938145,0.8989898989898991
173,0.5056179775280899,0.28571428571428575,0.0,0.0,0.6931818181818182,0.731958762886598,0.7777777777777779
174,0.7977528089887641,0.28571428571428575,0.0,0.0,0.8068181818181819,0.6907216494845361,0.7474747474747475
175,0.5617977528089888,0.25,0.0,0.0,0.7500000000000001,0.6288659793814434,0.6969696969696969
176,0.7415730337078652,0.44047619047619047,0.0,0.0,0.6704545454545455,0.6494845360824744,0.6666666666666667
177,0.6741573033707865,0.5357142857142857,0.0,0.0,0.6136363636363638,0.6597938144329898,0.7171717171717171
178,0.9325842696629214,0.25,0.0,0.0,0.6931818181818182,0.7010309278350516,0.7474747474747475
179,0.3820224719101124,0.41666666666666663,0.0,0.0,0.7613636363636365,0.8969072164948455,0.9090909090909092
180,0.7078651685393259,0.45238095238095244,0.0,0.0,0.7386363636363638,0.7835051546391754,0.8181818181818183
181,0.7865168539325843,0.28571428571428575,0.0,0.0,0.6363636363636365,0.8556701030927836,0.8383838383838383
182,0.6741573033707865,0.40476190476190477,1.0,0.0,0.6136363636363638,0.7628865979381444,0.8080808080808082
183,0.17977528089887643,0.41666666666666663,0.0,0.0,0.37500000000000006,0.37113402061855677,0.48484848484848486
184,0.8314606741573034,0.6428571428571428,0.0,0.0,0.7500000000000001,0.6391752577319588,0.6969696969696969
185,0.22471910112359553,0.3571428571428572,0.0,0.0,0.6477272727272727,0.7731958762886599,0.8181818181818183
186,1.0,0.4642857142857143,0.0,0.0,0.5795454545454546,0.711340206185567,0.7676767676767677
187,0.7865168539325843,0.3571428571428572,0.0,0.0,0.6363636363636365,0.7731958762886599,0.7373737373737373
188,0.1348314606741573,0.3214285714285714,0.0,0.0,0.7159090909090909,0.6907216494845361,0.7474747474747475
189,0.6853932584269663,0.4285714285714286,0.0,0.0,0.6136363636363638,0.6597938144329898,0.5252525252525253
190,0.3707865168539326,0.25,0.0,0.0,0.5227272727272728,0.6391752577319588,0.6969696969696969
191,0.7078651685393259,0.5833333333333334,0.0,0.0,0.7500000000000001,0.6597938144329898,0.7171717171717171
192,0.4606741573033708,0.41666666666666663,0.0,0.0,0.6022727272727274,0.7422680412371135,0.787878787878788
193,0.3820224719101124,0.6071428571428572,0.0,0.0,0.5909090909090909,0.752577319587629,0.7979797979797981
194,0.651685393258427,0.2142857142857143,0.0,0.0,0.6363636363636365,0.8659793814432991,0.8181818181818183
195,0.6629213483146068,0.4761904761904763,0.0,0.0,0.6250000000000001,0.7938144329896909,0.8282828282828283
196,0.5730337078651686,0.28571428571428575,0.0,0.0,0.6477272727272727,0.6082474226804124,0.6767676767676769
197,0.5617977528089888,0.488095238095238,0.0,0.0,0.8068181818181819,0.597938144329897,0.6666666666666667
198,0.6741573033707865,0.3571428571428572,0.0,0.0,0.5113636363636365,0.8041237113402063,0.8383838383838383
199,0.4157303370786517,0.36904761904761907,0.0,0.0,0.44318181818181823,0.752577319587629,0.7979797979797981
200,0.651685393258427,0.4642857142857143,0.0,0.0,0.6477272727272727,0.6907216494845361,0.7474747474747475
201,0.4044943820224719,0.36904761904761907,0.0,0.0,0.5795454545454546,0.6804123711340206,0.7272727272727273
202,0.4382022471910113,0.2976190476190476,0.0,0.0,0.5909090909090909,0.711340206185567,0.7575757575757576
203,0.39325842696629215,0.41666666666666663,0.0,0.0,0.6931818181818182,0.7010309278350516,0.7474747474747475
204,0.34831460674157305,0.33333333333333337,0.0,0.0,0.5681818181818182,0.7835051546391754,0.8282828282828283
205,0.6853932584269663,0.5952380952380952,0.0,0.0,0.5227272727272728,0.8659793814432991,0.888888888888889
206,0.5393258426966292,0.3928571428571429,0.0,0.0,0.5909090909090909,0.7628865979381444,0.7171717171717171
207,0.12359550561797754,0.40476190476190477,0.0,0.0,0.6590909090909091,0.711340206185567,0.686868686868687
208,0.34831460674157305,0.23809523809523808,0.0,0.0,0.6590909090909091,0.9381443298969072,0.9494949494949495
209,0.7640449438202248,0.41666666666666663,0.0,0.0,0.8068181818181819,0.7422680412371135,0.787878787878788
210,0.7752808988764045,0.27380952380952384,0.0,0.0,0.6477272727272727,0.752577319587629,0.7979797979797981
211,0.5842696629213484,0.45238095238095244,0.0,0.0,0.7045454545454546,0.752577319587629,0.7979797979797981
212,0.5168539325842697,0.5119047619047619,0.0,0.0,0.4090909090909091,0.752577319587629,0.23232323232323235
213,0.4044943820224719,0.34523809523809523,0.0,0.0,0.4318181818181819,0.7835051546391754,0.17171717171717174
214,0.0,0.41666666666666663,0.0,0.0,0.39772727272727276,0.6597938144329898,0.4444444444444445
215,0.11235955056179776,0.3928571428571429,0.0,0.0,0.46590909090909094,0.6597938144329898,0.21212121212121213
216,0.33707865168539325,0.41666666666666663,0.0,0.0,0.4772727272727273,0.597938144329897,0.3434343434343435
217,0.6853932584269663,0.36904761904761907,0.0,0.0,0.0,0.7938144329896909,0.32323232323232326
218,0.7078651685393259,0.7023809523809523,0.0,0.0,0.7272727272727274,0.7216494845360826,0.6666666666666667
219,0.7977528089887641,0.4285714285714286,0.0,0.0,0.7272727272727274,1.0,1.0
220,0.9550561797752809,0.44047619047619047,0.0,0.0,0.6022727272727274,0.5051546391752578,0.35353535353535354
221,0.7078651685393259,0.3928571428571429,0.0,0.0,0.6136363636363638,0.752577319587629,0.7979797979797981
222,0.8426966292134832,0.4642857142857143,1.0,1.0,0.4545454545454546,0.4536082474226804,0.30303030303030304
223,0.7865168539325843,0.27380952380952384,1.0,0.0,0.5795454545454546,0.8144329896907216,0.8484848484848485
224,0.8089887640449438,0.30952380952380953,0.0,0.0,0.7386363636363638,0.7628865979381444,0.7979797979797981
225,0.8876404494382023,0.2976190476190476,0.0,0.0,0.7500000000000001,0.8041237113402063,0.8383838383838383
226,0.9325842696629214,0.38095238095238093,0.0,0.0,0.7386363636363638,0.752577319587629,0.7979797979797981
227,0.7752808988764045,0.3214285714285714,0.0,0.0,0.6704545454545455,0.731958762886598,0.7777777777777779
228,0.8876404494382023,0.23809523809523808,0.0,0.0,0.5227272727272728,0.8144329896907216,0.7070707070707071
229,0.8764044943820226,0.20238095238095238,0.0,0.0,0.6477272727272727,0.7628865979381444,0.7979797979797981
230,0.8426966292134832,0.25,0.0,0.0,0.7272727272727274,0.6907216494845361,0.7474747474747475
231,0.6629213483146068,0.15476190476190477,0.0,0.0,0.7272727272727274,0.7422680412371135,0.7777777777777779
232,0.752808988764045,0.25,0.0,0.0,0.6136363636363638,0.6288659793814434,0.686868686868687
233,0.7415730337078652,0.38095238095238093,0.0,0.0,0.6136363636363638,0.6907216494845361,0.7474747474747475
234,0.7191011235955057,0.3571428571428572,0.0,0.0,0.5454545454545455,0.7216494845360826,0.7676767676767677
235,0.853932584269663,0.6547619047619048,0.0,0.0,0.5681818181818182,0.7010309278350516,0.7575757575757576
236,0.9438202247191012,0.3928571428571429,0.0,0.0,0.6250000000000001,0.7731958762886599,0.7474747474747475
237,0.8651685393258428,0.4642857142857143,0.0,0.0,0.5795454545454546,0.7731958762886599,0.7474747474747475
238,0.9101123595505619,0.33333333333333337,0.0,0.0,0.4772727272727273,0.6597938144329898,0.686868686868687
239,0.651685393258427,0.5238095238095238,0.0,0.0,0.6704545454545455,0.7216494845360826,0.7676767676767677
240,0.7078651685393259,0.30952380952380953,0.0,0.0,0.5454545454545455,0.7628865979381444,0.8080808080808082
241,0.6966292134831461,0.30952380952380953,0.0,0.0,0.6590909090909091,0.7835051546391754,0.8181818181818183
242,0.9662921348314607,0.27380952380952384,0.0,0.0,0.6704545454545455,0.88659793814433,0.9090909090909092
243,0.9101123595505619,0.44047619047619047,0.0,0.0,0.6477272727272727,0.8659793814432991,0.888888888888889
244,0.9775280898876405,0.3928571428571429,0.0,0.0,0.6931818181818182,0.752577319587629,0.7979797979797981
245,0.5280898876404494,0.3571428571428572,0.0,0.0,0.7045454545454546,0.731958762886598,0.7777777777777779
246,0.853932584269663,0.2976190476190476,0.0,0.0,0.5681818181818182,0.577319587628866,0.6262626262626263
247,0.7865168539325843,0.44047619047619047,0.0,0.0,0.7954545454545455,0.8556701030927836,0.8787878787878788
248,0.7191011235955057,0.34523809523809523,0.0,0.0,0.7613636363636365,0.597938144329897,0.6666666666666667
249,0.9101123595505619,0.4285714285714286,0.0,0.0,0.6477272727272727,0.7731958762886599,0.8080808080808082
250,0.8202247191011236,0.11904761904761907,0.0,0.0,0.6477272727272727,0.7422680412371135,0.787878787878788
251,0.550561797752809,0.5357142857142857,1.0,0.0,0.6363636363636365,0.7010309278350516,0.7474747474747475
252,0.9887640449438203,0.30952380952380953,0.0,0.0,0.5909090909090909,0.7216494845360826,0.7575757575757576
253,0.9438202247191012,0.45238095238095244,0.0,0.0,0.8522727272727273,0.9175257731958765,0.7070707070707071
254,0.7078651685393259,0.41666666666666663,0.0,0.0,0.7272727272727274,0.711340206185567,0.7676767676767677
255,0.9662921348314607,0.4642857142857143,0.0,0.0,0.7159090909090909,0.8041237113402063,0.8383838383838383
256,0.8876404494382023,0.45238095238095244,0.0,0.0,0.5681818181818182,0.6494845360824744,0.686868686868687
257,0.6404494382022472,0.2619047619047619,0.0,0.0,0.06818181818181819,0.47422680412371143,0.33333333333333337
258,0.8764044943820226,0.33333333333333337,0.0,0.0,0.5113636363636365,0.7216494845360826,0.686868686868687
259,0.8764044943820226,0.6190476190476191,0.0,0.0,0.9431818181818182,0.38144329896907225,0.29292929292929293
260,0.7078651685393259,0.6309523809523809,0.0,0.0,0.7386363636363638,0.3917525773195876,0.2828282828282829
261,0.752808988764045,0.8571428571428572,0.0,0.0,0.8295454545454546,0.48453608247422686,0.25252525252525254
262,0.6853932584269663,0.7023809523809523,0.0,0.0,0.5795454545454546,0.309278350515464,0.33333333333333337
263,0.752808988764045,0.8095238095238095,0.0,0.0,0.8409090909090909,0.5257731958762888,0.37373737373737376
264,0.8314606741573034,0.8809523809523809,0.0,0.0,0.6477272727272727,0.5154639175257733,0.29292929292929293
265,0.8202247191011236,0.8095238095238095,0.0,0.0,0.9772727272727273,0.5670103092783505,0.29292929292929293
266,0.8426966292134832,0.7142857142857143,0.0,0.0,0.9431818181818182,0.5567010309278351,0.30303030303030304
267,0.8651685393258428,0.488095238095238,0.0,0.0,1.0,0.5154639175257733,0.20202020202020204
268,0.8314606741573034,0.7380952380952381,0.0,0.0,0.8522727272727273,0.5257731958762888,0.15151515151515152
269,0.7640449438202248,0.7142857142857143,0.0,0.0,0.9545454545454546,0.43298969072164956,0.27272727272727276
270,0.6292134831460675,0.6190476190476191,0.0,0.0,0.8750000000000001,0.3402061855670103,0.4545454545454546
271,0.7303370786516855,0.41666666666666663,0.0,0.0,0.7500000000000001,0.5257731958762888,0.33333333333333337
272,0.5842696629213484,0.7738095238095238,0.0,0.0,0.8181818181818182,0.3608247422680413,0.38383838383838387
273,0.7191011235955057,0.488095238095238,0.0,0.0,0.7954545454545455,0.309278350515464,0.26262626262626265
274,0.6741573033707865,0.7142857142857143,1.0,0.0,0.8750000000000001,0.577319587628866,0.5252525252525253
275,0.7752808988764045,0.5119047619047619,0.0,0.0,0.8750000000000001,0.37113402061855677,0.21212121212121213
276,0.7078651685393259,0.3928571428571429,0.0,0.0,0.8977272727272728,0.43298969072164956,0.2828282828282829
277,0.7977528089887641,0.6547619047619048,0.0,0.0,0.7727272727272728,0.4123711340206186,0.36363636363636365
278,0.7640449438202248,0.5595238095238095,0.0,0.0,0.8295454545454546,0.38144329896907225,0.30303030303030304
279,0.8651685393258428,0.488095238095238,1.0,0.0,0.42045454545454547,0.5257731958762888,0.010101010101010102
280,0.7415730337078652,0.3928571428571429,1.0,0.0,0.6136363636363638,0.5463917525773198,0.36363636363636365
281,0.7977528089887641,0.3571428571428572,1.0,0.0,0.5909090909090909,0.577319587628866,0.30303030303030304
282,0.752808988764045,0.4642857142857143,1.0,0.0,0.7500000000000001,0.5670103092783505,0.16161616161616163
283,0.7640449438202248,0.3928571428571429,1.0,0.0,0.7045454545454546,0.5360824742268042,0.2828282828282829
284,0.8314606741573034,0.3928571428571429,0.0,0.0,0.4772727272727273,0.5257731958762888,0.36363636363636365
285,0.7865168539325843,0.5357142857142857,0.0,0.0,0.6363636363636365,0.5051546391752578,0.43434343434343436
286,0.7415730337078652,0.8333333333333333,0.0,0.0,0.3863636363636364,0.3917525773195876,0.36363636363636365
287,0.8202247191011236,0.7380952380952381,0.0,0.0,0.6590909090909091,0.4948453608247423,0.31313131313131315
288,0.7303370786516855,0.488095238095238,0.0,0.0,0.5340909090909091,0.4536082474226804,0.5151515151515152
289,0.8089887640449438,0.8333333333333333,0.0,0.0,0.1931818181818182,0.5360824742268042,0.21212121212121213
290,0.752808988764045,0.6428571428571428,0.0,0.0,0.5227272727272728,0.43298969072164956,0.33333333333333337
291,0.752808988764045,0.7738095238095238,0.0,0.0,0.6136363636363638,0.47422680412371143,0.23232323232323235
292,0.752808988764045,0.5357142857142857,0.0,0.0,0.5795454545454546,0.3505154639175258,0.38383838383838387
293,0.7078651685393259,1.0,0.0,0.0,0.39772727272727276,0.4948453608247423,0.494949494949495
294,0.6404494382022472,0.5119047619047619,0.0,0.0,0.44318181818181823,0.4536082474226804,0.33333333333333337
295,0.7977528089887641,0.6547619047619048,0.0,0.0,0.4545454545454546,0.5257731958762888,0.393939393939394
296,0.7415730337078652,0.6904761904761905,0.0,0.0,0.3522727272727273,0.3608247422680413,0.43434343434343436
297,0.752808988764045,0.7738095238095238,0.0,0.0,0.2840909090909091,0.4020618556701031,0.25252525252525254
298,0.7191011235955057,0.6666666666666666,0.0,0.0,0.5568181818181819,0.4020618556701031,0.19191919191919193
299,0.7640449438202248,0.7857142857142857,0.0,0.0,0.4318181818181819,0.6391752577319588,0.5656565656565657
300,0.35955056179775285,0.27380952380952384,0.0,0.0,0.6022727272727274,0.2577319587628867,0.38383838383838387
301,0.7865168539325843,0.5714285714285714,0.0,0.0,0.5340909090909091,0.4948453608247423,0.47474747474747475
302,0.7078651685393259,0.488095238095238,0.0,0.0,0.5568181818181819,0.6907216494845361,0.20202020202020204
303,0.8314606741573034,0.7857142857142857,0.0,0.0,0.5568181818181819,0.47422680412371143,0.41414141414141414
304,0.7078651685393259,0.8333333333333333,0.0,0.0,0.44318181818181823,0.4536082474226804,0.3434343434343435
305,0.7078651685393259,0.7976190476190476,0.0,0.0,0.4545454545454546,0.37113402061855677,0.19191919191919193
306,0.7078651685393259,0.6547619047619048,0.0,0.0,0.6818181818181819,0.38144329896907225,0.393939393939394
307,0.7977528089887641,0.8333333333333333,0.0,0.0,0.4545454545454546,0.5257731958762888,0.32323232323232326
308,0.7640449438202248,0.7380952380952381,0.0,0.0,0.48863636363636365,0.4226804123711341,0.42424242424242425
309,0.7191011235955057,0.8095238095238095,0.0,0.0,0.42045454545454547,0.43298969072164956,0.4040404040404041
310,0.8314606741573034,0.36904761904761907,0.0,0.0,0.5681818181818182,0.5567010309278351,0.42424242424242425
311,0.8426966292134832,0.8095238095238095,0.0,0.0,0.39772727272727276,0.5051546391752578,0.33333333333333337
312,0.7078651685393259,0.5833333333333334,0.0,0.0,0.44318181818181823,0.4226804123711341,0.35353535353535354
313,0.7752808988764045,0.6071428571428572,0.0,0.0,0.34090909090909094,0.37113402061855677,0.24242424242424243
314,0.7865168539325843,0.6547619047619048,0.0,0.0,0.4772727272727273,0.8350515463917526,0.8585858585858586
315,0.7752808988764045,0.761904761904762,0.0,0.0,0.5227272727272728,0.5567010309278351,0.26262626262626265
316,0.7191011235955057,0.5952380952380952,0.0,0.0,0.46590909090909094,0.37113402061855677,0.20202020202020204
317,0.7078651685393259,0.761904761904762,0.0,0.0,0.5227272727272728,0.288659793814433,0.29292929292929293
318,0.7415730337078652,0.6547619047619048,0.0,0.0,0.46590909090909094,0.48453608247422686,0.35353535353535354
319,0.7752808988764045,0.5119047619047619,0.0,0.0,0.5227272727272728,0.4226804123711341,0.5252525252525253
320,0.7640449438202248,0.6071428571428572,0.0,0.0,0.5568181818181819,0.38144329896907225,0.3434343434343435
321,0.7191011235955057,0.7380952380952381,0.0,0.0,0.5681818181818182,0.3402061855670103,0.38383838383838387
322,0.6966292134831461,0.7380952380952381,0.0,0.0,0.5340909090909091,0.47422680412371143,0.5454545454545455
323,0.853932584269663,0.6785714285714286,0.0,0.0,0.5,0.37113402061855677,0.393939393939394
324,0.7191011235955057,0.7738095238095238,0.0,0.0,0.42045454545454547,0.37113402061855677,0.4444444444444445
325,0.3258426966292135,0.27380952380952384,0.0,0.0,0.5909090909090909,0.38144329896907225,0.48484848484848486
326,0.6966292134831461,0.7976190476190476,0.0,0.0,0.5227272727272728,0.3402061855670103,0.4040404040404041
327,0.6292134831460675,0.45238095238095244,0.0,0.0,0.48863636363636365,0.3505154639175258,0.30303030303030304
328,0.7752808988764045,0.5952380952380952,0.0,0.0,0.46590909090909094,0.48453608247422686,0.25252525252525254
329,0.7752808988764045,0.5833333333333334,0.0,0.0,0.7159090909090909,0.4639175257731959,0.41414141414141414
330,0.48314606741573035,0.5119047619047619,0.0,0.0,0.5909090909090909,0.47422680412371143,0.5656565656565657
331,0.8314606741573034,0.4761904761904763,0.0,0.0,0.5340909090909091,0.6701030927835053,0.30303030303030304
332,0.7977528089887641,0.488095238095238,0.0,0.0,0.5454545454545455,0.32989690721649484,0.32323232323232326
333,0.6853932584269663,0.5238095238095238,0.0,0.0,0.5,0.37113402061855677,0.38383838383838387
334,0.6629213483146068,0.5357142857142857,0.0,0.0,0.4772727272727273,0.4020618556701031,0.37373737373737376
335,0.8314606741573034,0.6904761904761905,0.0,0.0,0.3522727272727273,0.5154639175257733,0.5252525252525253
