,f1,f2,f3,f4,f5,f6
0,0.0,0.0,1.0,0.0,0.0,0.0
1,0.06666666666666643,0.0,0.0,1.0,1.0,1.0
2,0.06666666666666643,0.0,1.0,0.0,0.0,0.0
3,0.08333333333333393,0.0,0.0,1.0,1.0,1.0
4,0.08333333333333393,0.0,1.0,0.0,0.0,0.0
5,0.08333333333333393,0.0,1.0,0.0,0.0,0.0
6,0.11666666666666714,0.0,0.0,1.0,1.0,1.0
7,0.11666666666666714,0.0,1.0,0.0,0.0,0.0
8,0.13333333333333286,0.0,0.0,1.0,1.0,1.0
9,0.18333333333333357,0.0,0.0,1.0,1.0,1.0
10,0.18333333333333357,0.0,0.0,1.0,1.0,1.0
11,0.18333333333333357,0.0,1.0,0.0,0.0,0.0
12,0.18333333333333357,0.0,1.0,0.0,0.0,0.0
13,0.20000000000000107,0.0,0.0,1.0,1.0,1.0
14,0.20000000000000107,0.0,1.0,0.0,0.0,0.0
15,0.20000000000000107,0.0,1.0,0.0,0.0,0.0
16,0.21666666666666679,0.0,0.0,1.0,1.0,1.0
17,0.21666666666666679,0.0,0.0,1.0,1.0,1.0
18,0.2333333333333334,0.0,0.0,1.0,1.0,1.0
19,0.2333333333333334,0.0,1.0,0.0,0.0,0.0
20,0.25,0.0,0.0,1.0,1.0,0.0
21,0.25,0.0,0.0,1.0,1.0,0.0
22,0.25,0.0,1.0,0.0,0.0,0.0
23,0.25,0.0,0.0,1.0,1.0,1.0
24,0.25,0.0,0.0,1.0,1.0,1.0
25,0.25,0.0,0.0,1.0,1.0,1.0
26,0.25,0.0,0.0,1.0,1.0,1.0
27,0.25,0.0,0.0,1.0,0.0,0.0
28,0.2666666666666675,0.0,1.0,0.0,0.0,0.0
29,0.2666666666666675,0.0,0.0,1.0,1.0,1.0
30,0.2666666666666675,0.0,0.0,1.0,0.0,0.0
31,0.2833333333333341,0.0,0.0,1.0,1.0,0.0
32,0.2833333333333341,0.0,1.0,0.0,0.0,0.0
33,0.2833333333333341,0.0,0.0,1.0,0.0,0.0
34,0.2999999999999998,0.0,1.0,0.0,0.0,0.0
35,0.2999999999999998,0.0,0.0,1.0,1.0,1.0
36,0.2999999999999998,0.0,0.0,1.0,0.0,0.0
37,0.31666666666666643,0.0,1.0,0.0,0.0,0.0
38,0.31666666666666643,0.0,0.0,1.0,0.0,0.0
39,0.3333333333333339,0.0,0.0,1.0,1.0,0.0
40,0.3333333333333339,0.0,1.0,0.0,0.0,0.0
41,0.3333333333333339,0.0,1.0,0.0,0.0,0.0
42,0.3333333333333339,0.0,0.0,1.0,1.0,1.0
43,0.3333333333333339,0.0,0.0,1.0,0.0,0.0
44,0.3333333333333339,0.0,0.0,1.0,0.0,0.0
45,0.35000000000000053,0.0,0.0,1.0,1.0,0.0
46,0.35000000000000053,0.0,0.0,1.0,1.0,0.0
47,0.35000000000000053,0.0,0.0,1.0,1.0,1.0
48,0.36666666666666714,0.0,0.0,1.0,1.0,0.0
49,0.36666666666666714,0.0,0.0,1.0,1.0,0.0
50,0.36666666666666714,0.0,1.0,0.0,0.0,0.0
51,0.36666666666666714,0.0,0.0,1.0,0.0,0.0
52,0.38333333333333286,0.0,1.0,0.0,0.0,0.0
53,0.38333333333333286,0.0,0.0,1.0,1.0,1.0
54,0.38333333333333286,0.0,0.0,1.0,0.0,0.0
55,0.40000000000000036,0.0,0.0,1.0,1.0,0.0
56,0.40000000000000036,0.0,0.0,1.0,1.0,0.0
57,0.40000000000000036,0.0,1.0,0.0,0.0,0.0
58,0.40000000000000036,0.0,0.0,1.0,1.0,1.0
59,0.40000000000000036,0.0,0.0,1.0,0.0,0.0
60,0.41666666666666696,0.0,1.0,1.0,0.0,1.0
61,0.41666666666666696,0.0,1.0,1.0,0.0,1.0
62,0.43333333333333357,0.0,1.0,1.0,0.0,1.0
63,0.4666666666666668,0.0,1.0,1.0,0.0,1.0
64,0.5,0.0,1.0,1.0,0.0,1.0
65,0.5333333333333341,0.0,1.0,1.0,0.0,1.0
66,0.5666666666666664,0.0,1.0,1.0,0.0,1.0
67,0.5833333333333339,0.0,1.0,1.0,0.0,1.0
68,0.6500000000000004,0.0,1.0,1.0,0.0,1.0
69,0.7000000000000011,0.0,1.0,1.0,0.0,1.0
70,0.75,1.0,1.0,1.0,1.0,1.0
71,0.75,1.0,1.0,1.0,1.0,1.0
72,0.75,1.0,1.0,1.0,1.0,0.0
73,0.75,0.0,0.0,0.0,0.0,0.0
74,0.75,0.0,0.0,0.0,0.0,0.0
75,0.75,1.0,1.0,0.0,1.0,0.0
76,0.75,1.0,1.0,0.0,1.0,0.0
77,0.75,0.0,1.0,1.0,0.0,1.0
78,0.7666666666666675,1.0,1.0,1.0,1.0,0.0
79,0.7833333333333341,1.0,1.0,1.0,1.0,1.0
80,0.7833333333333341,0.0,0.0,0.0,0.0,0.0
81,0.7833333333333341,1.0,1.0,0.0,1.0,0.0
82,0.7999999999999998,0.0,1.0,1.0,0.0,1.0
83,0.8166666666666664,1.0,1.0,1.0,1.0,1.0
84,0.8166666666666664,1.0,1.0,1.0,1.0,0.0
85,0.8166666666666664,1.0,1.0,1.0,1.0,0.0
86,0.8166666666666664,0.0,0.0,0.0,0.0,0.0
87,0.8166666666666664,1.0,1.0,0.0,1.0,0.0
88,0.8333333333333339,1.0,1.0,1.0,1.0,0.0
89,0.8500000000000005,1.0,1.0,1.0,1.0,1.0
90,0.8500000000000005,0.0,0.0,0.0,0.0,0.0
91,0.8500000000000005,1.0,1.0,0.0,1.0,0.0
92,0.8666666666666671,1.0,1.0,1.0,1.0,1.0
93,0.8666666666666671,1.0,1.0,1.0,1.0,0.0
94,0.8666666666666671,0.0,0.0,0.0,0.0,0.0
95,0.8666666666666671,1.0,1.0,0.0,1.0,0.0
96,0.8666666666666671,0.0,1.0,1.0,0.0,1.0
97,0.8833333333333329,0.0,1.0,1.0,0.0,1.0
98,0.9000000000000004,1.0,1.0,1.0,1.0,0.0
99,0.9000000000000004,1.0,1.0,1.0,1.0,0.0
100,0.9000000000000004,0.0,1.0,1.0,0.0,1.0
101,0.916666666666667,1.0,1.0,1.0,1.0,1.0
102,0.916666666666667,0.0,0.0,0.0,0.0,0.0
103,0.916666666666667,1.0,1.0,0.0,1.0,0.0
104,0.916666666666667,0.0,1.0,1.0,0.0,1.0
105,0.9333333333333336,1.0,1.0,1.0,1.0,1.0
106,0.9333333333333336,1.0,1.0,1.0,1.0,0.0
107,0.9333333333333336,0.0,0.0,0.0,0.0,0.0
108,0.9333333333333336,1.0,1.0,0.0,1.0,0.0
109,0.9333333333333336,0.0,1.0,1.0,0.0,1.0
110,0.9500000000000011,1.0,1.0,1.0,1.0,1.0
111,0.9500000000000011,0.0,0.0,0.0,0.0,0.0
112,0.9500000000000011,1.0,1.0,0.0,1.0,0.0
113,0.9500000000000011,0.0,1.0,1.0,0.0,1.0
114,0.9666666666666668,1.0,1.0,1.0,1.0,0.0
115,0.9833333333333334,0.0,1.0,1.0,0.0,1.0
116,1.0,0.0,0.0,0.0,0.0,0.0
117,1.0,1.0,1.0,0.0,1.0,0.0
118,1.0,0.0,1.0,1.0,0.0,1.0
119,1.0,0.0,1.0,1.0,0.0,1.0
