,f1,f2,f3,f4,f5,f6,f7
0,0.6319375893525768,0.8662521835165946,0.35696821515892424,0.40625000000000006,0.5555555555555556,0.0368271954674221,0.782608695652174
1,0.5002404009803254,0.9300174681327575,0.3251833740831296,0.46875,0.5222222222222223,0.18158640226628894,0.34782608695652173
2,0.6425769283137042,0.19664189447839808,0.13447432762836187,0.4166666666666667,0.5777777777777778,0.21246458923512748,0.08695652173913043
3,0.4789489584042481,0.8180630172789312,0.49877750611246946,0.28125,0.5666666666666667,0.4872521246458923,0.9130434782608696
4,0.716371519504391,0.8703134143819491,0.5647921760391198,0.5520833333333334,0.6777777777777778,0.7988668555240793,0.26086956521739135
5,0.6373242732657091,0.8976442220960879,0.6063569682151589,0.20833333333333331,0.5444444444444445,0.5524079320113314,0.34782608695652173
6,0.561442661175029,0.8818877023465379,0.5305623471882641,0.16666666666666666,0.6,0.6317280453257791,0.26086956521739135
7,0.5689099836612431,0.8736552397798223,0.6381418092909535,0.8958333333333334,0.5777777777777778,0.6090651558073654,0.6086956521739131
8,0.2949251991285996,0.6786985581090417,0.5647921760391198,0.17708333333333334,0.5666666666666667,0.5042492917847026,0.34782608695652173
9,0.26651746204642934,0.8515692719264665,0.4914425427872861,0.5104166666666667,0.5666666666666667,0.10793201133144477,0.3913043478260869
10,0.561442661175029,0.41955858864527373,0.24449877750611249,0.3229166666666667,0.5555555555555556,0.21246458923512748,0.21739130434782608
11,0.5373344849887671,0.9961785709571391,0.5036674816625917,0.42708333333333337,0.5222222222222223,0.20708215297450425,0.6521739130434783
12,0.08625927564844443,0.18640741669636673,0.45476772616136923,0.5625,0.6444444444444445,0.7422096317280453,0.08695652173913043
13,0.9980576451766628,0.7881097896344011,0.34718826405867975,0.59375,0.5555555555555556,0.21529745042492918,0.8260869565217391
14,0.689010484035673,0.8824201063928085,0.4425427872860636,0.11458333333333334,0.5222222222222223,0.6543909348441926,0.6086956521739131
15,0.5689099836612431,0.25589494480158037,0.4523227383863081,0.03125,0.7444444444444445,0.9521246458923514,0.13043478260869565
16,0.45528541765947306,0.8793862833357533,0.4400977995110025,0.15625,0.5555555555555556,0.0311614730878187,0.26086956521739135
17,0.5002404009803254,0.8393107787619185,0.4083129584352079,0.5104166666666667,0.5444444444444445,0.17308781869688383,0.4782608695652174
18,0.4898606099802574,0.3098239546620556,0.6063569682151589,0.23958333333333337,0.5333333333333333,0.18073654390934843,0.08695652173913043
19,0.7502127442303764,0.8437900128040972,0.589242053789731,0.19791666666666669,0.6777777777777778,0.5495750708215298,0.7391304347826086
20,0.5002404009803254,0.8722692292461423,0.7286063569682153,0.21875,0.38888888888888895,0.9201133144475921,0.5217391304347826
21,0.6527099360065356,0.9915893360789543,0.7628361858190709,0.3854166666666667,0.24444444444444452,0.6385269121813031,0.6956521739130435
22,0.6149095411532439,0.8432620087912668,0.39608801955990225,0.18750000000000003,0.37777777777777777,0.5813031161473088,0.4347826086956522
23,0.38118660221934786,0.7147084317840815,0.7383863080684596,0.3125,0.8111111111111111,0.8436260623229462,0.9565217391304348
24,0.38118660221934786,0.7867457792679222,0.7970660146699267,0.03125,0.4666666666666667,0.43852691218130313,0.4347826086956522
25,0.561442661175029,0.8274702887741945,0.16381418092909533,0.3541666666666667,0.5333333333333333,0.18413597733711048,0.4782608695652174
26,0.5195937436176731,0.9054388813354979,0.567237163814181,0.11458333333333334,0.5777777777777778,0.4419263456090652,0.26086956521739135
27,0.2949251991285996,0.7878369875611055,0.39608801955990225,0.4375,0.5666666666666667,0.13682719546742209,0.8695652173913043
28,0.6373242732657091,0.8079869407007494,0.547677261613692,0.71875,0.6111111111111112,0.5781869688385269,0.4782608695652174
29,0.4898606099802574,0.03599887359143927,0.17848410757946215,0.25000000000000006,0.7444444444444445,0.21529745042492918,0.13043478260869565
30,0.7011688168016884,0.933766296623854,0.4034229828850856,0.30208333333333337,0.5666666666666667,0.2209631728045326,0.34782608695652173
31,0.5002404009803254,0.6317744014854514,0.5599022004889976,0.46875,0.48888888888888893,0.17507082152974504,0.30434782608695654
32,0.6089165361835387,0.7786629178381754,0.5378973105134475,0.11458333333333334,0.6666666666666667,0.5524079320113314,0.8695652173913043
33,0.2337229389338961,0.8214774432285683,0.4645476772616137,0.6041666666666666,0.5333333333333333,0.5736543909348442,0.782608695652174
34,0.5002404009803254,0.22299809478552035,0.40097799511002447,0.18750000000000003,0.6333333333333333,0.19206798866855523,0.13043478260869565
35,0.39821465041868065,0.8786668778682716,0.48899755501222497,0.19791666666666669,0.5555555555555556,0.2662889518413598,0.26086956521739135
36,0.7821116141330247,0.7946724395105402,0.45965770171149145,0.08333333333333334,0.9111111111111112,0.37677053824362605,0.9130434782608696
37,0.589852525699503,0.9138121449723018,0.6528117359413204,0.46875,0.5333333333333333,0.17280453257790368,0.6956521739130435
38,0.8322596841173668,0.9746140070664535,0.7261613691931541,0.5208333333333334,0.4555555555555556,0.56657223796034,0.6956521739130435
39,0.510137262577439,0.9901285249767897,0.6919315403422983,0.7291666666666666,0.5,0.5694050991501416,0.6956521739130435
40,0.737314061542651,0.9804748516088722,0.6968215158924206,0.48958333333333337,0.4555555555555556,0.5750708215297451,0.6956521739130435
41,0.2337229389338961,0.8132647808123341,0.5036674816625917,0.4375,0.5666666666666667,0.3172804532577904,0.782608695652174
42,0.38118660221934786,0.5914986953900849,0.3814180929095355,0.020833333333333336,0.6777777777777778,0.6005665722379604,0.21739130434782608
43,0.5373344849887671,0.8662521835165946,0.4327628361858191,0.40625000000000006,0.5333333333333333,0.1529745042492918,0.6086956521739131
44,0.6477040642657772,0.6488091309493951,0.3863080684596577,0.23958333333333337,0.6222222222222222,0.18555240793201133,0.8695652173913043
45,0.7563801994689904,0.5967523353177484,0.4205378973105135,0.20833333333333331,0.6777777777777778,0.21529745042492918,0.9565217391304348
46,0.6761118013479475,0.21208601185369003,0.4523227383863081,0.020833333333333336,0.6333333333333333,1.0000000000000002,0.13043478260869565
47,0.7050726734290965,0.8977278227314527,0.6503667481662592,0.3854166666666667,0.48888888888888893,0.49575070821529743,0.5217391304347826
48,0.4789489584042481,0.3550540984111479,0.547677261613692,0.2708333333333333,0.6,0.1974504249291785,0.08695652173913043
49,0.510137262577439,0.0,0.645476772616137,0.30208333333333337,0.5444444444444445,0.623229461756374,0.08695652173913043
50,0.26651746204642934,0.23508058661245834,0.37897310513447435,0.3645833333333333,0.5444444444444445,0.15722379603399433,0.08695652173913043
51,0.6027490809449247,0.9777358307923141,0.9486552567237165,0.46875,0.3444444444444445,0.7223796033994334,0.6956521739130435
52,0.6761118013479475,0.8906767691434454,0.863080684596577,0.3229166666666667,0.5444444444444445,0.6240793201133145,0.8260869565217391
53,0.4898606099802574,0.978481636460437,0.28606356968215163,0.48958333333333337,0.5555555555555556,0.1558073654390935,0.30434782608695654
54,0.7200094458438288,0.7821829445903787,0.44987775061124696,0.05208333333333334,0.6777777777777778,0.2359773371104816,0.8695652173913043
55,0.5373344849887671,0.8331947322799653,0.45476772616136923,0.4375,0.5333333333333333,0.1688385269121813,0.5217391304347826
56,0.5963986656681871,1.0,0.899755501222494,0.48958333333333337,0.2777777777777778,0.6079320113314447,0.6521739130434783
57,0.5456783137041324,0.1800295682247186,0.41809290953545236,0.19791666666666669,0.8,0.7450424929178471,0.13043478260869565
58,0.4898606099802574,0.7902746060870063,0.22004889975550124,0.3645833333333333,0.5444444444444445,0.2079320113314448,0.8260869565217391
59,0.42865834978555384,0.5894944801580491,0.4327628361858191,0.2708333333333333,0.6333333333333333,0.16515580736543908,1.0
60,0.510137262577439,0.5275420093192709,0.5794621026894866,0.125,0.6777777777777778,0.28158640226628895,0.0
61,0.716371519504391,0.8441068152117956,0.4718826405867971,0.125,0.5222222222222223,0.4730878186968839,0.5217391304347826
62,0.6207387330655593,0.8330825314272388,0.6797066014669927,0.19791666666666669,0.5555555555555556,0.5127478753541076,0.8695652173913043
63,0.39821465041868065,0.5781401938654733,0.2371638141809291,0.34375,0.5666666666666667,0.18753541076487254,0.34782608695652173
64,0.1949354108516577,0.7026127398568229,0.40586797066014674,0.5729166666666666,0.5555555555555556,0.15864022662889518,0.9130434782608696
65,0.9348938831778882,0.8114387669346286,0.5354523227383864,0.09375,0.788888888888889,0.7538243626062323,0.8695652173913043
66,0.34239907413710935,0.8790276806103725,0.5256723716381418,0.48958333333333337,0.5666666666666667,0.368271954674221,0.26086956521739135
67,0.5456783137041324,0.8241482635268027,0.7921760391198045,0.375,0.5888888888888889,0.6,0.782608695652174
68,0.6319375893525768,0.6650936547117758,0.08557457212713937,0.2916666666666667,0.5777777777777778,0.184985835694051,0.9130434782608696
69,0.5002404009803254,0.8104575594774519,0.4254278728606357,0.19791666666666669,0.4555555555555556,0.5855524079320114,0.4782608695652174
70,0.5761220130710055,0.8324181263777604,0.46699266503667486,0.23958333333333337,0.5444444444444445,0.1926345609065156,0.4347826086956522
71,0.5002404009803254,0.37637666046261953,0.39608801955990225,0.020833333333333336,0.8,0.0,0.17391304347826086
72,0.5761220130710055,0.9635039226298119,0.4425427872860636,0.10416666666666669,0.6222222222222222,0.1473087818696884,0.30434782608695654
73,0.6089165361835387,0.4733907977700631,0.21271393643031783,0.09375,0.8333333333333334,0.22946175637393768,1.0
74,0.6971926271359521,0.8241482635268027,0.3643031784841076,0.04166666666666667,0.4777777777777778,0.7359773371104816,0.5217391304347826
75,0.858261283953979,0.871989827122686,0.371638141809291,0.47916666666666674,0.5333333333333333,0.1784702549575071,0.26086956521739135
76,0.7682023963510111,0.9221766085422247,0.665036674816626,0.5520833333333334,0.48888888888888893,0.5807365439093485,0.6086956521739131
77,0.39821465041868065,0.7362113952066036,0.34718826405867975,0.45833333333333337,0.5444444444444445,0.1971671388101983,0.9565217391304348
78,0.6576009258628907,0.9137351443870974,0.3594132029339854,0.59375,0.5666666666666667,0.0368271954674221,0.5217391304347826
79,0.9068605759411804,0.609057028833419,0.6161369193154035,0.10416666666666669,0.6777777777777778,0.6260623229461756,1.0
80,0.6319375893525768,0.8966498145385904,0.5452322738386308,0.5729166666666666,0.5444444444444445,0.11869688385269123,0.782608695652174
81,0.9732431581455511,0.7984674683527593,0.4400977995110025,0.15625,0.7111111111111111,0.23796033994334279,0.8260869565217391
82,0.589852525699503,0.2528193214268428,0.36674816625916873,0.14583333333333334,0.6666666666666667,0.16997167138810199,0.043478260869565216
83,0.2949251991285996,0.2911150124740949,0.6552567237163814,0.13541666666666669,0.7444444444444445,0.5079320113314448,0.13043478260869565
84,0.5689099836612431,0.7479440843750411,0.3349633251833741,0.15625,0.5333333333333333,0.21246458923512748,0.5217391304347826
85,0.5537072809585405,0.8039763102199577,0.5183374083129585,0.2916666666666667,0.5666666666666667,0.1623229461756374,0.5217391304347826
86,0.31998221458234055,0.8196008289663002,0.8264058679706603,0.40625000000000006,0.05555555555555558,0.6308781869688385,0.4347826086956522
87,0.58309789638505,0.9519318346819434,0.34718826405867975,0.125,0.5555555555555556,0.5410764872521246,0.6956521739130435
88,0.5456783137041324,0.6844362017151329,0.7775061124694378,0.07291666666666667,0.5888888888888889,0.2790368271954674,1.0
89,0.45528541765947306,0.7293935433909298,0.3863080684596577,0.44791666666666663,0.5444444444444445,0.16203966005665724,0.4782608695652174
90,0.6264126216896998,0.9851322870053811,0.4816625916870416,0.05208333333333334,0.4666666666666667,0.22946175637393768,0.30434782608695654
91,0.42865834978555384,0.8269026844604017,0.5501222493887531,0.6875000000000001,0.5777777777777778,0.5648725212464589,0.6086956521739131
92,0.4898606099802574,0.8457876279859726,0.29828850855745725,0.19791666666666669,0.5111111111111112,0.20906515580736545,0.6521739130434783
93,0.7050726734290965,0.8503438626133557,0.6674816625916871,0.04166666666666667,0.41111111111111115,0.5699716713881019,0.5652173913043479
94,0.58309789638505,0.5511195885088727,0.0,0.20833333333333331,0.6444444444444445,0.15835694050991503,0.30434782608695654
95,0.0,0.7195902688860434,0.6356968215158925,0.3854166666666667,0.5333333333333333,0.1396600566572238,0.3913043478260869
96,0.6027490809449247,0.7776663102639578,0.10757946210268948,0.13541666666666669,0.5111111111111112,0.6342776203966006,0.5652173913043479
97,0.41398112533188103,0.9145029502224218,0.5525672371638142,0.30208333333333337,0.6888888888888889,0.7450424929178471,0.7391304347826086
98,0.26651746204642934,0.779795926449041,0.5501222493887531,0.16666666666666666,0.5777777777777778,0.5949008498583569,0.8260869565217391
99,0.6425769283137042,0.8215940441147351,0.5916870415647922,0.0625,0.4444444444444445,0.7790368271954674,0.4347826086956522
100,0.45528541765947306,0.6238873415437955,0.2616136919315404,0.23958333333333337,0.5777777777777778,0.1558073654390935,0.9565217391304348
101,0.58309789638505,0.8270148853131283,0.4792176039119805,0.3645833333333333,0.5111111111111112,0.1688385269121813,0.4782608695652174
102,0.5537072809585405,0.9622741132832608,0.4523227383863081,0.04166666666666667,0.5333333333333333,0.6883852691218131,0.6086956521739131
103,0.5286481380624958,0.8361647548521367,0.48899755501222497,0.21875,0.5444444444444445,0.5297450424929179,0.5217391304347826
104,0.8762998672476002,0.822060447659402,0.26894865525672373,0.03125,0.6111111111111112,0.2351274787535411,0.5217391304347826
105,0.8385484035672953,0.9687091621896324,0.39119804400978,0.125,0.8555555555555556,0.2396600566572238,0.30434782608695654
106,0.5002404009803254,0.4301890694369277,0.58679706601467,0.30208333333333337,0.5555555555555556,0.1501416430594901,0.21739130434782608
107,0.6761118013479475,0.6833427934052299,0.33985330073349634,0.05208333333333334,0.7111111111111111,0.6685552407932012,0.9565217391304348
108,0.6373242732657091,0.9660603420585996,0.469437652811736,0.21875,0.6111111111111112,0.21246458923512748,0.30434782608695654
109,0.7738741575328477,0.8350691465255136,0.7799511002444988,0.5520833333333334,0.4666666666666667,0.11614730878186968,0.5217391304347826
110,0.8343764892096127,0.822060447659402,0.5281173594132029,0.23958333333333337,0.3444444444444445,0.6742209631728046,0.4347826086956522
111,0.7951677275512288,0.8579955207659578,0.6552567237163814,0.8020833333333334,0.4222222222222223,0.0813031161473088,0.5217391304347826
112,0.5761220130710055,0.382477306827532,0.4474327628361858,0.17708333333333334,0.5222222222222223,0.7053824362606232,0.0
113,0.38118660221934786,0.8530916834967943,0.6528117359413204,0.125,0.5444444444444445,0.23796033994334279,0.6521739130434783
114,0.5537072809585405,0.9006824451865834,0.5012224938875306,0.10416666666666669,0.6555555555555556,0.9339943342776204,0.7391304347826086
115,0.4789489584042481,0.871246221471283,0.8508557457212715,0.30208333333333337,0.5333333333333333,0.3413597733711048,0.6956521739130435
116,0.5689099836612431,0.9176951744833259,0.5696821515892421,0.5625,0.4444444444444445,0.6430594900849859,0.34782608695652173
117,0.46744587786779224,0.9000290402207056,0.6625916870415648,0.6354166666666667,0.5,0.5507082152974504,0.26086956521739135
118,0.8961042276533461,0.975485213687624,0.7481662591687042,0.59375,0.41111111111111115,0.5892351274787535,0.6521739130434783
119,0.41398112533188103,0.719218466060342,0.5330073349633252,0.30208333333333337,0.5888888888888889,0.6175637393767706,0.3913043478260869
120,0.5537072809585405,0.8658693806072926,0.35696821515892424,0.47916666666666674,0.5444444444444445,0.05099150141643059,0.3913043478260869
121,0.6425769283137042,0.6979531044435936,0.33985330073349634,0.3125,0.7111111111111111,0.21529745042492918,0.9565217391304348
122,0.7874302198924366,0.983572475150811,0.5134474327628362,0.22916666666666669,0.5222222222222223,0.5728045325779036,0.6521739130434783
123,0.6670574069031249,0.925331432518887,0.7090464547677262,0.46875,0.5,0.22152974504249293,0.34782608695652173
124,0.39821465041868065,0.43632931610280234,0.4914425427872861,0.3854166666666667,0.5444444444444445,0.2096317280453258,0.08695652173913043
125,0.561442661175029,0.8035957073273756,0.6136919315403423,0.22916666666666669,0.5555555555555556,0.24645892351274787,0.9130434782608696
126,0.5195937436176731,0.532811049363975,0.46699266503667486,0.16666666666666666,0.6777777777777778,0.5773371104815864,0.21739130434782608
127,0.0,0.5823356257507557,0.40097799511002447,0.47916666666666674,0.5777777777777778,0.0943342776203966,0.9565217391304348
128,0.7050726734290965,0.86045733947578,0.6577017114914426,0.010416666666666671,0.6111111111111112,0.7677053824362606,0.782608695652174
129,0.5456783137041324,0.9064728891939577,0.5819070904645477,0.9479166666666667,0.6222222222222222,0.5637393767705382,0.5652173913043479
130,0.5456783137041324,0.6062762076991783,0.5281173594132029,0.2604166666666667,0.4777777777777778,0.6206798866855524,0.30434782608695654
131,0.8831098100619511,0.9605427001245208,0.22982885085574575,0.08333333333333334,0.7,0.5269121813031161,0.6521739130434783
132,0.41398112533188103,0.2911150124740949,0.42787286063569685,0.22916666666666669,0.5444444444444445,0.680169971671388,0.13043478260869565
133,0.14746153584314795,0.1620598316547206,0.5574572127139364,0.5729166666666666,0.6333333333333333,0.5577903682719547,0.08695652173913043
134,0.5456783137041324,0.4188325831276316,0.508557457212714,0.25000000000000006,0.6555555555555556,0.5011331444759207,0.0
135,0.34239907413710935,0.964907533297253,0.4474327628361858,0.3958333333333333,0.6222222222222222,0.6997167138810199,0.30434782608695654
136,0.510137262577439,0.26340580188409435,0.5525672371638142,0.25000000000000006,0.6888888888888889,0.9623229461756374,0.13043478260869565
137,0.4789489584042481,0.7901382050503585,0.5599022004889976,0.6145833333333334,0.6333333333333333,0.5694050991501416,0.8260869565217391
138,0.5761220130710055,0.6233131371798424,0.5794621026894866,0.34375,0.5555555555555556,0.1529745042492918,1.0
139,0.4898606099802574,0.54709135789432,0.4034229828850856,0.47916666666666674,0.5333333333333333,0.2237960339943343,0.26086956521739135
140,0.6670574069031249,0.7988568713122219,0.22249388753056235,0.4375,0.5444444444444445,0.141643059490085,0.4347826086956522
141,0.34239907413710935,0.8780354730695952,0.5061124694376529,0.17708333333333334,0.5888888888888889,0.09348441926345609,0.6086956521739131
142,0.7653069473755872,0.7765245015862119,0.1515892420537897,0.33333333333333337,0.5555555555555556,0.2096317280453258,0.782608695652174
143,0.7926190516713187,0.8160368018796942,0.5696821515892421,0.18750000000000003,0.6222222222222222,0.0773371104815864,0.8260869565217391
144,0.5689099836612431,0.8583915237755806,0.5158924205378973,0.2916666666666667,0.5555555555555556,0.2096317280453258,0.3913043478260869
145,0.34239907413710935,0.1843020006952052,0.41075794621026895,0.47916666666666674,0.5444444444444445,0.2039660056657224,0.043478260869565216
146,0.7011688168016884,0.8728258334763344,0.5452322738386308,0.15625,0.5222222222222223,0.6090651558073654,0.3913043478260869
147,0.7305594322281981,0.27491188933035904,0.6014669926650367,0.33333333333333337,0.5444444444444445,0.2067988668555241,0.13043478260869565
148,0.6373242732657091,0.45253683927997845,0.44987775061124696,0.03125,0.7444444444444445,0.38810198300283283,0.0
149,0.34239907413710935,0.3790122804933316,0.547677261613692,0.45833333333333337,0.6444444444444445,0.6093484419263456,0.17391304347826086
150,0.5537072809585405,0.904400473443598,0.469437652811736,0.2604166666666667,0.6,0.934844192634561,0.6086956521739131
151,0.5195937436176731,0.6454541054512013,0.3080684596577017,0.2604166666666667,0.5444444444444445,0.2039660056657224,0.9130434782608696
152,0.2949251991285996,0.6006111646448513,0.6601466992665037,0.16666666666666666,0.5333333333333333,0.14050991501416432,0.30434782608695654
153,0.9699264755939819,0.8847983244672657,0.5525672371638142,0.05208333333333334,0.7222222222222222,0.23427762039660058,0.782608695652174
154,0.6576009258628907,0.8672025907396894,0.136919315403423,0.3854166666666667,0.5777777777777778,0.19575070821529744,0.5217391304347826
155,0.6971926271359521,0.4188325831276316,0.4132029339853301,0.10416666666666669,0.7555555555555555,0.23456090651558073,0.0
156,0.4898606099802574,0.40531128036573083,0.25183374083129584,0.4166666666666667,0.5333333333333333,0.19688385269121814,0.0
157,0.39821465041868065,0.577077585789652,0.5036674816625917,0.10416666666666669,0.6666666666666667,0.1501416430594901,0.30434782608695654
158,0.5373344849887671,0.5954499254194332,0.36919315403422986,0.2604166666666667,0.6,0.1878186968838527,0.30434782608695654
159,0.14746153584314795,0.9072670952299238,0.49877750611246946,0.22916666666666669,0.5777777777777778,0.5821529745042493,0.782608695652174
160,0.5195937436176731,0.8330825314272388,0.5452322738386308,0.40625000000000006,0.6888888888888889,0.6515580736543909,0.8260869565217391
161,0.716371519504391,0.7461400706645369,0.5378973105134475,0.15625,0.6777777777777778,0.5269121813031161,0.9130434782608696
162,0.7623732044386957,0.9739716021841764,0.6405867970660147,0.3645833333333333,0.5333333333333333,0.0736543909348442,0.6086956521739131
163,0.5963986656681871,0.951608432224085,0.4229828850855746,0.125,0.5444444444444445,0.1784702549575071,0.30434782608695654
164,0.5373344849887671,0.8945663987046302,0.4841075794621027,0.48958333333333337,0.5666666666666667,0.20169971671388104,0.782608695652174
165,0.7200094458438288,0.8193654271772464,0.46699266503667486,0.33333333333333337,0.6888888888888889,0.1736543909348442,0.8260869565217391
166,0.7470598747361973,0.8109481632060402,0.5745721271393643,0.65625,0.5444444444444445,0.5807365439093485,0.4782608695652174
167,0.7438602015113351,0.40685569210326,0.4718826405867971,0.125,0.7444444444444445,0.8453257790368272,0.0
168,0.38118660221934786,0.7186596618134298,0.4425427872860636,0.13541666666666669,0.5,0.7124645892351275,0.34782608695652173
169,0.08625927564844443,0.5566416304763915,0.5183374083129585,0.2604166666666667,0.5666666666666667,0.38810198300283283,0.0
170,0.38118660221934786,0.7492442942566364,0.44987775061124696,0.18750000000000003,0.5666666666666667,0.1558073654390935,0.8695652173913043
171,0.38118660221934786,0.8938931935882712,0.5427872860635697,0.23958333333333337,0.7,0.7960339943342777,0.8260869565217391
172,0.0,0.8874097443140567,0.5647921760391198,0.25000000000000006,0.5777777777777778,0.481586402266289,0.782608695652174
173,0.7766568520661721,0.9188985836292354,0.34718826405867975,0.05208333333333334,0.6777777777777778,0.6376770538243626,0.6956521739130435
174,0.41398112533188103,0.7093293909033707,0.6381418092909535,0.13541666666666669,0.6111111111111112,0.17393767705382437,0.9130434782608696
175,0.5537072809585405,0.9009266470425175,0.35696821515892424,0.3645833333333333,0.5666666666666667,0.028328611898016998,0.34782608695652173
176,0.74061372455579,0.8614319468827962,0.6381418092909535,0.375,0.4555555555555556,0.24079320113314448,0.3913043478260869
177,0.6425769283137042,0.9653343365409575,0.4645476772616137,0.05208333333333334,0.5222222222222223,0.7059490084985836,0.6521739130434783
178,0.7089063244604807,0.8888771554663815,0.7481662591687042,0.40625000000000006,0.2555555555555556,0.6855524079320113,0.5652173913043479
179,0.8847777248281027,0.8317493212948419,0.5403422982885085,0.19791666666666669,0.1777777777777778,0.6288951841359773,0.4347826086956522
180,0.8406035128327319,0.5864562570675536,0.5012224938875306,0.09375,0.7,0.2719546742209632,1.0
181,0.6264126216896998,0.8673917921776204,0.8312958435207825,0.7291666666666666,0.3111111111111111,0.6371104815864023,0.5652173913043479
182,0.5761220130710055,0.9505062238473012,0.5525672371638142,0.47916666666666674,0.6888888888888889,0.660056657223796,0.7391304347826086
183,0.2337229389338961,0.4129255382340906,0.6039119804400979,0.16666666666666666,0.5888888888888889,0.1246458923512748,0.21739130434782608
184,0.7271002110422766,0.8307439136537438,0.547677261613692,0.6875000000000001,0.5444444444444445,0.5379603399433428,0.4347826086956522
185,0.5689099836612431,0.9256966352944282,0.7114914425427873,0.21875,0.5222222222222223,0.1104815864022663,0.6956521739130435
186,0.7976844917965826,0.8467270351254668,0.40586797066014674,0.23958333333333337,0.6333333333333333,0.20764872521246458,0.7391304347826086
187,0.4423888624140514,0.8867167390472166,0.469437652811736,0.4375,0.5555555555555556,0.21246458923512748,0.26086956521739135
188,0.6425769283137042,0.7008021260961581,0.097799511002445,0.3125,0.6222222222222222,0.17280453257790368,0.9565217391304348
189,0.9525261249914904,0.9406017485732892,0.5916870415647922,0.71875,0.41111111111111115,0.560056657223796,0.5652173913043479
190,0.510137262577439,0.8907603697788102,0.5647921760391198,0.3229166666666667,0.5666666666666667,0.2096317280453258,0.26086956521739135
191,0.42865834978555384,0.8522820773437878,0.6185819070904646,0.9479166666666667,0.5777777777777778,0.6883852691218131,0.6521739130434783
192,0.7271002110422766,0.8221770485455688,0.6772616136919316,0.3854166666666667,0.4222222222222223,0.5985835694050992,0.5652173913043479
193,0.8728129893117299,0.989857922920214,0.5232273838630808,0.40625000000000006,0.4777777777777778,0.17025495750708214,0.30434782608695654
194,0.36267572673429094,0.4722511891090373,0.3349633251833741,0.07291666666666667,0.8,0.1558073654390935,0.34782608695652173
195,0.4898606099802574,0.5404869077004983,0.5256723716381418,0.4166666666666667,0.5444444444444445,0.2096317280453258,1.0
196,0.5195937436176731,0.9776214299228674,0.6919315403422983,0.5312500000000001,0.4666666666666667,0.5892351274787535,0.6521739130434783
197,0.58309789638505,0.8384483722076286,0.3276283618581908,0.2916666666666667,0.5,0.2050991501416431,0.4347826086956522
198,0.5761220130710055,0.800275882096704,0.6014669926650367,0.6979166666666667,0.6666666666666667,0.6886685552407932,0.4782608695652174
199,0.510137262577439,0.8943133967818155,0.4229828850855746,0.020833333333333336,0.5555555555555556,0.603399433427762,0.7391304347826086
200,0.8001735992919872,0.8444236176194939,0.3276283618581908,0.47916666666666674,0.5444444444444445,0.1464589235127479,0.26086956521739135
201,0.7438602015113351,0.8056131226597323,0.37897310513447435,0.04166666666666667,0.5777777777777778,0.45354107648725217,0.8260869565217391
202,0.6477040642657772,0.9627053165604058,0.19070904645476777,0.3541666666666667,0.5777777777777778,0.2067988668555241,0.6521739130434783
203,0.7470598747361973,0.28584597242939047,0.17359413202933988,0.03125,0.6444444444444445,0.7974504249291785,0.13043478260869565
204,0.39821465041868065,0.43700032120244114,0.5158924205378973,0.23958333333333337,0.9,0.6685552407932012,0.0
205,0.39821465041868065,0.7336153754768535,0.48899755501222497,0.4375,0.7,0.6430594900849859,0.8695652173913043
206,0.8864328749404317,0.8550078980600253,0.6797066014669927,0.34375,0.2777777777777778,0.22776203966005668,0.4782608695652174
207,0.9699264755939819,0.7532637248043084,0.35207823960880197,0.6458333333333334,0.5666666666666667,0.21246458923512748,0.8695652173913043
208,0.41398112533188103,0.5011286085774251,0.3227383863080685,0.17708333333333334,0.5222222222222223,0.2903682719546742,0.0
209,0.5195937436176731,0.4210061996471173,0.48899755501222497,0.15625,0.6222222222222222,0.24645892351274787,0.08695652173913043
210,0.26651746204642934,0.6627022365369977,0.46699266503667486,0.14583333333333334,0.5444444444444445,0.5920679886685553,0.4347826086956522
211,0.5761220130710055,0.41066832107924034,0.41809290953545236,0.0625,0.9666666666666667,0.29518413597733717,0.17391304347826086
212,0.858261283953979,0.9801338490172524,0.48899755501222497,0.3229166666666667,0.7,0.6883852691218131,0.30434782608695654
213,0.5689099836612431,0.46704814956593665,0.5158924205378973,0.3645833333333333,0.6111111111111112,0.16770538243626065,0.0
214,0.5456783137041324,0.8197174298524668,0.6136919315403423,0.22916666666666669,0.5444444444444445,0.5028328611898017,0.8695652173913043
215,0.6477040642657772,0.9484162079631806,0.469437652811736,0.05208333333333334,0.6555555555555556,0.0169971671388102,0.6521739130434783
216,0.2337229389338961,0.9191229853346885,0.5110024449877751,0.5729166666666666,0.5777777777777778,0.011331444759206801,0.34782608695652173
217,0.716371519504391,0.866727387128142,0.7530562347188265,0.59375,0.4777777777777778,0.588385269121813,0.5652173913043479
218,0.684796020831915,0.9648459328290893,0.35696821515892424,0.125,0.6111111111111112,0.23484419263456094,0.30434782608695654
219,0.0,0.577785991173533,0.5110024449877751,0.21875,0.5666666666666667,0.36260623229461764,1.0
220,0.1949354108516577,0.32484126879364283,0.6748166259168704,0.15625,0.7222222222222222,0.6713881019830028,0.08695652173913043
221,0.8026329225951393,0.9716813847785242,0.687041564792176,0.9479166666666667,0.5,0.09745042492917848,0.6521739130434783
222,0.5286481380624958,0.8543038927095845,0.78239608801956,0.0,0.6,0.3087818696883853,0.9130434782608696
223,0.46744587786779224,0.6377804471313981,0.508557457212714,0.05208333333333334,0.5666666666666667,0.7478753541076487,0.21739130434782608
224,0.74061372455579,0.8310783161952029,0.5623471882640587,0.2916666666666667,0.3666666666666667,0.2796033994334278,0.4782608695652174
225,0.6477040642657772,0.9334164939653538,0.273838630806846,0.03125,0.5444444444444445,0.4872521246458923,0.6956521739130435
226,0.7050726734290965,0.8628905579682404,0.6772616136919316,0.5416666666666667,0.5111111111111112,0.3606232294617564,0.5652173913043479
227,0.5002404009803254,0.8165142055079617,0.3447432762836186,0.3958333333333333,0.5333333333333333,0.19490084985835696,0.5217391304347826
228,0.41398112533188103,0.8305195119482907,0.24938875305623473,0.8125,0.5444444444444445,0.1359773371104816,0.7391304347826086
229,0.7271002110422766,0.985077286587378,0.5354523227383864,0.3125,0.6444444444444445,0.048441926345609065,0.6956521739130435
230,0.8050645891483423,0.926350040260306,0.4743276283618582,0.375,0.6333333333333333,0.1767705382436261,0.7391304347826086
231,0.5286481380624958,0.8516704726955924,0.4474327628361858,0.4166666666666667,0.5111111111111112,0.1529745042492918,0.5217391304347826
232,0.561442661175029,0.8916975769015842,0.567237163814181,0.25000000000000006,0.6777777777777778,0.6393767705382436,0.7391304347826086
233,0.0,0.2176102538379292,0.5305623471882641,0.2604166666666667,0.5777777777777778,0.5155807365439093,0.13043478260869565
234,0.8279622506637621,0.8489028516616726,0.645476772616137,0.0625,0.5333333333333333,0.141643059490085,0.5217391304347826
235,0.0,0.12381474099203149,0.4792176039119805,0.44791666666666663,0.5666666666666667,0.9773371104815864,0.08695652173913043
236,0.5761220130710055,0.8180630172789312,0.6112469437652812,0.33333333333333337,0.5333333333333333,0.20708215297450425,0.8695652173913043
237,0.2949251991285996,0.8650091740697228,0.5036674816625917,0.13541666666666669,0.5888888888888889,0.5844192634560906,0.8695652173913043
238,0.8213480325413576,0.839097377140066,0.547677261613692,0.5833333333333334,0.48888888888888893,0.11331444759206799,0.5217391304347826
239,0.5373344849887671,0.349136053434006,0.5452322738386308,0.14583333333333334,0.5444444444444445,0.5155807365439093,0.13043478260869565
240,0.4423888624140514,0.45564106287207795,0.33251833740831294,0.5,0.5333333333333333,0.19036827195467423,0.043478260869565216
241,0.5537072809585405,0.4500222201688733,0.567237163814181,0.14583333333333334,0.6666666666666667,0.481586402266289,0.17391304347826086
242,0.561442661175029,0.9270012452094636,0.5134474327628362,0.59375,0.5444444444444445,0.4164305949008499,0.7391304347826086
243,0.7089063244604807,0.7546937356723908,0.11735941320293403,0.11458333333333334,0.5444444444444445,0.6603399433427762,0.7391304347826086
244,0.7847879365511609,0.8857597317739614,0.6943765281173595,0.2708333333333333,0.5222222222222223,0.6895184135977337,0.6086956521739131
245,0.4898606099802574,0.17567353511886696,0.5012224938875306,0.08333333333333334,0.5777777777777778,0.6478753541076487,0.08695652173913043
246,0.6089165361835387,0.9469025964597331,0.4792176039119805,0.6770833333333334,0.5888888888888889,0.014164305949008499,0.30434782608695654
247,0.5456783137041324,0.8299585076846585,0.5256723716381418,0.28125,0.5333333333333333,0.2209631728045326,0.5217391304347826
248,0.8050645891483423,0.9915365356776711,0.45721271393643037,0.28125,0.4666666666666667,0.18923512747875354,0.30434782608695654
249,0.716371519504391,0.23339317378812097,0.49877750611246946,0.04166666666666667,0.7222222222222222,0.21076487252124648,0.13043478260869565
250,0.5373344849887671,0.814474790008404,0.4474327628361858,0.3854166666666667,0.5,0.17025495750708214,0.4347826086956522
251,0.8026329225951393,0.5954499254194332,0.26650366748166265,0.04166666666666667,0.6888888888888889,0.30028328611898014,1.0
252,0.5195937436176731,0.6168934883905117,0.14425427872860636,0.33333333333333337,0.5555555555555556,0.2209631728045326,0.34782608695652173
253,0.34239907413710935,0.19664189447839808,0.6185819070904646,0.59375,0.6555555555555556,0.6067988668555241,0.043478260869565216
254,0.6207387330655593,0.6915092554703415,0.371638141809291,0.04166666666666667,0.5333333333333333,0.71671388101983,0.9565217391304348
255,0.5195937436176731,0.4224450105820803,0.3765281173594132,0.05208333333333334,1.0,0.8424929178470254,0.17391304347826086
256,0.6804985873783104,0.9584834844744821,0.43765281173594134,0.125,0.5333333333333333,0.431728045325779,0.6521739130434783
257,0.5373344849887671,0.8568053117203689,0.8508557457212715,0.375,0.5111111111111112,0.3243626062322946,0.6086956521739131
258,0.5286481380624958,0.14249288294591034,0.33985330073349634,0.3229166666666667,0.6,0.15127478753541077,0.08695652173913043
259,0.6477040642657772,0.9846878836279154,0.6723716381418093,0.2916666666666667,0.4777777777777778,0.660056657223796,0.30434782608695654
260,0.36267572673429094,0.935374508846267,0.4132029339853301,0.3958333333333333,0.5333333333333333,0.2181303116147309,0.30434782608695654
261,0.6373242732657091,0.9006010445679387,0.5012224938875306,0.020833333333333336,0.48888888888888893,0.2668555240793201,0.5217391304347826
262,0.7593969126557287,0.7776663102639578,0.5378973105134475,0.05208333333333334,0.6222222222222222,0.22946175637393768,0.8695652173913043
263,0.9038417353121383,0.9006010445679387,0.15647921760391198,0.19791666666666669,0.5777777777777778,0.20623229461756373,0.782608695652174
264,0.5537072809585405,0.8475586414456748,0.5378973105134475,0.2916666666666667,0.5444444444444445,0.6118980169971672,0.5652173913043479
265,0.2949251991285996,0.3966212143212289,0.3374083129584352,0.2708333333333333,0.5666666666666667,0.1558073654390935,0.043478260869565216
266,0.31998221458234055,0.7360397939024335,0.5501222493887531,0.0625,0.5777777777777778,0.7365439093484419,0.9130434782608696
267,0.2949251991285996,0.356026505801444,0.5330073349633252,0.10416666666666669,0.5555555555555556,0.20056657223796034,0.043478260869565216
268,0.8190950711416707,0.8801034887865147,0.6234718826405868,0.4166666666666667,0.43333333333333335,0.1104815864022663,0.4347826086956522
269,0.2949251991285996,0.91118752502519,0.5256723716381418,0.34375,0.5444444444444445,0.1407932011331445,0.6521739130434783
270,0.7821116141330247,0.9974941809557751,0.6185819070904646,0.40625000000000006,0.5444444444444445,0.20113314447592068,0.6521739130434783
271,0.6971926271359521,0.8214774432285683,0.430317848410758,0.14583333333333334,0.5333333333333333,0.22946175637393768,0.4782608695652174
272,0.7011688168016884,0.45869908611305443,0.5061124694376529,0.08333333333333334,0.8222222222222222,0.4762039660056657,0.0
273,0.4898606099802574,0.8178254154731575,0.5232273838630808,0.7916666666666667,0.5444444444444445,0.10906515580736545,0.8695652173913043
274,0.6027490809449247,0.577785991173533,0.4621026894865526,0.13541666666666669,0.5333333333333333,0.19830028328611898,0.9130434782608696
275,0.4898606099802574,0.8130227789731201,0.5403422982885085,0.14583333333333334,0.5888888888888889,0.7478753541076487,0.4782608695652174
276,1.0,0.9314408789506798,0.7799511002444988,0.8333333333333335,0.43333333333333335,0.9985835694050992,0.5652173913043479
277,0.6264126216896998,0.7729098741150433,0.136919315403423,0.3645833333333333,0.5666666666666667,0.19830028328611898,0.4347826086956522
278,0.34239907413710935,0.3579559204649956,0.4816625916870416,0.375,0.5666666666666667,0.5039660056657224,0.043478260869565216
279,0.9007803458370208,0.9094693119667707,0.5232273838630808,0.07291666666666667,0.6,0.29943342776203963,0.26086956521739135
280,0.4789489584042481,0.9617197090697887,0.4327628361858191,0.5520833333333334,0.5333333333333333,0.11614730878186968,0.6956521739130435
281,0.42865834978555384,0.8471428382855708,0.3105134474327629,0.3854166666666667,0.5444444444444445,0.1320113314447592,0.782608695652174
282,0.2949251991285996,0.8261018783742755,0.5501222493887531,0.15625,0.5555555555555556,0.18753541076487254,0.8695652173913043
283,0.5761220130710055,0.9197961904510472,0.4645476772616137,0.3854166666666667,0.5222222222222223,0.20821529745042494,0.34782608695652173
284,0.928224351555586,0.8414557950640424,0.7530562347188265,0.21875,0.38888888888888895,0.6444759206798867,0.5652173913043479
285,0.902316359180339,0.8415635958833287,0.6063569682151589,0.16666666666666666,0.21111111111111114,0.7246458923512749,0.4782608695652174
286,0.39821465041868065,0.8416691966858947,0.5403422982885085,0.45833333333333337,0.5444444444444445,0.1218130311614731,0.4782608695652174
287,0.5002404009803254,0.9059976855824103,0.49877750611246946,0.18750000000000003,0.5555555555555556,0.6118980169971672,0.6956521739130435
288,0.14746153584314795,0.10943103167584078,0.4841075794621027,0.2916666666666667,0.7333333333333334,0.2039660056657224,0.08695652173913043
289,0.4423888624140514,0.8511622688332432,0.6308068459657702,1.0,0.5333333333333333,0.6912181303116147,0.6086956521739131
290,0.684796020831915,0.7250903106863611,0.4963325183374083,0.8020833333333334,0.5555555555555556,0.1603399433427762,0.9565217391304348
291,0.7794012526380284,0.912503135023826,0.6308068459657702,0.125,0.48888888888888893,0.3396600566572239,0.26086956521739135
292,0.5761220130710055,0.8949844018814541,0.29828850855745725,0.07291666666666667,0.5555555555555556,0.5722379603399433,0.6086956521739131
293,0.7089063244604807,0.8899067632914008,0.7212713936430318,0.42708333333333337,0.4555555555555556,0.1813031161473088,0.6086956521739131
294,0.6477040642657772,0.9798500468603561,0.5574572127139364,0.5104166666666667,0.5555555555555556,0.6147308781869688,0.30434782608695654
295,0.4789489584042481,0.8655833784336762,0.1515892420537897,0.34375,0.5666666666666667,0.1796033994334278,0.5652173913043479
296,0.7235835489141534,0.31688160830022305,0.4963325183374083,0.05208333333333334,0.6777777777777778,0.1906515580736544,0.17391304347826086
297,0.5002404009803254,0.31572219948871605,0.36185819070904646,0.11458333333333334,0.9555555555555555,0.6373937677053825,0.043478260869565216
298,0.5286481380624958,0.8240338626573562,0.44987775061124696,0.22916666666666669,0.5444444444444445,0.19830028328611898,0.5217391304347826
299,0.39821465041868065,0.9142741484835284,0.31540342298288515,0.5104166666666667,0.6,0.0623229461756374,0.7391304347826086
300,0.41398112533188103,0.6711921010599682,0.589242053789731,0.5416666666666667,0.5666666666666667,0.6373937677053825,0.3913043478260869
301,0.510137262577439,0.9487440104544793,0.4841075794621027,0.28125,0.5444444444444445,0.2067988668555241,0.6956521739130435
302,0.5761220130710055,0.9226914124547343,0.35696821515892424,0.3541666666666667,0.5444444444444445,0.2067988668555241,0.5652173913043479
303,0.31998221458234055,0.06692670864298578,0.3056234718826406,0.18750000000000003,0.5444444444444445,0.17903682719546743,0.17391304347826086
304,0.6527099360065356,0.22121608124221748,0.3740831295843521,0.0625,0.5444444444444445,0.7827195467422097,0.13043478260869565
305,0.4423888624140514,0.5767233830977117,0.4816625916870416,0.2708333333333333,0.7111111111111111,0.6362606232294618,1.0
306,0.5761220130710055,0.2528193214268428,0.3251833740831296,0.3125,0.6222222222222222,0.1898016997167139,0.043478260869565216
307,0.6207387330655593,0.5180049368375199,0.6699266503667483,0.3125,0.6333333333333333,0.21388101983002833,1.0
308,0.5689099836612431,0.6040915910960922,0.45965770171149145,0.2604166666666667,0.6333333333333333,0.18696883852691218,0.9565217391304348
309,0.0,0.2911150124740949,0.41809290953545236,0.4375,0.6,0.0339943342776204,0.043478260869565216
310,0.4789489584042481,0.3037629085981053,0.28606356968215163,0.16666666666666666,0.6111111111111112,0.22662889518413598,0.08695652173913043
311,0.74061372455579,0.9040792710024594,0.46699266503667486,0.18750000000000003,0.7777777777777778,0.2039660056657224,0.7391304347826086
312,0.45528541765947306,0.7772395070202534,0.3202933985330073,0.2708333333333333,0.5777777777777778,0.1688385269121813,0.9130434782608696
313,0.5002404009803254,0.7042121520123552,0.5794621026894866,0.5520833333333334,0.5555555555555556,0.1813031161473088,0.9565217391304348
314,0.5456783137041324,0.8954024050582783,0.567237163814181,0.42708333333333337,0.6222222222222222,0.5235127478753542,0.6086956521739131
315,0.5373344849887671,0.7548521368762402,0.5158924205378973,0.5312500000000001,0.5666666666666667,0.4362606232294618,0.8695652173913043
316,0.753318809993873,0.8441068152117956,0.4523227383863081,0.18750000000000003,0.33333333333333337,0.6878186968838528,0.5652173913043479
317,0.8762998672476002,0.7208860787341982,0.3740831295843521,0.08333333333333334,0.5666666666666667,0.5297450424929179,0.9130434782608696
318,0.7874302198924366,0.9131213397221818,0.6234718826405868,0.6145833333333334,0.5444444444444445,0.5830028328611898,0.7391304347826086
319,0.41398112533188103,0.5752955722463491,0.5158924205378973,0.3958333333333333,0.6333333333333333,0.7223796033994334,1.0
320,0.5456783137041324,0.7664044246736275,0.38875305623471884,0.07291666666666667,0.5333333333333333,0.5835694050991501,0.8695652173913043
321,0.26651746204642934,0.356026505801444,0.1515892420537897,0.05208333333333334,0.6888888888888889,0.141643059490085,0.21739130434782608
322,0.4789489584042481,0.7664044246736275,0.5574572127139364,0.4166666666666667,0.6111111111111112,0.5807365439093485,0.9130434782608696
323,0.39821465041868065,0.8177066145702707,0.547677261613692,0.59375,0.5777777777777778,0.5269121813031161,0.5652173913043479
324,0.5373344849887671,0.4021916566565906,0.36185819070904646,0.18750000000000003,0.6777777777777778,0.24362606232294617,0.043478260869565216
325,0.4423888624140514,0.9174685727611529,0.4229828850855746,0.5104166666666667,0.5555555555555556,0.20113314447592068,0.30434782608695654
326,0.8343764892096127,0.8745748467688355,0.5965770171149145,0.34375,0.43333333333333335,0.1104815864022663,0.3913043478260869
327,0.1949354108516577,0.4259980375850856,0.547677261613692,0.47916666666666674,0.6333333333333333,0.6742209631728046,0.043478260869565216
328,0.2949251991285996,0.4259980375850856,0.45965770171149145,0.5520833333333334,0.5777777777777778,0.03286118980169972,0.043478260869565216
329,0.6761118013479475,0.40061424466825946,0.5158924205378973,0.125,0.7777777777777778,0.6311614730878188,0.17391304347826086
330,0.5286481380624958,0.8905909684913604,0.15892420537897312,0.30208333333333337,0.5777777777777778,0.21841359773371105,0.6086956521739131
331,0.6149095411532439,0.8278112913658144,0.3643031784841076,0.4166666666666667,0.5444444444444445,0.1124645892351275,0.5652173913043479
332,0.8486324800871401,0.7203316745207262,0.22493887530562348,0.020833333333333336,0.5777777777777778,0.35694050991501414,0.8695652173913043
333,0.39821465041868065,0.7984674683527593,0.3447432762836186,0.45833333333333337,0.5444444444444445,0.2113314447592068,0.8695652173913043
334,0.34239907413710935,0.5075482573667558,0.3374083129584352,0.33333333333333337,0.5555555555555556,0.1529745042492918,0.0
335,0.6089165361835387,0.9170153693168066,0.4254278728606357,0.33333333333333337,0.6111111111111112,0.08356940509915015,0.7391304347826086
336,0.589852525699503,0.6345244223856099,0.6210268948655258,0.09375,0.5555555555555556,0.5184135977337111,0.21739130434782608
337,0.38118660221934786,0.8774920689397239,0.5134474327628362,0.2604166666666667,0.7333333333333334,0.6713881019830028,0.7391304347826086
338,0.7502127442303764,0.3098239546620556,0.2567237163814181,0.125,0.8666666666666667,0.7762039660056658,0.3913043478260869
339,0.34239907413710935,0.8457876279859726,0.5525672371638142,0.7604166666666666,0.6111111111111112,0.5504249291784703,0.6956521739130435
340,0.42865834978555384,0.5109296830655914,0.4743276283618582,0.05208333333333334,0.5666666666666667,0.8271954674220964,0.26086956521739135
341,0.4898606099802574,0.9422957614477872,0.49388753056234724,0.34375,0.5666666666666667,0.1668555240793201,0.6086956521739131
342,0.38118660221934786,0.43087987468704747,0.37897310513447435,0.30208333333333337,0.5555555555555556,0.6662889518413597,0.043478260869565216
343,0.5195937436176731,0.9366241183432993,0.5525672371638142,0.20833333333333331,0.5222222222222223,0.012464589235127482,0.34782608695652173
344,0.737314061542651,0.7889237958208482,0.10024449877750613,0.16666666666666666,0.6444444444444445,0.16997167138810199,0.8260869565217391
345,0.2337229389338961,0.577785991173533,0.48899755501222497,0.22916666666666669,0.5333333333333333,0.19830028328611898,0.3913043478260869
346,0.5537072809585405,0.8399575836776358,0.4229828850855746,0.13541666666666669,0.5444444444444445,0.4730878186968839,0.782608695652174
347,0.45528541765947306,0.31101636372436436,0.547677261613692,0.08333333333333334,0.7111111111111111,0.23796033994334279,0.21739130434782608
348,0.6027490809449247,0.5608832627127966,0.6332518337408314,0.6979166666666667,0.6444444444444445,0.6090651558073654,1.0
349,0.5456783137041324,0.14755072138548253,0.34718826405867975,0.22916666666666669,0.6,0.2237960339943343,0.08695652173913043
350,0.7011688168016884,0.5931531079636205,0.567237163814181,0.375,0.6222222222222222,0.2067988668555241,1.0
351,0.1949354108516577,0.6782497546981356,0.5012224938875306,0.3854166666666667,0.5666666666666667,0.6668555240793201,0.9130434782608696
352,0.5963986656681871,0.7749404895477205,0.3936430317848411,0.16666666666666666,0.7444444444444445,0.9427762039660057,0.782608695652174
353,0.5286481380624958,0.7817627413968347,0.26405867970660146,0.45833333333333337,0.5333333333333333,0.20254957507082155,0.4347826086956522
354,0.8466539587446389,0.8721768285438969,0.6356968215158925,0.2916666666666667,0.5222222222222223,0.1926345609065156,0.3913043478260869
355,0.58309789638505,0.5180049368375199,0.6625916870415648,0.16666666666666666,0.5444444444444445,0.5861189801699717,0.0
356,0.2949251991285996,0.9165599658557404,0.5550122249388754,0.40625000000000006,0.5777777777777778,0.4730878186968839,0.34782608695652173
357,0.5537072809585405,0.9012522495170963,0.4816625916870416,0.18750000000000003,0.7,0.5725212464589235,0.7391304347826086
358,0.34239907413710935,0.9582326825683873,0.4743276283618582,0.8645833333333334,0.5666666666666667,0.0821529745042493,0.6956521739130435
359,0.2949251991285996,0.22651812153772388,0.21026894865525675,0.16666666666666666,0.6777777777777778,0.19830028328611898,0.26086956521739135
360,0.0,0.2449322614851872,0.6234718826405868,0.4375,0.6,0.5694050991501416,0.043478260869565216
361,0.5195937436176731,0.8072411350326261,0.684596577017115,0.44791666666666663,0.4555555555555556,0.5770538243626062,0.3913043478260869
362,0.6670574069031249,0.819011224485306,0.7114914425427873,0.08333333333333334,0.21111111111111114,0.7082152974504249,0.4347826086956522
363,0.6761118013479475,0.8978928239854622,0.45721271393643037,0.14583333333333334,0.6,0.06203966005665722,0.6086956521739131
364,0.4898606099802574,0.14755072138548253,0.35696821515892424,0.23958333333333337,0.6444444444444445,0.22662889518413598,0.13043478260869565
365,0.5456783137041324,0.8637595645726905,0.5061124694376529,0.125,0.6777777777777778,0.9631728045325779,0.782608695652174
366,0.561442661175029,0.6876790263606003,0.3863080684596577,0.05208333333333334,0.5444444444444445,0.7223796033994334,0.9130434782608696
367,0.5963986656681871,0.846936036713879,0.3202933985330073,0.2916666666666667,0.5444444444444445,0.2039660056657224,0.6521739130434783
368,0.26651746204642934,0.706786171574904,0.5550122249388754,0.34375,0.5666666666666667,0.5382436260623229,0.9130434782608696
369,0.8257794948600994,0.9393059387251341,0.7066014669926651,0.19791666666666669,0.5555555555555556,0.24645892351274787,0.6521739130434783
370,0.684796020831915,0.9009266470425175,0.645476772616137,0.4166666666666667,0.5222222222222223,0.49008498583569404,0.7391304347826086
371,0.6623812887194499,0.6798117665694259,0.589242053789731,0.22916666666666669,0.6333333333333333,0.21246458923512748,0.9565217391304348
372,0.689010484035673,0.10943103167584078,0.5427872860635697,0.125,0.6,0.19830028328611898,0.08695652173913043
373,0.38118660221934786,0.2975302612299855,0.4645476772616137,0.4166666666666667,0.5666666666666667,0.2767705382436261,0.08695652173913043
374,0.5195937436176731,0.8846223231296557,0.3276283618581908,0.6041666666666666,0.5333333333333333,0.21104815864022664,0.6956521739130435
375,0.4789489584042481,0.7081589820082632,0.4816625916870416,0.21875,0.5333333333333333,0.6444759206798867,0.9565217391304348
376,0.5761220130710055,0.9009266470425175,0.8337408312958436,0.2708333333333333,0.5777777777777778,0.3084985835694052,0.782608695652174
377,0.26651746204642934,0.42387282143344285,0.41075794621026895,0.4166666666666667,0.5444444444444445,0.1898016997167139,0.17391304347826086
378,0.5286481380624958,0.3389015756519749,0.371638141809291,0.25000000000000006,0.5333333333333333,0.21388101983002833,0.08695652173913043
379,0.5373344849887671,0.8311905170479295,0.567237163814181,0.6458333333333334,0.6,0.5929178470254958,0.4347826086956522
380,0.41398112533188103,0.6674608727026325,0.14425427872860636,0.46875,0.5333333333333333,0.13541076487252124,0.4347826086956522
381,0.561442661175029,0.8243792652824162,0.45965770171149145,0.375,0.5333333333333333,0.2113314447592068,0.4782608695652174
382,0.42865834978555384,0.21578423996022367,0.5012224938875306,0.30208333333333337,0.5666666666666667,0.41926345609065163,0.13043478260869565
383,0.6576009258628907,0.6728069133325412,0.4841075794621027,0.125,0.5444444444444445,0.641643059490085,0.9565217391304348
384,0.6576009258628907,0.8811748969292166,0.3031784841075795,0.19791666666666669,0.7,0.2322946175637394,0.26086956521739135
385,0.1949354108516577,0.8993734352381078,0.5158924205378973,0.3854166666666667,0.5444444444444445,0.12124645892351274,0.5652173913043479
386,0.5689099836612431,0.870031812241773,0.5061124694376529,0.2708333333333333,0.5444444444444445,0.21529745042492918,0.5652173913043479
387,0.5002404009803254,0.4996193971074179,0.3643031784841076,0.5312500000000001,0.5444444444444445,0.17422096317280455,0.0
388,0.8001735992919872,0.8806402928662258,0.9095354523227384,0.3541666666666667,0.2555555555555556,0.6960339943342776,0.6086956521739131
389,0.26651746204642934,0.3691936058714045,0.5183374083129585,0.17708333333333334,0.7666666666666666,0.7048158640226629,0.17391304347826086
390,0.41398112533188103,0.323721460283098,0.273838630806846,0.44791666666666663,0.5444444444444445,0.18838526912181305,0.782608695652174
391,0.561442661175029,0.871246221471283,0.33251833740831294,0.28125,0.5333333333333333,0.2039660056657224,0.5652173913043479
392,0.58309789638505,0.3909077708990587,0.3545232273838631,0.3958333333333333,0.5888888888888889,0.15410764872521246,0.0
393,0.6804985873783104,0.8931363878365475,0.6601466992665037,0.6041666666666666,0.5666666666666667,0.5439093484419264,0.782608695652174
394,0.31998221458234055,0.9657589397679422,0.5305623471882641,0.3645833333333333,0.5777777777777778,0.3796033994334278,0.30434782608695654
395,0.8301216046020832,0.8327503289024996,0.3276283618581908,0.375,0.5333333333333333,0.1019830028328612,0.5217391304347826
396,0.5963986656681871,0.3816149002732421,0.5770171149144254,0.0625,0.6111111111111112,0.2917847025495751,0.17391304347826086
397,0.45528541765947306,0.8252988722714292,0.7579462102689487,0.42708333333333337,0.5777777777777778,0.7626062322946175,0.8260869565217391
398,0.31998221458234055,0.595775527894012,0.5721271393643033,0.17708333333333334,0.6333333333333333,0.56657223796034,0.21739130434782608
399,0.46744587786779224,0.5297530261229986,0.5745721271393643,0.33333333333333337,0.5555555555555556,0.141643059490085,0.34782608695652173
400,0.5761220130710055,0.6233131371798424,0.469437652811736,0.020833333333333336,0.7111111111111111,0.22606232294617565,1.0
401,0.4898606099802574,0.48769750650104937,0.009779951100244488,0.20833333333333331,0.5666666666666667,0.21076487252124648,0.26086956521739135
402,0.6477040642657772,0.8398497828583495,0.46699266503667486,0.23958333333333337,0.7222222222222222,0.6373937677053825,0.782608695652174
403,0.4789489584042481,0.44747900084040637,0.645476772616137,0.4166666666666667,0.5888888888888889,0.5229461756373938,0.0
404,0.6149095411532439,0.9942161560427858,0.6503667481662592,0.40625000000000006,0.5555555555555556,0.6206798866855524,0.30434782608695654
405,0.5537072809585405,0.7730572752352916,0.6748166259168704,0.23958333333333337,0.5444444444444445,0.521813031161473,0.9130434782608696
406,0.8897070086459257,0.9039978703838147,0.4034229828850856,0.34375,0.5555555555555556,0.1671388101983003,0.6086956521739131
407,0.7738741575328477,0.8658693806072926,0.7237163814180929,0.15625,0.37777777777777777,0.6798866855524079,0.5652173913043479
408,0.5537072809585405,0.6844362017151329,0.4254278728606357,0.08333333333333334,0.5555555555555556,0.7847025495750708,0.9565217391304348
409,0.6576009258628907,0.8746672474710808,0.58679706601467,0.2916666666666667,0.5111111111111112,0.6373937677053825,0.6521739130434783
410,0.6207387330655593,0.3037629085981053,0.5916870415647922,0.42708333333333337,0.6444444444444445,0.5694050991501416,0.13043478260869565
411,0.45528541765947306,0.5137875047850362,0.5941320293398533,0.20833333333333331,0.6888888888888889,0.41954674220963173,0.0
412,0.6527099360065356,0.3682783989158318,0.14425427872860636,0.08333333333333334,0.7,0.16402266288951842,0.17391304347826086
413,0.6149095411532439,0.3270632856809712,0.5452322738386308,0.19791666666666669,0.6111111111111112,0.20424929178470255,0.043478260869565216
414,0.5286481380624958,0.3691936058714045,0.44498777506112475,0.33333333333333337,0.5555555555555556,0.486685552407932,0.17391304347826086
415,0.6027490809449247,0.2692336461757108,0.36674816625916873,0.125,0.5444444444444445,0.2923512747875354,0.043478260869565216
416,0.7502127442303764,0.8434732103963989,0.5061124694376529,0.20833333333333331,0.5222222222222223,0.22662889518413598,0.6086956521739131
417,0.689010484035673,0.9869033004650836,0.6136919315403423,0.40625000000000006,0.5888888888888889,0.05099150141643059,0.6956521739130435
418,0.34239907413710935,0.41736957200874736,0.6063569682151589,0.2604166666666667,0.5555555555555556,0.10764872521246459,0.26086956521739135
419,0.5456783137041324,0.3691936058714045,0.6039119804400979,0.3125,0.6111111111111112,0.6317280453257791,0.17391304347826086
420,0.42865834978555384,0.7091335894152795,0.8288508557457213,0.2604166666666667,0.0,0.7096317280453258,0.3913043478260869
421,0.6089165361835387,0.3314435189707441,0.3251833740831296,0.19791666666666669,0.6222222222222222,0.2181303116147309,0.17391304347826086
422,0.26651746204642934,0.5142605083798637,0.469437652811736,0.2916666666666667,0.5666666666666667,0.1926345609065156,0.34782608695652173
423,0.7821116141330247,0.29498484188479845,0.24449877750611249,0.10416666666666669,0.6,0.2039660056657224,0.043478260869565216
424,0.8525363367145483,0.8485948493208546,0.8753056234718828,0.59375,0.43333333333333335,0.7563739376770539,0.5652173913043479
425,0.38118660221934786,0.4593062907278096,0.5330073349633252,0.45833333333333337,0.5555555555555556,0.17280453257790368,0.043478260869565216
426,0.1949354108516577,0.8369281606540209,0.4621026894865526,0.65625,0.5222222222222223,0.5671388101983003,0.5652173913043479
427,0.6576009258628907,0.8175878136673838,0.15892420537897312,0.05208333333333334,0.5111111111111112,0.6430594900849859,0.782608695652174
428,0.26651746204642934,0.22476470821178252,0.273838630806846,0.3541666666666667,0.5666666666666667,0.15127478753541077,0.13043478260869565
429,0.510137262577439,0.823338657373796,0.48655256723716384,0.07291666666666667,0.48888888888888893,0.5895184135977337,0.4782608695652174
430,0.5373344849887671,0.869374007242455,0.36185819070904646,0.44791666666666663,0.5444444444444445,0.2067988668555241,0.3913043478260869
431,0.38118660221934786,0.813990786329976,1.0,0.34375,0.2777777777777778,0.7339943342776205,0.782608695652174
432,0.31998221458234055,0.4996193971074179,0.21760391198044013,0.2604166666666667,0.5555555555555556,0.1926345609065156,0.0
433,0.902316359180339,0.7059963655723784,0.23471882640586797,0.09375,0.5555555555555556,0.19490084985835696,0.9565217391304348
434,0.7126718973381442,0.833414733951978,0.7383863080684596,0.14583333333333334,0.33333333333333337,0.6543909348441926,0.4782608695652174
435,0.8121957757505617,0.9678093553511005,0.508557457212714,0.30208333333333337,0.5777777777777778,0.5994334277620397,0.30434782608695654
436,0.26651746204642934,0.17346251831513904,0.47677261613691935,0.5416666666666667,0.5666666666666667,0.9886685552407931,0.13043478260869565
437,0.510137262577439,0.9737956008465662,0.41075794621026895,0.13541666666666669,0.5222222222222223,0.5855524079320114,0.6521739130434783
438,0.8322596841173668,0.9919127385368127,0.4621026894865526,0.5104166666666667,0.4666666666666667,0.2096317280453258,0.30434782608695654
439,0.6264126216896998,0.8281522939574342,0.6699266503667483,0.5312500000000001,0.3555555555555556,0.6657223796033994,0.4347826086956522
440,0.589852525699503,0.8368203598347346,0.48655256723716384,0.28125,0.4777777777777778,0.9490084985835694,0.4782608695652174
441,0.6761118013479475,0.9699037712686616,0.3936430317848411,0.11458333333333334,0.5333333333333333,0.30708215297450425,0.30434782608695654
442,0.9488690516713186,0.9646633314413187,0.5207823960880196,0.22916666666666669,0.6222222222222222,0.0311614730878187,0.6956521739130435
443,0.5002404009803254,0.8506496649374533,0.430317848410758,0.42708333333333337,0.5444444444444445,0.09376770538243627,0.5652173913043479
444,0.5963986656681871,0.8755824544266535,0.4743276283618582,0.125,0.5444444444444445,0.2974504249291785,0.5217391304347826
445,0.39821465041868065,0.19463327921292195,0.18826405867970658,0.22916666666666669,0.6888888888888889,0.2181303116147309,0.17391304347826086
446,0.6716335352985228,0.8409211910010514,0.46699266503667486,0.375,0.5333333333333333,0.1861189801699717,0.5652173913043479
447,0.38118660221934786,0.3719150265542017,0.3422982885085575,0.3854166666666667,0.5444444444444445,0.19943342776203968,0.17391304347826086
448,0.2949251991285996,0.6087490264926014,0.5036674816625917,0.17708333333333334,0.6888888888888889,0.588385269121813,0.21739130434782608
449,0.4898606099802574,0.9019012544495337,0.39608801955990225,0.20833333333333331,0.5444444444444445,0.56657223796034,0.8260869565217391
450,0.14746153584314795,0.6040915910960922,0.37897310513447435,0.375,0.5444444444444445,0.1169971671388102,1.0
451,0.5286481380624958,0.970970779377923,0.5134474327628362,0.33333333333333337,0.5333333333333333,0.2181303116147309,0.30434782608695654
452,0.31998221458234055,0.3569945131583001,0.5232273838630808,0.34375,0.5666666666666667,0.33994334277620397,0.17391304347826086
453,0.6089165361835387,0.8985528290015004,0.6381418092909535,0.3229166666666667,0.5222222222222223,0.21954674220963175,0.782608695652174
454,0.6761118013479475,0.9279384523322378,0.39853300733496333,0.11458333333333334,0.7333333333333334,0.17280453257790368,0.34782608695652173
455,0.5761220130710055,0.7339629781186336,0.4327628361858191,0.09375,0.6222222222222222,0.17280453257790368,0.8695652173913043
456,0.5002404009803254,0.9160275618094698,0.5990220048899756,0.375,0.5,0.6402266288951841,0.5652173913043479
457,0.7766568520661721,0.6273017674934329,0.5990220048899756,0.08333333333333334,0.6555555555555556,0.37677053824362605,1.0
458,0.36267572673429094,0.7245469065564898,0.36674816625916873,0.5729166666666666,0.5111111111111112,0.2079320113314448,0.4347826086956522
459,0.41398112533188103,0.847039437499725,0.45965770171149145,0.21875,0.5555555555555556,0.1019830028328612,0.782608695652174
460,0.39821465041868065,0.19863290961011315,0.39608801955990225,0.15625,0.7111111111111111,0.5492917847025496,0.08695652173913043
461,0.561442661175029,0.39500420203193554,0.5574572127139364,0.375,0.5333333333333333,0.22662889518413598,0.17391304347826086
462,0.39821465041868065,0.8898209626393161,0.469437652811736,0.2604166666666667,0.5666666666666667,0.2067988668555241,0.6956521739130435
463,0.6373242732657091,0.8997826383480514,0.7775061124694378,0.6770833333333334,0.48888888888888893,0.6308781869688385,0.6086956521739131
464,0.36267572673429094,0.7479440843750411,0.44498777506112475,0.13541666666666669,0.7444444444444445,0.5314447592067989,0.9130434782608696
465,0.36267572673429094,0.2384136119434508,0.2004889975550122,0.125,0.5777777777777778,0.1473087818696884,0.08695652173913043
466,0.8486324800871401,0.8273580879214681,0.215158924205379,0.03125,0.8222222222222222,0.29971671388101984,0.3913043478260869
467,0.5002404009803254,0.8370381614900273,0.4841075794621027,0.2916666666666667,0.5444444444444445,0.17167138810198299,0.782608695652174
468,0.5002404009803254,0.6295501845814029,0.5647921760391198,0.11458333333333334,0.5777777777777778,0.38186968838526913,1.0
469,0.31998221458234055,0.2776949104813198,0.5696821515892421,0.47916666666666674,0.5666666666666667,0.2181303116147309,0.043478260869565216
470,0.5286481380624958,0.8039763102199577,0.39608801955990225,0.11458333333333334,0.5444444444444445,0.6742209631728046,0.8260869565217391
471,0.8074685989515965,0.8521808765746619,0.45476772616136923,0.05208333333333334,0.8444444444444444,0.40226628895184136,0.8695652173913043
472,0.34239907413710935,0.8792982826669482,0.5232273838630808,0.375,0.5777777777777778,0.02634560906515581,0.8260869565217391
473,0.5537072809585405,0.9803054503214224,0.547677261613692,0.0625,0.5888888888888889,0.6317280453257791,0.6521739130434783
474,0.5286481380624958,0.8498312587175663,0.7603911980440099,0.2604166666666667,0.2,0.7110481586402266,0.5217391304347826
475,0.716371519504391,0.3357357515917121,0.4034229828850856,0.17708333333333334,0.7,0.2144475920679887,0.08695652173913043
476,0.737314061542651,0.5507213854825297,0.3545232273838631,0.17708333333333334,0.5888888888888889,0.24079320113314448,1.0
477,0.510137262577439,0.6309427951652431,0.5183374083129585,0.7083333333333334,0.5666666666666667,0.09320113314447592,0.21739130434782608
478,0.7926190516713187,0.9430371670824695,0.34963325183374083,0.11458333333333334,0.6888888888888889,0.7699716713881021,0.7391304347826086
479,0.46744587786779224,0.6072068147717922,0.46699266503667486,0.18750000000000003,0.5333333333333333,0.686685552407932,0.21739130434782608
480,0.08625927564844443,0.44619639109257236,0.3227383863080685,0.7708333333333334,0.5666666666666667,0.1189801699716714,0.26086956521739135
481,0.58309789638505,0.8772214668831482,0.5452322738386308,0.4166666666666667,0.6444444444444445,0.6005665722379604,0.6956521739130435
482,0.6027490809449247,0.8699372115228075,0.5134474327628362,0.14583333333333334,0.6777777777777778,0.6487252124645893,0.6086956521739131
483,0.5195937436176731,0.8505484641683276,0.4963325183374083,0.40625000000000006,0.5777777777777778,0.46458923512747874,0.3913043478260869
484,0.31998221458234055,0.917921776205499,0.49877750611246946,0.48958333333333337,0.5444444444444445,0.1011331444759207,0.34782608695652173
485,0.5195937436176731,0.8750346502633419,0.6136919315403423,0.16666666666666666,0.6,0.4702549575070821,0.8695652173913043
486,0.2949251991285996,0.4733907977700631,0.38875305623471884,0.40625000000000006,0.5444444444444445,0.13456090651558075,0.043478260869565216
487,0.6264126216896998,0.1620598316547206,0.18337408312958436,0.14583333333333334,0.9666666666666667,0.2419263456090652,0.13043478260869565
488,0.6477040642657772,0.40061424466825946,0.3031784841075795,0.07291666666666667,0.5444444444444445,0.5524079320113314,0.043478260869565216
489,0.38118660221934786,0.4091525095590727,0.371638141809291,0.18750000000000003,0.6222222222222222,0.1926345609065156,0.08695652173913043
490,0.26651746204642934,0.8225268512040691,0.6234718826405868,0.9479166666666667,0.4555555555555556,0.6940509915014165,0.4347826086956522
491,0.26651746204642934,0.5349692657664198,0.45476772616136923,0.3125,0.5888888888888889,0.5951841359773371,1.0
492,0.4423888624140514,0.16669306686730834,0.3105134474327629,0.17708333333333334,0.8111111111111111,0.6175637393767706,0.08695652173913043
493,0.42865834978555384,0.6105860404539074,0.5183374083129585,0.15625,0.5666666666666667,0.16770538243626065,0.21739130434782608
494,0.2337229389338961,0.3314435189707441,0.3447432762836186,0.40625000000000006,0.5888888888888889,0.9858356940509915,0.043478260869565216
495,0.34239907413710935,0.39822722652692155,0.4327628361858191,0.2604166666666667,0.5444444444444445,0.17053824362606235,0.0
496,0.7271002110422766,0.8589833282732948,0.33985330073349634,0.04166666666666667,0.5888888888888889,0.1558073654390935,0.3913043478260869
497,0.5761220130710055,0.5379568884723525,0.46699266503667486,0.07291666666666667,0.5777777777777778,0.2322946175637394,1.0
498,0.6373242732657091,0.8906767691434454,0.6234718826405868,0.5104166666666667,0.5333333333333333,0.1813031161473088,0.782608695652174
499,0.74061372455579,0.9764686211615208,0.6748166259168704,0.13541666666666669,0.4444444444444445,0.7189801699716715,0.6086956521739131
