,f1,f2,f3,f4,f5,f6
0,0.0,0.30485436893203877,0.3090909090909091,0.35810810810810806,0.7966666666666666,0.38524590163934436
1,0.0,0.3203883495145631,0.32545454545454544,0.37837837837837834,0.8499999999999999,0.41803278688524603
2,0.0,0.3184466019417475,0.3290909090909091,0.3766891891891892,0.8433333333333333,0.5245901639344264
3,0.0,0.3650485436893203,0.3745454545454545,0.41722972972972966,0.7833333333333332,0.37704918032786905
4,0.0,0.36893203883495146,0.3745454545454545,0.4256756756756756,0.7366666666666666,0.5245901639344264
5,0.0,0.374757281553398,0.3872727272727272,0.43749999999999994,0.8233333333333333,0.4508196721311475
6,0.0,0.374757281553398,0.3872727272727272,0.43412162162162155,0.8866666666666667,0.5409836065573772
7,0.0,0.3902912621359223,0.3927272727272727,0.4425675675675675,0.7233333333333334,0.38524590163934436
8,0.0,0.3902912621359223,0.3927272727272727,0.44425675675675674,0.8466666666666665,0.41803278688524603
9,0.0,0.4077669902912621,0.4054545454545454,0.4628378378378378,0.8266666666666664,0.4098360655737705
10,0.0,0.4058252427184465,0.4109090909090909,0.4628378378378378,0.8299999999999998,0.4426229508196722
11,0.0,0.41165048543689314,0.4109090909090909,0.4628378378378378,0.8400000000000001,0.37704918032786905
12,0.0,0.4194174757281553,0.42000000000000004,0.4662162162162162,0.7766666666666664,0.2704918032786886
13,0.0,0.42524271844660183,0.4290909090909091,0.47972972972972966,0.8566666666666667,0.42622950819672134
14,0.0,0.42524271844660183,0.4290909090909091,0.47972972972972966,0.8999999999999999,0.5163934426229508
15,0.0,0.44466019417475716,0.44727272727272727,0.4983108108108107,0.8099999999999998,0.41803278688524603
16,0.0,0.44466019417475716,0.44727272727272727,0.501689189189189,0.8099999999999998,0.39344262295081966
17,0.0,0.4543689320388348,0.4563636363636363,0.5033783783783783,0.8666666666666667,0.37704918032786905
18,0.0,0.45631067961165045,0.4563636363636363,0.5050675675675675,0.7633333333333332,0.5000000000000002
19,0.0,0.4621359223300971,0.46545454545454545,0.5185810810810809,0.7933333333333332,0.4426229508196722
20,0.0,0.4640776699029126,0.46545454545454545,0.5135135135135134,0.8766666666666665,0.4098360655737705
21,0.0,0.4660194174757281,0.4745454545454545,0.5219594594594594,0.8200000000000001,0.37704918032786905
22,0.0,0.47184466019417476,0.48363636363636364,0.5371621621621621,0.7866666666666666,0.5245901639344264
23,0.0,0.47378640776699027,0.48363636363636364,0.5354729729729728,0.8533333333333333,0.41803278688524603
24,0.0,0.47184466019417476,0.48363636363636364,0.5422297297297296,0.8499999999999999,0.5000000000000002
25,0.0,0.4757281553398058,0.48363636363636364,0.5371621621621621,0.8599999999999999,0.5163934426229508
26,0.0,0.4893203883495146,0.5018181818181818,0.5523648648648647,0.8433333333333333,0.4426229508196722
27,0.0,0.49126213592233,0.5018181818181818,0.554054054054054,0.8699999999999999,0.5081967213114755
28,0.0,0.5048543689320388,0.52,0.5709459459459458,1.0,0.557377049180328
29,0.0,0.5339805825242718,0.5472727272727272,0.5962837837837838,0.8799999999999999,0.459016393442623
30,0.0,0.5339805825242718,0.5472727272727272,0.5945945945945945,0.8866666666666667,0.459016393442623
31,0.0,0.5572815533980582,0.5654545454545454,0.616554054054054,0.8966666666666665,0.5081967213114755
32,0.0,0.5805825242718445,0.5927272727272727,0.626689189189189,0.8699999999999999,0.4918032786885247
33,0.0,0.5922330097087378,0.5927272727272727,0.6368243243243241,0.7799999999999998,0.4098360655737705
34,0.16666666666666666,0.312621359223301,0.31999999999999995,0.3361486486486486,0.48999999999999994,0.5000000000000002
35,0.16666666666666666,0.32233009708737864,0.3290909090909091,0.3462837837837837,0.4433333333333333,0.47540983606557385
36,0.16666666666666666,0.35145631067961164,0.3563636363636363,0.37162162162162155,0.4666666666666666,0.5327868852459017
37,0.16666666666666666,0.4077669902912621,0.4109090909090909,0.4256756756756756,0.5700000000000001,0.8688524590163937
38,0.16666666666666666,0.5087378640776699,0.509090909090909,0.5202702702702702,0.5066666666666666,0.6475409836065575
39,0.16666666666666666,0.5786407766990289,0.5745454545454546,0.5861486486486485,0.4633333333333333,0.5163934426229508
40,0.33333333333333337,0.10485436893203881,0.10363636363636361,0.12499999999999994,0.37000000000000005,0.43442622950819687
41,0.33333333333333337,0.17475728155339804,0.17818181818181814,0.19425675675675674,0.38666666666666666,0.42622950819672134
42,0.33333333333333337,0.19417475728155337,0.18909090909090906,0.20945945945945943,0.39333333333333337,0.4098360655737705
43,0.33333333333333337,0.2077669902912621,0.20727272727272725,0.22635135135135132,0.36000000000000004,0.459016393442623
44,0.33333333333333337,0.21553398058252426,0.2109090909090909,0.22635135135135132,0.45,0.6065573770491806
45,0.33333333333333337,0.22330097087378636,0.21999999999999995,0.23648648648648646,0.4633333333333333,0.4918032786885247
46,0.33333333333333337,0.22524271844660193,0.22545454545454544,0.24155405405405406,0.4066666666666667,0.4918032786885247
47,0.33333333333333337,0.23106796116504852,0.22909090909090904,0.25168918918918914,0.37666666666666665,0.42622950819672134
48,0.33333333333333337,0.25048543689320385,0.24727272727272723,0.26858108108108103,0.3,0.5327868852459017
49,0.33333333333333337,0.2524271844660194,0.24727272727272723,0.2618243243243243,0.4266666666666667,0.48360655737704916
50,0.33333333333333337,0.2524271844660194,0.25636363636363635,0.2787162162162162,0.4433333333333333,0.5245901639344264
51,0.33333333333333337,0.2621359223300971,0.25636363636363635,0.27364864864864863,0.38999999999999996,0.37704918032786905
52,0.33333333333333337,0.26407766990291265,0.25636363636363635,0.27364864864864863,0.37000000000000005,0.5327868852459017
53,0.33333333333333337,0.2815533980582524,0.2836363636363636,0.31081081081081074,0.44,0.4426229508196722
54,0.33333333333333337,0.2815533980582524,0.2727272727272727,0.3023648648648648,0.37999999999999995,0.4016393442622952
55,0.33333333333333337,0.283495145631068,0.27454545454545454,0.304054054054054,0.4366666666666667,0.5491803278688525
56,0.33333333333333337,0.312621359223301,0.3054545454545454,0.3226351351351351,0.36333333333333323,0.43442622950819687
57,0.33333333333333337,0.3203883495145631,0.31999999999999995,0.3445945945945945,0.5299999999999998,0.5491803278688525
58,0.33333333333333337,0.3398058252427184,0.33818181818181814,0.36824324324324326,0.45,0.5655737704918034
59,0.33333333333333337,0.42718446601941745,0.4236363636363636,0.4425675675675675,0.42,0.5409836065573772
60,0.5,0.11650485436893204,0.11454545454545453,0.13006756756756754,0.8999999999999999,0.4426229508196722
61,0.5,0.1320388349514563,0.12909090909090906,0.14527027027027023,0.7766666666666664,0.37704918032786905
62,0.5,0.17087378640776696,0.16909090909090904,0.1858108108108108,0.7633333333333332,0.39344262295081966
63,0.5,0.19417475728155337,0.19272727272727272,0.21114864864864863,0.8299999999999998,0.4098360655737705
64,0.5,0.21165048543689313,0.2109090909090909,0.22972972972972966,0.8400000000000001,0.4918032786885247
65,0.5,0.22330097087378636,0.2236363636363636,0.2432432432432432,0.7433333333333332,0.4508196721311475
66,0.5,0.22330097087378636,0.2236363636363636,0.2432432432432432,0.8666666666666667,0.4918032786885247
67,0.5,0.23883495145631067,0.23818181818181813,0.25844594594594594,0.8633333333333333,0.360655737704918
68,0.5,0.2660194174757281,0.2654545454545454,0.2871621621621621,0.8533333333333333,0.4508196721311475
69,0.5,0.30097087378640774,0.30181818181818176,0.3243243243243243,0.8366666666666667,0.5000000000000002
70,0.5,0.3203883495145631,0.31999999999999995,0.3412162162162162,0.8233333333333333,0.48360655737704916
71,0.6666666666666666,0.03495145631067961,0.025454545454545452,0.0337837837837838,0.0533333333333334,0.08196721311475408
72,0.6666666666666666,0.04854368932038833,0.03818181818181815,0.047297297297297286,0.08333333333333331,0.10655737704918034
73,0.6666666666666666,0.05048543689320387,0.03999999999999998,0.047297297297297286,0.013333333333333308,0.09836065573770503
74,0.6666666666666666,0.05631067961165048,0.047272727272727244,0.05405405405405406,0.12666666666666665,0.2295081967213115
75,0.6666666666666666,0.06213592233009707,0.050909090909090876,0.0608108108108108,0.07666666666666672,0.1311475409836067
76,0.6666666666666666,0.06407766990291264,0.052727272727272706,0.06418918918918917,0.03999999999999998,0.12295081967213117
77,0.6666666666666666,0.0737864077669903,0.0618181818181818,0.07263513513513511,0.0799999999999999,0.09016393442622961
78,0.6666666666666666,0.0737864077669903,0.0618181818181818,0.07263513513513511,0.0799999999999999,0.01639344262295095
79,0.6666666666666666,0.07572815533980581,0.06545454545454543,0.07432432432432429,0.0733333333333333,0.0
80,0.6666666666666666,0.07766990291262135,0.06909090909090906,0.07770270270270269,0.03666666666666668,0.139344262295082
81,0.6666666666666666,0.0815533980582524,0.07272727272727272,0.07939189189189189,0.11666666666666664,0.05737704918032793
82,0.6666666666666666,0.08932038834951456,0.08363636363636362,0.08445945945945946,0.06666666666666671,0.032786885245901676
83,0.6666666666666666,0.1106796116504854,0.10727272727272727,0.10810810810810806,0.14666666666666656,0.4016393442622952
84,0.6666666666666666,0.12233009708737863,0.11999999999999997,0.12499999999999994,0.12000000000000005,0.23770491803278693
85,0.8333333333333334,0.4368932038834951,0.43454545454545446,0.4391891891891891,0.04999999999999999,0.08196721311475408
86,0.8333333333333334,0.46990291262135914,0.46545454545454545,0.48986486486486475,0.019999999999999962,0.18852459016393452
87,0.8333333333333334,0.4893203883495146,0.48363636363636364,0.5067567567567566,0.026666666666666672,0.21311475409836078
88,0.8333333333333334,0.5300970873786406,0.5254545454545454,0.5236486486486485,0.04333333333333339,0.11475409836065575
89,0.8333333333333334,0.5436893203883495,0.5381818181818182,0.5354729729729728,0.11666666666666664,0.21311475409836078
90,0.8333333333333334,0.5533980582524272,0.5472727272727272,0.5439189189189189,0.03666666666666668,0.08196721311475408
91,0.8333333333333334,0.6310679611650485,0.62,0.6199324324324322,0.04999999999999999,0.06557377049180335
92,0.8333333333333334,0.6310679611650485,0.62,0.6199324324324322,0.016666666666666663,0.09016393442622961
93,0.8333333333333334,0.6330097087378641,0.629090909090909,0.6249999999999998,0.08333333333333331,0.20491803278688525
94,0.8333333333333334,0.6699029126213591,0.6654545454545454,0.6621621621621621,0.0,0.12295081967213117
95,0.8333333333333334,0.6932038834951457,0.6836363636363636,0.6739864864864864,0.04999999999999999,0.10655737704918034
96,0.8333333333333334,0.7242718446601941,0.72,0.7162162162162162,0.016666666666666663,0.14754098360655743
97,0.8333333333333334,0.7922330097087378,0.7872727272727273,0.7820945945945945,0.05666666666666659,0.20491803278688525
98,0.8333333333333334,0.8640776699029127,0.8654545454545454,0.8597972972972971,0.11333333333333323,0.24590163934426235
99,0.8333333333333334,0.941747572815534,0.9381818181818181,0.9324324324324322,0.016666666666666663,0.07377049180327877
100,0.8333333333333334,0.941747572815534,0.9381818181818181,0.9324324324324322,0.016666666666666663,0.07377049180327877
101,0.8333333333333334,1.0,0.9999999999999999,0.9999999999999998,0.04666666666666669,0.18852459016393452
102,0.9999999999999999,0.0,0.0,0.0,0.3166666666666667,0.598360655737705
103,0.9999999999999999,0.09708737864077668,0.09636363636363632,0.09966216216216214,0.3166666666666667,0.4016393442622952
104,0.9999999999999999,0.12233009708737863,0.11999999999999997,0.1216216216216216,0.3133333333333333,0.5327868852459017
105,0.9999999999999999,0.14563106796116504,0.14181818181818176,0.14189189189189183,0.4066666666666667,0.5409836065573772
106,0.9999999999999999,0.15922330097087378,0.1636363636363636,0.16385135135135132,0.3433333333333333,0.5901639344262297
107,0.9999999999999999,0.16893203883495145,0.17454545454545453,0.17567567567567566,0.4233333333333333,0.7049180327868854
108,0.9999999999999999,0.18058252427184468,0.18727272727272723,0.179054054054054,0.41,0.6065573770491806
109,0.9999999999999999,0.18834951456310678,0.19272727272727272,0.19256756756756754,0.4466666666666666,0.5245901639344264
110,0.9999999999999999,0.2,0.20363636363636364,0.2027027027027027,0.3399999999999999,0.48360655737704916
111,0.9999999999999999,0.2077669902912621,0.2109090909090909,0.20608108108108103,0.3233333333333333,0.3688524590163935
112,0.9999999999999999,0.22330097087378636,0.22909090909090904,0.23141891891891886,0.36000000000000004,0.5819672131147542
113,0.9999999999999999,0.22330097087378636,0.22909090909090904,0.23141891891891886,0.39333333333333337,0.4918032786885247
114,0.9999999999999999,0.22330097087378636,0.22909090909090904,0.23141891891891886,0.36000000000000004,0.6229508196721314
115,0.9999999999999999,0.229126213592233,0.23454545454545453,0.23648648648648646,0.45,0.557377049180328
116,0.9999999999999999,0.2427184466019417,0.24727272727272723,0.24831081081081074,0.38333333333333336,0.47540983606557385
117,0.9999999999999999,0.2427184466019417,0.24727272727272723,0.24831081081081074,0.3166666666666667,0.5163934426229508
118,0.9999999999999999,0.2427184466019417,0.24727272727272723,0.24831081081081074,0.38333333333333336,0.5163934426229508
119,0.9999999999999999,0.2427184466019417,0.24727272727272723,0.24831081081081074,0.35000000000000003,0.5163934426229508
120,0.9999999999999999,0.2427184466019417,0.24727272727272723,0.24831081081081074,0.3,0.6803278688524592
121,0.9999999999999999,0.2524271844660194,0.25636363636363635,0.25675675675675674,0.3299999999999999,0.5245901639344264
122,0.9999999999999999,0.2524271844660194,0.25636363636363635,0.25675675675675674,0.46,0.5245901639344264
123,0.9999999999999999,0.25631067961165044,0.26,0.2601351351351351,0.3366666666666667,0.5163934426229508
124,0.9999999999999999,0.2621359223300971,0.2654545454545454,0.2652027027027027,0.22666666666666663,0.5000000000000002
125,0.9999999999999999,0.27184466019417475,0.27454545454545454,0.27364864864864863,0.35333333333333333,0.5081967213114755
126,0.9999999999999999,0.2815533980582524,0.2836363636363636,0.28209459459459457,0.47000000000000003,0.48360655737704916
127,0.9999999999999999,0.2815533980582524,0.2836363636363636,0.28209459459459457,0.35000000000000003,0.5163934426229508
128,0.9999999999999999,0.29320388349514565,0.29454545454545455,0.29391891891891886,0.37333333333333324,0.5901639344262297
129,0.9999999999999999,0.30097087378640774,0.30181818181818176,0.29898648648648646,0.3266666666666667,0.42622950819672134
130,0.9999999999999999,0.3106796116504854,0.31272727272727274,0.3074324324324324,0.3266666666666667,0.5737704918032787
131,0.9999999999999999,0.3398058252427184,0.3290909090909091,0.3243243243243243,0.37000000000000005,0.5000000000000002
132,0.9999999999999999,0.3436893203883495,0.34363636363636363,0.3361486486486486,0.48333333333333334,0.7540983606557377
133,0.9999999999999999,0.3475728155339805,0.3472727272727273,0.339527027027027,0.3433333333333333,0.5163934426229508
134,0.9999999999999999,0.3475728155339805,0.3472727272727273,0.339527027027027,0.3299999999999999,0.5163934426229508
135,0.9999999999999999,0.3475728155339805,0.3472727272727273,0.339527027027027,0.35666666666666663,0.5819672131147542
136,0.9999999999999999,0.35728155339805817,0.3563636363636363,0.3479729729729729,0.4033333333333334,0.459016393442623
137,0.9999999999999999,0.3766990291262135,0.369090909090909,0.3597972972972973,0.35666666666666663,0.5491803278688525
138,0.9999999999999999,0.3941747572815533,0.3927272727272727,0.38513513513513514,0.32,0.5245901639344264
139,0.9999999999999999,0.4466019417475728,0.4436363636363636,0.4256756756756756,0.49999999999999994,0.737704918032787
140,0.9999999999999999,0.4757281553398058,0.4745454545454545,0.4679054054054053,0.4533333333333333,0.7213114754098362
141,0.9999999999999999,0.48543689320388345,0.48363636363636364,0.4814189189189188,0.5433333333333332,1.0
142,0.9999999999999999,0.5145631067961165,0.5109090909090909,0.5101351351351351,0.4466666666666666,0.7295081967213117
143,0.9999999999999999,0.5145631067961165,0.5018181818181818,0.4983108108108107,0.44,0.7295081967213117
144,0.9999999999999999,0.5242718446601942,0.52,0.5168918918918919,0.4333333333333333,0.5901639344262297
145,0.9999999999999999,0.5262135922330098,0.52,0.5152027027027026,0.4133333333333333,0.6147540983606559
146,0.9999999999999999,0.5631067961165048,0.5563636363636364,0.5506756756756757,0.4133333333333333,0.7704918032786887
147,0.9999999999999999,0.5631067961165048,0.5563636363636364,0.5506756756756757,0.4133333333333333,0.47540983606557385
148,0.9999999999999999,0.5650485436893204,0.5563636363636364,0.5489864864864864,0.52,0.7459016393442626
149,0.9999999999999999,0.5708737864077669,0.5745454545454546,0.5658783783783783,0.4566666666666666,0.6639344262295084
150,0.9999999999999999,0.5728155339805825,0.5745454545454546,0.5692567567567566,0.4366666666666667,0.6803278688524592
151,0.9999999999999999,0.5728155339805825,0.5745454545454546,0.5675675675675675,0.48999999999999994,0.7295081967213117
152,0.9999999999999999,0.5747572815533981,0.5745454545454546,0.5692567567567566,0.38999999999999996,0.5655737704918034
153,0.9999999999999999,0.6116504854368932,0.6109090909090908,0.6047297297297296,0.47333333333333333,0.5491803278688525
154,0.9999999999999999,0.6271844660194175,0.629090909090909,0.6148648648648649,0.39666666666666656,0.6065573770491806
155,0.9999999999999999,0.6330097087378641,0.629090909090909,0.6199324324324322,0.4333333333333333,0.6229508196721314
156,0.9999999999999999,0.6349514563106795,0.6381818181818182,0.6283783783783783,0.4299999999999999,0.737704918032787
157,0.9999999999999999,0.6524271844660194,0.6472727272727272,0.6385135135135134,0.41,0.6229508196721314
