,f1,f2,f3,f4
0,1.0,0.0,0.2345679012345679,0.0
1,1.0,0.0,0.25925925925925924,0.1333333333333333
2,1.0,0.0,0.40740740740740744,0.1333333333333333
3,1.0,0.0,0.37037037037037035,0.2666666666666666
4,1.0,0.0,0.5802469135802468,0.2666666666666666
5,1.0,0.0,0.2839506172839506,0.3999999999999999
6,1.0,0.0,0.37037037037037035,0.3999999999999999
7,1.0,0.0,0.49382716049382713,0.3999999999999999
8,1.0,0.0,0.5802469135802468,0.3999999999999999
9,1.0,0.0,0.6049382716049383,0.3999999999999999
10,1.0,0.0,0.49382716049382713,0.5333333333333337
11,1.0,0.0,0.6049382716049383,0.5333333333333337
12,1.0,0.0,0.6666666666666666,0.5333333333333337
13,1.0,0.0,0.5802469135802468,0.6666666666666665
14,1.0,0.0,0.6049382716049383,0.6666666666666665
15,1.0,0.0,0.6666666666666666,0.6666666666666665
16,1.0,0.0,0.7530864197530864,0.6666666666666665
17,1.0,0.0,0.8024691358024691,0.6666666666666665
18,1.0,0.0,0.8641975308641974,0.6666666666666665
19,1.0,0.0,0.6666666666666666,0.8000000000000003
20,1.0,0.0,0.6666666666666666,0.8000000000000003
21,1.0,0.0,0.7530864197530864,0.9333333333333336
22,1.0,0.0,0.7530864197530864,0.9333333333333336
23,1.0,0.0,0.8024691358024691,0.9333333333333336
24,1.0,0.0,0.7530864197530864,1.0
25,0.0,1.0,0.2962962962962963,0.0
26,0.0,1.0,0.25925925925925924,0.19999999999999973
27,0.0,1.0,0.345679012345679,0.2666666666666666
28,0.0,1.0,0.382716049382716,0.2666666666666666
29,0.0,1.0,0.382716049382716,0.2666666666666666
30,0.0,1.0,0.382716049382716,0.3999999999999999
31,0.0,1.0,0.6419753086419753,0.4666666666666668
32,0.0,1.0,0.382716049382716,0.5333333333333337
33,0.0,1.0,0.4691358024691358,0.6666666666666665
34,0.0,1.0,0.5555555555555556,0.6666666666666665
35,0.0,1.0,0.6790123456790123,0.6666666666666665
36,0.0,1.0,0.728395061728395,0.6666666666666665
37,0.0,1.0,0.9012345679012346,0.6666666666666665
38,0.0,1.0,0.5185185185185185,0.8000000000000003
39,0.0,1.0,0.5308641975308641,0.8000000000000003
40,0.0,1.0,0.5679012345679012,0.8000000000000003
41,0.0,1.0,0.7777777777777777,0.8000000000000003
42,0.0,1.0,0.9876543209876543,0.8000000000000003
43,0.0,1.0,0.5185185185185185,0.9333333333333336
44,0.0,1.0,0.5679012345679012,0.9333333333333336
45,0.0,1.0,0.6666666666666666,0.9333333333333336
46,0.0,1.0,0.691358024691358,0.9333333333333336
47,0.0,1.0,0.728395061728395,0.9333333333333336
48,0.0,1.0,0.9876543209876543,0.9333333333333336
49,0.0,1.0,0.728395061728395,1.0
50,0.125,0.0,0.37037037037037035,0.0
51,0.125,0.0,0.32098765432098764,0.1333333333333333
52,0.125,0.0,0.6049382716049383,0.2666666666666666
53,0.125,0.0,0.37037037037037035,0.3999999999999999
54,0.125,0.0,0.5185185185185185,0.3999999999999999
55,0.125,0.0,0.32098765432098764,0.5333333333333337
56,0.125,0.0,0.3950617283950617,0.5333333333333337
57,0.125,0.0,0.5185185185185185,0.5333333333333337
58,0.125,0.0,0.41975308641975306,0.6000000000000001
59,0.125,0.0,0.7901234567901234,0.6000000000000001
60,0.125,0.0,0.5802469135802468,0.6666666666666665
61,0.125,0.0,0.6049382716049383,0.6666666666666665
62,0.125,0.0,0.6666666666666666,0.6666666666666665
63,0.125,0.0,0.6666666666666666,0.6666666666666665
64,0.125,0.0,0.691358024691358,0.6666666666666665
65,0.125,0.0,1.0,0.6666666666666665
66,0.125,0.0,0.37037037037037035,0.8000000000000003
67,0.125,0.0,0.49382716049382713,0.8000000000000003
68,0.125,0.0,0.6666666666666666,0.8000000000000003
69,0.125,0.0,0.6666666666666666,0.8000000000000003
70,0.125,0.0,0.691358024691358,0.8000000000000003
71,0.125,0.0,0.7407407407407407,0.8000000000000003
72,0.125,0.0,0.9135802469135803,0.8000000000000003
73,0.125,0.0,0.7407407407407407,0.9333333333333336
74,0.125,0.0,0.9382716049382716,0.9333333333333336
75,0.125,0.1111111111111111,0.06172839506172839,0.1333333333333333
76,0.125,0.1111111111111111,0.2962962962962963,0.1333333333333333
77,0.125,0.1111111111111111,0.345679012345679,0.2666666666666666
78,0.125,0.1111111111111111,0.4691358024691358,0.3999999999999999
79,0.125,0.1111111111111111,0.24691358024691357,0.4666666666666668
80,0.125,0.1111111111111111,0.2962962962962963,0.5333333333333337
81,0.125,0.1111111111111111,0.49382716049382713,0.5333333333333337
82,0.125,0.1111111111111111,0.5432098765432098,0.5333333333333337
83,0.125,0.1111111111111111,0.3950617283950617,0.6666666666666665
84,0.125,0.1111111111111111,0.45679012345679015,0.6666666666666665
85,0.125,0.1111111111111111,0.5432098765432098,0.6666666666666665
86,0.125,0.1111111111111111,0.5432098765432098,0.6666666666666665
87,0.125,0.1111111111111111,0.6049382716049383,0.6666666666666665
88,0.125,0.1111111111111111,0.6419753086419753,0.6666666666666665
89,0.125,0.1111111111111111,0.5432098765432098,0.8000000000000003
90,0.125,0.1111111111111111,0.8024691358024691,0.8000000000000003
91,0.125,0.1111111111111111,0.8024691358024691,0.8000000000000003
92,0.125,0.1111111111111111,0.3950617283950617,0.8666666666666667
93,0.125,0.1111111111111111,0.3950617283950617,0.8666666666666667
94,0.125,0.1111111111111111,0.49382716049382713,0.8666666666666667
95,0.125,0.1111111111111111,0.6419753086419753,0.8666666666666667
96,0.125,0.1111111111111111,0.728395061728395,0.8666666666666667
97,0.125,0.1111111111111111,0.8024691358024691,0.8666666666666667
98,0.125,0.1111111111111111,0.3950617283950617,0.9333333333333336
99,0.125,0.1111111111111111,0.6419753086419753,0.9333333333333336
100,1.0,0.1111111111111111,0.0,0.0
101,1.0,0.1111111111111111,0.037037037037037035,0.0
102,1.0,0.1111111111111111,0.037037037037037035,0.1333333333333333
103,1.0,0.1111111111111111,0.19753086419753085,0.2666666666666666
104,1.0,0.1111111111111111,0.20987654320987653,0.2666666666666666
105,1.0,0.1111111111111111,0.20987654320987653,0.3333333333333335
106,1.0,0.1111111111111111,0.1728395061728395,0.3999999999999999
107,1.0,0.1111111111111111,0.32098765432098764,0.3999999999999999
108,1.0,0.1111111111111111,0.32098765432098764,0.3999999999999999
109,1.0,0.1111111111111111,0.20987654320987653,0.4666666666666668
110,1.0,0.1111111111111111,0.12345679012345678,0.5333333333333337
111,1.0,0.1111111111111111,0.1728395061728395,0.5333333333333337
112,1.0,0.1111111111111111,0.2962962962962963,0.6000000000000001
113,1.0,0.1111111111111111,0.4691358024691358,0.6000000000000001
114,1.0,0.1111111111111111,0.2222222222222222,0.6666666666666665
115,1.0,0.1111111111111111,0.2222222222222222,0.6666666666666665
116,1.0,0.1111111111111111,0.382716049382716,0.6666666666666665
117,1.0,0.1111111111111111,0.382716049382716,0.6666666666666665
118,1.0,0.1111111111111111,0.32098765432098764,0.8000000000000003
119,1.0,0.1111111111111111,0.382716049382716,0.8000000000000003
120,1.0,0.1111111111111111,0.4691358024691358,0.8000000000000003
121,1.0,0.1111111111111111,0.4691358024691358,0.8000000000000003
122,1.0,0.1111111111111111,0.49382716049382713,0.8000000000000003
123,1.0,0.1111111111111111,0.5432098765432098,0.8000000000000003
124,1.0,0.1111111111111111,0.345679012345679,0.9333333333333336
