,f1,f2,f3,f4,f5,f6
0,1.0,1.0,0.0,0.0,0.0,1.0
1,0.5,0.5,0.0,0.0,0.0,0.5
2,0.0,0.0,0.0,0.0,0.0,0.0
3,1.0,1.0,1.0,1.0,1.0,1.0
4,0.5,0.5,1.0,1.0,1.0,0.5
5,0.0,0.0,1.0,1.0,1.0,0.0
6,1.0,1.0,0.0,1.0,1.0,1.0
7,1.0,1.0,1.0,0.0,0.0,1.0
8,1.0,1.0,0.0,1.0,0.0,1.0
9,1.0,1.0,0.0,0.0,1.0,1.0
10,1.0,1.0,1.0,1.0,0.0,1.0
11,1.0,1.0,1.0,0.0,1.0,1.0
12,0.5,0.5,0.0,1.0,1.0,0.5
13,0.5,0.5,1.0,0.0,0.0,0.5
14,0.5,0.5,0.0,1.0,0.0,0.5
15,0.5,0.5,0.0,1.0,0.0,0.5
16,0.5,0.5,0.0,0.0,1.0,0.5
17,0.5,0.5,1.0,1.0,0.0,0.5
18,0.5,0.5,1.0,0.0,1.0,0.5
19,0.0,0.0,0.0,1.0,1.0,0.0
20,0.0,0.0,1.0,0.0,0.0,0.0
21,0.0,0.0,0.0,1.0,0.0,0.0
22,0.0,0.0,0.0,0.0,1.0,0.0
23,0.0,0.0,1.0,1.0,0.0,0.0
24,0.0,0.0,1.0,0.0,1.0,0.0
25,1.0,0.5,0.0,0.0,0.0,1.0
26,0.5,1.0,0.0,0.0,0.0,0.5
27,1.0,0.5,0.0,0.0,0.0,0.5
28,1.0,0.5,1.0,1.0,1.0,1.0
29,0.5,1.0,1.0,1.0,1.0,0.5
30,1.0,0.5,1.0,1.0,1.0,0.5
31,0.5,0.5,0.0,1.0,1.0,1.0
32,1.0,0.5,1.0,0.0,0.0,1.0
33,0.5,1.0,0.0,1.0,0.0,1.0
34,0.5,1.0,0.0,0.0,1.0,0.5
35,1.0,0.5,1.0,1.0,0.0,0.5
36,0.5,1.0,1.0,0.0,1.0,0.0
37,0.0,0.5,0.0,1.0,1.0,0.0
38,0.0,1.0,1.0,0.0,0.0,0.0
39,0.0,0.0,0.0,1.0,0.0,1.0
40,0.0,0.0,0.0,0.0,1.0,0.5
41,0.5,0.0,1.0,1.0,1.0,0.5
42,0.0,0.5,1.0,0.0,1.0,0.5
43,0.0,1.0,1.0,0.0,1.0,0.5
44,0.5,0.5,1.0,0.0,1.0,1.0
45,0.5,0.5,1.0,1.0,1.0,1.0
46,1.0,0.0,1.0,1.0,1.0,0.5
47,0.0,1.0,1.0,1.0,1.0,0.5
48,0.0,0.5,0.5,0.0,1.0,1.0
49,0.0,1.0,1.0,0.0,1.0,1.0
50,1.0,0.0,1.0,0.0,1.0,0.5
51,0.0,0.5,0.0,0.0,1.0,1.0
52,0.0,0.5,0.0,0.0,1.0,0.5
53,0.0,0.5,0.0,0.0,1.0,0.0
54,0.0,0.0,0.5,1.0,1.0,0.0
55,0.0,0.0,0.5,1.0,1.0,1.0
56,0.0,1.0,1.0,1.0,1.0,1.0
57,0.0,1.0,0.0,0.0,0.0,1.0
58,0.5,1.0,0.5,1.0,1.0,0.0
59,0.5,0.5,1.0,1.0,1.0,0.0
60,0.0,0.0,0.0,1.0,1.0,0.0
61,0.0,0.0,0.0,1.0,1.0,1.0
62,1.0,0.0,0.0,1.0,1.0,1.0
63,0.0,0.5,0.5,1.0,1.0,0.0
64,1.0,0.5,0.5,1.0,1.0,0.0
65,0.0,0.0,0.5,1.0,1.0,1.0
66,1.0,0.0,1.0,0.5,1.0,0.5
67,1.0,0.0,0.5,0.0,1.0,0.5
68,1.0,1.0,1.0,0.0,1.0,0.5
69,1.0,0.0,1.0,0.5,1.0,0.5
70,1.0,0.0,0.0,1.0,1.0,0.5
71,1.0,1.0,0.0,1.0,1.0,1.0
72,1.0,0.0,1.0,0.0,1.0,1.0
73,1.0,1.0,0.0,0.0,1.0,0.5
74,0.0,0.0,0.0,0.0,0.0,1.0
75,1.0,1.0,0.0,1.0,1.0,0.5
76,0.0,1.0,0.5,1.0,0.0,1.0
77,0.0,1.0,0.0,1.0,0.0,1.0
78,1.0,0.0,0.5,0.0,1.0,0.0
79,0.0,1.0,0.5,1.0,0.0,1.0
80,1.0,0.0,0.0,0.0,1.0,0.0
81,0.0,1.0,0.0,1.0,0.0,1.0
82,0.0,1.0,1.0,1.0,1.0,1.0
83,1.0,0.0,0.0,0.5,1.0,1.0
84,0.0,1.0,0.0,0.0,0.0,1.0
85,0.0,0.5,0.5,0.5,1.0,1.0
86,0.5,1.0,0.5,1.0,1.0,0.0
87,1.0,0.5,0.0,0.5,0.0,1.0
88,0.5,0.5,1.0,1.0,1.0,0.0
89,0.0,0.0,0.0,1.0,1.0,0.0
90,0.0,0.0,0.0,1.0,1.0,1.0
91,1.0,0.0,0.0,1.0,1.0,1.0
92,0.0,0.5,0.5,1.0,1.0,0.0
93,0.0,0.0,0.5,1.0,1.0,1.0
94,1.0,0.0,1.0,0.5,1.0,0.5
95,1.0,1.0,1.0,0.0,1.0,0.5
96,1.0,0.0,1.0,0.5,1.0,0.5
97,1.0,0.0,0.0,1.0,1.0,0.5
98,1.0,1.0,0.0,1.0,1.0,1.0
99,1.0,0.0,1.0,0.0,1.0,1.0
100,1.0,1.0,0.0,0.0,1.0,0.5
101,0.0,0.0,0.0,0.0,0.0,1.0
102,1.0,1.0,0.0,1.0,1.0,0.5
103,0.0,1.0,0.5,1.0,0.0,1.0
104,1.0,0.0,0.0,0.0,1.0,0.0
105,0.0,1.0,0.0,1.0,0.0,1.0
106,0.0,1.0,0.5,1.0,0.0,1.0
107,0.0,1.0,0.0,1.0,0.0,1.0
108,1.0,1.0,0.0,0.0,0.0,1.0
109,0.5,0.5,0.0,0.0,0.0,0.5
110,0.0,0.0,0.0,0.0,0.0,0.0
111,1.0,1.0,1.0,1.0,1.0,1.0
112,0.5,0.5,1.0,1.0,1.0,0.5
113,0.0,0.0,1.0,1.0,1.0,0.0
114,1.0,1.0,0.0,1.0,1.0,1.0
115,1.0,1.0,1.0,0.0,0.0,1.0
116,1.0,1.0,0.0,1.0,0.0,1.0
117,1.0,1.0,0.0,0.0,1.0,1.0
118,1.0,1.0,1.0,1.0,0.0,1.0
119,1.0,1.0,1.0,0.0,1.0,1.0
120,0.5,0.5,0.0,1.0,1.0,0.5
121,0.5,0.5,1.0,0.0,0.0,0.5
122,0.5,0.5,0.0,1.0,0.0,0.5
123,0.5,0.5,0.0,1.0,0.0,0.5
124,0.5,0.5,0.0,0.0,1.0,0.5
125,0.5,0.5,1.0,1.0,0.0,0.5
126,0.5,0.5,1.0,0.0,1.0,0.5
127,0.0,0.0,0.0,1.0,1.0,0.0
128,0.0,0.0,1.0,0.0,0.0,0.0
129,0.0,0.0,0.0,1.0,0.0,0.0
130,0.0,0.0,0.0,0.0,1.0,0.0
131,0.0,0.0,1.0,1.0,0.0,0.0
132,0.0,0.0,1.0,0.0,1.0,0.0
133,1.0,0.5,0.0,0.0,0.0,1.0
134,0.5,1.0,0.0,0.0,0.0,0.5
135,1.0,0.5,0.0,0.0,0.0,0.5
136,1.0,0.5,1.0,1.0,1.0,1.0
137,0.5,1.0,1.0,1.0,1.0,0.5
138,1.0,0.5,1.0,1.0,1.0,0.5
139,0.5,0.5,0.0,1.0,1.0,1.0
140,1.0,0.5,1.0,0.0,0.0,1.0
141,0.5,1.0,0.0,1.0,0.0,1.0
142,0.5,1.0,0.0,0.0,1.0,0.5
143,0.0,0.5,0.5,0.5,0.5,0.0
144,1.0,0.5,0.5,0.5,0.5,0.5
145,0.5,1.0,0.5,0.5,0.5,0.5
146,0.0,1.0,0.5,0.0,0.5,0.5
147,0.5,0.5,0.5,0.5,0.5,0.5
148,0.5,0.5,0.5,0.0,0.5,0.0
149,0.5,0.5,0.5,0.5,0.5,1.0
150,0.5,0.5,0.5,0.5,0.5,0.0
151,0.5,0.5,0.5,0.0,0.5,1.0
152,0.5,0.5,0.5,0.0,0.5,0.5
153,0.5,0.5,0.0,0.5,0.5,0.5
154,1.0,0.5,0.5,0.5,0.5,0.5
155,0.0,0.5,0.5,0.5,0.5,0.5
156,0.5,0.5,0.5,0.5,0.5,0.5
157,1.0,0.5,0.5,0.5,0.0,0.0
158,0.0,0.5,0.5,0.5,0.5,0.0
159,0.0,0.5,0.5,0.5,0.5,0.0
160,0.0,0.0,0.5,0.5,0.5,1.0
161,0.0,0.5,0.5,0.5,0.5,0.5
162,1.0,0.0,0.5,0.5,0.5,0.0
163,1.0,0.5,0.5,0.5,0.5,1.0
164,1.0,0.0,0.5,0.5,0.5,0.5
165,1.0,0.5,0.5,0.5,0.5,0.5
166,0.5,0.0,0.5,0.5,0.5,1.0
167,0.5,0.5,0.5,0.5,0.5,0.0
168,0.0,0.0,0.5,0.5,0.5,0.5
169,0.0,0.0,0.5,0.5,0.5,0.5
170,1.0,1.0,0.5,0.5,0.5,0.5
171,0.0,1.0,0.5,0.5,0.5,0.5
172,1.0,0.0,0.5,0.5,0.5,0.5
173,0.0,0.5,0.5,0.5,0.5,0.5
174,0.5,0.5,0.5,0.5,0.5,0.5
175,0.5,0.0,0.5,0.5,0.5,0.5
176,1.0,0.5,0.5,0.5,0.5,0.5
177,0.5,1.0,0.5,0.5,0.5,0.5
178,0.0,1.0,0.5,0.0,0.5,0.5
179,0.5,0.5,0.5,1.0,0.5,1.0
180,0.5,0.5,0.5,0.5,0.5,0.5
181,0.5,0.5,0.5,0.0,0.5,0.0
182,0.5,0.5,0.5,1.0,0.5,0.5
183,0.5,0.5,0.5,0.5,0.5,1.0
184,0.5,0.5,0.5,0.5,0.5,0.0
185,0.5,0.5,0.5,0.0,0.5,1.0
186,0.5,0.5,0.5,0.0,0.5,0.5
187,0.5,0.5,0.0,0.5,0.5,0.5
188,1.0,0.5,0.5,0.5,0.5,0.5
189,0.0,0.5,0.5,0.5,0.5,0.5
190,0.5,0.5,0.5,0.5,0.5,0.5
191,1.0,0.5,0.5,0.5,0.0,0.0
192,1.0,0.5,0.5,0.5,0.0,0.0
193,0.0,0.5,0.5,0.5,0.5,0.0
194,0.5,0.5,0.5,0.5,0.5,0.0
195,0.5,1.0,0.5,0.5,0.5,0.5
196,0.0,1.0,0.5,0.0,0.5,0.5
197,0.5,0.5,0.5,0.5,0.5,0.5
198,0.5,0.5,0.5,0.0,0.5,0.0
199,0.5,0.5,0.5,1.0,0.5,0.5
200,0.5,0.5,0.5,0.5,0.5,1.0
201,0.5,0.5,0.5,0.5,0.5,0.0
202,0.5,0.5,0.5,0.0,0.5,1.0
203,1.0,0.5,0.5,0.5,0.5,1.0
204,1.0,0.0,0.5,0.5,0.5,0.5
205,1.0,0.5,0.5,0.5,0.5,0.5
206,0.5,0.0,0.5,0.5,0.5,1.0
207,0.5,0.5,0.5,0.5,0.5,0.0
208,0.0,0.0,0.5,0.5,0.5,0.5
209,0.0,0.0,0.5,0.5,0.5,0.5
210,0.5,0.5,0.5,0.0,0.5,0.5
211,0.5,0.5,0.0,0.5,0.5,0.5
212,1.0,0.5,0.5,0.5,0.5,0.5
213,0.0,0.5,0.5,0.5,0.5,0.5
214,0.5,0.5,0.5,0.5,0.5,0.5
215,0.5,0.0,1.0,0.0,0.5,1.0
216,1.0,0.5,0.5,0.5,0.5,0.5
217,0.5,0.0,0.5,0.5,0.5,1.0
218,0.5,0.5,0.5,0.5,0.5,0.0
219,0.0,0.0,0.5,0.5,0.5,0.5
220,0.0,0.0,0.5,0.5,0.5,1.0
221,0.0,0.5,0.5,0.5,0.5,0.5
222,1.0,0.0,0.5,0.5,0.5,0.0
223,1.0,0.5,0.5,0.5,0.5,1.0
224,1.0,0.0,0.5,0.5,0.5,0.5
225,1.0,0.5,0.5,0.5,0.5,0.5
226,0.5,0.0,0.5,0.5,0.5,1.0
227,0.5,0.5,0.5,0.5,0.5,0.0
228,0.0,0.0,0.5,0.5,0.5,0.5
229,0.0,0.0,0.5,0.5,0.5,0.5
230,0.0,1.0,0.5,0.5,0.5,0.5
231,1.0,0.0,0.5,0.5,0.5,0.5
232,0.0,0.5,0.5,0.5,0.5,0.5
233,0.5,0.5,0.5,0.5,0.5,0.5
234,0.5,0.0,0.5,0.5,0.5,0.5
235,0.0,0.5,0.5,0.5,0.5,0.0
236,1.0,0.5,0.5,0.5,0.5,0.5
237,0.5,1.0,0.5,0.5,0.5,0.5
238,0.0,1.0,0.5,0.0,0.5,0.5
239,0.5,0.5,0.5,0.5,0.5,0.5
240,0.5,0.5,0.5,0.0,0.5,0.0
241,0.5,0.5,0.5,0.5,0.5,1.0
242,0.5,0.5,0.5,0.5,0.5,0.0
243,0.5,0.5,0.5,0.0,0.5,1.0
244,0.5,0.5,0.5,0.0,0.5,0.5
245,0.5,0.5,0.0,0.5,0.5,0.5
246,1.0,0.5,0.5,0.5,0.5,0.5
247,0.0,0.5,0.5,0.5,0.5,0.5
248,0.5,0.5,0.5,0.5,0.5,0.5
249,1.0,0.5,0.5,0.5,0.0,0.0
