,f1,f2,f3,f4
0,0.0,1.0,0.6000000000000001,0.0
1,0.5,0.3333333333333333,0.6000000000000001,0.3333333333333333
2,1.0,1.0,1.0,0.3333333333333333
3,1.0,0.16666666666666666,0.8,0.6666666666666666
4,0.0,1.0,0.6000000000000001,0.3333333333333333
5,1.0,0.5,0.2,0.6666666666666666
6,0.0,0.6666666666666666,0.0,0.3333333333333333
7,1.0,0.6666666666666666,0.8,0.6666666666666666
8,1.0,1.0,0.4,0.0
9,0.5,0.6666666666666666,1.0,0.3333333333333333
10,0.0,0.6666666666666666,0.4,0.0
11,1.0,0.6666666666666666,0.4,0.0
12,1.0,0.6666666666666666,1.0,0.0
13,1.0,0.0,1.0,0.3333333333333333
14,0.0,1.0,0.0,0.3333333333333333
15,1.0,0.5,1.0,0.3333333333333333
16,0.0,0.6666666666666666,1.0,0.0
17,0.0,1.0,0.4,0.3333333333333333
18,0.0,1.0,0.4,0.3333333333333333
19,0.0,0.6666666666666666,0.2,0.0
20,0.0,0.6666666666666666,0.0,0.6666666666666666
21,1.0,0.5,0.8,0.6666666666666666
22,0.0,1.0,0.6000000000000001,0.3333333333333333
23,1.0,0.6666666666666666,0.4,0.3333333333333333
24,0.0,0.16666666666666666,0.8,0.0
25,1.0,0.8333333333333333,0.8,0.3333333333333333
26,0.0,0.6666666666666666,0.0,1.0
27,0.0,0.6666666666666666,0.2,1.0
28,0.0,0.6666666666666666,0.2,0.3333333333333333
29,0.0,0.0,0.2,0.6666666666666666
30,1.0,1.0,0.4,0.3333333333333333
31,0.5,1.0,0.0,0.3333333333333333
32,0.0,0.8333333333333333,0.0,0.3333333333333333
33,1.0,0.8333333333333333,1.0,1.0
34,0.5,0.3333333333333333,0.0,0.0
35,1.0,0.0,0.4,0.3333333333333333
36,0.5,1.0,0.2,0.3333333333333333
37,0.0,0.6666666666666666,0.4,0.6666666666666666
38,0.0,0.6666666666666666,0.8,0.6666666666666666
39,1.0,1.0,0.6000000000000001,0.0
40,0.0,1.0,0.6000000000000001,0.3333333333333333
41,0.5,0.6666666666666666,0.2,0.0
42,1.0,0.8333333333333333,0.2,0.3333333333333333
43,0.0,1.0,1.0,0.0
44,0.0,0.16666666666666666,0.0,1.0
45,0.0,0.3333333333333333,0.0,0.3333333333333333
46,0.0,0.3333333333333333,1.0,0.3333333333333333
47,0.0,0.8333333333333333,0.8,0.0
48,0.0,1.0,0.2,1.0
49,1.0,0.3333333333333333,0.0,0.3333333333333333
50,0.0,0.8333333333333333,0.2,0.3333333333333333
51,0.0,1.0,0.2,0.3333333333333333
52,0.0,0.3333333333333333,0.2,1.0
53,1.0,1.0,0.0,0.6666666666666666
54,0.0,0.0,0.2,0.6666666666666666
55,0.0,0.0,0.4,0.6666666666666666
56,1.0,0.16666666666666666,0.4,0.6666666666666666
57,1.0,0.0,0.6000000000000001,0.6666666666666666
58,1.0,0.5,0.6000000000000001,0.3333333333333333
59,0.0,0.6666666666666666,0.8,1.0
60,0.0,0.0,0.8,0.3333333333333333
61,0.0,1.0,0.6000000000000001,0.3333333333333333
62,0.0,0.3333333333333333,0.0,0.3333333333333333
63,0.5,0.3333333333333333,0.2,0.6666666666666666
64,0.0,1.0,1.0,0.3333333333333333
65,0.0,0.0,0.0,0.3333333333333333
