,f1,f2,f3
0,0.0,0.5454545454545459,0.019230769230769232
1,0.0,0.3636363636363642,0.057692307692307696
2,0.0,0.6363636363636367,0.0
3,0.018867924528301883,0.09090909090909172,0.038461538461538464
4,0.018867924528301883,0.6363636363636367,0.07692307692307693
5,0.05660377358490565,0.0,0.19230769230769232
6,0.05660377358490565,0.18181818181818254,0.0
7,0.07547169811320753,0.09090909090909172,0.0
8,0.07547169811320753,0.7272727272727275,0.17307692307692307
9,0.07547169811320753,0.0,0.576923076923077
10,0.07547169811320753,0.18181818181818254,0.019230769230769232
11,0.07547169811320753,0.2727272727272734,0.19230769230769232
12,0.07547169811320753,0.8181818181818183,0.13461538461538464
13,0.07547169811320753,0.18181818181818254,0.0
14,0.09433962264150941,0.5454545454545459,0.25
15,0.09433962264150941,0.45454545454545503,0.0
16,0.1132075471698113,0.18181818181818254,0.019230769230769232
17,0.1132075471698113,1.0,0.0
18,0.13207547169811318,0.18181818181818254,0.0
19,0.13207547169811318,0.45454545454545503,0.0
20,0.13207547169811318,0.0,0.0
21,0.13207547169811318,0.09090909090909172,0.11538461538461539
22,0.13207547169811318,0.18181818181818254,0.2884615384615385
23,0.13207547169811318,0.45454545454545503,0.0
24,0.15094339622641506,1.0,0.40384615384615385
25,0.15094339622641506,0.09090909090909172,0.038461538461538464
26,0.15094339622641506,0.18181818181818254,0.0
27,0.15094339622641506,0.18181818181818254,0.0
28,0.15094339622641506,0.3636363636363642,0.057692307692307696
29,0.15094339622641506,0.5454545454545459,0.019230769230769232
30,0.15094339622641506,0.7272727272727275,0.0
31,0.15094339622641506,0.7272727272727275,0.21153846153846156
32,0.15094339622641506,0.18181818181818254,0.019230769230769232
33,0.15094339622641506,0.8181818181818183,0.09615384615384616
34,0.16981132075471694,0.7272727272727275,0.0
35,0.16981132075471694,0.45454545454545503,0.0
36,0.16981132075471694,0.8181818181818183,0.0
37,0.16981132075471694,0.0,0.0
38,0.16981132075471694,0.09090909090909172,0.038461538461538464
39,0.16981132075471694,0.45454545454545503,0.07692307692307693
40,0.18867924528301883,0.0,0.038461538461538464
41,0.18867924528301883,0.0,0.0
42,0.18867924528301883,0.6363636363636367,0.0
43,0.2075471698113207,0.18181818181818254,0.44230769230769235
44,0.2075471698113207,0.5454545454545459,0.0
45,0.2075471698113207,0.8181818181818183,0.0
46,0.2075471698113207,0.0,0.0
47,0.2075471698113207,0.09090909090909172,0.15384615384615385
48,0.2075471698113207,0.09090909090909172,0.0
49,0.2075471698113207,0.5454545454545459,0.0
50,0.2075471698113207,1.0,0.15384615384615385
51,0.2075471698113207,0.6363636363636367,0.0
52,0.2075471698113207,0.6363636363636367,0.0
53,0.2264150943396226,1.0,0.019230769230769232
54,0.2264150943396226,0.09090909090909172,0.0
55,0.2264150943396226,0.0,0.0
56,0.2264150943396226,0.18181818181818254,0.019230769230769232
57,0.2264150943396226,0.09090909090909172,0.038461538461538464
58,0.2264150943396226,0.2727272727272734,0.07692307692307693
59,0.2264150943396226,0.3636363636363642,0.38461538461538464
60,0.2264150943396226,0.6363636363636367,0.0
61,0.2264150943396226,0.45454545454545503,0.019230769230769232
62,0.24528301886792447,0.0,1.0
63,0.24528301886792447,0.09090909090909172,0.038461538461538464
64,0.24528301886792447,0.5454545454545459,0.0
65,0.24528301886792447,0.5454545454545459,0.0
66,0.24528301886792447,0.45454545454545503,0.2692307692307693
67,0.24528301886792447,0.5454545454545459,0.038461538461538464
68,0.24528301886792447,0.5454545454545459,0.057692307692307696
69,0.24528301886792447,0.18181818181818254,0.0
70,0.24528301886792447,0.45454545454545503,0.038461538461538464
71,0.24528301886792447,0.6363636363636367,0.0
72,0.24528301886792447,0.7272727272727275,0.07692307692307693
73,0.26415094339622636,0.5454545454545459,0.11538461538461539
74,0.26415094339622636,0.0,0.17307692307692307
75,0.26415094339622636,0.45454545454545503,0.3653846153846154
76,0.26415094339622636,0.2727272727272734,0.0
77,0.26415094339622636,0.45454545454545503,0.019230769230769232
78,0.26415094339622636,0.2727272727272734,0.0
79,0.26415094339622636,0.8181818181818183,0.3076923076923077
80,0.28301886792452824,0.6363636363636367,0.11538461538461539
81,0.28301886792452824,0.7272727272727275,0.0
82,0.28301886792452824,0.8181818181818183,0.019230769230769232
83,0.28301886792452824,0.18181818181818254,0.0
84,0.28301886792452824,0.8181818181818183,0.0
85,0.28301886792452824,0.09090909090909172,0.2692307692307693
86,0.28301886792452824,0.5454545454545459,0.0
87,0.28301886792452824,0.9090909090909092,0.0
88,0.28301886792452824,0.8181818181818183,0.019230769230769232
89,0.3018867924528301,0.0,0.038461538461538464
90,0.3018867924528301,1.0,0.057692307692307696
91,0.3018867924528301,0.3636363636363642,0.09615384615384616
92,0.3018867924528301,0.6363636363636367,0.38461538461538464
93,0.3018867924528301,0.3636363636363642,0.0
94,0.3018867924528301,0.0,0.057692307692307696
95,0.3018867924528301,0.45454545454545503,0.0
96,0.320754716981132,0.45454545454545503,0.44230769230769235
97,0.320754716981132,0.3636363636363642,0.0
98,0.320754716981132,0.6363636363636367,0.0
99,0.320754716981132,0.2727272727272734,0.0
100,0.320754716981132,0.45454545454545503,0.11538461538461539
101,0.320754716981132,0.7272727272727275,0.0
102,0.320754716981132,0.8181818181818183,0.0
103,0.320754716981132,0.0,0.057692307692307696
104,0.320754716981132,0.18181818181818254,0.07692307692307693
105,0.320754716981132,0.9090909090909092,0.07692307692307693
106,0.320754716981132,0.7272727272727275,0.23076923076923078
107,0.339622641509434,0.0,0.21153846153846156
108,0.339622641509434,0.0,0.21153846153846156
109,0.339622641509434,0.8181818181818183,0.13461538461538464
110,0.339622641509434,0.2727272727272734,0.15384615384615385
111,0.339622641509434,0.3636363636363642,0.038461538461538464
112,0.339622641509434,0.5454545454545459,0.0
113,0.339622641509434,0.7272727272727275,0.0
114,0.3584905660377359,0.45454545454545503,0.0
115,0.3584905660377359,0.5454545454545459,0.19230769230769232
116,0.3584905660377359,0.2727272727272734,0.019230769230769232
117,0.3584905660377359,0.3636363636363642,0.0
118,0.3584905660377359,0.7272727272727275,0.0
119,0.3584905660377359,0.18181818181818254,0.019230769230769232
120,0.3584905660377359,0.3636363636363642,0.019230769230769232
121,0.3584905660377359,0.45454545454545503,0.057692307692307696
122,0.3584905660377359,0.2727272727272734,0.0
123,0.3584905660377359,0.8181818181818183,0.019230769230769232
124,0.37735849056603776,0.45454545454545503,0.25
125,0.37735849056603776,0.5454545454545459,0.0
126,0.37735849056603776,0.09090909090909172,0.0
127,0.37735849056603776,0.2727272727272734,0.11538461538461539
128,0.37735849056603776,0.2727272727272734,0.0
129,0.37735849056603776,0.45454545454545503,0.019230769230769232
130,0.37735849056603776,0.0,0.019230769230769232
131,0.37735849056603776,0.09090909090909172,0.038461538461538464
132,0.37735849056603776,0.2727272727272734,0.0
133,0.37735849056603776,0.5454545454545459,0.0
134,0.37735849056603776,0.6363636363636367,0.07692307692307693
135,0.37735849056603776,0.7272727272727275,0.019230769230769232
136,0.39622641509433965,0.09090909090909172,0.25
137,0.39622641509433965,0.09090909090909172,0.057692307692307696
138,0.39622641509433965,0.5454545454545459,0.13461538461538464
139,0.39622641509433965,0.09090909090909172,0.019230769230769232
140,0.39622641509433965,0.6363636363636367,0.0
141,0.39622641509433965,0.7272727272727275,0.019230769230769232
142,0.41509433962264153,1.0,0.057692307692307696
143,0.41509433962264153,0.09090909090909172,0.038461538461538464
144,0.41509433962264153,0.3636363636363642,0.057692307692307696
145,0.41509433962264153,0.7272727272727275,0.07692307692307693
146,0.41509433962264153,0.2727272727272734,0.0
147,0.41509433962264153,0.45454545454545503,0.07692307692307693
148,0.41509433962264153,1.0,0.0
149,0.41509433962264153,0.18181818181818254,0.07692307692307693
150,0.41509433962264153,0.18181818181818254,0.09615384615384616
151,0.41509433962264153,0.3636363636363642,0.0
152,0.41509433962264153,0.3636363636363642,0.019230769230769232
153,0.41509433962264153,0.5454545454545459,0.0
154,0.41509433962264153,0.6363636363636367,0.0
155,0.41509433962264153,0.9090909090909092,0.0
156,0.4339622641509434,0.0,0.07692307692307693
157,0.4339622641509434,0.6363636363636367,0.019230769230769232
158,0.4339622641509434,0.09090909090909172,0.057692307692307696
159,0.4339622641509434,0.18181818181818254,0.17307692307692307
160,0.4339622641509434,0.45454545454545503,0.46153846153846156
161,0.4339622641509434,0.6363636363636367,0.23076923076923078
162,0.4339622641509434,0.0,0.019230769230769232
163,0.4339622641509434,0.18181818181818254,0.019230769230769232
164,0.4339622641509434,0.18181818181818254,0.038461538461538464
165,0.4339622641509434,0.2727272727272734,0.019230769230769232
166,0.4339622641509434,0.45454545454545503,0.0
167,0.4528301886792453,0.18181818181818254,0.21153846153846156
168,0.4528301886792453,0.6363636363636367,0.44230769230769235
169,0.4528301886792453,0.6363636363636367,0.09615384615384616
170,0.4528301886792453,0.9090909090909092,0.13461538461538464
171,0.4528301886792453,0.09090909090909172,0.13461538461538464
172,0.4528301886792453,0.18181818181818254,0.057692307692307696
173,0.4528301886792453,0.7272727272727275,0.0
174,0.4528301886792453,0.8181818181818183,0.8846153846153847
175,0.4528301886792453,0.3636363636363642,0.0
176,0.4528301886792453,1.0,0.13461538461538464
177,0.4528301886792453,0.45454545454545503,0.3653846153846154
178,0.4528301886792453,0.0,0.019230769230769232
179,0.4528301886792453,0.3636363636363642,0.0
180,0.4716981132075472,0.45454545454545503,0.11538461538461539
181,0.4716981132075472,0.9090909090909092,0.2884615384615385
182,0.4716981132075472,0.0,0.019230769230769232
183,0.4716981132075472,0.0,0.0
184,0.4716981132075472,0.0,0.019230769230769232
185,0.4716981132075472,0.7272727272727275,0.34615384615384615
186,0.4716981132075472,0.7272727272727275,0.0
187,0.4716981132075472,1.0,0.057692307692307696
188,0.4716981132075472,1.0,0.42307692307692313
189,0.4716981132075472,0.8181818181818183,0.019230769230769232
190,0.49056603773584906,0.6363636363636367,0.17307692307692307
191,0.49056603773584906,0.7272727272727275,0.057692307692307696
192,0.49056603773584906,0.18181818181818254,0.0
193,0.49056603773584906,0.7272727272727275,0.038461538461538464
194,0.49056603773584906,0.7272727272727275,0.019230769230769232
195,0.49056603773584906,0.8181818181818183,0.0
196,0.49056603773584906,0.18181818181818254,0.0
197,0.5094339622641509,0.2727272727272734,0.09615384615384616
198,0.5094339622641509,0.3636363636363642,0.2692307692307693
199,0.5094339622641509,0.5454545454545459,0.019230769230769232
200,0.5094339622641509,0.5454545454545459,0.17307692307692307
201,0.5094339622641509,1.0,0.0
202,0.5094339622641509,0.2727272727272734,0.0
203,0.5094339622641509,0.3636363636363642,0.0
204,0.5094339622641509,0.45454545454545503,0.0
205,0.5094339622641509,0.5454545454545459,0.0
206,0.5094339622641509,0.5454545454545459,0.0
207,0.5094339622641509,0.8181818181818183,0.0
208,0.5283018867924528,0.09090909090909172,0.0
209,0.5283018867924528,0.18181818181818254,0.057692307692307696
210,0.5283018867924528,0.2727272727272734,0.019230769230769232
211,0.5283018867924528,0.8181818181818183,0.0
212,0.5283018867924528,0.0,0.0
213,0.5283018867924528,0.0,0.057692307692307696
214,0.5283018867924528,0.2727272727272734,0.038461538461538464
215,0.5471698113207547,0.3636363636363642,0.6730769230769231
216,0.5471698113207547,0.18181818181818254,0.0
217,0.5471698113207547,0.45454545454545503,0.0
218,0.5471698113207547,0.5454545454545459,0.019230769230769232
219,0.5471698113207547,0.5454545454545459,0.07692307692307693
220,0.5471698113207547,0.5454545454545459,0.0
221,0.5471698113207547,0.5454545454545459,0.13461538461538464
222,0.5471698113207547,0.8181818181818183,0.057692307692307696
223,0.5660377358490566,0.09090909090909172,0.3269230769230769
224,0.5660377358490566,0.6363636363636367,0.0
225,0.5660377358490566,0.2727272727272734,0.019230769230769232
226,0.5660377358490566,0.8181818181818183,0.038461538461538464
227,0.5660377358490566,0.2727272727272734,0.4807692307692308
228,0.5660377358490566,0.5454545454545459,0.0
229,0.5849056603773585,0.3636363636363642,0.09615384615384616
230,0.5849056603773585,0.6363636363636367,0.0
231,0.5849056603773585,0.9090909090909092,0.019230769230769232
232,0.5849056603773585,0.09090909090909172,0.0
233,0.5849056603773585,0.09090909090909172,0.0
234,0.5849056603773585,0.5454545454545459,0.0
235,0.5849056603773585,0.6363636363636367,0.15384615384615385
236,0.5849056603773585,0.9090909090909092,0.0
237,0.5849056603773585,0.09090909090909172,0.0
238,0.6037735849056604,0.09090909090909172,0.25
239,0.6037735849056604,0.0,0.0
240,0.6037735849056604,0.6363636363636367,0.3653846153846154
241,0.6037735849056604,0.3636363636363642,0.11538461538461539
242,0.6037735849056604,0.7272727272727275,0.0
243,0.6037735849056604,0.7272727272727275,0.0
244,0.6037735849056604,0.0,0.0
245,0.6226415094339622,0.18181818181818254,0.019230769230769232
246,0.6226415094339622,0.2727272727272734,0.0
247,0.6226415094339622,0.3636363636363642,0.0
248,0.6226415094339622,0.45454545454545503,0.0
249,0.6226415094339622,0.45454545454545503,0.0
250,0.6226415094339622,0.7272727272727275,0.0
251,0.6226415094339622,0.2727272727272734,0.17307692307692307
252,0.6226415094339622,0.2727272727272734,0.5384615384615385
253,0.6415094339622641,0.0,0.0
254,0.6415094339622641,0.6363636363636367,0.42307692307692313
255,0.6415094339622641,0.7272727272727275,0.0
256,0.6415094339622641,0.2727272727272734,0.0
257,0.6415094339622641,0.9090909090909092,0.0
258,0.660377358490566,0.0,0.0
259,0.660377358490566,0.2727272727272734,0.038461538461538464
260,0.660377358490566,0.3636363636363642,0.42307692307692313
261,0.660377358490566,0.7272727272727275,0.2884615384615385
262,0.660377358490566,0.0,0.0
263,0.660377358490566,0.5454545454545459,0.0
264,0.660377358490566,0.8181818181818183,0.0
265,0.660377358490566,0.09090909090909172,0.038461538461538464
266,0.660377358490566,0.5454545454545459,0.0
267,0.660377358490566,0.8181818181818183,0.019230769230769232
268,0.6792452830188679,0.0,0.0
269,0.6792452830188679,0.2727272727272734,0.25
270,0.6792452830188679,0.0,0.0
271,0.6792452830188679,0.0,0.019230769230769232
272,0.6792452830188679,0.9090909090909092,0.0
273,0.6981132075471698,0.5454545454545459,0.15384615384615385
274,0.6981132075471698,0.45454545454545503,0.019230769230769232
275,0.6981132075471698,0.7272727272727275,0.0
276,0.6981132075471698,0.7272727272727275,0.0
277,0.6981132075471698,0.2727272727272734,0.0
278,0.6981132075471698,0.6363636363636367,0.0
279,0.7169811320754716,0.8181818181818183,0.0
280,0.7169811320754716,0.9090909090909092,0.0
281,0.7358490566037735,0.8181818181818183,0.15384615384615385
282,0.7358490566037735,0.18181818181818254,0.0
283,0.7358490566037735,0.6363636363636367,0.0
284,0.7358490566037735,0.7272727272727275,0.0
285,0.7547169811320754,0.0,0.0
286,0.7547169811320754,0.0,0.07692307692307693
287,0.7547169811320754,0.7272727272727275,0.2692307692307693
288,0.7547169811320754,0.8181818181818183,0.0
289,0.7547169811320754,0.9090909090909092,0.0
290,0.7547169811320754,0.09090909090909172,0.15384615384615385
291,0.7547169811320754,0.45454545454545503,0.0
292,0.7735849056603773,0.9090909090909092,0.038461538461538464
293,0.7924528301886792,0.45454545454545503,0.0
294,0.7924528301886792,0.0,0.0
295,0.7924528301886792,0.5454545454545459,0.0
296,0.7924528301886792,0.8181818181818183,0.057692307692307696
297,0.8113207547169811,0.3636363636363642,0.0
298,0.8113207547169811,0.9090909090909092,0.0
299,0.830188679245283,0.6363636363636367,0.057692307692307696
300,0.830188679245283,0.45454545454545503,0.0
301,0.8490566037735848,0.3636363636363642,0.019230769230769232
302,0.8679245283018867,0.8181818181818183,0.0
303,0.8867924528301886,0.6363636363636367,0.057692307692307696
304,0.9056603773584905,0.6363636363636367,0.019230769230769232
305,0.9999999999999999,0.0,0.038461538461538464
