,f1,f2,f3,f4,f5,f6,f7,f8,f9,f10,f11,f12
0,0.0,0.0,0.0,0.0,0.4444444444444445,0.4000000000000001,0.1,0.4000000000000001,0.4000000000000001,0.5,0.2857142857142857,0.4
1,0.0,0.0,0.015384615384615385,0.015384615384615385,0.5555555555555556,0.6000000000000001,0.1,0.8,0.6000000000000001,0.6666666666666666,0.8571428571428572,0.6000000000000001
2,0.0,0.0,0.03076923076923077,0.03076923076923077,0.7777777777777777,0.6000000000000001,0.2,1.0000000000000002,0.8,0.8333333333333334,0.8571428571428572,0.9
3,0.0,0.0,0.046153846153846156,0.046153846153846156,1.0,0.8,0.5,1.0000000000000002,1.0000000000000002,0.9999999999999999,1.0,1.0
4,0.07142857142857142,0.07142857142857142,0.06153846153846154,0.06153846153846154,0.0,0.0,0.0,0.0,0.0,0.0,0.0,0.0
5,0.07142857142857142,0.07142857142857142,0.07692307692307693,0.07692307692307693,0.1111111111111111,0.0,0.1,0.0,0.0,0.0,0.14285714285714285,0.20000000000000004
6,0.07142857142857142,0.07142857142857142,0.09230769230769231,0.09230769230769231,0.2222222222222222,0.0,0.2,0.0,0.2,0.0,0.2857142857142857,0.20000000000000004
7,0.07142857142857142,0.07142857142857142,0.1076923076923077,0.1076923076923077,0.3333333333333333,0.6000000000000001,0.0,0.0,0.2,0.0,0.2857142857142857,0.4
8,0.07142857142857142,0.07142857142857142,0.12307692307692308,0.12307692307692308,0.4444444444444445,0.6000000000000001,0.0,0.6000000000000001,0.4000000000000001,0.6666666666666666,0.8571428571428572,0.6000000000000001
9,0.14285714285714285,0.14285714285714285,0.13846153846153847,0.13846153846153847,0.3333333333333333,0.2,0.0,0.0,0.6000000000000001,0.0,0.0,0.1
10,0.14285714285714285,0.14285714285714285,0.15384615384615385,0.15384615384615385,0.5555555555555556,0.2,0.0,0.4000000000000001,0.6000000000000001,0.0,0.7142857142857142,0.30000000000000004
11,0.14285714285714285,0.14285714285714285,0.16923076923076924,0.16923076923076924,0.8888888888888888,0.2,0.0,0.6000000000000001,0.8,0.6666666666666666,0.7142857142857142,0.9
12,0.21428571428571427,0.21428571428571427,0.18461538461538463,0.3384615384615385,0.4444444444444445,0.0,0.0,0.4000000000000001,0.6000000000000001,0.33333333333333337,0.8571428571428572,0.30000000000000004
13,0.21428571428571427,0.21428571428571427,0.2,0.35384615384615387,0.5555555555555556,0.4000000000000001,0.0,0.4000000000000001,0.6000000000000001,0.6666666666666666,0.7142857142857142,0.6000000000000001
14,0.21428571428571427,0.21428571428571427,0.2153846153846154,0.36923076923076925,0.8888888888888888,0.6000000000000001,0.0,0.6000000000000001,0.8,0.9999999999999999,0.7142857142857142,0.9
15,0.21428571428571427,0.21428571428571427,0.23076923076923078,0.38461538461538464,1.0,0.8,0.0,1.0000000000000002,1.0000000000000002,0.9999999999999999,1.0,1.0
16,0.21428571428571427,0.21428571428571427,0.6615384615384616,0.49230769230769234,0.1111111111111111,0.0,0.0,0.0,0.2,0.0,0.0,0.0
17,0.21428571428571427,0.21428571428571427,0.676923076923077,0.5076923076923077,0.2222222222222222,0.0,0.1,0.0,0.2,0.0,0.0,0.0
18,0.21428571428571427,0.21428571428571427,0.6923076923076923,0.5230769230769231,0.3333333333333333,0.0,0.1,0.4000000000000001,0.4000000000000001,0.5,0.2857142857142857,0.1
19,0.21428571428571427,0.21428571428571427,0.7076923076923078,0.5384615384615385,0.4444444444444445,0.4000000000000001,0.2,0.4000000000000001,0.6000000000000001,0.6666666666666666,1.0,0.30000000000000004
20,0.2857142857142857,0.2857142857142857,0.24615384615384617,0.18461538461538463,0.4444444444444445,0.2,0.1,0.4000000000000001,0.4000000000000001,0.5,0.2857142857142857,0.4
21,0.2857142857142857,0.2857142857142857,0.26153846153846155,0.2,0.7777777777777777,0.6000000000000001,0.0,1.0000000000000002,0.8,0.8333333333333334,0.8571428571428572,0.7000000000000001
22,0.2857142857142857,0.2857142857142857,0.27692307692307694,0.2153846153846154,0.8888888888888888,0.6000000000000001,1.0,1.0000000000000002,0.8,0.8333333333333334,0.8571428571428572,0.8
23,0.3571428571428571,0.3571428571428571,0.2923076923076923,0.23076923076923078,0.0,0.0,0.2,0.2,0.0,0.16666666666666666,0.0,0.0
24,0.3571428571428571,0.3571428571428571,0.3076923076923077,0.24615384615384617,0.2222222222222222,0.4000000000000001,0.30000000000000004,0.2,0.4000000000000001,0.5,0.14285714285714285,0.0
25,0.3571428571428571,0.3571428571428571,0.3230769230769231,0.26153846153846155,0.5555555555555556,0.6000000000000001,0.2,0.6000000000000001,0.6000000000000001,0.6666666666666666,0.8571428571428572,0.6000000000000001
26,0.4285714285714286,0.42857142857142855,0.3384615384615385,0.27692307692307694,0.3333333333333333,0.2,0.0,0.0,0.4000000000000001,0.5,0.42857142857142855,0.0
27,0.4285714285714286,0.42857142857142855,0.35384615384615387,0.2923076923076923,0.4444444444444445,0.6000000000000001,0.0,0.0,0.2,0.0,0.2857142857142857,0.30000000000000004
28,0.4285714285714286,0.42857142857142855,0.36923076923076925,0.3076923076923077,0.7777777777777777,0.8,0.2,0.8,0.8,0.8333333333333334,0.8571428571428572,0.9
29,0.4285714285714286,0.42857142857142855,0.38461538461538464,0.6153846153846154,0.1111111111111111,0.0,0.0,0.0,0.0,0.0,0.0,0.0
30,0.4285714285714286,0.42857142857142855,0.4,0.6307692307692307,0.2222222222222222,0.0,0.1,0.0,0.2,0.0,0.2857142857142857,0.20000000000000004
31,0.4285714285714286,0.42857142857142855,0.4153846153846154,0.6461538461538462,0.4444444444444445,0.6000000000000001,0.0,0.0,0.4000000000000001,0.0,0.42857142857142855,0.20000000000000004
32,0.4285714285714286,0.42857142857142855,0.4307692307692308,0.6615384615384616,0.6666666666666665,0.6000000000000001,0.0,0.4000000000000001,0.6000000000000001,0.6666666666666666,0.8571428571428572,0.6000000000000001
33,0.4285714285714286,0.42857142857142855,0.4461538461538462,0.676923076923077,0.1111111111111111,0.0,0.0,0.0,0.2,0.0,0.0,0.0
34,0.4285714285714286,0.42857142857142855,0.46153846153846156,0.6923076923076923,0.3333333333333333,0.0,0.0,0.4000000000000001,0.4000000000000001,0.5,0.5714285714285714,0.30000000000000004
35,0.4285714285714286,0.42857142857142855,0.47692307692307695,0.7076923076923077,0.4444444444444445,0.2,0.0,0.4000000000000001,0.6000000000000001,0.5,0.5714285714285714,0.30000000000000004
36,0.5,0.5,0.4923076923076923,0.3230769230769231,1.0,1.0000000000000002,0.5,1.0000000000000002,1.0000000000000002,0.9999999999999999,0.8571428571428572,1.0
37,0.5,0.5,0.5076923076923077,0.8,0.1111111111111111,0.0,0.0,0.0,0.0,0.0,0.0,0.0
38,0.5,0.5,0.5230769230769232,0.8153846153846154,0.3333333333333333,0.4000000000000001,0.0,0.4000000000000001,0.2,0.0,0.0,0.0
39,0.5,0.5,0.5384615384615385,0.8461538461538463,0.4444444444444445,0.6000000000000001,0.2,0.4000000000000001,0.6000000000000001,0.5,0.0,0.1
40,0.5,0.5,0.5538461538461539,0.8307692307692308,0.7777777777777777,1.0000000000000002,0.5,0.6000000000000001,0.8,0.8333333333333334,0.8571428571428572,1.0
41,0.5714285714285714,0.5714285714285714,0.5692307692307692,0.4,0.4444444444444445,0.6000000000000001,0.1,0.4000000000000001,0.6000000000000001,0.5,0.2857142857142857,0.4
42,0.5714285714285714,0.5714285714285714,0.5846153846153848,0.4153846153846154,0.5555555555555556,0.6000000000000001,0.2,0.4000000000000001,0.6000000000000001,0.6666666666666666,0.7142857142857142,0.6000000000000001
43,0.5714285714285714,0.5714285714285714,0.6000000000000001,0.4307692307692308,0.8888888888888888,0.6000000000000001,0.30000000000000004,1.0000000000000002,0.8,0.8333333333333334,0.8571428571428572,0.9
44,0.6428571428571428,0.6428571428571428,0.6153846153846154,0.4461538461538462,0.4444444444444445,0.6000000000000001,0.2,0.4000000000000001,0.4000000000000001,0.5,0.2857142857142857,0.0
45,0.6428571428571428,0.6428571428571428,0.6307692307692307,0.46153846153846156,0.6666666666666665,0.6000000000000001,0.30000000000000004,0.6000000000000001,0.6000000000000001,0.5,0.8571428571428572,0.0
46,0.6428571428571428,0.6428571428571428,0.6461538461538463,0.47692307692307695,0.7777777777777777,0.8,0.5,1.0000000000000002,0.8,0.5,0.8571428571428572,0.9
47,0.7142857142857143,0.7142857142857142,0.7230769230769232,0.5538461538461539,0.4444444444444445,0.6000000000000001,0.1,0.4000000000000001,0.4000000000000001,0.5,0.2857142857142857,0.20000000000000004
48,0.7142857142857143,0.7142857142857142,0.7384615384615385,0.5692307692307692,0.6666666666666665,0.6000000000000001,0.30000000000000004,0.6000000000000001,0.6000000000000001,0.5,0.8571428571428572,0.6000000000000001
49,0.7142857142857143,0.7142857142857142,0.7538461538461538,0.5846153846153846,0.8888888888888888,0.8,0.5,1.0000000000000002,0.8,0.8333333333333334,0.8571428571428572,0.9
50,0.7142857142857143,0.7142857142857142,0.7692307692307694,0.6000000000000001,1.0,0.8,0.5,1.0000000000000002,1.0000000000000002,0.9999999999999999,1.0,1.0
51,0.7857142857142857,0.7857142857142857,0.7846153846153847,0.7230769230769232,0.2222222222222222,0.0,0.1,0.4000000000000001,0.4000000000000001,0.5,0.42857142857142855,0.1
52,0.7857142857142857,0.7857142857142857,0.8,0.7384615384615385,0.5555555555555556,0.6000000000000001,0.1,0.6000000000000001,0.6000000000000001,0.5,0.7142857142857142,0.1
53,0.7857142857142857,0.7857142857142857,0.8153846153846154,0.7538461538461538,0.6666666666666665,0.6000000000000001,0.30000000000000004,0.6000000000000001,0.6000000000000001,0.6666666666666666,0.7142857142857142,0.6000000000000001
54,0.7857142857142857,0.7857142857142857,0.8307692307692309,0.7692307692307693,0.8888888888888888,0.6000000000000001,0.5,1.0000000000000002,0.8,0.8333333333333334,0.7142857142857142,0.9
55,0.7857142857142857,0.7857142857142857,0.8461538461538463,0.7846153846153847,1.0,0.8,0.8,1.0000000000000002,1.0000000000000002,0.9999999999999999,1.0,1.0
56,0.8571428571428571,0.8571428571428571,0.8615384615384616,0.8615384615384616,0.2222222222222222,0.0,0.2,0.4000000000000001,0.2,0.0,0.14285714285714285,0.30000000000000004
57,0.8571428571428571,0.8571428571428571,0.8769230769230769,0.8769230769230769,0.4444444444444445,0.2,0.30000000000000004,0.4000000000000001,0.4000000000000001,0.5,0.2857142857142857,0.4
58,0.9285714285714286,0.9285714285714285,0.8923076923076925,0.8923076923076924,0.3333333333333333,0.4000000000000001,0.0,0.0,0.2,0.0,0.2857142857142857,0.0
59,0.9285714285714286,0.9285714285714285,0.9076923076923078,0.9076923076923078,0.4444444444444445,0.4000000000000001,0.0,0.4000000000000001,0.4000000000000001,0.0,0.8571428571428572,0.4
60,0.9285714285714286,0.9285714285714285,0.9230769230769231,0.9230769230769231,0.7777777777777777,0.6000000000000001,0.0,0.6000000000000001,0.8,0.8333333333333334,0.8571428571428572,0.6000000000000001
61,1.0,1.0,0.9384615384615385,0.9384615384615385,0.2222222222222222,0.0,0.1,0.0,0.2,0.0,0.0,0.0
62,1.0,1.0,0.953846153846154,0.9538461538461539,0.4444444444444445,0.6000000000000001,0.1,0.4000000000000001,0.4000000000000001,0.5,0.2857142857142857,0.30000000000000004
63,1.0,1.0,0.9692307692307693,0.9692307692307693,0.5555555555555556,0.8,0.2,0.6000000000000001,0.6000000000000001,0.6666666666666666,0.8571428571428572,0.4
64,1.0,1.0,0.9846153846153847,0.9846153846153847,0.7777777777777777,0.8,0.5,1.0000000000000002,0.8,0.8333333333333334,0.8571428571428572,0.6000000000000001
65,1.0,1.0,1.0,1.0,1.0,0.8,0.5,1.0000000000000002,1.0000000000000002,0.9999999999999999,1.0,1.0
