,f1,f2,f3,f4,f5,f6,f7,f8,f9,f10,f11,f12,f13,f14,f15,f16
0,0.14285714285714285,0.29629629629629634,0.2654867256637169,0.5,0.0,0.0,0.0,1.0,1.0,1.0,0.0,0.0,0.0,1.0,0.0,0.45999999999999996
1,0.2857142857142857,0.40329218106995895,0.2035398230088495,0.0,0.0,0.0,0.0,0.0,0.0,0.3333333333333333,0.0,0.0,0.0,1.0,0.0,0.28
2,0.2857142857142857,0.271604938271605,0.24778761061946905,0.5,0.0,0.0,0.0,1.0,0.0,0.0,0.0,0.0,0.0,1.0,0.0,0.43999999999999995
3,0.2857142857142857,0.46090534979423875,0.4601769911504424,0.0,0.0,0.0,0.0,0.0,0.0,0.0,0.0,0.0,0.0,0.0,0.0,0.3400000000000001
4,0.2857142857142857,0.205761316872428,0.0,1.0,0.0,1.0,0.0,1.0,1.0,0.0,0.0,0.0,0.0,1.0,0.0,0.72
5,0.2857142857142857,0.21399176954732518,0.2035398230088495,0.5,0.0,0.0,0.0,1.0,0.0,0.0,0.0,0.0,0.0,0.0,0.0,0.28
6,0.2857142857142857,0.6008230452674899,0.5132743362831858,0.5,0.0,0.0,0.0,1.0,0.0,0.3333333333333333,1.0,0.0,0.0,1.0,0.0,0.43999999999999995
7,0.14285714285714285,0.360082304526749,0.3407079646017699,0.5,0.0,0.0,0.0,1.0,0.0,0.0,0.0,0.0,1.0,1.0,0.0,0.5800000000000001
8,0.2857142857142857,0.35390946502057624,0.37168141592920356,1.0,0.0,0.0,0.0,1.0,1.0,0.0,0.0,0.0,0.0,1.0,0.0,0.6200000000000001
9,0.2857142857142857,0.18106995884773663,0.2654867256637169,0.5,0.0,0.0,0.0,1.0,0.0,0.0,0.0,0.0,0.0,1.0,0.0,0.3400000000000001
10,0.2857142857142857,0.23045267489711935,0.3008849557522123,0.0,0.0,1.0,0.0,1.0,0.0,0.3333333333333333,0.0,0.0,0.0,0.0,0.0,0.45999999999999996
11,0.2857142857142857,0.5843621399176957,0.7699115044247787,0.5,0.0,0.0,0.0,0.0,0.0,0.3333333333333333,0.0,0.0,0.0,1.0,0.0,0.41999999999999993
12,0.2857142857142857,0.3209876543209877,0.3097345132743362,0.5,0.0,0.0,0.0,1.0,1.0,0.0,0.0,0.0,0.0,1.0,0.0,0.6200000000000001
13,0.14285714285714285,0.5226337448559673,0.46460176991150437,1.0,0.0,0.0,0.0,1.0,1.0,1.0,0.0,0.0,0.0,1.0,0.0,0.8600000000000001
14,0.2857142857142857,0.10699588477366256,0.09734513274336284,0.5,0.0,0.0,0.0,1.0,0.0,0.0,0.0,0.0,0.0,1.0,0.0,0.8
15,0.2857142857142857,0.6666666666666667,0.7079646017699115,0.5,0.0,0.0,0.0,1.0,0.0,0.3333333333333333,0.0,0.0,0.0,1.0,0.0,0.5
16,0.14285714285714285,0.1584362139917696,0.2035398230088495,0.0,0.0,1.0,0.0,0.0,0.0,0.3333333333333333,0.0,0.0,0.0,1.0,0.0,0.3800000000000001
17,0.14285714285714285,0.3127572016460906,0.1570796460176991,0.0,0.0,0.0,0.0,0.0,0.0,0.3333333333333333,0.0,0.0,0.0,1.0,0.0,0.48
18,0.2857142857142857,0.23868312757201654,0.1592920353982301,0.5,0.0,0.0,0.0,1.0,0.0,0.3333333333333333,0.0,0.0,0.0,1.0,0.0,0.6600000000000001
19,0.2857142857142857,0.29629629629629634,0.33628318584070793,0.0,0.0,0.0,0.0,0.0,0.0,0.0,0.0,0.0,0.0,1.0,0.0,0.6799999999999999
20,0.2857142857142857,0.6255144032921813,0.5575221238938053,0.0,0.0,0.0,0.0,0.0,0.0,0.3333333333333333,0.0,0.0,0.0,1.0,0.0,0.28
21,0.42857142857142855,0.3868312757201647,0.4159292035398229,0.0,0.0,0.0,0.0,0.0,0.0,0.3333333333333333,0.0,0.0,0.0,1.0,0.0,0.5
22,0.2857142857142857,0.18930041152263377,0.1592920353982301,0.0,0.0,0.0,0.0,0.0,0.0,0.3333333333333333,0.0,0.0,0.0,1.0,0.0,0.5
23,0.2857142857142857,0.46090534979423875,0.3008849557522123,0.0,0.0,0.0,0.0,0.0,0.0,0.0,0.0,0.0,0.0,1.0,0.0,0.5
24,1.0,0.5925925925925928,0.49557522123893805,0.0,0.0,0.0,0.0,0.0,0.0,0.0,0.0,0.0,0.0,0.0,0.0,0.41999999999999993
25,0.2857142857142857,0.3703703703703705,0.4690265486725663,0.5,0.0,0.0,0.0,1.0,0.0,0.0,0.0,0.0,0.0,1.0,0.0,0.45999999999999996
26,0.2857142857142857,0.40329218106995895,0.46460176991150437,0.5,0.0,0.0,0.0,1.0,1.0,0.0,0.0,0.0,0.0,1.0,0.0,0.6200000000000001
27,0.2857142857142857,0.35390946502057624,0.3827433628318584,0.5,0.0,0.0,0.0,1.0,1.0,0.0,0.0,0.0,0.0,1.0,0.0,0.3800000000000001
28,0.7142857142857142,0.5185185185185186,0.5132743362831858,0.0,0.0,0.0,0.0,0.0,0.0,0.0,0.0,0.0,0.0,1.0,0.0,0.48
29,0.2857142857142857,0.3703703703703705,0.3185840707964601,0.5,1.0,1.0,0.0,0.0,0.0,1.0,0.0,0.0,0.0,1.0,0.0,0.3600000000000001
30,0.2857142857142857,0.6172839506172842,0.5575221238938053,0.5,0.0,0.0,0.0,1.0,0.0,0.3333333333333333,0.0,0.0,0.0,0.0,0.0,0.30000000000000004
31,0.5714285714285714,0.21399176954732518,0.21902654867256635,0.5,1.0,0.0,0.0,0.0,0.0,0.3333333333333333,1.0,0.0,0.0,0.0,0.0,0.7
32,0.2857142857142857,0.0761316872427984,0.09734513274336284,0.5,0.0,0.0,0.0,1.0,0.0,0.3333333333333333,1.0,0.0,0.0,0.0,0.0,0.6200000000000001
33,0.14285714285714285,0.271604938271605,0.2743362831858407,0.5,0.0,0.0,0.0,1.0,0.0,0.0,0.0,0.0,0.0,0.0,0.0,0.78
34,0.2857142857142857,0.18930041152263377,0.14159292035398233,0.0,0.0,0.0,0.0,0.0,0.0,0.0,0.0,0.0,0.0,1.0,0.0,0.41999999999999993
35,0.2857142857142857,0.15637860082304533,0.22123893805309733,0.5,0.0,0.0,0.0,1.0,0.0,0.3333333333333333,0.0,0.0,0.0,1.0,0.0,0.6799999999999999
36,0.2857142857142857,0.46090534979423875,0.327433628318584,0.5,0.0,1.0,1.0,0.0,0.0,0.3333333333333333,1.0,0.0,0.0,0.0,0.0,0.48
37,0.2857142857142857,0.5679012345679013,0.4690265486725663,0.0,0.0,0.0,0.0,0.0,0.0,0.0,0.0,0.0,0.0,1.0,0.0,0.3800000000000001
38,0.2857142857142857,0.6502057613168726,0.5663716814159292,0.5,0.0,0.0,0.0,1.0,0.0,0.0,0.0,0.0,0.0,1.0,0.0,0.30000000000000004
39,0.5714285714285714,0.4855967078189301,0.44690265486725655,0.5,0.0,0.0,0.0,1.0,0.0,0.0,0.0,0.0,0.0,1.0,0.0,0.45999999999999996
40,0.14285714285714285,0.3703703703703705,0.34513274336283184,0.5,0.0,0.0,0.0,1.0,0.0,0.3333333333333333,0.0,0.0,0.0,1.0,0.0,0.52
41,0.2857142857142857,0.3621399176954733,0.41150442477876104,0.5,0.0,0.0,0.0,1.0,0.0,0.3333333333333333,0.0,0.0,0.0,1.0,0.0,0.6200000000000001
42,0.5714285714285714,0.2551440329218108,0.256637168141593,0.0,0.0,0.0,0.0,1.0,0.0,0.3333333333333333,0.0,0.0,0.0,1.0,0.0,0.28
43,0.2857142857142857,0.4362139917695474,0.38053097345132747,0.5,1.0,0.0,0.0,1.0,0.0,0.3333333333333333,0.0,0.0,0.0,1.0,0.0,0.45999999999999996
44,0.2857142857142857,0.21399176954732518,0.24778761061946905,0.0,0.0,0.0,0.0,0.0,0.0,0.0,0.0,0.0,0.0,1.0,0.0,0.45999999999999996
45,0.2857142857142857,0.5596707818930042,0.5132743362831858,0.5,0.0,0.0,0.0,1.0,0.0,0.3333333333333333,0.0,0.0,0.0,1.0,0.0,0.6000000000000001
46,0.2857142857142857,0.24691358024691362,0.256637168141593,0.5,0.0,0.0,0.0,1.0,0.0,0.3333333333333333,0.0,0.0,0.0,1.0,0.0,0.7
47,0.2857142857142857,0.6172839506172842,0.47787610619469023,1.0,0.0,0.0,0.0,1.0,1.0,0.3333333333333333,0.0,0.0,0.0,1.0,0.0,0.43999999999999995
48,0.2857142857142857,0.6419753086419753,0.654867256637168,0.0,0.0,0.0,0.0,0.0,0.0,0.3333333333333333,0.0,0.0,0.0,0.0,0.0,0.3600000000000001
49,0.2857142857142857,0.22222222222222227,0.22123893805309733,0.5,0.0,0.0,0.0,1.0,0.0,0.3333333333333333,0.0,0.0,0.0,0.0,0.0,0.8400000000000001
50,0.2857142857142857,0.5267489711934157,0.4247787610619468,0.5,0.0,0.0,0.0,1.0,0.0,0.0,0.0,0.0,0.0,1.0,0.0,0.6400000000000001
51,0.2857142857142857,0.3621399176954733,0.34513274336283184,1.0,1.0,1.0,1.0,1.0,0.0,0.3333333333333333,0.0,0.0,0.0,1.0,0.0,0.6200000000000001
52,0.42857142857142855,0.477366255144033,0.34513274336283184,0.5,0.0,0.0,0.0,1.0,0.0,0.3333333333333333,0.0,0.0,0.0,1.0,0.0,0.76
53,0.2857142857142857,0.46090534979423875,0.4690265486725663,0.5,0.0,0.0,0.0,1.0,0.0,0.3333333333333333,0.0,0.0,0.0,1.0,0.0,0.52
54,0.42857142857142855,0.3786008230452675,0.3097345132743362,0.5,0.0,0.0,0.0,1.0,0.0,0.3333333333333333,0.0,0.0,0.0,1.0,0.0,0.56
55,0.2857142857142857,0.46913580246913594,0.4247787610619468,0.5,0.0,0.0,1.0,1.0,0.0,0.0,0.0,0.0,0.0,0.0,0.0,0.0
56,0.2857142857142857,0.40329218106995895,0.4070796460176991,0.5,1.0,0.0,0.0,1.0,1.0,0.0,1.0,0.0,0.0,1.0,0.0,0.54
57,0.42857142857142855,0.7572016460905351,0.7345132743362832,0.0,0.0,0.0,0.0,0.0,0.0,0.3333333333333333,0.0,0.0,0.0,1.0,0.0,0.5
58,0.2857142857142857,0.4938271604938272,0.6106194690265486,0.0,0.0,0.0,0.0,0.0,0.0,0.3333333333333333,0.0,0.0,0.0,1.0,0.0,0.41999999999999993
59,0.2857142857142857,0.4279835390946503,0.2920353982300884,0.0,0.0,0.0,0.0,0.0,0.0,0.6666666666666667,0.0,0.0,0.0,1.0,0.0,0.28
60,0.2857142857142857,0.3292181069958849,0.23893805309734514,1.0,0.0,0.0,0.0,1.0,1.0,0.3333333333333333,0.0,0.0,0.0,1.0,0.0,0.8
61,0.2857142857142857,0.7242798353909468,0.5840707964601769,0.0,0.0,0.0,0.0,0.0,0.0,0.0,0.0,0.0,0.0,1.0,0.0,0.3800000000000001
62,0.2857142857142857,0.46913580246913594,0.4159292035398229,0.0,0.0,0.0,0.0,0.0,0.0,0.0,1.0,0.0,0.0,0.0,0.0,0.3600000000000001
63,0.14285714285714285,0.3518518518518519,0.3982300884955752,0.5,0.0,1.0,0.0,1.0,0.0,0.3333333333333333,0.0,0.0,0.0,1.0,0.0,0.43999999999999995
64,0.2857142857142857,0.29629629629629634,0.36283185840707965,0.5,0.0,0.0,0.0,1.0,0.0,0.3333333333333333,0.0,0.0,0.0,0.0,0.0,0.3400000000000001
65,0.2857142857142857,0.18930041152263377,0.23008849557522124,0.0,0.0,0.0,0.0,0.0,0.0,0.0,0.0,0.0,0.0,0.0,0.0,0.040000000000000036
66,0.42857142857142855,0.18106995884773663,0.1769911504424779,0.5,0.0,1.0,0.0,1.0,1.0,0.0,0.0,0.0,0.0,1.0,0.0,0.5
67,0.2857142857142857,0.2633744855967079,0.2743362831858407,0.5,0.0,0.0,0.0,1.0,0.0,0.3333333333333333,0.0,0.0,0.0,1.0,0.0,0.48
68,0.2857142857142857,0.33744855967078197,0.18584070796460175,0.5,0.0,1.0,0.0,1.0,0.0,0.3333333333333333,0.0,0.0,0.0,1.0,0.0,0.6600000000000001
69,0.2857142857142857,0.4197530864197531,0.3893805309734514,0.5,0.0,1.0,0.0,0.0,0.0,0.0,0.0,0.0,0.0,0.0,0.0,0.32000000000000006
70,0.2857142857142857,0.4444444444444446,0.36283185840707965,0.5,0.0,0.0,0.0,1.0,0.0,0.3333333333333333,1.0,0.0,0.0,1.0,0.0,0.6799999999999999
71,0.2857142857142857,0.4279835390946503,0.4336283185840707,0.0,0.0,0.0,0.0,0.0,0.0,0.0,0.0,0.0,0.0,1.0,0.0,0.52
72,0.42857142857142855,1.0000000000000002,1.0000000000000002,0.0,0.0,0.0,0.0,0.0,0.0,0.0,0.0,0.0,0.0,0.0,0.0,0.16000000000000003
73,0.2857142857142857,0.6502057613168726,0.5132743362831858,0.5,0.0,0.0,0.0,1.0,0.0,0.0,0.0,0.0,0.0,1.0,0.0,0.3600000000000001
74,0.2857142857142857,0.40329218106995895,0.4070796460176991,0.5,0.0,0.0,0.0,1.0,0.0,1.0,0.0,0.0,0.0,1.0,0.0,0.08000000000000007
75,0.2857142857142857,0.08230452674897121,0.07079646017699118,0.5,0.0,0.0,0.0,1.0,1.0,0.0,0.0,0.0,0.0,1.0,0.0,0.5800000000000001
76,0.2857142857142857,0.3292181069958849,0.5840707964601769,0.5,0.0,0.0,0.0,1.0,0.0,0.3333333333333333,0.0,0.0,0.0,1.0,0.0,0.5
77,0.2857142857142857,0.15637860082304533,0.1061946902654867,0.5,0.0,0.0,0.0,1.0,0.0,0.3333333333333333,0.0,0.0,0.0,1.0,0.0,0.3400000000000001
78,0.2857142857142857,0.3292181069958849,0.2654867256637169,0.5,0.0,0.0,0.0,1.0,0.0,0.3333333333333333,0.0,0.0,0.0,0.0,0.0,0.8200000000000001
79,0.2857142857142857,0.46090534979423875,0.4247787610619468,0.5,0.0,0.0,0.0,1.0,0.0,0.3333333333333333,0.0,0.0,0.0,1.0,0.0,0.41999999999999993
80,0.2857142857142857,0.10699588477366256,0.1592920353982301,0.5,0.0,0.0,0.0,1.0,0.0,1.0,0.0,0.0,0.0,1.0,0.0,0.43999999999999995
81,0.2857142857142857,0.3703703703703705,0.15044247787610618,0.5,0.0,0.0,0.0,1.0,0.0,0.3333333333333333,0.0,0.0,0.0,1.0,0.0,0.52
82,0.2857142857142857,0.28806584362139925,0.3097345132743362,0.5,0.0,0.0,0.0,1.0,0.0,0.0,1.0,0.0,0.0,0.0,0.0,0.5
83,0.2857142857142857,0.5843621399176957,0.5132743362831858,0.0,0.0,0.0,0.0,0.0,0.0,0.3333333333333333,0.0,0.0,0.0,1.0,0.0,0.28
84,0.2857142857142857,0.477366255144033,0.3893805309734514,0.5,0.0,0.0,0.0,1.0,0.0,0.3333333333333333,0.0,0.0,0.0,1.0,0.0,0.41999999999999993
85,0.2857142857142857,0.711934156378601,0.7146017699115045,0.0,0.0,0.0,1.0,1.0,0.0,0.3333333333333333,0.0,0.0,0.0,0.0,0.0,0.30000000000000004
86,0.2857142857142857,0.18930041152263377,0.23008849557522124,0.5,0.0,0.0,1.0,0.0,0.0,0.3333333333333333,0.0,0.0,1.0,1.0,0.0,0.6000000000000001
87,0.5714285714285714,0.2551440329218108,0.1769911504424779,1.0,0.0,1.0,0.0,1.0,1.0,0.0,0.0,0.0,0.0,1.0,0.0,0.78
88,0.42857142857142855,0.4279835390946503,0.3893805309734514,0.5,0.0,1.0,0.0,1.0,0.0,0.3333333333333333,0.0,0.0,0.0,1.0,0.0,0.8600000000000001
89,0.2857142857142857,0.23868312757201654,0.23008849557522124,0.5,0.0,0.0,0.0,1.0,0.0,0.0,0.0,0.0,0.0,1.0,0.0,0.72
90,0.2857142857142857,0.4444444444444446,0.33628318584070793,0.5,0.0,0.0,0.0,1.0,0.0,0.3333333333333333,0.0,0.0,0.0,1.0,0.0,0.45999999999999996
91,0.2857142857142857,0.9547325102880662,0.8761061946902654,0.0,0.0,0.0,0.0,0.0,0.0,0.0,0.0,0.0,0.0,1.0,0.0,0.26
92,0.2857142857142857,0.09053497942386834,0.1061946902654867,1.0,0.0,0.0,0.0,1.0,1.0,0.3333333333333333,0.0,0.0,0.0,1.0,0.0,1.0
93,0.2857142857142857,0.6419753086419753,0.5840707964601769,0.5,0.0,0.0,0.0,1.0,0.0,0.0,0.0,0.0,0.0,1.0,0.0,0.3400000000000001
94,0.42857142857142855,0.2551440329218108,0.23008849557522124,0.5,0.0,0.0,0.0,1.0,0.0,0.3333333333333333,0.0,0.0,0.0,1.0,0.0,0.6600000000000001
95,0.7142857142857142,0.3292181069958849,0.3185840707964601,1.0,0.0,0.0,0.0,1.0,0.0,0.0,0.0,0.0,0.0,1.0,0.0,0.78
96,0.2857142857142857,0.6502057613168726,0.4336283185840707,0.5,0.0,1.0,1.0,1.0,0.0,0.3333333333333333,0.0,0.0,0.0,1.0,0.0,0.40000000000000013
97,0.2857142857142857,0.39506172839506176,0.37831858407079644,0.5,0.0,0.0,0.0,1.0,0.0,0.0,0.0,0.0,0.0,1.0,0.0,0.7
98,0.2857142857142857,0.08230452674897121,0.15044247787610618,0.5,0.0,0.0,0.0,1.0,1.0,0.3333333333333333,1.0,0.0,0.0,1.0,0.0,0.7
99,0.42857142857142855,0.5925925925925928,0.504424778761062,0.5,0.0,0.0,0.0,1.0,0.0,0.3333333333333333,0.0,0.0,0.0,1.0,0.0,0.78
100,0.2857142857142857,0.1872427983539095,0.15044247787610618,0.5,0.0,0.0,0.0,1.0,0.0,0.0,0.0,0.0,0.0,0.0,1.0,0.43999999999999995
101,0.2857142857142857,0.28806584362139925,0.2035398230088495,0.5,0.0,0.0,0.0,1.0,0.0,0.0,0.0,0.0,0.0,0.0,0.0,0.32000000000000006
102,0.5714285714285714,0.7222222222222225,0.6991150442477876,0.5,0.0,0.0,0.0,0.0,1.0,0.0,0.0,0.0,0.0,0.0,0.0,0.40000000000000013
103,0.2857142857142857,0.21399176954732518,0.24778761061946905,0.5,0.0,0.0,0.0,1.0,0.0,0.3333333333333333,0.0,0.0,0.0,1.0,0.0,0.3600000000000001
104,0.2857142857142857,0.4444444444444446,0.36283185840707965,0.5,0.0,0.0,0.0,1.0,0.0,0.3333333333333333,0.0,0.0,0.0,1.0,0.0,0.3400000000000001
105,0.2857142857142857,0.35390946502057624,0.4424778761061946,0.0,0.0,0.0,0.0,0.0,0.0,0.0,0.0,0.0,0.0,0.0,0.0,0.52
106,0.2857142857142857,0.3703703703703705,0.3097345132743362,0.5,0.0,0.0,1.0,1.0,0.0,0.3333333333333333,0.0,0.0,0.0,1.0,0.0,0.74
107,0.14285714285714285,0.6255144032921813,0.7168141592920354,0.0,0.0,0.0,0.0,0.0,0.0,0.3333333333333333,0.0,0.0,0.0,1.0,0.0,0.3600000000000001
108,0.2857142857142857,0.5267489711934157,0.36283185840707965,0.5,0.0,0.0,0.0,1.0,0.0,0.3333333333333333,1.0,0.0,0.0,1.0,0.0,0.41999999999999993
109,0.2857142857142857,0.6666666666666667,0.5575221238938053,0.0,0.0,0.0,0.0,0.0,0.0,0.0,0.0,0.0,0.0,1.0,0.0,0.30000000000000004
110,0.2857142857142857,0.6337448559670782,0.5221238938053097,0.0,0.0,0.0,0.0,1.0,0.0,0.3333333333333333,0.0,0.0,0.0,1.0,0.0,0.41999999999999993
111,0.42857142857142855,0.271604938271605,0.1769911504424779,0.5,0.0,1.0,0.0,1.0,0.0,0.0,1.0,0.0,0.0,1.0,0.0,0.48
112,0.42857142857142855,0.29629629629629634,0.2831858407079646,0.5,0.0,0.0,0.0,1.0,1.0,0.3333333333333333,0.0,0.0,0.0,1.0,0.0,0.72
113,0.2857142857142857,0.28806584362139925,0.2654867256637169,0.5,0.0,0.0,0.0,1.0,0.0,0.3333333333333333,1.0,0.0,0.0,1.0,0.0,0.32000000000000006
114,0.42857142857142855,0.4197530864197531,0.35398230088495575,0.5,0.0,0.0,0.0,0.0,0.0,0.0,0.0,0.0,0.0,1.0,0.0,0.40000000000000013
115,0.2857142857142857,0.23045267489711935,0.14159292035398233,0.5,0.0,0.0,0.0,1.0,1.0,0.3333333333333333,0.0,0.0,0.0,1.0,0.0,0.76
116,0.14285714285714285,0.4938271604938272,0.35398230088495575,0.5,0.0,0.0,0.0,1.0,0.0,0.0,0.0,0.0,0.0,0.0,0.0,0.43999999999999995
117,0.2857142857142857,0.4362139917695474,0.3982300884955752,0.5,0.0,0.0,0.0,1.0,0.0,0.3333333333333333,0.0,0.0,0.0,1.0,0.0,0.74
118,0.14285714285714285,0.27983539094650206,0.256637168141593,0.5,0.0,0.0,1.0,1.0,0.0,0.6666666666666667,0.0,0.0,0.0,1.0,0.0,0.8600000000000001
119,0.42857142857142855,0.38271604938271614,0.35398230088495575,0.0,0.0,0.0,0.0,0.0,0.0,0.0,0.0,0.0,0.0,1.0,0.0,0.6000000000000001
120,0.2857142857142857,0.39506172839506176,0.4070796460176991,0.5,0.0,0.0,0.0,1.0,1.0,0.3333333333333333,0.0,0.0,0.0,1.0,0.0,0.78
121,0.2857142857142857,0.2860082304526749,0.22123893805309733,0.5,0.0,0.0,0.0,1.0,0.0,0.3333333333333333,0.0,0.0,0.0,1.0,0.0,0.6799999999999999
122,0.2857142857142857,0.6419753086419753,0.38053097345132747,0.5,0.0,0.0,0.0,1.0,0.0,0.0,0.0,0.0,0.0,1.0,0.0,0.5
123,0.2857142857142857,0.1152263374485597,0.008849557522123908,0.5,0.0,1.0,0.0,1.0,1.0,0.0,1.0,0.0,0.0,1.0,0.0,0.72
124,0.42857142857142855,0.38477366255144047,0.23008849557522124,1.0,0.0,0.0,1.0,1.0,0.0,0.3333333333333333,0.0,0.0,0.0,1.0,0.0,0.8800000000000001
125,0.14285714285714285,0.8559670781893005,0.814159292035398,0.5,0.0,0.0,0.0,1.0,0.0,0.0,0.0,0.0,0.0,1.0,0.0,0.16000000000000003
126,0.2857142857142857,0.3868312757201647,0.42256637168141586,0.5,0.0,0.0,0.0,1.0,0.0,0.0,0.0,0.0,0.0,1.0,0.0,0.52
127,0.14285714285714285,0.13991769547325106,0.168141592920354,0.5,0.0,0.0,0.0,0.0,0.0,0.3333333333333333,0.0,0.0,0.0,1.0,0.0,0.74
128,0.2857142857142857,0.1152263374485597,0.1061946902654867,0.0,0.0,0.0,0.0,0.0,0.0,0.0,0.0,0.0,0.0,1.0,0.0,0.52
129,0.2857142857142857,0.6995884773662553,0.5575221238938053,0.5,0.0,0.0,0.0,1.0,0.0,0.3333333333333333,0.0,0.0,0.0,1.0,0.0,0.3800000000000001
130,0.2857142857142857,0.3045267489711934,0.2920353982300884,0.5,0.0,0.0,0.0,1.0,0.0,0.0,0.0,0.0,0.0,1.0,0.0,0.52
131,0.14285714285714285,0.477366255144033,0.4690265486725663,0.5,0.0,0.0,0.0,1.0,0.0,0.6666666666666667,0.0,0.0,0.0,1.0,0.0,0.3400000000000001
132,0.2857142857142857,0.13168724279835398,0.12389380530973451,0.5,0.0,0.0,0.0,1.0,0.0,1.0,0.0,0.0,0.0,1.0,0.0,0.24
133,0.2857142857142857,0.205761316872428,0.24778761061946905,0.5,0.0,0.0,0.0,1.0,0.0,0.3333333333333333,0.0,0.0,0.0,1.0,0.0,0.40000000000000013
134,0.2857142857142857,0.46913580246913594,0.47787610619469023,0.5,0.0,1.0,0.0,0.0,0.0,0.3333333333333333,0.0,0.0,0.0,0.0,0.0,0.30000000000000004
135,0.14285714285714285,0.1481481481481482,0.13274336283185842,0.5,0.0,0.0,0.0,1.0,0.0,0.0,0.0,0.0,0.0,1.0,0.0,0.52
136,0.2857142857142857,0.5679012345679013,0.504424778761062,0.5,0.0,1.0,0.0,1.0,0.0,0.3333333333333333,0.0,0.0,0.0,1.0,0.0,0.72
137,0.2857142857142857,0.7674897119341566,0.7389380530973451,0.5,0.0,0.0,0.0,0.0,0.0,0.0,0.0,0.0,0.0,0.0,0.0,0.20000000000000007
138,0.42857142857142855,0.13168724279835398,0.1769911504424779,0.0,0.0,0.0,0.0,0.0,0.0,0.3333333333333333,0.0,0.0,0.0,1.0,0.0,0.6400000000000001
139,0.14285714285714285,0.45267489711934167,0.33628318584070793,1.0,0.0,0.0,0.0,1.0,1.0,0.0,0.0,0.0,0.0,1.0,0.0,0.6600000000000001
140,0.2857142857142857,0.5185185185185186,0.4424778761061946,0.5,0.0,0.0,0.0,1.0,0.0,0.3333333333333333,0.0,0.0,0.0,1.0,0.0,0.45999999999999996
141,0.2857142857142857,0.5102880658436215,0.4690265486725663,0.5,0.0,0.0,0.0,1.0,0.0,0.0,0.0,0.0,0.0,0.0,0.0,0.6600000000000001
142,0.2857142857142857,0.3045267489711934,0.2743362831858407,0.5,0.0,0.0,0.0,1.0,0.0,0.3333333333333333,0.0,0.0,0.0,1.0,0.0,0.6200000000000001
143,0.2857142857142857,0.45267489711934167,0.3982300884955752,0.5,0.0,0.0,0.0,1.0,0.0,0.3333333333333333,0.0,0.0,0.0,1.0,0.0,0.74
144,0.2857142857142857,0.2633744855967079,0.3097345132743362,0.0,0.0,0.0,0.0,0.0,0.0,0.0,0.0,0.0,0.0,1.0,0.0,0.6799999999999999
145,0.2857142857142857,0.23868312757201654,0.2831858407079646,0.0,0.0,0.0,0.0,0.0,0.0,0.3333333333333333,0.0,0.0,0.0,0.0,0.0,0.3800000000000001
146,0.2857142857142857,0.5020576131687244,0.4159292035398229,0.5,0.0,1.0,0.0,1.0,0.0,0.0,0.0,0.0,0.0,1.0,0.0,0.5800000000000001
147,0.2857142857142857,0.2633744855967079,0.23893805309734514,0.5,1.0,0.0,0.0,0.0,0.0,0.3333333333333333,0.0,0.0,0.0,0.0,0.0,0.78
148,0.2857142857142857,0.41152263374485604,0.48008849557522115,0.5,0.0,0.0,0.0,1.0,1.0,0.3333333333333333,0.0,0.0,0.0,1.0,0.0,0.8200000000000001
149,0.2857142857142857,0.34567901234567905,0.504424778761062,0.5,0.0,0.0,0.0,1.0,0.0,0.3333333333333333,0.0,0.0,0.0,1.0,0.0,0.6200000000000001
150,0.2857142857142857,0.23868312757201654,0.3008849557522123,0.5,0.0,0.0,0.0,0.0,1.0,0.3333333333333333,1.0,0.0,0.0,0.0,0.0,0.5800000000000001
151,0.2857142857142857,0.3786008230452675,0.3008849557522123,0.5,0.0,0.0,1.0,1.0,0.0,0.6666666666666667,0.0,0.0,0.0,1.0,0.0,0.6000000000000001
152,0.2857142857142857,0.271604938271605,0.14159292035398233,0.5,0.0,0.0,0.0,1.0,1.0,0.3333333333333333,0.0,1.0,0.0,1.0,0.0,0.45999999999999996
153,0.2857142857142857,0.33744855967078197,0.3008849557522123,0.5,0.0,1.0,0.0,1.0,1.0,0.3333333333333333,0.0,0.0,1.0,1.0,0.0,0.48
154,0.2857142857142857,0.15637860082304533,0.16371681415929204,0.5,0.0,0.0,0.0,1.0,0.0,0.0,0.0,0.0,0.0,1.0,0.0,0.41999999999999993
155,0.2857142857142857,0.3045267489711934,0.2035398230088495,0.0,0.0,0.0,0.0,0.0,0.0,0.3333333333333333,0.0,0.0,0.0,0.0,0.0,0.78
156,0.2857142857142857,0.29629629629629634,0.3097345132743362,0.0,0.0,0.0,0.0,0.0,0.0,0.0,0.0,0.0,0.0,1.0,0.0,0.3800000000000001
157,0.2857142857142857,0.3621399176954733,0.2920353982300884,0.5,1.0,1.0,0.0,1.0,0.0,0.3333333333333333,0.0,0.0,0.0,1.0,0.0,0.6000000000000001
158,0.14285714285714285,0.1975308641975309,0.22123893805309733,0.5,0.0,0.0,0.0,1.0,0.0,0.3333333333333333,0.0,0.0,0.0,0.0,0.0,0.72
159,0.14285714285714285,0.3209876543209877,0.3185840707964601,0.5,0.0,0.0,0.0,1.0,0.0,1.0,0.0,0.0,0.0,1.0,0.0,0.41999999999999993
160,0.2857142857142857,0.3621399176954733,0.2765486725663716,0.5,0.0,1.0,1.0,1.0,0.0,0.3333333333333333,0.0,0.0,0.0,1.0,0.0,0.3400000000000001
161,0.14285714285714285,0.40329218106995895,0.256637168141593,0.5,0.0,0.0,0.0,1.0,1.0,0.0,0.0,0.0,0.0,1.0,0.0,0.5
162,0.2857142857142857,0.23251028806584367,0.168141592920354,0.5,0.0,0.0,0.0,1.0,1.0,0.0,0.0,0.0,0.0,1.0,0.0,0.8800000000000001
163,0.2857142857142857,0.1728395061728395,0.24778761061946905,0.0,0.0,0.0,0.0,0.0,0.0,0.0,1.0,0.0,0.0,1.0,0.0,0.3800000000000001
164,0.2857142857142857,0.205761316872428,0.22123893805309733,0.5,0.0,1.0,1.0,1.0,0.0,0.6666666666666667,0.0,0.0,0.0,0.0,0.0,0.45999999999999996
165,0.2857142857142857,0.5349794238683128,0.2035398230088495,0.5,0.0,0.0,0.0,1.0,0.0,0.3333333333333333,0.0,0.0,0.0,1.0,0.0,0.5800000000000001
166,0.14285714285714285,0.29629629629629634,0.2743362831858407,0.0,0.0,0.0,0.0,0.0,0.0,0.3333333333333333,1.0,0.0,0.0,1.0,0.0,0.5
167,0.14285714285714285,0.35390946502057624,0.35398230088495575,0.5,0.0,1.0,1.0,1.0,0.0,0.3333333333333333,0.0,0.0,1.0,1.0,0.0,0.5
168,0.2857142857142857,0.23868312757201654,0.3097345132743362,0.5,0.0,0.0,0.0,1.0,0.0,0.0,0.0,0.0,0.0,1.0,0.0,0.3600000000000001
169,0.2857142857142857,0.0,0.017699115044247815,0.5,0.0,0.0,0.0,1.0,1.0,0.0,0.0,0.0,0.0,1.0,0.0,0.5
170,0.2857142857142857,0.46090534979423875,0.3097345132743362,0.0,0.0,0.0,1.0,1.0,0.0,0.3333333333333333,0.0,0.0,0.0,1.0,0.0,0.6799999999999999
171,0.2857142857142857,0.3621399176954733,0.3893805309734514,1.0,0.0,0.0,0.0,1.0,0.0,1.0,0.0,0.0,0.0,1.0,0.0,0.30000000000000004
172,0.2857142857142857,0.3292181069958849,0.3008849557522123,0.5,0.0,0.0,0.0,1.0,0.0,0.3333333333333333,0.0,0.0,0.0,1.0,0.0,0.43999999999999995
173,0.2857142857142857,0.5925925925925928,0.7433628318584071,0.5,0.0,1.0,0.0,1.0,1.0,0.3333333333333333,0.0,0.0,0.0,1.0,0.0,0.21999999999999997
174,0.2857142857142857,0.3209876543209877,0.3097345132743362,1.0,0.0,0.0,0.0,1.0,1.0,0.3333333333333333,0.0,0.0,0.0,1.0,0.0,0.45999999999999996
175,0.2857142857142857,0.45267489711934167,0.4247787610619468,0.5,0.0,0.0,0.0,1.0,1.0,0.3333333333333333,0.0,0.0,0.0,1.0,0.0,0.48
176,0.2857142857142857,0.748971193415638,0.6902654867256637,0.5,0.0,0.0,0.0,1.0,0.0,0.3333333333333333,0.0,0.0,0.0,1.0,0.0,0.43999999999999995
177,0.2857142857142857,0.35390946502057624,0.3097345132743362,0.5,0.0,0.0,0.0,1.0,0.0,0.0,0.0,0.0,0.0,1.0,0.0,0.54
178,0.2857142857142857,0.27983539094650206,0.5309734513274336,0.5,0.0,0.0,0.0,1.0,0.0,0.3333333333333333,0.0,0.0,0.0,1.0,0.0,0.3800000000000001
179,0.2857142857142857,0.22222222222222227,0.24778761061946905,0.0,0.0,0.0,0.0,0.0,0.0,0.0,0.0,0.0,0.0,0.0,0.0,0.41999999999999993
180,0.5714285714285714,0.4279835390946503,0.35398230088495575,0.0,0.0,0.0,1.0,0.0,0.0,0.3333333333333333,0.0,0.0,0.0,0.0,0.0,0.8800000000000001
181,0.2857142857142857,0.3868312757201647,0.26327433628318586,0.5,0.0,0.0,0.0,1.0,0.0,0.0,0.0,0.0,0.0,1.0,0.0,0.54
182,0.42857142857142855,0.3786008230452675,0.15044247787610618,0.5,0.0,0.0,0.0,1.0,0.0,0.0,0.0,0.0,0.0,1.0,0.0,0.5
183,0.2857142857142857,0.1728395061728395,0.06194690265486727,0.5,0.0,0.0,0.0,1.0,0.0,0.0,0.0,0.0,0.0,1.0,0.0,0.7
184,0.42857142857142855,0.7160493827160495,0.6106194690265486,0.0,0.0,0.0,0.0,0.0,0.0,0.3333333333333333,0.0,0.0,0.0,1.0,0.0,0.45999999999999996
185,0.2857142857142857,0.23868312757201654,0.13274336283185842,0.0,0.0,0.0,0.0,0.0,0.0,0.3333333333333333,0.0,0.0,0.0,1.0,1.0,0.48
186,0.2857142857142857,0.2551440329218108,0.3185840707964601,0.0,0.0,0.0,0.0,0.0,0.0,0.0,0.0,0.0,0.0,1.0,0.0,0.45999999999999996
187,0.14285714285714285,0.33744855967078197,0.33628318584070793,0.5,0.0,0.0,0.0,1.0,0.0,0.0,0.0,0.0,0.0,0.0,0.0,0.24
188,0.2857142857142857,0.4938271604938272,0.5309734513274336,0.0,0.0,0.0,0.0,0.0,0.0,0.3333333333333333,0.0,0.0,0.0,1.0,0.0,0.32000000000000006
189,0.2857142857142857,0.4279835390946503,0.4070796460176991,0.0,0.0,0.0,0.0,0.0,0.0,0.0,0.0,0.0,0.0,1.0,0.0,0.41999999999999993
190,0.2857142857142857,0.2654320987654321,0.25442477876106195,0.5,0.0,1.0,0.0,1.0,0.0,0.3333333333333333,0.0,0.0,0.0,1.0,0.0,0.48
191,0.2857142857142857,0.28806584362139925,0.2831858407079646,0.5,1.0,1.0,0.0,0.0,0.0,0.3333333333333333,0.0,0.0,0.0,1.0,0.0,0.6200000000000001
192,0.2857142857142857,0.31687242798353915,0.37168141592920356,0.5,0.0,0.0,0.0,1.0,0.0,0.3333333333333333,0.0,0.0,0.0,0.0,0.0,0.45999999999999996
193,0.2857142857142857,0.4279835390946503,0.3893805309734514,0.5,0.0,0.0,0.0,0.0,0.0,0.0,0.0,0.0,0.0,1.0,0.0,0.7
194,0.42857142857142855,0.205761316872428,0.15044247787610618,0.5,0.0,0.0,0.0,1.0,1.0,0.0,0.0,0.0,0.0,1.0,0.0,0.7
195,0.2857142857142857,0.18930041152263377,0.24778761061946905,0.5,0.0,0.0,0.0,1.0,0.0,0.3333333333333333,0.0,0.0,0.0,1.0,0.0,0.40000000000000013
196,0.2857142857142857,0.271604938271605,0.2920353982300884,0.0,0.0,0.0,0.0,0.0,0.0,0.0,0.0,0.0,0.0,1.0,0.0,0.28
197,0.14285714285714285,0.5432098765432101,0.35398230088495575,0.5,1.0,1.0,0.0,0.0,0.0,0.6666666666666667,0.0,0.0,0.0,1.0,0.0,0.3400000000000001
198,0.14285714285714285,0.4444444444444446,0.654867256637168,0.0,0.0,0.0,0.0,0.0,0.0,0.3333333333333333,0.0,0.0,0.0,1.0,0.0,0.3800000000000001
199,0.2857142857142857,0.34567901234567905,0.42920353982300874,0.0,0.0,0.0,0.0,0.0,0.0,0.3333333333333333,0.0,0.0,0.0,0.0,0.0,0.8
200,0.2857142857142857,0.16460905349794247,0.1769911504424779,0.0,0.0,0.0,0.0,0.0,0.0,0.3333333333333333,0.0,0.0,0.0,1.0,0.0,0.54
201,0.2857142857142857,0.5185185185185186,0.4247787610619468,0.0,0.0,0.0,0.0,0.0,0.0,0.0,0.0,0.0,0.0,1.0,0.0,0.40000000000000013
202,0.2857142857142857,0.23868312757201654,0.21238938053097342,0.5,0.0,0.0,0.0,1.0,0.0,0.0,0.0,0.0,0.0,1.0,0.0,0.5800000000000001
203,0.2857142857142857,0.5679012345679013,0.504424778761062,0.0,0.0,0.0,0.0,0.0,0.0,0.3333333333333333,0.0,0.0,0.0,1.0,0.0,0.6600000000000001
204,0.14285714285714285,0.27983539094650206,0.14159292035398233,0.5,0.0,1.0,0.0,1.0,1.0,0.3333333333333333,0.0,0.0,0.0,1.0,0.0,0.32000000000000006
205,0.2857142857142857,0.6748971193415638,0.7964601769911502,0.0,0.0,0.0,0.0,0.0,0.0,0.0,0.0,0.0,0.0,1.0,0.0,0.28
206,0.2857142857142857,0.44032921810699593,0.37168141592920356,0.5,0.0,0.0,0.0,1.0,0.0,0.3333333333333333,0.0,0.0,0.0,1.0,0.0,0.41999999999999993
207,0.2857142857142857,0.205761316872428,0.256637168141593,0.5,1.0,1.0,1.0,0.0,0.0,0.0,0.0,0.0,0.0,1.0,0.0,0.41999999999999993
208,0.2857142857142857,0.16049382716049393,0.08849557522123899,0.0,0.0,0.0,0.0,0.0,0.0,0.3333333333333333,1.0,0.0,0.0,1.0,0.0,0.52
209,0.2857142857142857,0.3127572016460906,0.3008849557522123,0.0,0.0,0.0,0.0,0.0,0.0,0.0,0.0,0.0,0.0,1.0,0.0,0.28
210,0.14285714285714285,0.3703703703703705,0.2035398230088495,0.5,0.0,0.0,0.0,1.0,0.0,0.3333333333333333,0.0,0.0,0.0,1.0,0.0,0.48
211,0.2857142857142857,0.6337448559670782,0.5840707964601769,0.5,0.0,0.0,0.0,1.0,0.0,0.3333333333333333,0.0,0.0,0.0,1.0,0.0,0.78
212,0.2857142857142857,0.5267489711934157,0.4690265486725663,0.5,0.0,0.0,0.0,1.0,0.0,0.0,0.0,0.0,0.0,1.0,0.0,0.6799999999999999
213,0.2857142857142857,0.28806584362139925,0.256637168141593,0.0,0.0,0.0,0.0,0.0,0.0,0.0,0.0,0.0,0.0,1.0,0.0,0.6400000000000001
214,0.5714285714285714,0.2942386831275721,0.24778761061946905,0.5,0.0,0.0,0.0,1.0,0.0,0.6666666666666667,0.0,0.0,0.0,1.0,0.0,0.3800000000000001
215,0.42857142857142855,0.5761316872427984,0.6017699115044247,0.5,0.0,0.0,0.0,1.0,0.0,0.3333333333333333,0.0,0.0,0.0,1.0,0.0,0.6000000000000001
216,0.2857142857142857,0.6913580246913582,0.5420353982300885,0.5,0.0,0.0,1.0,1.0,0.0,0.3333333333333333,0.0,0.0,0.0,1.0,0.0,0.3400000000000001
217,0.2857142857142857,0.46913580246913594,0.4601769911504424,0.0,0.0,0.0,0.0,0.0,0.0,0.0,0.0,0.0,1.0,1.0,0.0,0.52
218,0.2857142857142857,0.7242798353909468,0.5575221238938053,0.5,0.0,0.0,0.0,1.0,0.0,0.3333333333333333,0.0,0.0,0.0,1.0,0.0,0.20000000000000007
219,0.42857142857142855,0.271604938271605,0.2654867256637169,0.5,1.0,0.0,0.0,0.0,0.0,0.3333333333333333,1.0,0.0,0.0,1.0,0.0,0.5
220,0.2857142857142857,0.3127572016460906,0.327433628318584,0.5,0.0,0.0,0.0,1.0,1.0,0.3333333333333333,0.0,0.0,0.0,1.0,0.0,0.56
221,0.2857142857142857,0.24691358024691362,0.327433628318584,0.5,0.0,0.0,0.0,1.0,0.0,0.3333333333333333,0.0,0.0,0.0,1.0,0.0,0.52
222,0.2857142857142857,0.1975308641975309,0.15044247787610618,0.0,0.0,0.0,0.0,0.0,0.0,0.0,0.0,0.0,0.0,0.0,0.0,0.54
223,0.2857142857142857,0.24691358024691362,0.24778761061946905,0.5,0.0,0.0,0.0,1.0,0.0,0.3333333333333333,1.0,0.0,0.0,1.0,0.0,0.56
224,0.2857142857142857,0.6831275720164609,0.5199115044247787,0.5,0.0,0.0,1.0,1.0,0.0,0.0,0.0,0.0,0.0,1.0,0.0,0.28
225,0.5714285714285714,0.29629629629629634,0.34513274336283184,0.5,0.0,0.0,0.0,1.0,0.0,0.3333333333333333,0.0,0.0,0.0,1.0,0.0,0.3800000000000001
226,0.2857142857142857,0.18106995884773663,0.1769911504424779,0.5,0.0,0.0,0.0,1.0,0.0,0.0,0.0,0.0,0.0,1.0,0.0,0.6600000000000001
227,0.2857142857142857,0.23868312757201654,0.23008849557522124,0.5,0.0,0.0,0.0,1.0,0.0,0.3333333333333333,0.0,0.0,0.0,1.0,0.0,0.41999999999999993
228,0.2857142857142857,0.20987654320987653,0.1769911504424779,0.5,0.0,0.0,0.0,1.0,1.0,0.0,0.0,0.0,0.0,1.0,0.0,0.6000000000000001
229,0.2857142857142857,0.5596707818930042,0.5929203539823008,0.5,0.0,0.0,0.0,1.0,0.0,0.3333333333333333,0.0,0.0,0.0,1.0,0.0,0.5
230,0.2857142857142857,0.3621399176954733,0.18584070796460175,0.5,0.0,0.0,0.0,1.0,1.0,0.3333333333333333,0.0,0.0,0.0,1.0,0.0,0.74
231,0.2857142857142857,0.3703703703703705,0.37168141592920356,0.0,0.0,0.0,0.0,1.0,0.0,0.0,0.0,0.0,0.0,1.0,0.0,0.6400000000000001
232,0.5714285714285714,0.40329218106995895,0.24778761061946905,0.5,0.0,0.0,0.0,0.0,1.0,0.0,0.0,0.0,0.0,1.0,0.0,0.3600000000000001
233,0.2857142857142857,0.4279835390946503,0.34513274336283184,0.5,0.0,0.0,0.0,1.0,0.0,0.3333333333333333,0.0,0.0,0.0,1.0,0.0,0.45999999999999996
234,0.2857142857142857,0.6008230452674899,0.6194690265486724,0.0,0.0,0.0,0.0,0.0,0.0,0.0,0.0,0.0,0.0,1.0,0.0,0.7
235,0.2857142857142857,0.8395061728395063,0.5752212389380531,0.5,0.0,0.0,0.0,1.0,0.0,0.3333333333333333,0.0,0.0,0.0,1.0,0.0,0.54
236,0.14285714285714285,0.7078189300411524,0.5486725663716814,0.0,0.0,1.0,0.0,1.0,0.0,1.0,0.0,0.0,0.0,1.0,0.0,0.76
237,0.2857142857142857,0.6008230452674899,0.654867256637168,0.5,0.0,0.0,0.0,0.0,0.0,0.0,0.0,0.0,0.0,1.0,0.0,0.20000000000000007
238,0.2857142857142857,0.4362139917695474,0.37168141592920356,0.5,0.0,0.0,0.0,1.0,0.0,0.0,0.0,1.0,0.0,1.0,0.0,0.40000000000000013
239,0.2857142857142857,0.8333333333333335,0.44469026548672563,0.5,0.0,0.0,0.0,1.0,0.0,0.3333333333333333,0.0,0.0,0.0,1.0,0.0,0.3800000000000001
240,0.42857142857142855,0.8477366255144034,0.7433628318584071,0.0,0.0,0.0,0.0,0.0,0.0,0.3333333333333333,0.0,0.0,0.0,1.0,0.0,0.6200000000000001
241,0.2857142857142857,0.5432098765432101,0.49557522123893805,0.0,0.0,0.0,0.0,1.0,0.0,0.3333333333333333,0.0,0.0,0.0,1.0,0.0,0.3600000000000001
242,0.42857142857142855,0.6419753086419753,0.6017699115044247,0.5,0.0,0.0,0.0,1.0,0.0,0.3333333333333333,0.0,0.0,0.0,1.0,0.0,0.5
243,0.2857142857142857,0.23045267489711935,0.18584070796460175,0.5,0.0,0.0,0.0,1.0,0.0,0.3333333333333333,0.0,0.0,0.0,1.0,0.0,0.72
244,0.2857142857142857,0.4855967078189301,0.41150442477876104,0.5,0.0,0.0,0.0,1.0,0.0,0.3333333333333333,0.0,0.0,0.0,1.0,0.0,0.6200000000000001
245,0.2857142857142857,0.3292181069958849,0.2831858407079646,1.0,0.0,0.0,0.0,1.0,1.0,0.0,0.0,0.0,0.0,1.0,0.0,0.76
246,0.2857142857142857,0.48765432098765443,0.43805309734513265,0.5,0.0,0.0,0.0,1.0,0.0,0.3333333333333333,0.0,0.0,0.0,1.0,0.0,0.52
247,0.2857142857142857,0.5102880658436215,0.3097345132743362,0.5,0.0,0.0,0.0,1.0,0.0,0.3333333333333333,0.0,0.0,0.0,1.0,0.0,0.48
248,0.2857142857142857,0.41152263374485604,0.5663716814159292,0.5,1.0,0.0,0.0,0.0,0.0,0.0,0.0,0.0,0.0,1.0,0.0,0.5
249,0.2857142857142857,0.27983539094650206,0.2035398230088495,0.5,0.0,0.0,0.0,1.0,0.0,0.0,0.0,0.0,0.0,1.0,0.0,0.3800000000000001
250,0.2857142857142857,0.3045267489711934,0.3008849557522123,0.0,0.0,0.0,0.0,0.0,0.0,0.0,0.0,0.0,0.0,1.0,0.0,0.3400000000000001
251,0.2857142857142857,0.46913580246913594,0.33628318584070793,0.5,0.0,1.0,0.0,1.0,0.0,0.0,0.0,0.0,0.0,1.0,0.0,0.40000000000000013
252,0.2857142857142857,0.45267489711934167,0.34513274336283184,0.0,0.0,0.0,0.0,0.0,0.0,0.3333333333333333,0.0,0.0,0.0,1.0,0.0,0.3800000000000001
253,0.2857142857142857,0.2633744855967079,0.24999999999999997,0.0,0.0,0.0,0.0,0.0,0.0,1.0,0.0,0.0,0.0,0.0,0.0,0.6400000000000001
254,0.2857142857142857,0.08230452674897121,0.0353982300884956,0.5,0.0,0.0,0.0,1.0,0.0,0.3333333333333333,0.0,0.0,0.0,1.0,0.0,0.7
255,0.2857142857142857,0.3127572016460906,0.168141592920354,0.0,0.0,1.0,0.0,1.0,0.0,0.0,0.0,0.0,0.0,1.0,0.0,0.43999999999999995
256,0.42857142857142855,0.3292181069958849,0.4247787610619468,0.0,0.0,0.0,0.0,0.0,0.0,0.0,0.0,0.0,0.0,0.0,0.0,0.6600000000000001
257,0.2857142857142857,0.23868312757201654,0.21238938053097342,0.5,0.0,0.0,0.0,1.0,0.0,0.0,0.0,0.0,0.0,1.0,0.0,0.54
258,0.2857142857142857,0.3045267489711934,0.34513274336283184,0.0,0.0,0.0,0.0,0.0,0.0,0.3333333333333333,0.0,0.0,0.0,1.0,0.0,0.48
259,0.2857142857142857,0.4855967078189301,0.4159292035398229,0.5,0.0,0.0,0.0,1.0,0.0,0.3333333333333333,0.0,0.0,0.0,1.0,0.0,0.7
260,0.2857142857142857,0.3868312757201647,0.4336283185840707,1.0,0.0,0.0,0.0,1.0,1.0,0.6666666666666667,0.0,0.0,0.0,1.0,0.0,0.52
261,0.2857142857142857,0.22222222222222227,0.168141592920354,1.0,0.0,0.0,1.0,1.0,1.0,0.3333333333333333,0.0,0.0,0.0,1.0,0.0,0.74
262,0.2857142857142857,0.5843621399176957,0.5132743362831858,0.5,1.0,0.0,0.0,1.0,0.0,0.0,0.0,0.0,0.0,1.0,0.0,0.6799999999999999
263,0.2857142857142857,0.22222222222222227,0.168141592920354,0.5,0.0,0.0,0.0,1.0,1.0,0.3333333333333333,0.0,0.0,0.0,1.0,0.0,0.6799999999999999
264,0.5714285714285714,0.3209876543209877,0.2654867256637169,0.0,0.0,0.0,0.0,0.0,0.0,0.0,0.0,0.0,0.0,1.0,0.0,0.7
265,0.2857142857142857,0.12962962962962965,0.14159292035398233,0.0,0.0,1.0,0.0,0.0,0.0,0.3333333333333333,0.0,0.0,0.0,0.0,0.0,0.8
266,0.42857142857142855,0.39506172839506176,0.3893805309734514,1.0,0.0,0.0,0.0,1.0,1.0,0.0,1.0,0.0,0.0,1.0,0.0,0.7
267,0.14285714285714285,0.5349794238683128,0.3982300884955752,0.5,0.0,0.0,0.0,1.0,0.0,0.3333333333333333,0.0,0.0,0.0,1.0,0.0,0.3600000000000001
268,0.2857142857142857,0.05349794238683131,0.08849557522123899,0.5,0.0,0.0,0.0,0.0,1.0,0.3333333333333333,0.0,0.0,0.0,1.0,0.0,0.56
269,0.2857142857142857,0.3292181069958849,0.23893805309734514,0.5,0.0,0.0,0.0,1.0,0.0,0.3333333333333333,0.0,0.0,0.0,1.0,0.0,0.6000000000000001
270,0.2857142857142857,0.39506172839506176,0.37168141592920356,0.5,0.0,0.0,0.0,1.0,0.0,0.3333333333333333,1.0,0.0,0.0,1.0,0.0,0.6400000000000001
271,0.2857142857142857,0.6440329218106997,0.7986725663716815,0.5,0.0,0.0,0.0,1.0,0.0,0.0,0.0,0.0,0.0,0.0,0.0,0.3600000000000001
272,0.2857142857142857,0.5514403292181072,0.3008849557522123,0.5,0.0,0.0,0.0,1.0,0.0,0.0,0.0,0.0,0.0,1.0,0.0,0.28
273,0.2857142857142857,0.1152263374485597,0.08849557522123899,0.5,0.0,0.0,0.0,1.0,0.0,0.0,0.0,0.0,0.0,1.0,0.0,0.54
274,0.2857142857142857,0.4855967078189301,0.6017699115044247,0.0,0.0,0.0,0.0,0.0,0.0,0.3333333333333333,0.0,0.0,0.0,0.0,0.0,0.52
275,0.2857142857142857,0.35390946502057624,0.36283185840707965,0.5,1.0,0.0,0.0,1.0,0.0,0.3333333333333333,0.0,0.0,0.0,0.0,0.0,0.6400000000000001
276,0.14285714285714285,0.18106995884773663,0.1592920353982301,0.5,0.0,1.0,0.0,1.0,0.0,0.3333333333333333,0.0,0.0,0.0,1.0,0.0,0.54
277,0.2857142857142857,0.18106995884773663,0.21238938053097342,0.0,0.0,0.0,0.0,0.0,0.0,0.0,0.0,0.0,0.0,1.0,0.0,0.43999999999999995
278,0.2857142857142857,0.21399176954732518,0.09734513274336284,0.5,0.0,0.0,0.0,1.0,0.0,0.0,0.0,0.0,0.0,1.0,0.0,0.72
279,0.42857142857142855,0.711934156378601,0.663716814159292,0.5,0.0,0.0,0.0,1.0,0.0,0.3333333333333333,0.0,0.0,0.0,1.0,0.0,0.3600000000000001
280,0.2857142857142857,0.3127572016460906,0.2743362831858407,0.5,0.0,0.0,0.0,1.0,0.0,0.3333333333333333,0.0,0.0,0.0,1.0,0.0,0.52
281,0.2857142857142857,0.3127572016460906,0.2035398230088495,0.5,0.0,0.0,0.0,1.0,1.0,1.0,0.0,0.0,0.0,1.0,0.0,0.45999999999999996
282,0.2857142857142857,0.4279835390946503,0.3097345132743362,0.5,0.0,0.0,0.0,1.0,0.0,0.3333333333333333,0.0,0.0,0.0,1.0,0.0,0.74
283,0.2857142857142857,0.5514403292181072,0.48672566371681414,0.5,0.0,0.0,0.0,1.0,1.0,0.3333333333333333,0.0,0.0,0.0,1.0,0.0,0.56
284,0.2857142857142857,0.2551440329218108,0.3008849557522123,0.5,0.0,0.0,0.0,1.0,1.0,0.0,1.0,0.0,0.0,1.0,0.0,0.8400000000000001
285,0.0,0.4855967078189301,0.4070796460176991,0.0,0.0,0.0,0.0,0.0,0.0,0.3333333333333333,0.0,0.0,0.0,1.0,0.0,0.5
286,0.2857142857142857,0.5514403292181072,0.4247787610619468,0.5,0.0,0.0,0.0,1.0,0.0,0.3333333333333333,0.0,0.0,1.0,1.0,0.0,0.6799999999999999
287,0.14285714285714285,0.24691358024691362,0.21238938053097342,0.5,0.0,0.0,0.0,1.0,0.0,0.0,1.0,0.0,0.0,1.0,0.0,0.52
288,0.2857142857142857,0.46090534979423875,0.4424778761061946,0.5,0.0,1.0,0.0,1.0,0.0,0.3333333333333333,0.0,0.0,0.0,1.0,0.0,0.6000000000000001
289,0.2857142857142857,0.21399176954732518,0.19469026548672566,0.5,0.0,0.0,0.0,1.0,0.0,0.3333333333333333,0.0,0.0,0.0,1.0,0.0,0.3600000000000001
290,0.2857142857142857,0.6008230452674899,0.504424778761062,0.5,1.0,0.0,1.0,1.0,0.0,0.3333333333333333,0.0,0.0,0.0,1.0,0.0,0.3400000000000001
291,0.2857142857142857,0.5925925925925928,0.3893805309734514,1.0,0.0,1.0,0.0,1.0,1.0,0.0,0.0,0.0,0.0,1.0,0.0,0.8
292,0.2857142857142857,0.40329218106995895,0.21238938053097342,0.0,0.0,0.0,0.0,0.0,0.0,0.3333333333333333,0.0,0.0,0.0,1.0,0.0,0.41999999999999993
293,0.2857142857142857,0.5761316872427984,0.4601769911504424,0.5,0.0,1.0,0.0,1.0,1.0,0.3333333333333333,0.0,0.0,0.0,1.0,0.0,0.54
294,0.2857142857142857,0.3786008230452675,0.22123893805309733,0.0,0.0,0.0,0.0,0.0,0.0,0.3333333333333333,0.0,0.0,0.0,0.0,0.0,0.48
295,0.2857142857142857,0.6481481481481481,0.45575221238938046,1.0,1.0,0.0,0.0,1.0,1.0,0.6666666666666667,0.0,0.0,0.0,0.0,0.0,0.5
296,0.2857142857142857,0.5596707818930042,0.5486725663716814,0.5,0.0,1.0,0.0,1.0,1.0,0.3333333333333333,0.0,0.0,0.0,1.0,0.0,0.6000000000000001
297,0.2857142857142857,0.7654320987654324,0.7345132743362832,0.0,0.0,0.0,0.0,0.0,0.0,0.3333333333333333,0.0,0.0,0.0,1.0,0.0,0.3800000000000001
298,0.2857142857142857,0.271604938271605,0.18584070796460175,0.5,0.0,0.0,0.0,1.0,0.0,0.3333333333333333,0.0,0.0,0.0,1.0,0.0,0.6600000000000001
299,0.5714285714285714,0.38271604938271614,0.3185840707964601,0.5,0.0,0.0,0.0,1.0,1.0,0.3333333333333333,0.0,0.0,0.0,1.0,0.0,0.6600000000000001
300,0.2857142857142857,0.27983539094650206,0.3008849557522123,0.5,0.0,0.0,0.0,1.0,0.0,0.3333333333333333,0.0,0.0,0.0,1.0,0.0,0.40000000000000013
301,0.2857142857142857,0.18106995884773663,0.22123893805309733,0.5,0.0,0.0,0.0,1.0,0.0,0.0,0.0,0.0,0.0,1.0,0.0,0.48
302,0.2857142857142857,0.11111111111111116,0.1349557522123894,0.5,0.0,0.0,0.0,0.0,1.0,0.0,0.0,0.0,0.0,1.0,0.0,0.8
303,0.42857142857142855,0.40329218106995895,0.4336283185840707,0.0,0.0,0.0,0.0,0.0,0.0,0.0,0.0,0.0,0.0,0.0,0.0,0.52
304,0.2857142857142857,0.1975308641975309,0.15044247787610618,0.5,0.0,1.0,0.0,1.0,1.0,0.3333333333333333,0.0,0.0,0.0,0.0,0.0,0.5
305,0.2857142857142857,0.34567901234567905,0.34513274336283184,0.5,1.0,0.0,0.0,1.0,0.0,0.3333333333333333,0.0,0.0,0.0,1.0,0.0,0.43999999999999995
306,0.2857142857142857,0.23868312757201654,0.19469026548672566,0.5,0.0,0.0,0.0,1.0,0.0,0.3333333333333333,0.0,0.0,0.0,1.0,0.0,0.6600000000000001
307,0.42857142857142855,0.13991769547325106,0.08849557522123899,0.5,0.0,0.0,0.0,1.0,0.0,0.3333333333333333,0.0,0.0,0.0,1.0,0.0,0.6799999999999999
308,0.14285714285714285,0.40329218106995895,0.3982300884955752,0.5,0.0,1.0,0.0,1.0,0.0,0.3333333333333333,0.0,0.0,0.0,1.0,0.0,0.3800000000000001
309,0.2857142857142857,0.4444444444444446,0.37168141592920356,0.5,0.0,0.0,0.0,1.0,0.0,0.3333333333333333,0.0,0.0,0.0,0.0,0.0,0.40000000000000013
310,0.2857142857142857,0.21399176954732518,0.256637168141593,0.5,0.0,0.0,1.0,1.0,0.0,0.3333333333333333,0.0,0.0,0.0,1.0,0.0,0.8200000000000001
311,0.2857142857142857,0.1975308641975309,0.22123893805309733,0.5,0.0,0.0,0.0,1.0,0.0,0.0,0.0,0.0,0.0,1.0,0.0,0.54
312,0.2857142857142857,0.7572016460905351,0.6725663716814159,0.5,0.0,0.0,0.0,1.0,0.0,1.0,0.0,0.0,0.0,1.0,0.0,0.24
313,0.2857142857142857,0.6604938271604941,0.6238938053097344,0.5,0.0,0.0,0.0,1.0,0.0,0.3333333333333333,0.0,0.0,0.0,1.0,0.0,0.8
314,0.2857142857142857,0.2633744855967079,0.3097345132743362,0.5,0.0,0.0,0.0,1.0,0.0,0.0,0.0,0.0,0.0,1.0,0.0,0.54
315,0.14285714285714285,0.234567901234568,0.15044247787610618,1.0,0.0,1.0,0.0,1.0,1.0,0.3333333333333333,0.0,0.0,0.0,1.0,0.0,0.52
316,0.42857142857142855,0.7654320987654324,0.8849557522123893,0.5,0.0,0.0,0.0,0.0,0.0,0.0,0.0,0.0,0.0,1.0,0.0,0.3400000000000001
317,0.2857142857142857,0.3621399176954733,0.34513274336283184,0.5,0.0,0.0,0.0,1.0,1.0,0.3333333333333333,0.0,0.0,0.0,1.0,0.0,0.76
318,0.2857142857142857,0.22222222222222227,0.21238938053097342,1.0,0.0,1.0,0.0,1.0,1.0,0.0,0.0,0.0,0.0,1.0,0.0,0.6600000000000001
319,0.2857142857142857,0.10699588477366256,0.1150442477876106,0.5,0.0,0.0,0.0,1.0,0.0,0.3333333333333333,0.0,0.0,0.0,1.0,0.0,0.43999999999999995
320,0.42857142857142855,0.13168724279835398,0.19469026548672566,0.0,0.0,0.0,0.0,0.0,0.0,0.3333333333333333,0.0,0.0,0.0,0.0,0.0,0.8
321,0.2857142857142857,0.4279835390946503,0.47787610619469023,0.0,0.0,0.0,0.0,0.0,0.0,0.0,0.0,0.0,0.0,1.0,0.0,0.54
322,0.2857142857142857,0.23868312757201654,0.21238938053097342,0.0,0.0,0.0,0.0,0.0,0.0,0.0,0.0,0.0,0.0,1.0,0.0,0.43999999999999995
323,0.42857142857142855,0.15637860082304533,0.18584070796460175,0.0,0.0,0.0,0.0,0.0,0.0,0.0,0.0,0.0,0.0,0.0,0.0,0.6799999999999999
324,0.14285714285714285,0.5267489711934157,0.47787610619469023,0.5,0.0,0.0,0.0,1.0,0.0,0.3333333333333333,0.0,0.0,0.0,1.0,0.0,0.6000000000000001
325,0.2857142857142857,0.1975308641975309,0.18584070796460175,0.5,0.0,0.0,0.0,1.0,0.0,0.0,0.0,0.0,0.0,1.0,0.0,0.54
326,0.2857142857142857,0.18106995884773663,0.07964601769911508,0.5,0.0,1.0,0.0,1.0,1.0,0.0,0.0,0.0,0.0,1.0,0.0,0.6200000000000001
327,0.42857142857142855,0.3703703703703705,0.36283185840707965,0.5,0.0,0.0,0.0,1.0,0.0,0.3333333333333333,0.0,0.0,0.0,1.0,0.0,0.6400000000000001
328,0.2857142857142857,0.5267489711934157,0.4690265486725663,0.0,0.0,0.0,0.0,0.0,0.0,0.0,0.0,0.0,0.0,1.0,0.0,0.54
329,0.2857142857142857,0.3127572016460906,0.23008849557522124,0.5,0.0,0.0,0.0,1.0,0.0,0.3333333333333333,0.0,0.0,0.0,1.0,0.0,0.43999999999999995
330,0.2857142857142857,0.5020576131687244,0.4336283185840707,0.0,0.0,0.0,0.0,0.0,0.0,0.0,0.0,0.0,0.0,1.0,0.0,0.6000000000000001
331,0.2857142857142857,0.18930041152263377,0.1769911504424779,0.5,0.0,1.0,0.0,0.0,0.0,0.3333333333333333,0.0,0.0,0.0,1.0,0.0,0.74
332,0.42857142857142855,0.21810699588477372,0.09734513274336284,0.5,0.0,1.0,0.0,1.0,0.0,0.0,0.0,0.0,0.0,1.0,0.0,0.8
333,0.2857142857142857,0.3127572016460906,0.327433628318584,0.5,0.0,0.0,0.0,1.0,1.0,0.0,0.0,0.0,0.0,1.0,0.0,0.45999999999999996
334,0.2857142857142857,0.45267489711934167,0.47787610619469023,0.5,0.0,0.0,0.0,1.0,0.0,0.3333333333333333,0.0,0.0,0.0,1.0,0.0,0.54
335,0.14285714285714285,0.34567901234567905,0.3893805309734514,1.0,0.0,0.0,0.0,1.0,1.0,1.0,0.0,0.0,0.0,1.0,0.0,0.6600000000000001
336,0.14285714285714285,0.4197530864197531,0.4159292035398229,0.5,0.0,0.0,0.0,0.0,1.0,0.0,0.0,0.0,0.0,1.0,0.0,0.41999999999999993
337,0.2857142857142857,0.5596707818930042,0.5486725663716814,0.5,1.0,0.0,0.0,1.0,0.0,0.6666666666666667,0.0,0.0,0.0,1.0,0.0,0.43999999999999995
338,0.14285714285714285,0.5679012345679013,0.5840707964601769,0.5,0.0,0.0,0.0,0.0,1.0,0.0,0.0,0.0,0.0,1.0,0.0,0.040000000000000036
339,0.2857142857142857,0.24691358024691362,0.2654867256637169,0.5,0.0,1.0,0.0,1.0,0.0,0.3333333333333333,0.0,0.0,0.0,1.0,0.0,0.6799999999999999
340,0.2857142857142857,0.3312757201646091,0.07522123893805313,0.5,0.0,0.0,0.0,1.0,0.0,0.0,0.0,0.0,0.0,1.0,0.0,0.6600000000000001
341,0.2857142857142857,0.5843621399176957,0.5663716814159292,0.5,0.0,0.0,0.0,1.0,0.0,0.0,0.0,0.0,0.0,1.0,0.0,0.45999999999999996
342,0.2857142857142857,0.46090534979423875,0.49557522123893805,0.5,0.0,0.0,0.0,1.0,0.0,0.3333333333333333,0.0,0.0,0.0,1.0,0.0,0.3600000000000001
343,0.2857142857142857,0.27983539094650206,0.327433628318584,0.5,0.0,0.0,1.0,1.0,0.0,0.3333333333333333,0.0,0.0,0.0,1.0,0.0,0.3600000000000001
344,0.2857142857142857,0.1152263374485597,0.08849557522123899,0.0,0.0,0.0,0.0,0.0,0.0,0.3333333333333333,0.0,0.0,0.0,1.0,0.0,0.6600000000000001
345,0.2857142857142857,0.1975308641975309,0.23893805309734514,0.5,0.0,0.0,0.0,1.0,0.0,0.3333333333333333,0.0,0.0,0.0,1.0,0.0,0.52
346,0.42857142857142855,0.28806584362139925,0.256637168141593,0.0,0.0,0.0,0.0,0.0,0.0,0.3333333333333333,0.0,0.0,0.0,0.0,0.0,0.54
347,0.2857142857142857,0.23868312757201654,0.256637168141593,0.5,0.0,0.0,0.0,1.0,0.0,0.3333333333333333,0.0,0.0,0.0,1.0,0.0,0.3600000000000001
348,0.2857142857142857,0.28806584362139925,0.3185840707964601,0.5,0.0,0.0,0.0,1.0,0.0,0.0,0.0,0.0,0.0,1.0,0.0,0.24
349,0.2857142857142857,0.33744855967078197,0.168141592920354,0.5,0.0,0.0,0.0,1.0,1.0,0.3333333333333333,1.0,0.0,0.0,1.0,0.0,0.41999999999999993
350,0.2857142857142857,0.15637860082304533,0.14159292035398233,0.5,0.0,1.0,0.0,1.0,0.0,0.3333333333333333,0.0,0.0,0.0,1.0,0.0,0.43999999999999995
351,0.2857142857142857,0.18106995884773663,0.168141592920354,1.0,0.0,0.0,0.0,1.0,1.0,0.0,0.0,0.0,0.0,1.0,0.0,0.3800000000000001
352,0.2857142857142857,0.12345679012345684,0.18584070796460175,0.0,0.0,0.0,0.0,0.0,0.0,0.3333333333333333,0.0,0.0,0.0,1.0,0.0,0.54
353,0.2857142857142857,0.23045267489711935,0.2743362831858407,0.5,0.0,0.0,0.0,1.0,0.0,0.0,0.0,0.0,0.0,1.0,0.0,0.5
354,0.5714285714285714,0.1934156378600823,0.168141592920354,0.5,0.0,1.0,0.0,1.0,0.0,0.3333333333333333,1.0,0.0,1.0,1.0,0.0,1.0
355,0.7142857142857142,0.5020576131687244,0.3893805309734514,0.5,0.0,0.0,0.0,1.0,0.0,0.3333333333333333,0.0,0.0,0.0,1.0,0.0,0.8
356,0.2857142857142857,0.4855967078189301,0.48672566371681414,0.0,0.0,0.0,0.0,0.0,0.0,0.3333333333333333,0.0,0.0,0.0,1.0,0.0,0.43999999999999995
357,0.2857142857142857,0.29629629629629634,0.2654867256637169,0.0,0.0,0.0,0.0,0.0,0.0,0.3333333333333333,0.0,0.0,0.0,1.0,0.0,0.43999999999999995
358,0.2857142857142857,0.18106995884773663,0.1769911504424779,0.0,0.0,0.0,0.0,0.0,0.0,0.3333333333333333,0.0,0.0,0.0,0.0,0.0,0.3600000000000001
359,0.2857142857142857,0.3045267489711934,0.3185840707964601,0.5,0.0,0.0,0.0,1.0,0.0,0.0,0.0,0.0,0.0,1.0,0.0,0.18000000000000005
360,0.2857142857142857,0.1152263374485597,0.12389380530973451,0.0,0.0,1.0,0.0,1.0,0.0,1.0,1.0,0.0,0.0,1.0,0.0,0.45999999999999996
361,0.2857142857142857,0.1975308641975309,0.2654867256637169,0.5,0.0,0.0,0.0,1.0,0.0,0.3333333333333333,0.0,0.0,0.0,1.0,0.0,0.6400000000000001
362,0.2857142857142857,0.6419753086419753,0.6371681415929202,0.0,0.0,0.0,0.0,0.0,0.0,0.3333333333333333,0.0,0.0,0.0,1.0,0.0,0.74
363,0.2857142857142857,0.5329218106995885,0.47123893805309724,0.5,0.0,0.0,0.0,1.0,0.0,0.0,0.0,0.0,0.0,1.0,0.0,0.43999999999999995
364,0.2857142857142857,0.1481481481481482,0.2035398230088495,0.0,0.0,0.0,0.0,0.0,0.0,0.3333333333333333,0.0,0.0,0.0,1.0,0.0,0.52
365,0.2857142857142857,0.6337448559670782,0.5309734513274336,0.5,0.0,0.0,0.0,0.0,1.0,0.3333333333333333,0.0,0.0,0.0,1.0,0.0,0.52
366,0.42857142857142855,0.2633744855967079,0.23893805309734514,0.5,0.0,0.0,0.0,1.0,0.0,0.0,0.0,0.0,0.0,1.0,0.0,0.76
367,0.2857142857142857,0.477366255144033,0.008849557522123908,0.0,0.0,1.0,0.0,0.0,0.0,0.3333333333333333,0.0,0.0,0.0,1.0,0.0,0.30000000000000004
368,0.2857142857142857,0.7325102880658438,0.6460176991150441,0.0,0.0,0.0,0.0,0.0,0.0,0.0,0.0,0.0,0.0,1.0,0.0,0.28
369,0.42857142857142855,0.40329218106995895,0.2654867256637169,0.5,1.0,1.0,0.0,1.0,0.0,0.3333333333333333,0.0,0.0,0.0,0.0,0.0,0.6200000000000001
370,0.2857142857142857,0.1975308641975309,0.2035398230088495,0.5,0.0,0.0,0.0,1.0,0.0,0.0,0.0,0.0,0.0,0.0,0.0,0.32000000000000006
371,0.2857142857142857,0.1152263374485597,0.15044247787610618,0.5,0.0,0.0,0.0,1.0,0.0,0.3333333333333333,0.0,0.0,0.0,0.0,0.0,0.48
372,0.2857142857142857,0.22222222222222227,0.22123893805309733,0.5,0.0,0.0,0.0,1.0,0.0,0.3333333333333333,1.0,0.0,0.0,1.0,0.0,0.7
373,0.2857142857142857,0.609053497942387,0.5752212389380531,0.5,0.0,0.0,1.0,1.0,1.0,0.0,0.0,0.0,0.0,1.0,0.0,0.45999999999999996
374,0.42857142857142855,0.5679012345679013,0.5221238938053097,0.0,0.0,0.0,0.0,0.0,0.0,0.3333333333333333,0.0,0.0,0.0,1.0,0.0,0.41999999999999993
375,0.2857142857142857,0.10699588477366256,0.09734513274336284,0.5,0.0,0.0,0.0,1.0,0.0,0.6666666666666667,0.0,0.0,0.0,1.0,0.0,0.6400000000000001
376,0.14285714285714285,0.4855967078189301,0.37831858407079644,0.5,0.0,0.0,0.0,1.0,0.0,1.0,0.0,0.0,0.0,1.0,0.0,0.21999999999999997
377,0.2857142857142857,0.3045267489711934,0.2920353982300884,0.5,0.0,0.0,0.0,1.0,0.0,0.3333333333333333,0.0,0.0,0.0,1.0,0.0,0.76
378,0.14285714285714285,0.08230452674897121,0.08849557522123899,0.5,0.0,1.0,0.0,1.0,0.0,0.3333333333333333,0.0,0.0,0.0,1.0,0.0,0.40000000000000013
379,0.42857142857142855,0.4362139917695474,0.36283185840707965,0.5,0.0,0.0,0.0,1.0,0.0,0.6666666666666667,0.0,0.0,0.0,1.0,0.0,0.6200000000000001
380,0.2857142857142857,0.46913580246913594,0.4513274336283185,0.5,0.0,0.0,0.0,1.0,0.0,0.3333333333333333,0.0,0.0,0.0,1.0,0.0,0.48
381,0.42857142857142855,0.5185185185185186,0.327433628318584,0.5,0.0,0.0,0.0,1.0,1.0,0.0,0.0,0.0,0.0,1.0,0.0,0.14
382,0.42857142857142855,0.3292181069958849,0.6017699115044247,0.5,0.0,0.0,0.0,1.0,0.0,0.0,1.0,0.0,0.0,1.0,0.0,0.54
383,0.2857142857142857,0.6419753086419753,0.5575221238938053,0.5,0.0,0.0,0.0,1.0,0.0,0.3333333333333333,0.0,0.0,0.0,1.0,0.0,0.45999999999999996
384,0.14285714285714285,0.3127572016460906,0.30309734513274333,0.5,0.0,0.0,0.0,1.0,0.0,0.0,0.0,0.0,0.0,1.0,0.0,0.7
385,0.2857142857142857,0.25925925925925936,0.20796460176991147,0.5,0.0,0.0,0.0,1.0,0.0,0.0,0.0,0.0,0.0,1.0,0.0,0.56
386,0.2857142857142857,0.21399176954732518,0.14159292035398233,0.0,0.0,0.0,0.0,0.0,0.0,0.0,0.0,0.0,0.0,0.0,0.0,0.48
387,0.2857142857142857,0.4362139917695474,0.4070796460176991,0.0,0.0,0.0,0.0,0.0,0.0,0.3333333333333333,0.0,0.0,0.0,0.0,0.0,0.6400000000000001
388,0.2857142857142857,0.3127572016460906,0.2743362831858407,0.5,0.0,0.0,0.0,1.0,0.0,0.3333333333333333,0.0,0.0,0.0,1.0,0.0,0.32000000000000006
389,0.2857142857142857,0.5349794238683128,0.35398230088495575,0.5,0.0,1.0,0.0,1.0,0.0,0.3333333333333333,0.0,0.0,0.0,1.0,0.0,0.3600000000000001
390,0.14285714285714285,0.3127572016460906,0.2831858407079646,0.0,0.0,0.0,0.0,1.0,0.0,0.3333333333333333,0.0,0.0,0.0,1.0,0.0,0.40000000000000013
391,0.7142857142857142,0.806584362139918,0.663716814159292,0.5,0.0,0.0,0.0,1.0,0.0,0.3333333333333333,0.0,0.0,0.0,0.0,0.0,0.5
392,0.2857142857142857,0.41152263374485604,0.4336283185840707,0.5,0.0,0.0,0.0,1.0,0.0,0.0,0.0,0.0,0.0,1.0,0.0,0.3800000000000001
393,0.14285714285714285,0.2633744855967079,0.24778761061946905,0.0,0.0,0.0,0.0,0.0,0.0,0.3333333333333333,0.0,0.0,0.0,1.0,0.0,0.6000000000000001
394,0.2857142857142857,0.33744855967078197,0.2831858407079646,0.5,0.0,0.0,0.0,1.0,0.0,0.3333333333333333,1.0,0.0,0.0,1.0,0.0,0.43999999999999995
395,0.2857142857142857,0.24691358024691362,0.26327433628318586,0.0,0.0,0.0,0.0,0.0,0.0,0.0,0.0,0.0,0.0,1.0,0.0,0.43999999999999995
396,0.14285714285714285,0.21399176954732518,0.23008849557522124,0.5,0.0,0.0,0.0,1.0,0.0,0.3333333333333333,0.0,0.0,0.0,1.0,0.0,0.45999999999999996
397,0.2857142857142857,0.6584362139917697,0.7079646017699115,0.5,1.0,0.0,0.0,1.0,0.0,0.6666666666666667,0.0,0.0,0.0,1.0,0.0,0.3800000000000001
398,0.2857142857142857,0.3868312757201647,0.34513274336283184,0.0,0.0,0.0,0.0,0.0,0.0,0.0,0.0,0.0,0.0,0.0,0.0,0.3800000000000001
399,0.14285714285714285,0.21399176954732518,0.24778761061946905,0.5,0.0,1.0,0.0,0.0,0.0,0.3333333333333333,0.0,0.0,0.0,1.0,0.0,0.45999999999999996
400,0.2857142857142857,0.004115226337448541,0.008849557522123908,0.5,0.0,1.0,0.0,1.0,0.0,0.0,0.0,0.0,0.0,1.0,0.0,0.6200000000000001
401,0.2857142857142857,0.40329218106995895,0.3163716814159292,0.0,0.0,0.0,0.0,0.0,0.0,0.0,0.0,0.0,0.0,0.0,0.0,0.52
402,0.2857142857142857,0.41152263374485604,0.3185840707964601,0.5,0.0,0.0,0.0,1.0,1.0,0.0,1.0,0.0,0.0,1.0,0.0,0.8
403,0.2857142857142857,0.7654320987654324,0.7345132743362832,0.5,0.0,0.0,0.0,0.0,0.0,0.3333333333333333,0.0,0.0,0.0,1.0,0.0,0.30000000000000004
404,0.14285714285714285,0.23868312757201654,0.23893805309734514,0.0,1.0,1.0,0.0,0.0,0.0,0.3333333333333333,0.0,0.0,0.0,0.0,0.0,0.6600000000000001
405,0.42857142857142855,0.205761316872428,0.24778761061946905,1.0,0.0,0.0,0.0,1.0,1.0,0.3333333333333333,0.0,0.0,0.0,1.0,0.0,0.7
406,0.5714285714285714,0.7242798353909468,0.7079646017699115,0.5,0.0,0.0,0.0,1.0,0.0,0.0,0.0,0.0,0.0,1.0,0.0,0.5
407,0.14285714285714285,0.477366255144033,0.4424778761061946,0.5,0.0,0.0,0.0,1.0,0.0,1.0,1.0,0.0,0.0,0.0,0.0,0.54
408,0.2857142857142857,0.2551440329218108,0.2654867256637169,0.0,0.0,0.0,0.0,0.0,0.0,0.3333333333333333,0.0,0.0,0.0,1.0,0.0,0.6600000000000001
409,0.2857142857142857,0.7325102880658438,0.6814159292035398,0.0,0.0,1.0,0.0,1.0,0.0,0.3333333333333333,0.0,0.0,0.0,0.0,0.0,0.45999999999999996
410,0.42857142857142855,0.2818930041152264,0.2986725663716814,0.5,1.0,0.0,0.0,0.0,0.0,0.3333333333333333,0.0,0.0,0.0,1.0,0.0,0.41999999999999993
411,0.2857142857142857,0.3580246913580248,0.3915929203539823,0.5,0.0,0.0,0.0,1.0,0.0,0.3333333333333333,0.0,0.0,0.0,1.0,0.0,0.20000000000000007
412,0.2857142857142857,0.21399176954732518,0.24778761061946905,0.5,0.0,0.0,0.0,1.0,0.0,0.6666666666666667,0.0,0.0,0.0,1.0,0.0,0.3400000000000001
413,0.2857142857142857,0.41152263374485604,0.3893805309734514,0.5,1.0,1.0,0.0,1.0,0.0,0.0,0.0,0.0,0.0,0.0,0.0,0.72
414,0.2857142857142857,0.34567901234567905,0.256637168141593,0.5,0.0,0.0,0.0,1.0,1.0,0.3333333333333333,0.0,0.0,0.0,1.0,0.0,0.5
415,0.2857142857142857,0.4197530864197531,0.34513274336283184,0.5,0.0,0.0,0.0,1.0,0.0,1.0,1.0,0.0,0.0,1.0,0.0,0.7
416,0.2857142857142857,0.5000000000000002,0.38053097345132747,0.0,0.0,0.0,0.0,0.0,0.0,0.3333333333333333,0.0,0.0,0.0,1.0,0.0,0.52
417,0.2857142857142857,0.0,0.05309734513274336,0.5,0.0,0.0,0.0,1.0,0.0,0.0,0.0,0.0,0.0,1.0,0.0,0.41999999999999993
418,0.2857142857142857,0.1728395061728395,0.1902654867256637,0.0,0.0,0.0,0.0,0.0,0.0,0.0,1.0,0.0,0.0,0.0,0.0,0.6400000000000001
419,0.2857142857142857,0.5843621399176957,0.3893805309734514,0.5,1.0,1.0,0.0,1.0,0.0,0.0,0.0,0.0,0.0,1.0,0.0,0.5800000000000001
420,0.2857142857142857,0.33744855967078197,0.2920353982300884,0.5,0.0,0.0,0.0,1.0,0.0,0.0,0.0,0.0,0.0,1.0,0.0,0.40000000000000013
421,0.2857142857142857,0.3127572016460906,0.23893805309734514,0.5,0.0,0.0,0.0,1.0,0.0,0.0,0.0,0.0,0.0,1.0,0.0,0.3800000000000001
422,0.2857142857142857,0.6913580246913582,0.5221238938053097,0.5,0.0,0.0,1.0,1.0,0.0,0.3333333333333333,0.0,0.0,0.0,1.0,0.0,0.3400000000000001
423,0.2857142857142857,0.5432098765432101,0.49557522123893805,0.5,0.0,0.0,0.0,1.0,0.0,0.3333333333333333,0.0,0.0,0.0,1.0,0.0,0.06000000000000005
424,0.2857142857142857,0.18930041152263377,0.14159292035398233,0.5,0.0,0.0,0.0,1.0,1.0,0.0,0.0,0.0,1.0,1.0,0.0,0.3400000000000001
425,0.2857142857142857,0.3209876543209877,0.327433628318584,0.5,0.0,0.0,0.0,1.0,1.0,0.3333333333333333,0.0,0.0,0.0,1.0,0.0,0.56
426,0.14285714285714285,0.6172839506172842,0.5929203539823008,0.0,0.0,0.0,0.0,0.0,0.0,0.3333333333333333,0.0,0.0,0.0,0.0,0.0,0.5
427,0.14285714285714285,0.5432098765432101,0.2831858407079646,0.5,0.0,0.0,1.0,1.0,0.0,0.3333333333333333,0.0,0.0,0.0,0.0,0.0,0.48
428,0.2857142857142857,0.5514403292181072,0.49557522123893805,1.0,0.0,0.0,0.0,1.0,1.0,0.0,0.0,0.0,0.0,0.0,0.0,0.78
429,0.2857142857142857,0.2633744855967079,0.1769911504424779,0.0,0.0,0.0,0.0,0.0,0.0,0.0,0.0,0.0,0.0,1.0,0.0,0.52
430,1.0,0.7736625514403295,0.6946902654867255,0.0,0.0,0.0,0.0,0.0,0.0,0.3333333333333333,0.0,0.0,0.0,0.0,0.0,0.24
431,0.14285714285714285,0.609053497942387,0.6106194690265486,0.5,0.0,0.0,0.0,1.0,1.0,0.3333333333333333,0.0,0.0,0.0,1.0,0.0,0.30000000000000004
432,0.2857142857142857,0.3127572016460906,0.2831858407079646,0.0,0.0,0.0,0.0,0.0,0.0,0.3333333333333333,0.0,0.0,0.0,1.0,0.0,0.6400000000000001
433,0.2857142857142857,0.28806584362139925,0.2035398230088495,0.5,0.0,0.0,0.0,1.0,0.0,0.3333333333333333,0.0,0.0,0.0,1.0,0.0,0.32000000000000006
434,0.2857142857142857,0.1728395061728395,0.1592920353982301,1.0,0.0,0.0,0.0,1.0,1.0,0.0,0.0,0.0,0.0,0.0,0.0,0.8
435,0.42857142857142855,0.3292181069958849,0.3097345132743362,0.5,0.0,0.0,0.0,1.0,0.0,0.3333333333333333,0.0,0.0,0.0,1.0,0.0,0.43999999999999995
436,0.2857142857142857,0.27983539094650206,0.2831858407079646,0.5,1.0,0.0,0.0,1.0,0.0,0.6666666666666667,0.0,0.0,0.0,1.0,0.0,0.6600000000000001
437,0.2857142857142857,0.28806584362139925,0.3008849557522123,0.5,0.0,1.0,0.0,1.0,1.0,0.0,0.0,0.0,0.0,1.0,0.0,0.7
438,0.2857142857142857,0.3703703703703705,0.3982300884955752,0.0,0.0,0.0,0.0,0.0,0.0,0.0,0.0,0.0,0.0,1.0,0.0,0.6600000000000001
439,0.42857142857142855,0.3045267489711934,0.21238938053097342,0.5,0.0,0.0,0.0,1.0,0.0,0.3333333333333333,0.0,0.0,0.0,1.0,0.0,0.6600000000000001
440,0.2857142857142857,0.1975308641975309,0.06194690265486727,0.5,0.0,0.0,0.0,1.0,0.0,0.3333333333333333,0.0,0.0,0.0,1.0,0.0,0.5
441,0.2857142857142857,0.6419753086419753,0.49557522123893805,0.0,0.0,0.0,0.0,1.0,0.0,0.0,0.0,0.0,0.0,1.0,0.0,0.48
442,0.2857142857142857,0.4444444444444446,0.4513274336283185,0.5,0.0,0.0,0.0,1.0,0.0,0.0,0.0,0.0,0.0,0.0,0.0,0.18000000000000005
443,0.2857142857142857,0.5843621399176957,0.48672566371681414,0.0,0.0,0.0,0.0,1.0,0.0,0.3333333333333333,0.0,0.0,0.0,0.0,0.0,0.5800000000000001
444,0.42857142857142855,0.6604938271604941,0.6238938053097344,0.5,0.0,0.0,0.0,1.0,0.0,0.3333333333333333,0.0,0.0,0.0,0.0,0.0,0.3600000000000001
445,0.2857142857142857,0.08230452674897121,0.13274336283185842,0.5,1.0,1.0,0.0,1.0,0.0,0.3333333333333333,0.0,0.0,0.0,0.0,0.0,0.7
446,0.2857142857142857,0.13991769547325106,0.1592920353982301,1.0,1.0,1.0,0.0,0.0,0.0,0.0,0.0,0.0,0.0,1.0,0.0,0.74
447,0.42857142857142855,0.41152263374485604,0.2654867256637169,0.5,0.0,0.0,0.0,1.0,1.0,0.3333333333333333,1.0,0.0,0.0,1.0,0.0,0.40000000000000013
448,0.2857142857142857,0.33744855967078197,0.2654867256637169,0.5,0.0,0.0,0.0,1.0,1.0,0.6666666666666667,0.0,0.0,0.0,1.0,0.0,0.8400000000000001
449,0.14285714285714285,0.5020576131687244,0.256637168141593,0.5,0.0,0.0,0.0,1.0,0.0,0.6666666666666667,0.0,0.0,0.0,1.0,0.0,0.52
450,0.2857142857142857,0.477366255144033,0.47787610619469023,0.0,0.0,0.0,0.0,0.0,0.0,0.0,0.0,0.0,0.0,1.0,0.0,0.48
451,0.2857142857142857,0.3292181069958849,0.24778761061946905,0.5,0.0,0.0,0.0,1.0,0.0,0.6666666666666667,0.0,0.0,0.0,0.0,0.0,0.30000000000000004
452,0.2857142857142857,0.10699588477366256,0.1592920353982301,0.5,0.0,0.0,0.0,1.0,1.0,0.3333333333333333,0.0,0.0,0.0,1.0,0.0,0.8400000000000001
453,0.2857142857142857,0.6748971193415638,0.5752212389380531,0.0,0.0,0.0,0.0,0.0,0.0,0.3333333333333333,0.0,0.0,0.0,1.0,0.0,0.28
