,f1,f2,f3,f4,f5,f6,f7,f8,f9,f10,f11,f12,f13,f14,f15,f17,f18,f19
0,0.5,0.7105263157894737,0.016418232879671635,0.75,0.0,0.75,1.0,0.75,0.25,0.5,0.3333333333333333,0.4444444444444445,0.09523809523809523,0.75,0.335,0.3333333333333333,0.25,1.0
1,0.5,0.7763157894736842,0.010261395549794772,0.75,0.5,1.0,1.0,1.0,1.0,0.0,0.5,0.4444444444444445,0.3333333333333333,1.0,1.0,0.3333333333333333,0.25,0.0
2,0.5,0.07894736842105263,0.0032404406999351903,1.0,0.5,0.25,1.0,1.0,0.75,0.25,0.3333333333333333,0.3333333333333333,0.5714285714285714,0.0,0.0,0.3333333333333333,0.25,0.0
3,1.0,0.26315789473684215,0.010153380859796935,1.0,0.0,0.25,0.75,0.25,0.25,0.0,0.5,0.1111111111111111,0.19047619047619047,0.05,0.0,0.0,0.25,0.0
4,0.5,0.2763157894736842,0.007993087059840143,1.0,0.0,0.5,0.25,0.75,1.0,0.75,0.3333333333333333,0.4444444444444445,0.19047619047619047,0.05,0.0,0.0,0.25,0.0
5,1.0,0.48684210526315785,0.01490602721970188,1.0,0.0,0.0,0.25,1.0,0.0,0.0,0.3333333333333333,0.2222222222222222,0.0,0.15000000000000002,0.5,0.3333333333333333,0.25,0.0
6,1.0,0.4736842105263158,0.01803845322963923,0.75,0.5,1.0,1.0,1.0,1.0,0.0,0.6666666666666666,0.6666666666666665,0.19047619047619047,0.0,0.665,0.3333333333333333,0.25,1.0
7,0.5,0.9342105263157895,0.013285806869734285,1.0,0.5,0.75,0.75,0.75,0.75,0.0,1.0,0.4444444444444445,0.38095238095238093,0.35000000000000003,0.5,0.0,0.25,0.0
8,0.0,0.07894736842105263,0.002160293799956794,1.0,0.0,0.0,0.25,0.25,0.75,0.0,0.3333333333333333,0.4444444444444445,0.5238095238095237,0.1,0.165,0.6666666666666666,0.25,0.0
9,0.5,0.2763157894736842,0.007020954849859581,1.0,0.0,0.25,1.0,1.0,1.0,0.25,0.5,0.4444444444444445,0.19047619047619047,0.05,0.0,0.0,0.25,0.0
10,1.0,0.06578947368421052,0.005400734499891986,1.0,0.0,1.0,1.0,1.0,0.75,0.0,0.16666666666666666,0.1111111111111111,0.42857142857142855,0.05,0.5,0.6666666666666666,0.25,0.0
11,0.0,0.10526315789473684,0.006372866709872544,1.0,0.0,0.5,1.0,0.0,0.75,0.75,0.16666666666666666,0.7777777777777777,0.38095238095238093,0.4,0.835,0.3333333333333333,0.5,1.0
12,0.0,0.09210526315789473,0.006372866709872544,1.0,0.0,0.5,1.0,0.0,0.75,0.75,0.16666666666666666,0.7777777777777777,0.38095238095238093,0.45,0.75,0.6666666666666666,0.5,1.0
13,0.0,0.13157894736842105,0.006912940159861745,1.0,0.5,0.25,1.0,0.5,0.75,0.25,0.16666666666666666,0.4444444444444445,0.38095238095238093,0.0,0.165,0.3333333333333333,0.25,0.0
14,0.0,0.05263157894736842,0.006156837329876864,1.0,0.0,0.25,1.0,0.25,0.75,0.75,0.16666666666666666,0.7777777777777777,0.6666666666666666,0.15000000000000002,0.5,1.0,0.25,0.0
15,0.0,0.09210526315789473,0.006372866709872544,1.0,0.0,0.0,0.5,0.5,0.75,0.25,0.5,0.8888888888888888,0.47619047619047616,0.15000000000000002,0.0,0.6666666666666666,1.0,1.0
16,1.0,0.09210526315789473,0.00043205875999136056,1.0,0.0,0.0,1.0,1.0,0.75,0.0,0.3333333333333333,0.0,0.38095238095238093,0.2,0.125,0.3333333333333333,0.5,0.0
17,1.0,0.09210526315789473,0.0034564700799308706,1.0,0.0,0.0,1.0,1.0,0.75,0.0,0.3333333333333333,0.0,0.38095238095238093,0.2,0.165,0.3333333333333333,0.5,0.0
18,0.5,0.24999999999999997,0.012097645279758047,1.0,0.0,0.25,1.0,0.75,0.75,0.25,0.5,0.6666666666666665,0.19047619047619047,0.05,0.5,0.0,0.5,0.0
19,0.5,0.5526315789473685,0.009289263339814217,1.0,0.0,0.25,1.0,1.0,1.0,0.0,0.3333333333333333,0.6666666666666665,0.19047619047619047,0.4,0.835,0.6666666666666666,0.5,0.0
20,1.0,0.10526315789473684,0.006696910779866061,1.0,0.0,1.0,0.0,0.5,0.75,0.25,0.3333333333333333,0.0,0.5238095238095237,0.25,0.0,0.6666666666666666,0.25,0.0
21,1.0,0.13157894736842105,0.004644631669907109,1.0,0.0,1.0,0.25,0.0,0.75,0.0,0.16666666666666666,0.0,0.2857142857142857,0.0,0.665,0.6666666666666666,0.5,1.0
22,0.0,0.10526315789473684,0.007453013609850942,1.0,0.0,0.5,0.5,1.0,0.75,0.0,0.16666666666666666,0.1111111111111111,0.23809523809523808,0.15000000000000002,0.5,0.6666666666666666,0.5,1.0
23,0.0,0.13157894736842105,1.0,1.0,0.0,0.0,1.0,0.25,0.75,0.75,0.3333333333333333,0.2222222222222222,0.23809523809523808,0.5,1.0,1.0,0.5,0.0
24,0.5,0.8947368421052632,0.01501404190969972,1.0,0.0,0.75,0.75,0.75,0.5,0.0,0.16666666666666666,0.6666666666666665,1.0,0.05,0.45899999999999996,0.6666666666666666,0.25,1.0
25,1.0,0.13157894736842105,0.004428602289911428,1.0,0.0,0.0,1.0,1.0,0.75,0.0,0.16666666666666666,0.7777777777777777,0.19047619047619047,0.0,1.0,0.6666666666666666,0.5,0.0
26,0.0,0.10526315789473684,0.004536616979909269,1.0,0.0,0.0,1.0,1.0,0.75,0.0,0.3333333333333333,0.4444444444444445,0.2857142857142857,0.0,0.165,0.0,0.25,0.0
27,1.0,0.881578947368421,0.014473968459710523,0.75,0.5,0.0,0.75,0.75,0.5,0.0,0.3333333333333333,0.1111111111111111,0.14285714285714285,0.5,0.585,0.3333333333333333,0.25,1.0
28,0.5,0.8552631578947368,0.010153380859796935,0.75,0.5,0.25,0.75,0.75,1.0,1.0,0.3333333333333333,0.6666666666666665,0.3333333333333333,0.75,0.665,0.3333333333333333,0.5,1.0
29,1.0,0.881578947368421,0.014473968459710523,0.75,0.5,0.0,0.75,0.75,0.5,0.0,0.3333333333333333,0.1111111111111111,0.14285714285714285,0.5,0.585,0.3333333333333333,0.25,1.0
30,0.5,0.2763157894736842,0.009829336789803415,1.0,0.0,0.0,0.25,0.25,0.25,0.75,0.5,0.3333333333333333,0.19047619047619047,0.05,0.0,0.0,0.25,0.0
31,1.0,0.3421052631578947,0.012961762799740765,1.0,0.5,0.5,0.25,0.25,1.0,0.0,0.5,0.5555555555555556,0.19047619047619047,0.1,0.0,0.0,0.25,0.0
32,0.5,0.15789473684210525,0.007669042989846622,1.0,0.0,1.0,1.0,1.0,0.75,0.75,0.5,0.1111111111111111,0.19047619047619047,0.05,0.335,0.6666666666666666,0.25,1.0
33,0.5,0.14473684210526314,0.004212572909915748,1.0,1.0,0.25,1.0,1.0,0.75,0.0,0.5,0.3333333333333333,0.19047619047619047,0.2,0.75,0.6666666666666666,0.5,1.0
34,0.0,0.10526315789473684,0.003348455389933034,1.0,0.0,0.0,1.0,1.0,0.75,0.0,0.3333333333333333,0.5555555555555556,0.38095238095238093,0.0,1.0,0.6666666666666666,0.5,0.0
35,0.5,0.4605263157894737,0.012097645279758047,1.0,0.5,0.25,1.0,1.0,0.75,0.25,0.5,0.0,0.19047619047619047,0.35000000000000003,0.5,0.6666666666666666,0.5,0.0
36,0.0,0.06578947368421052,0.006156837329876864,1.0,0.5,0.5,1.0,0.5,0.75,0.75,0.3333333333333333,0.5555555555555556,0.047619047619047616,0.4,0.067,0.0,0.25,0.0
37,1.0,0.2894736842105263,0.008965219269820697,1.0,0.0,0.0,1.0,0.0,1.0,0.5,0.5,0.4444444444444445,0.0,0.1,0.0,0.3333333333333333,0.25,0.0
38,1.0,0.30263157894736836,0.012097645279758047,0.0,0.0,0.5,1.0,1.0,0.25,0.5,0.16666666666666666,0.4444444444444445,0.09523809523809523,0.0,0.915,0.3333333333333333,0.5,1.0
39,0.5,0.21052631578947367,0.010045366169799095,0.0,0.0,0.25,0.25,0.25,0.25,0.5,0.3333333333333333,0.5555555555555556,0.09523809523809523,0.0,0.2665,0.3333333333333333,0.25,1.0
40,1.0,0.26315789473684215,0.009181248649816377,1.0,0.0,0.0,1.0,0.5,1.0,0.5,0.3333333333333333,0.2222222222222222,0.0,0.0,0.0,0.6666666666666666,0.25,0.0
41,0.5,0.17105263157894737,0.009829336789803415,1.0,0.0,0.5,0.25,0.25,0.75,0.75,0.5,0.0,0.19047619047619047,0.9,0.915,0.0,0.25,1.0
42,0.5,0.5263157894736842,0.007993087059840143,1.0,0.5,0.25,1.0,1.0,1.0,0.0,0.5,0.6666666666666665,0.38095238095238093,0.05,0.665,0.0,0.25,1.0
43,0.5,0.7763157894736842,0.01458198314970836,1.0,0.0,1.0,1.0,0.75,1.0,0.25,1.0,0.1111111111111111,0.19047619047619047,0.7000000000000001,0.5,0.0,0.5,1.0
44,1.0,0.8157894736842105,0.015446100669691081,0.25,0.5,0.25,1.0,0.75,0.25,0.25,0.3333333333333333,0.3333333333333333,0.09523809523809523,0.6000000000000001,0.835,0.6666666666666666,0.5,1.0
45,1.0,0.5921052631578947,0.007885072369842299,1.0,0.5,0.5,0.25,0.5,1.0,0.0,0.16666666666666666,0.4444444444444445,0.0,0.7000000000000001,0.585,0.6666666666666666,0.25,1.0
46,1.0,0.11842105263157895,0.004428602289911428,1.0,0.0,0.5,0.5,0.5,0.75,0.75,0.5,0.3333333333333333,0.14285714285714285,0.6000000000000001,0.0,0.3333333333333333,0.5,0.0
47,0.5,0.17105263157894737,0.006372866709872544,1.0,0.0,0.5,1.0,1.0,0.75,0.0,0.3333333333333333,0.4444444444444445,0.19047619047619047,0.0,0.335,0.3333333333333333,0.5,0.0
48,0.5,0.48684210526315785,0.01479801252970404,1.0,0.5,1.0,1.0,1.0,1.0,0.0,0.3333333333333333,0.2222222222222222,0.19047619047619047,0.45,0.335,0.0,0.5,0.0
49,0.5,0.2894736842105263,0.010369410239792615,1.0,0.0,0.25,0.25,0.5,0.25,0.0,0.3333333333333333,0.7777777777777777,0.0,0.0,0.0,0.0,0.25,0.0
50,1.0,0.13157894736842105,0.006912940159861745,1.0,0.0,0.0,0.0,0.0,0.75,0.5,0.0,0.0,0.0,0.5,0.75,1.0,0.25,0.0
51,1.0,0.8026315789473684,0.014041909699719163,0.25,0.5,0.5,1.0,0.75,0.5,0.0,0.3333333333333333,0.2222222222222222,0.0,0.9,0.415,0.6666666666666666,0.25,1.0
52,0.5,0.6052631578947368,0.012637718729747244,1.0,0.0,0.25,0.25,1.0,0.25,0.0,0.3333333333333333,0.2222222222222222,0.09523809523809523,0.9500000000000001,0.75,0.0,0.5,0.0
53,1.0,0.02631578947368421,0.0035644847699287108,1.0,0.0,0.5,1.0,0.5,0.75,0.0,0.3333333333333333,0.3333333333333333,0.5714285714285714,0.4,0.0,0.0,0.25,0.0
54,0.0,0.11842105263157895,0.002160293799956794,1.0,0.0,0.0,1.0,0.5,0.75,0.25,0.3333333333333333,0.0,0.47619047619047616,0.35000000000000003,0.835,1.0,0.5,1.0
55,0.5,0.5789473684210527,0.010153380859796935,0.75,0.0,0.25,1.0,0.5,1.0,0.0,0.6666666666666666,0.2222222222222222,0.2857142857142857,0.5,0.835,1.0,0.25,1.0
56,0.5,0.13157894736842105,0.006804925469863905,1.0,0.0,0.0,0.5,0.0,1.0,0.75,0.16666666666666666,0.2222222222222222,0.47619047619047616,0.2,0.0,0.3333333333333333,0.25,0.0
57,0.5,0.26315789473684215,0.01134154244977317,1.0,0.5,0.25,1.0,1.0,0.25,0.0,0.3333333333333333,0.6666666666666665,0.0,0.0,0.585,0.3333333333333333,0.5,0.0
58,1.0,0.75,0.019766688269604666,1.0,0.5,1.0,1.0,1.0,0.25,0.0,0.3333333333333333,0.7777777777777777,0.19047619047619047,0.4,0.835,0.3333333333333333,0.5,1.0
59,1.0,0.5657894736842105,0.01598617411968028,1.0,0.0,1.0,0.25,1.0,0.5,0.75,0.5,0.2222222222222222,0.23809523809523808,0.5,0.585,0.3333333333333333,0.5,1.0
60,0.5,0.15789473684210525,0.013177792179736445,1.0,0.0,0.5,0.25,1.0,0.75,0.0,0.3333333333333333,0.4444444444444445,0.09523809523809523,0.0,0.0,0.3333333333333333,0.5,0.0
61,1.0,0.4342105263157895,0.025167422769496652,0.5,0.0,0.25,1.0,1.0,1.0,0.0,0.5,0.5555555555555556,0.09523809523809523,0.25,0.915,0.3333333333333333,0.75,1.0
62,1.0,0.4605263157894737,0.017390365089652193,1.0,0.5,0.5,0.5,0.0,0.75,0.5,0.3333333333333333,0.0,0.0,0.35000000000000003,0.915,0.6666666666666666,0.5,1.0
63,1.0,0.6052631578947368,0.009505292719809894,0.5,0.0,1.0,1.0,0.25,1.0,0.0,0.3333333333333333,0.5555555555555556,0.23809523809523808,0.4,0.75,0.6666666666666666,0.25,0.0
64,0.5,0.631578947368421,0.015446100669691081,0.5,0.5,0.75,0.75,0.75,0.75,1.0,1.0,0.8888888888888888,0.3333333333333333,0.0,0.665,0.3333333333333333,0.25,0.0
65,0.5,0.7631578947368421,0.008317131129833656,1.0,0.0,1.0,1.0,0.75,1.0,0.25,0.16666666666666666,0.4444444444444445,0.23809523809523808,0.0,0.835,0.0,0.5,0.0
66,0.5,0.4342105263157895,0.010585439619788292,0.5,0.5,0.25,1.0,1.0,1.0,0.25,0.5,0.6666666666666665,0.19047619047619047,0.0,0.915,0.0,0.75,0.0
67,0.0,0.05263157894736842,0.0024843378699503146,1.0,1.0,0.25,1.0,0.25,0.75,0.0,0.3333333333333333,0.1111111111111111,0.5714285714285714,0.25,0.0,0.0,0.25,0.0
68,0.0,0.10526315789473684,0.002700367249945993,1.0,0.0,1.0,0.75,0.5,0.75,0.75,0.3333333333333333,0.5555555555555556,0.19047619047619047,0.15000000000000002,0.0,0.6666666666666666,0.25,1.0
69,0.0,0.06578947368421052,0.004212572909915748,1.0,0.0,1.0,1.0,0.75,0.75,0.75,0.3333333333333333,0.3333333333333333,0.38095238095238093,0.2,0.0,0.3333333333333333,0.25,0.0
70,0.5,0.3157894736842105,0.03272845106934544,0.0,0.0,0.5,0.5,1.0,0.25,0.0,0.3333333333333333,0.3333333333333333,0.19047619047619047,0.4,0.335,0.3333333333333333,0.25,1.0
71,1.0,0.2894736842105263,0.013285806869734285,0.0,0.0,1.0,0.75,1.0,0.25,0.0,0.6666666666666666,0.5555555555555556,0.19047619047619047,0.0,0.0,0.0,0.25,0.0
72,0.5,0.14473684210526314,0.002160293799956794,1.0,0.0,0.25,0.0,0.0,0.75,0.0,0.16666666666666666,0.7777777777777777,0.23809523809523808,0.2,0.0,0.6666666666666666,0.25,1.0
73,1.0,0.24999999999999997,0.01134154244977317,0.0,0.5,0.0,0.5,0.0,0.25,0.5,0.16666666666666666,0.0,0.0,0.25,0.665,0.6666666666666666,0.75,1.0
74,1.0,0.07894736842105263,0.003348455389933034,1.0,0.0,1.0,1.0,0.0,0.75,0.75,0.3333333333333333,0.5555555555555556,0.14285714285714285,0.55,0.0,0.6666666666666666,0.25,1.0
75,1.0,0.6578947368421052,0.014149924389717003,1.0,0.5,1.0,1.0,1.0,1.0,0.0,0.3333333333333333,0.0,0.0,0.0,0.915,0.3333333333333333,0.5,1.0
76,1.0,0.13157894736842105,0.002700367249945993,1.0,0.0,0.0,1.0,1.0,0.75,0.75,0.5,0.0,0.47619047619047616,0.2,0.0,0.3333333333333333,0.25,0.0
77,0.5,0.2894736842105263,0.01198963058976021,1.0,0.0,1.0,1.0,0.75,0.25,0.0,0.5,0.5555555555555556,0.19047619047619047,0.1,0.0,0.3333333333333333,0.25,0.0
78,1.0,0.6578947368421052,0.014149924389717003,1.0,0.5,1.0,1.0,1.0,1.0,0.0,0.5,0.0,0.0,0.0,0.915,0.6666666666666666,0.5,1.0
79,0.5,0.15789473684210525,0.010369410239792615,1.0,0.0,1.0,1.0,1.0,0.75,0.0,0.16666666666666666,0.7777777777777777,0.19047619047619047,0.4,0.75,0.6666666666666666,0.5,1.0
80,0.5,0.15789473684210525,0.010369410239792615,1.0,0.0,1.0,1.0,1.0,0.75,0.0,0.16666666666666666,0.7777777777777777,0.19047619047619047,0.4,0.835,0.6666666666666666,0.5,1.0
81,1.0,0.05263157894736842,0.0031324260099373537,1.0,1.0,0.25,0.25,0.5,0.75,0.5,0.3333333333333333,0.6666666666666665,0.5714285714285714,0.1,0.0,0.0,0.25,0.0
82,0.5,0.8421052631578947,0.027327716569453448,0.0,0.5,0.5,0.5,1.0,1.0,0.25,0.6666666666666666,0.5555555555555556,0.0,0.6000000000000001,0.0,0.3333333333333333,0.5,1.0
83,1.0,0.6578947368421052,0.01490602721970188,0.0,0.5,1.0,1.0,1.0,1.0,0.5,0.3333333333333333,0.7777777777777777,0.47619047619047616,0.75,0.3915,0.6333333333333333,0.5,1.0
84,1.0,0.07894736842105263,0.007453013609850942,1.0,0.0,0.0,0.0,0.25,0.75,0.75,0.3333333333333333,0.5555555555555556,0.14285714285714285,0.2,0.0,0.6666666666666666,0.5,0.0
85,0.0,0.10526315789473684,0.0007561028299848793,1.0,0.0,0.0,1.0,1.0,0.75,1.0,0.3333333333333333,0.2222222222222222,0.3333333333333333,0.0,0.585,0.3333333333333333,0.75,1.0
86,0.5,0.14473684210526314,0.004212572909915748,1.0,0.0,0.0,1.0,1.0,0.75,0.0,0.3333333333333333,0.3333333333333333,0.23809523809523808,0.1,1.0,0.3333333333333333,0.5,1.0
87,0.5,0.6842105263157895,0.021926982069561462,1.0,0.5,0.25,0.25,0.25,0.25,1.0,0.0,0.0,0.19047619047619047,0.6000000000000001,0.0,1.0,0.25,1.0
88,0.0,0.039473684210526314,0.006804925469863905,1.0,0.0,1.0,1.0,0.25,0.75,0.25,0.3333333333333333,0.5555555555555556,0.42857142857142855,0.1,0.0,0.6666666666666666,0.25,1.0
89,0.5,0.24999999999999997,0.01425793907971484,1.0,0.0,0.5,0.5,0.5,0.75,0.0,0.3333333333333333,0.6666666666666665,0.0,0.15000000000000002,0.5,0.6666666666666666,0.0,0.0
90,0.5,0.24999999999999997,0.015878159429682438,1.0,0.0,0.5,1.0,1.0,0.75,0.0,0.5,0.7777777777777777,0.2857142857142857,0.55,0.0,0.0,0.0,0.0
91,1.0,0.8947368421052632,0.019658673579606826,0.5,0.5,1.0,1.0,0.75,0.0,0.25,0.3333333333333333,0.3333333333333333,0.2857142857142857,0.8,0.585,1.0,0.5,1.0
92,1.0,0.3157894736842105,0.009937351479801251,0.0,0.0,1.0,1.0,1.0,1.0,0.5,0.3333333333333333,0.0,0.047619047619047616,0.7000000000000001,1.0,0.6666666666666666,0.5,1.0
93,1.0,0.7236842105263158,0.015878159429682438,0.0,0.5,1.0,1.0,1.0,0.5,0.0,0.3333333333333333,0.3333333333333333,0.3333333333333333,0.6000000000000001,0.335,0.6666666666666666,0.5,1.0
94,1.0,0.13157894736842105,0.004212572909915748,1.0,0.0,0.5,1.0,0.75,0.75,0.75,0.5,0.4444444444444445,0.3333333333333333,0.2,0.0,0.3333333333333333,0.25,0.0
95,1.0,0.8552631578947368,0.016958306329660833,1.0,0.5,1.0,0.75,0.75,0.75,0.0,0.16666666666666666,0.0,0.2857142857142857,0.7000000000000001,0.335,0.6666666666666666,0.5,1.0
96,1.0,0.7894736842105263,0.017390365089652193,0.0,0.5,1.0,0.5,1.0,0.5,0.0,0.6666666666666666,0.2222222222222222,0.3333333333333333,0.45,0.835,0.6666666666666666,0.5,1.0
97,1.0,0.09210526315789473,0.009397278029812054,1.0,1.0,0.25,1.0,0.25,0.75,0.75,0.5,0.1111111111111111,0.0,0.0,0.5,0.6666666666666666,0.25,1.0
98,1.0,0.07894736842105263,0.004428602289911428,1.0,0.0,0.25,1.0,1.0,0.75,0.25,0.3333333333333333,0.2222222222222222,0.0,0.15000000000000002,0.0,0.3333333333333333,0.25,0.0
99,1.0,0.13157894736842105,0.005400734499891986,1.0,0.5,0.0,0.0,0.25,0.75,0.25,0.3333333333333333,0.4444444444444445,0.047619047619047616,0.25,0.665,1.0,0.5,1.0
100,1.0,0.13157894736842105,0.0,1.0,0.0,0.5,1.0,0.5,0.75,0.5,0.5,0.2222222222222222,0.047619047619047616,0.15000000000000002,0.0,0.6666666666666666,0.25,0.0
101,0.0,0.09210526315789473,0.002808381939943835,1.0,0.0,1.0,0.75,0.25,0.75,0.0,0.5,0.4444444444444445,0.14285714285714285,0.05,0.0,0.6666666666666666,0.25,0.0
102,0.5,0.9210526315789473,0.017930438539641394,1.0,0.5,1.0,0.75,0.75,0.75,0.5,0.16666666666666666,0.3333333333333333,0.7619047619047619,0.5,0.0,0.6666666666666666,0.25,1.0
103,0.5,0.8947368421052632,0.019550658889608986,1.0,0.5,1.0,0.75,0.75,0.75,0.0,0.16666666666666666,0.1111111111111111,0.14285714285714285,0.25,0.75,1.0,0.75,1.0
104,0.5,0.4078947368421052,0.01814646791963707,1.0,0.0,0.5,1.0,1.0,0.75,0.25,0.3333333333333333,0.0,0.0,0.0,0.0,0.0,0.25,0.0
105,0.5,0.618421052631579,0.013933895009721326,1.0,0.5,1.0,1.0,0.75,0.75,0.0,0.5,0.7777777777777777,0.14285714285714285,0.9,0.665,0.3333333333333333,0.5,1.0
106,0.5,0.26315789473684215,0.013285806869734285,1.0,0.5,1.0,1.0,1.0,1.0,0.0,0.5,0.6666666666666665,0.19047619047619047,0.1,0.0,0.0,0.25,0.0
107,0.5,0.6842105263157895,0.01814646791963707,0.0,0.0,0.75,1.0,0.75,1.0,0.0,0.5,0.4444444444444445,0.38095238095238093,0.6000000000000001,0.335,0.3333333333333333,0.25,0.0
108,0.5,0.26315789473684215,0.009073233959818537,1.0,0.0,0.25,1.0,1.0,1.0,0.0,0.3333333333333333,0.4444444444444445,0.19047619047619047,0.05,0.0,0.0,0.25,0.0
109,0.0,0.05263157894736842,0.008317131129833656,1.0,0.0,0.0,0.0,0.0,0.75,0.5,0.3333333333333333,0.6666666666666665,0.0,0.15000000000000002,0.0,0.3333333333333333,0.25,0.0
110,0.0,0.10526315789473684,0.00810110174983798,1.0,0.0,0.25,0.25,0.25,0.75,0.0,0.3333333333333333,0.1111111111111111,0.047619047619047616,0.05,0.0,0.6666666666666666,0.25,0.0
111,1.0,0.05263157894736842,0.0020522791099589557,1.0,0.0,0.25,1.0,0.75,0.75,0.0,0.3333333333333333,0.4444444444444445,0.0,0.2,0.0,0.3333333333333333,0.25,0.0
112,0.0,0.09210526315789473,0.0071289695398574215,1.0,0.0,0.0,0.25,1.0,0.75,0.0,0.16666666666666666,0.3333333333333333,0.047619047619047616,0.30000000000000004,0.0,0.3333333333333333,0.5,0.0
113,0.5,0.8289473684210527,0.014365953769712683,0.5,0.5,1.0,1.0,1.0,0.75,0.25,0.8333333333333333,0.5555555555555556,0.23809523809523808,0.65,0.0,0.0,0.5,0.0
114,0.5,0.30263157894736836,0.013285806869734285,1.0,1.0,0.0,0.25,1.0,1.0,0.5,0.5,0.6666666666666665,0.19047619047619047,0.55,0.0,0.0,0.25,0.0
115,0.0,0.09210526315789473,0.003348455389933034,1.0,0.0,0.75,1.0,0.75,0.75,0.75,0.3333333333333333,0.1111111111111111,0.23809523809523808,0.55,0.0,0.6666666666666666,0.25,1.0
116,0.0,0.11842105263157895,0.007669042989846622,1.0,0.5,0.0,1.0,0.0,0.75,1.0,0.3333333333333333,0.5555555555555556,0.19047619047619047,0.05,0.0,0.3333333333333333,0.25,0.0
117,1.0,0.23684210526315788,0.014365953769712683,1.0,0.0,0.25,1.0,1.0,0.75,0.5,0.3333333333333333,0.2222222222222222,0.09523809523809523,0.05,0.5,0.6666666666666666,0.25,1.0
118,1.0,0.05263157894736842,0.008965219269820697,1.0,0.0,0.5,1.0,0.25,0.75,0.0,0.16666666666666666,0.1111111111111111,0.19047619047619047,0.1,0.0,0.3333333333333333,0.25,0.0
119,1.0,0.013157894736842105,0.006048822639879027,1.0,0.5,0.5,1.0,0.0,0.75,0.5,0.16666666666666666,0.2222222222222222,0.19047619047619047,0.35000000000000003,0.335,0.0,0.25,0.0
120,0.0,0.09210526315789473,0.0023763231799524744,1.0,0.0,0.0,0.25,0.5,0.75,0.5,0.16666666666666666,0.2222222222222222,0.19047619047619047,0.25,0.335,0.3333333333333333,0.25,0.0
121,0.0,0.06578947368421052,0.006156837329876864,1.0,0.0,0.5,0.25,0.25,0.75,0.5,0.3333333333333333,0.4444444444444445,0.23809523809523808,0.25,0.0,0.3333333333333333,0.25,0.0
122,0.5,0.8289473684210527,0.010909483689781813,0.25,0.0,1.0,1.0,1.0,1.0,0.25,0.3333333333333333,0.1111111111111111,0.38095238095238093,0.8,0.085,0.3333333333333333,0.25,0.0
123,0.5,0.618421052631579,0.017498379779650033,0.25,0.5,0.0,0.25,0.0,0.25,0.5,0.3333333333333333,1.0,0.19047619047619047,0.15000000000000002,0.665,0.6666666666666666,0.5,1.0
124,0.0,0.11842105263157895,0.004644631669907109,1.0,0.5,0.25,0.25,0.5,0.75,0.0,0.3333333333333333,0.3333333333333333,0.38095238095238093,0.0,0.915,0.6666666666666666,0.25,1.0
125,0.5,0.9078947368421052,0.01198963058976021,1.0,0.5,0.75,0.75,0.75,0.75,0.25,1.0,0.3333333333333333,0.0,0.25,0.0,0.3333333333333333,0.25,0.0
126,1.0,0.2894736842105263,0.016526247569669476,1.0,0.5,0.25,1.0,1.0,1.0,0.0,0.3333333333333333,0.7777777777777777,0.19047619047619047,0.05,0.0,0.6666666666666666,0.5,1.0
127,1.0,0.06578947368421052,0.006156837329876864,1.0,0.0,0.0,1.0,0.0,0.75,0.0,0.3333333333333333,0.2222222222222222,0.5714285714285714,0.35000000000000003,0.0,0.0,0.25,0.0
128,0.0,0.05263157894736842,0.0031324260099373537,1.0,0.0,0.25,1.0,1.0,0.75,0.75,0.5,0.2222222222222222,0.14285714285714285,0.45,0.0,0.3333333333333333,0.25,0.0
129,1.0,0.039473684210526314,0.001620220349967597,1.0,0.0,0.5,1.0,0.5,0.75,0.75,0.3333333333333333,0.2222222222222222,0.09523809523809523,0.0,0.0,0.0,0.25,0.0
130,0.5,0.631578947368421,0.021926982069561462,0.75,0.5,1.0,1.0,1.0,1.0,0.25,0.3333333333333333,0.7777777777777777,0.5238095238095237,0.5,0.165,1.0,0.25,1.0
131,1.0,0.05263157894736842,0.007885072369842299,1.0,0.0,0.0,0.25,0.25,0.75,0.0,0.16666666666666666,0.4444444444444445,0.19047619047619047,0.0,0.0,0.3333333333333333,0.25,0.0
132,1.0,0.02631578947368421,0.021170879239576588,1.0,0.0,0.25,0.25,0.25,0.75,0.5,0.16666666666666666,0.2222222222222222,0.5714285714285714,0.25,0.0,0.3333333333333333,0.25,1.0
133,0.0,0.09210526315789473,0.012313674659753731,1.0,0.0,1.0,0.25,0.5,0.75,0.5,0.3333333333333333,0.4444444444444445,0.38095238095238093,0.35000000000000003,0.335,0.6666666666666666,0.5,0.0
134,0.0,0.07894736842105263,0.004644631669907109,1.0,0.0,0.25,0.25,1.0,0.75,0.75,0.16666666666666666,0.4444444444444445,0.47619047619047616,0.30000000000000004,0.0,0.6666666666666666,0.25,0.0
135,0.5,0.5789473684210527,0.012637718729747244,1.0,0.0,0.25,0.75,0.75,0.75,0.0,0.5,0.4444444444444445,0.09523809523809523,0.65,0.5,0.6666666666666666,0.5,1.0
136,1.0,0.0,0.0059408079498811835,1.0,0.0,0.25,0.75,1.0,0.75,0.0,0.3333333333333333,0.1111111111111111,0.5714285714285714,0.30000000000000004,0.0,1.0,0.25,1.0
137,0.0,0.06578947368421052,0.006156837329876864,1.0,0.0,0.75,1.0,0.5,0.75,0.0,0.3333333333333333,0.3333333333333333,0.42857142857142855,0.15000000000000002,0.835,0.6666666666666666,0.5,0.0
138,1.0,0.05263157894736842,0.0035644847699287108,1.0,0.0,0.25,0.0,0.5,0.75,0.75,0.16666666666666666,0.5555555555555556,0.42857142857142855,0.4,0.0,0.6666666666666666,0.25,0.0
139,0.0,0.06578947368421052,0.006912940159861745,1.0,0.0,0.25,0.25,0.25,0.75,0.0,0.16666666666666666,0.2222222222222222,0.38095238095238093,0.45,0.5,0.3333333333333333,0.5,0.0
140,1.0,0.10526315789473684,0.004644631669907109,1.0,0.0,0.5,1.0,1.0,0.75,0.75,0.3333333333333333,0.3333333333333333,0.42857142857142855,0.0,0.0,0.6666666666666666,0.25,0.0
141,1.0,0.11842105263157895,0.004428602289911428,1.0,0.5,0.5,1.0,1.0,0.75,0.75,0.3333333333333333,0.0,0.38095238095238093,0.1,0.0,0.3333333333333333,0.25,0.0
142,1.0,0.06578947368421052,0.005508749189889826,1.0,0.0,0.5,1.0,1.0,0.75,0.75,0.3333333333333333,0.0,0.38095238095238093,0.2,0.665,0.6666666666666666,0.25,0.0
143,0.5,0.7894736842105263,0.013177792179736445,1.0,0.5,0.25,0.25,0.25,0.25,0.0,0.5,0.3333333333333333,0.2857142857142857,0.7000000000000001,0.75,1.0,0.25,1.0
144,1.0,0.10526315789473684,0.005508749189889826,1.0,0.5,0.0,0.25,0.0,0.75,0.0,0.0,0.4444444444444445,0.38095238095238093,0.0,0.665,0.6666666666666666,0.25,0.0
145,1.0,0.10526315789473684,0.005508749189889826,1.0,0.5,0.0,0.25,0.0,0.75,0.0,0.16666666666666666,0.4444444444444445,0.3333333333333333,0.0,0.335,1.0,0.25,0.0
146,0.0,0.039473684210526314,0.003888528839922231,1.0,0.0,0.25,1.0,0.0,0.75,0.0,0.16666666666666666,0.1111111111111111,0.0,0.1,0.0,0.0,0.25,0.0
147,0.0,0.02631578947368421,0.008965219269820697,1.0,0.0,0.0,1.0,0.0,0.75,0.0,0.16666666666666666,0.2222222222222222,0.0,0.5,0.335,0.3333333333333333,0.25,0.0
148,0.0,0.05263157894736842,0.01134154244977317,1.0,0.0,0.5,1.0,1.0,0.75,0.0,0.3333333333333333,0.2222222222222222,0.0,0.15000000000000002,0.0,0.6666666666666666,0.25,0.0
149,0.0,0.05263157894736842,0.005400734499891986,1.0,0.0,0.0,0.5,0.0,0.75,0.0,0.16666666666666666,0.2222222222222222,0.047619047619047616,0.30000000000000004,0.0,0.6666666666666666,0.25,0.0
150,0.5,0.17105263157894737,0.009289263339814217,1.0,0.0,0.0,1.0,0.25,0.75,0.0,0.3333333333333333,0.1111111111111111,0.0,0.1,0.335,0.3333333333333333,0.25,0.0
151,0.0,0.11842105263157895,0.001188161589976238,1.0,0.0,0.5,1.0,0.5,0.75,0.0,0.3333333333333333,0.2222222222222222,0.0,0.0,0.0,0.3333333333333333,0.5,1.0
152,1.0,0.09210526315789473,0.008317131129833656,1.0,0.0,0.5,0.25,0.0,0.75,0.0,0.3333333333333333,0.2222222222222222,0.0,0.4,0.0,0.6666666666666666,0.25,0.0
153,1.0,0.039473684210526314,0.004752646359904949,1.0,0.5,0.25,0.25,1.0,0.75,1.0,0.0,0.2222222222222222,0.0,0.30000000000000004,0.0,1.0,0.25,0.0
154,0.0,0.039473684210526314,0.001620220349967597,1.0,0.0,1.0,1.0,0.75,0.75,0.0,0.3333333333333333,0.2222222222222222,0.0,0.05,0.0,0.0,0.25,0.0
155,0.5,0.30263157894736836,0.01155757182976885,1.0,0.0,0.5,0.25,0.75,0.25,0.25,0.3333333333333333,0.8888888888888888,0.0,0.0,0.0,0.3333333333333333,0.25,0.0
156,1.0,0.19736842105263155,0.004860661049902789,1.0,0.0,0.5,0.0,0.5,0.75,0.0,0.5,0.3333333333333333,0.0,0.15000000000000002,0.0,0.3333333333333333,0.25,0.0
157,0.0,0.0,0.0041045582199179115,1.0,0.0,1.0,1.0,0.75,0.75,0.0,0.3333333333333333,0.2222222222222222,0.0,0.0,0.0,0.0,0.25,0.0
158,1.0,0.02631578947368421,0.01134154244977317,1.0,0.0,0.5,1.0,0.25,0.75,0.25,0.3333333333333333,0.3333333333333333,0.0,0.25,0.335,0.6666666666666666,0.25,0.0
159,1.0,0.06578947368421052,0.012313674659753731,1.0,0.5,0.5,1.0,0.5,0.75,0.0,0.3333333333333333,0.2222222222222222,0.0,0.0,0.0,0.0,0.25,0.0
160,0.0,0.09210526315789473,0.01155757182976885,1.0,0.0,0.0,1.0,0.5,0.75,0.0,0.3333333333333333,0.2222222222222222,0.0,0.30000000000000004,0.335,0.3333333333333333,0.5,0.0
161,1.0,0.13157894736842105,0.002160293799956794,1.0,0.0,0.25,1.0,1.0,0.75,0.0,0.3333333333333333,0.2222222222222222,0.0,0.0,0.0,0.3333333333333333,0.25,0.0
162,1.0,0.2236842105263158,0.011233527759775333,1.0,0.0,0.5,1.0,1.0,0.75,0.0,0.3333333333333333,0.3333333333333333,0.0,0.2,0.165,0.0,0.5,0.0
163,1.0,0.14473684210526314,0.0071289695398574215,1.0,0.0,0.5,1.0,0.25,0.75,0.0,0.3333333333333333,0.3333333333333333,0.0,0.0,0.665,1.0,0.25,0.0
164,1.0,0.17105263157894737,0.007885072369842299,1.0,0.0,0.5,0.25,0.5,1.0,0.25,0.16666666666666666,0.2222222222222222,0.0,0.25,0.0,1.0,0.5,0.0
165,0.5,0.14473684210526314,0.008857204579822857,1.0,0.0,0.5,1.0,0.25,0.75,0.25,0.3333333333333333,0.1111111111111111,0.0,0.25,0.0,0.3333333333333333,0.25,0.0
166,0.0,0.05263157894736842,0.0052927198098941496,1.0,0.5,0.25,1.0,0.75,0.75,0.0,0.3333333333333333,0.2222222222222222,0.0,0.0,0.0,0.0,0.25,0.0
167,0.5,0.17105263157894737,0.01425793907971484,1.0,0.5,0.5,1.0,0.25,0.75,0.75,0.16666666666666666,0.3333333333333333,0.0,0.0,0.0,0.3333333333333333,0.25,0.0
168,0.0,0.09210526315789473,0.00810110174983798,1.0,0.0,0.0,1.0,0.25,0.75,0.75,0.5,0.1111111111111111,0.0,0.15000000000000002,0.0,0.3333333333333333,0.25,0.0
169,0.0,0.10526315789473684,0.002268308489954636,1.0,0.0,1.0,1.0,1.0,0.75,0.0,0.3333333333333333,0.3333333333333333,0.0,0.0,0.0,0.0,0.25,0.0
170,0.0,0.10526315789473684,0.0029163966299416734,1.0,0.0,1.0,1.0,0.25,0.75,0.0,0.3333333333333333,0.2222222222222222,0.0,0.0,0.0,0.0,0.25,0.0
171,1.0,0.06578947368421052,0.0009721322099805578,1.0,0.0,0.5,0.5,1.0,0.75,0.25,0.3333333333333333,0.4444444444444445,0.0,0.05,0.0,0.3333333333333333,0.25,0.0
172,0.5,0.13157894736842105,0.004212572909915748,1.0,0.0,0.25,0.25,0.25,0.75,0.0,0.3333333333333333,0.4444444444444445,0.0,0.0,0.335,0.6666666666666666,0.5,0.0
173,1.0,0.19736842105263155,0.010261395549794772,1.0,0.0,0.5,0.25,0.5,1.0,0.5,0.3333333333333333,0.1111111111111111,0.0,0.0,0.5,0.3333333333333333,0.5,0.0
174,0.5,0.13157894736842105,0.00810110174983798,1.0,0.0,0.0,1.0,0.5,0.75,0.25,0.5,0.1111111111111111,0.0,0.2,0.0,0.3333333333333333,0.25,0.0
175,1.0,0.8684210526315789,0.015446100669691081,1.0,0.0,0.25,1.0,1.0,0.0,0.25,0.6666666666666666,0.0,0.0,0.6000000000000001,0.0,0.3333333333333333,0.25,1.0
176,1.0,0.17105263157894737,0.007993087059840143,1.0,0.0,0.0,1.0,0.0,0.75,0.0,0.16666666666666666,0.3333333333333333,0.14285714285714285,0.4,0.335,1.0,0.25,0.0
177,0.5,0.15789473684210525,0.008965219269820697,1.0,0.0,0.25,0.25,1.0,0.75,0.0,0.5,0.5555555555555556,0.0,0.0,0.0,0.3333333333333333,0.25,0.0
178,0.0,0.10526315789473684,0.009829336789803415,1.0,0.0,0.5,0.0,0.5,0.75,0.5,0.0,0.2222222222222222,0.0,0.15000000000000002,0.665,1.0,0.5,0.0
179,0.0,0.05263157894736842,0.005184705119896306,1.0,0.0,0.25,0.75,1.0,0.75,0.0,0.3333333333333333,0.1111111111111111,0.0,0.0,0.0,0.3333333333333333,0.25,0.0
180,0.5,0.21052631578947367,0.00853316050982934,1.0,0.0,1.0,1.0,1.0,0.75,0.25,0.5,0.4444444444444445,0.0,0.1,0.0,0.3333333333333333,0.25,0.0
181,1.0,0.15789473684210525,0.006372866709872544,1.0,0.0,0.0,0.0,0.0,0.75,0.0,0.0,0.0,0.0,0.25,0.665,1.0,0.5,0.0
182,1.0,0.09210526315789473,0.010477424929790452,1.0,0.0,0.5,0.25,0.25,0.75,0.0,0.3333333333333333,0.2222222222222222,0.0,0.2,0.0,0.6666666666666666,0.25,0.0
183,0.5,0.13157894736842105,0.0032404406999351903,1.0,0.0,0.25,0.25,0.25,0.75,0.0,0.3333333333333333,0.2222222222222222,0.0,0.0,0.835,0.3333333333333333,0.5,0.0
184,0.5,0.17105263157894737,0.0084251458198315,1.0,0.0,0.5,1.0,0.25,1.0,0.0,0.3333333333333333,0.3333333333333333,0.0,0.15000000000000002,0.0,0.3333333333333333,0.25,0.0
185,0.5,0.13157894736842105,0.005076690429898466,1.0,0.0,0.25,0.5,1.0,0.75,0.5,0.6666666666666666,0.1111111111111111,0.0,0.0,0.335,0.6666666666666666,0.5,0.0
186,1.0,0.24999999999999997,0.009505292719809894,0.75,0.0,0.0,0.0,0.0,0.25,0.5,0.3333333333333333,0.2222222222222222,0.2857142857142857,0.65,0.5,0.3333333333333333,0.25,0.0
187,1.0,0.8684210526315789,0.01479801252970404,1.0,0.0,1.0,1.0,0.75,0.75,0.25,0.3333333333333333,0.0,0.2857142857142857,0.4,0.5,1.0,0.25,0.0
188,1.0,0.2894736842105263,0.008317131129833656,1.0,0.5,1.0,1.0,1.0,1.0,0.25,0.6666666666666666,0.4444444444444445,0.19047619047619047,0.05,0.0,0.0,0.25,0.0
189,1.0,0.3157894736842105,0.01490602721970188,1.0,0.0,1.0,1.0,0.5,1.0,0.25,0.3333333333333333,0.2222222222222222,0.0,0.05,0.0,0.3333333333333333,0.25,1.0
190,0.5,0.7894736842105263,0.013069777489738605,0.75,0.5,0.0,0.0,0.75,0.75,0.75,0.5,0.2222222222222222,0.2857142857142857,0.75,0.0,0.6666666666666666,0.25,1.0
191,1.0,0.5394736842105263,0.014365953769712683,0.0,0.0,1.0,1.0,1.0,1.0,0.25,0.5,0.7777777777777777,0.23809523809523808,0.65,0.665,0.6666666666666666,0.25,1.0
192,0.5,0.7236842105263158,0.019874702959602506,1.0,0.5,0.25,1.0,1.0,1.0,0.75,0.3333333333333333,0.8888888888888888,0.23809523809523808,0.9500000000000001,0.165,0.6666666666666666,0.25,1.0
193,0.5,0.7894736842105263,0.019442644199611146,1.0,0.5,1.0,0.75,0.75,0.75,0.0,0.6666666666666666,0.5555555555555556,0.23809523809523808,0.35000000000000003,0.0,1.0,0.25,1.0
194,1.0,0.5131578947368421,0.01663426225966732,0.0,0.0,0.25,0.75,0.25,0.25,0.5,0.3333333333333333,0.8888888888888888,0.23809523809523808,0.0,0.0,0.3333333333333333,0.5,0.0
195,0.5,0.6052631578947368,0.013069777489738605,0.0,0.5,0.25,1.0,1.0,1.0,0.75,0.6666666666666666,0.7777777777777777,0.19047619047619047,0.55,0.0,0.6666666666666666,0.5,0.0
196,0.0,0.06578947368421052,0.0014041909699719184,1.0,0.0,0.25,1.0,1.0,0.75,0.0,0.3333333333333333,0.2222222222222222,0.0,0.1,0.0,0.3333333333333333,0.25,0.0
197,0.5,0.18421052631578946,0.01144955713977101,1.0,0.0,0.5,1.0,0.75,0.75,0.0,0.3333333333333333,0.2222222222222222,0.0,0.0,0.0,0.3333333333333333,0.25,0.0
198,1.0,0.10526315789473684,0.0024843378699503146,1.0,1.0,0.5,0.5,1.0,0.75,0.25,0.3333333333333333,0.0,0.0,0.1,0.165,1.0,0.25,0.0
199,1.0,0.2236842105263158,0.010585439619788292,0.0,0.0,1.0,0.25,1.0,0.25,0.0,0.3333333333333333,0.1111111111111111,0.0,0.05,1.0,0.3333333333333333,0.5,0.0
200,1.0,0.18421052631578946,0.026571613739468567,1.0,0.0,1.0,1.0,0.25,0.75,0.0,0.3333333333333333,0.0,0.0,0.05,0.835,1.0,0.5,1.0
201,1.0,0.19736842105263155,0.007561028299848779,0.0,0.0,0.25,0.25,0.0,1.0,0.0,0.16666666666666666,0.6666666666666665,0.0,0.0,0.665,0.6666666666666666,0.5,0.0
202,1.0,0.23684210526315788,0.008965219269820697,0.0,1.0,0.5,1.0,1.0,1.0,0.25,0.3333333333333333,0.1111111111111111,0.0,0.05,0.0,0.3333333333333333,0.25,0.0
203,1.0,0.18421052631578946,0.007885072369842299,0.0,0.0,1.0,1.0,0.0,1.0,0.0,0.3333333333333333,0.0,0.0,0.4,0.665,1.0,0.5,1.0
204,0.0,0.09210526315789473,0.017606394469647874,1.0,0.5,0.0,0.0,0.5,0.75,0.0,0.16666666666666666,0.0,0.0,0.0,0.0,0.3333333333333333,0.5,0.0
205,0.5,0.17105263157894737,0.007993087059840143,1.0,0.0,0.25,1.0,1.0,0.75,0.0,0.16666666666666666,0.1111111111111111,0.0,0.15000000000000002,0.165,0.3333333333333333,0.25,0.0
206,1.0,0.42105263157894735,0.016202203499675955,1.0,1.0,0.0,0.0,0.0,0.0,1.0,0.0,0.41111111111111115,0.0,0.0,0.34950000000000003,0.0,0.25,0.0
207,0.5,0.17105263157894737,0.018254482609634914,1.0,0.0,1.0,1.0,1.0,0.75,0.0,0.16666666666666666,0.4444444444444445,0.0,0.1,0.0,0.3333333333333333,0.5,0.0
208,0.5,0.23684210526315788,0.0059408079498811835,0.0,0.0,0.0,0.25,0.5,0.75,0.0,0.3333333333333333,0.0,0.0,0.05,0.0,0.3333333333333333,0.25,0.0
209,1.0,0.10526315789473684,0.009289263339814217,1.0,0.0,0.0,1.0,0.25,0.75,0.0,0.16666666666666666,0.4444444444444445,0.0,0.15000000000000002,0.335,0.6666666666666666,0.25,0.0
210,0.5,0.15789473684210525,0.01166558651976669,1.0,0.0,0.25,0.25,1.0,0.75,0.25,0.3333333333333333,0.0,0.0,0.0,0.0,0.3333333333333333,0.25,0.0
211,0.5,0.9999999999999999,0.01879455605962411,0.5,0.0,1.0,1.0,0.5,1.0,0.0,0.6666666666666666,0.5555555555555556,0.5714285714285714,0.35000000000000003,0.5,1.0,0.0,1.0
212,0.5,0.881578947368421,0.013825880319723483,1.0,0.5,1.0,1.0,1.0,1.0,0.25,0.6666666666666666,0.1111111111111111,0.2857142857142857,0.8,0.7,0.6666666666666666,0.25,1.0
213,1.0,0.21052631578947367,0.01101749837977965,1.0,0.5,1.0,1.0,1.0,1.0,0.0,0.5,0.4444444444444445,0.0,0.0,0.0,0.0,0.25,0.0
214,1.0,0.18421052631578946,0.007777057679844459,1.0,0.5,0.25,0.25,0.75,0.75,0.75,0.3333333333333333,0.1111111111111111,0.0,0.15000000000000002,0.835,1.0,0.25,1.0
215,1.0,0.17105263157894737,0.01458198314970836,1.0,0.0,1.0,1.0,1.0,0.75,0.5,0.3333333333333333,0.2222222222222222,0.0,0.1,0.0,0.3333333333333333,0.25,0.0
216,0.5,0.13157894736842105,0.003780514149924391,1.0,0.0,0.25,0.25,0.0,0.75,0.0,0.3333333333333333,0.6666666666666665,0.0,0.0,0.0,0.0,0.25,0.0
217,0.5,0.21052631578947367,0.00810110174983798,1.0,0.0,0.25,0.25,0.0,0.75,0.0,0.3333333333333333,0.3333333333333333,0.0,0.05,0.0,0.0,0.25,0.0
218,1.0,0.7763157894736842,0.009181248649816377,0.0,0.0,1.0,1.0,1.0,1.0,0.0,0.0,0.0,0.8095238095238095,0.35000000000000003,0.335,1.0,0.25,1.0
219,1.0,0.7763157894736842,0.014689997839706204,1.0,0.0,1.0,1.0,0.75,0.25,0.25,0.5,0.3333333333333333,0.23809523809523808,0.8,0.5,1.0,0.5,1.0
220,0.5,0.8157894736842105,0.013285806869734285,1.0,0.0,0.25,1.0,1.0,1.0,0.0,0.3333333333333333,0.3333333333333333,0.14285714285714285,0.45,0.835,0.3333333333333333,0.5,0.0
221,0.5,0.7236842105263158,0.0214949233095701,1.0,0.5,0.25,0.75,0.75,1.0,0.0,0.5,0.4444444444444445,0.3333333333333333,0.30000000000000004,0.665,0.6666666666666666,0.25,1.0
222,0.5,0.9868421052631579,0.03197234823936056,1.0,0.5,1.0,1.0,0.75,0.75,0.0,0.3333333333333333,0.6666666666666665,0.5714285714285714,0.2,0.335,0.6666666666666666,0.5,1.0
223,0.5,0.5,0.015230071289695401,0.0,0.0,1.0,1.0,0.0,0.75,0.5,0.3333333333333333,0.1111111111111111,0.6190476190476191,0.9500000000000001,1.0,1.0,0.75,1.0
