,f1,f2,f3,f4,f5,f6,f7,f8
0,0.6326530612244897,0.0,0.02066115702479321,0.0020618556701030855,0.17846971710651172,0.028937452901280025,0.0033694851005581228,0.20990447461035694
1,0.6530612244897959,0.002444987775061122,0.008264462809917328,0.0,0.1968862730206946,0.011605124340617223,0.0,0.23076923076923078
2,0.6734693877551019,0.004889975550122258,0.0,0.0,0.2143535219289916,0.0,0.0,0.25012569130216183
3,0.693877551020408,0.00733496332518338,0.02066115702479321,0.0,0.17106512246060346,0.028937452901280025,0.0,0.20186023127199598
4,0.7142857142857142,0.009779951100244502,0.028925619834710536,0.0,0.15435731915701512,0.04039186134137118,0.0,0.18275515334338865
5,0.7346938775510203,0.012224938875305624,0.045454545454545414,0.01443298969072171,0.17106512246060346,0.06314996232102565,0.023796988522691187,0.2016088486676722
6,0.7551020408163264,0.014669926650366746,0.07851239669421473,0.026804123711340222,0.14809189291816915,0.10746043707611186,0.04380330630725471,0.17546505781799904
7,0.7755102040816325,0.017114914425427882,0.10743801652892548,0.03711340206185576,0.12739700018986122,0.14513941220798898,0.06012424976308317,0.15158371040723984
8,0.7959183673469387,0.019559902200489004,0.13636363636363624,0.053608247422680444,0.12720713878868395,0.1820648078372269,0.08581657365483863,0.151332327802916
9,0.8163265306122448,0.022004889975550126,0.11983471074380159,0.028865979381443307,0.07803303588380439,0.16111529766390298,0.04706749499842022,0.09376571141277024
10,0.836734693877551,0.02444987775061125,0.12809917355371891,0.028865979381443307,0.06322384659198743,0.17166541070082886,0.04706749499842022,0.07616892911010559
11,0.857142857142857,0.02689486552567237,0.11983471074380159,0.016494845360824795,0.03816214163660536,0.16111529766390298,0.02716647362324931,0.04625439919557567
12,0.8775510204081631,0.029339853300733493,0.09090909090909083,0.0,0.036073666223656264,0.12373775433308154,0.0,0.04374057315233784
13,0.8979591836734693,0.03178484107579463,0.09090909090909083,0.0020618556701030855,0.042908676666033596,0.12373775433308154,0.0033694851005581228,0.051784816490698854
14,0.9183673469387754,0.03422982885085575,0.0950413223140496,0.004123711340206171,0.042149231061324954,0.1291635267520732,0.006844266610508853,0.051030668677727486
15,0.9387755102040816,0.03667481662591687,0.2644628099173554,0.10721649484536089,0.0711980254414275,0.33504144687264414,0.16521006633673707,0.08572146807440928
16,0.9591836734693876,0.039119804400977995,0.2933884297520659,0.10721649484536089,0.026011011961267982,0.36759608138658706,0.16521006633673707,0.03142282554047257
17,0.9795918367346939,0.04156479217603912,0.3181818181818181,0.11134020618556706,0.0,0.39487565938206437,0.17110666526271423,0.0
18,0.0,0.05134474327628362,0.3099173553719008,0.11134020618556706,0.012340991076513763,0.38583270535041514,0.17110666526271423,0.01508295625942685
19,0.020408163265306124,0.053789731051344755,0.3099173553719008,0.11546391752577323,0.02392253654831933,0.38583270535041514,0.17689796777929878,0.028908999497234772
20,0.04081632653061224,0.05623471882640586,0.2851239669421486,0.11340206185567014,0.05619897474843327,0.3584024114544082,0.17405496472570192,0.0678733031674208
21,0.06122448979591836,0.058679706601467,0.26859504132231393,0.10927835051546397,0.07043857983671886,0.3398643556895262,0.16815836579972654,0.08471593765711416
22,0.0816326530612245,0.06112469437652811,0.27685950413223126,0.10927835051546397,0.05733814315549646,0.3490580256217033,0.16815836579972654,0.06938159879336347
23,0.10204081632653061,0.06356968215158924,0.26859504132231393,0.10927835051546397,0.07043857983671886,0.3398643556895262,0.16815836579972654,0.08471593765711416
24,0.12244897959183673,0.06601466992665038,0.24380165289256195,0.1051546391752578,0.0985380672109355,0.31137905048982617,0.16226176687374938,0.11814982403217694
25,0.14285714285714285,0.06845965770171149,0.23553719008264462,0.1051546391752578,0.11220808809568972,0.3018839487565934,0.16226176687374938,0.13398692810457513
26,0.16326530612244897,0.07090464547677262,0.24380165289256195,0.1051546391752578,0.0985380672109355,0.31137905048982617,0.16226176687374938,0.11814982403217694
27,0.18367346938775508,0.07334963325183373,0.24380165289256195,0.1051546391752578,0.0985380672109355,0.31137905048982617,0.16226176687374938,0.11814982403217694
28,0.20408163265306123,0.07579462102689487,0.23966942148760317,0.1051546391752578,0.10537307765331283,0.3067068575734737,0.16226176687374938,0.12594268476621417
29,0.22448979591836732,0.078239608801956,0.23553719008264462,0.10309278350515472,0.1063223846591983,0.3018839487565934,0.1593134674107617,0.1269482151835093
30,0.2857142857142857,0.08557457212713936,0.23140495867768585,0.09896907216494855,0.1010062654262387,0.2970610399397131,0.15341686848478453,0.12091503267973858
31,0.30612244897959184,0.08801955990220049,0.2272727272727273,0.09896907216494855,0.10784127586861558,0.2922381311228346,0.15341686848478453,0.12895927601809953
32,0.32653061224489793,0.09046454767726163,0.20661157024793386,0.09896907216494855,0.14296563508638682,0.2678221552373774,0.15341686848478453,0.169683257918552
33,0.3469387755102041,0.09290953545232274,0.19834710743801653,0.09896907216494855,0.15739510157584968,0.25802562170308896,0.15341686848478453,0.1860231271995978
34,0.36734693877551017,0.09535452322738387,0.19834710743801653,0.09896907216494855,0.15739510157584968,0.25802562170308896,0.15341686848478453,0.1860231271995978
35,0.3877551020408163,0.09779951100244498,0.17355371900826433,0.09896907216494855,0.20144294664894602,0.2280331574981158,0.15341686848478453,0.23604826546003016
36,0.4081632653061224,0.10024449877750612,0.165289256198347,0.09896907216494855,0.21663185874311708,0.21793519216277346,0.15341686848478453,0.25289089994972347
37,0.42857142857142855,0.10268948655256725,0.1776859504132231,0.09896907216494855,0.19403835200303732,0.2331574981160518,0.15341686848478453,0.22750125691302164
38,0.4489795918367347,0.10513447432762836,0.1776859504132231,0.09896907216494855,0.19403835200303732,0.2331574981160518,0.15341686848478453,0.22750125691302164
39,0.46938775510204084,0.1075794621026895,0.18595041322314043,0.09896907216494855,0.17922916271122036,0.2431047475508663,0.15341686848478453,0.21091000502765211
40,0.48979591836734687,0.1100244498777506,0.1776859504132231,0.09896907216494855,0.19403835200303732,0.2331574981160518,0.15341686848478453,0.22750125691302164
41,0.6326530612244897,0.12713936430317846,0.14876033057851235,0.08865979381443301,0.21511296753370024,0.19758854559155914,0.1384647783510582,0.251131221719457
42,0.6530612244897959,0.1295843520782396,0.14876033057851235,0.08865979381443301,0.21511296753370024,0.19758854559155914,0.1384647783510582,0.251131221719457
43,0.6734693877551019,0.13202933985330073,0.14876033057851235,0.08453608247422684,0.20220239225365422,0.19758854559155914,0.1323575866062967,0.23655103066867772
44,0.693877551020408,0.13447432762836187,0.16115702479338823,0.08453608247422684,0.17941902411239763,0.21296156744536532,0.1323575866062967,0.21091000502765211
45,0.7142857142857142,0.136919315403423,0.15702479338842967,0.08453608247422684,0.18701348015948316,0.2078372268274311,0.1323575866062967,0.21945701357466063
46,0.7346938775510203,0.13936430317848408,0.165289256198347,0.08453608247422684,0.17201442946648937,0.21793519216277346,0.1323575866062967,0.20261437908496727
47,0.7551020408163264,0.14180929095354522,0.16942148760330578,0.08453608247422684,0.16441997341940384,0.22305953278070767,0.1323575866062967,0.19406737053795875
48,0.7755102040816325,0.14425427872860636,0.17355371900826433,0.08247422680412375,0.15074995253464962,0.2280331574981158,0.12930399073391552,0.17848164906988434
49,0.7959183673469387,0.1466992665036675,0.18181818181818166,0.08453608247422684,0.14239605088285545,0.23813112283345816,0.1323575866062967,0.16892911010558065
50,0.8163265306122448,0.14914425427872863,0.19834710743801653,0.08659793814432992,0.11999240554395252,0.25802562170308896,0.135411182478677,0.14303670186023126
51,0.836734693877551,0.1515892420537897,0.20661157024793386,0.08659793814432992,0.1059426618568442,0.2678221552373774,0.135411182478677,0.12669683257918557
52,0.857142857142857,0.15403422982885084,0.2024793388429751,0.08247422680412375,0.10043668122270732,0.2629992464204971,0.12930399073391552,0.12016088486676724
53,0.8775510204081631,0.15647921760391198,0.19008264462809898,0.08041237113402067,0.11543573191570156,0.24807837226827445,0.12625039486153433,0.13775766716943189
54,0.8979591836734693,0.15892420537897312,0.19421487603305776,0.08041237113402067,0.10841086007214695,0.2530519969856808,0.12625039486153433,0.1294620412267471
55,0.9183673469387754,0.16136919315403425,0.19008264462809898,0.08041237113402067,0.11543573191570156,0.24807837226827445,0.12625039486153433,0.13775766716943189
56,0.9387755102040816,0.16381418092909533,0.1776859504132231,0.08041237113402067,0.13707993164989496,0.2331574981160518,0.12625039486153433,0.16264454499748615
57,0.9591836734693876,0.16625916870415647,0.17355371900826433,0.08041237113402067,0.1442946648946264,0.2280331574981158,0.12625039486153433,0.17119155354449472
58,0.9795918367346939,0.1687041564792176,0.165289256198347,0.08041237113402067,0.1591038541864438,0.21793519216277346,0.12625039486153433,0.18803418803418798
59,0.0,0.1784841075794621,0.165289256198347,0.08041237113402067,0.1591038541864438,0.21793519216277346,0.12625039486153433,0.18803418803418798
60,0.020408163265306124,0.18092909535452323,0.165289256198347,0.08041237113402067,0.1591038541864438,0.21793519216277346,0.12625039486153433,0.18803418803418798
61,0.04081632653061224,0.18337408312958436,0.16942148760330578,0.08041237113402067,0.1516992595405351,0.22305953278070767,0.12625039486153433,0.17948717948717952
62,0.06122448979591836,0.1858190709046455,0.17355371900826433,0.08041237113402067,0.1442946648946264,0.2280331574981158,0.12625039486153433,0.17119155354449472
63,0.0816326530612245,0.18826405867970664,0.19008264462809898,0.08453608247422684,0.1279665843933926,0.24807837226827445,0.1323575866062967,0.15233785822021118
64,0.10204081632653061,0.19070904645476772,0.19421487603305776,0.08659793814432992,0.12701727738750712,0.2530519969856808,0.135411182478677,0.151332327802916
65,0.12244897959183673,0.19315403422982885,0.19421487603305776,0.08865979381443301,0.1332827036263522,0.2530519969856808,0.1384647783510582,0.15862242332830567
66,0.14285714285714285,0.19559902200489,0.2024793388429751,0.0907216494845361,0.12530852477691257,0.2629992464204971,0.14141307781404588,0.14906988436400204
67,0.16326530612244897,0.19804400977995112,0.20661157024793386,0.08659793814432992,0.1059426618568442,0.2678221552373774,0.135411182478677,0.12669683257918557
68,0.18367346938775508,0.20048899755501226,0.19421487603305776,0.08453608247422684,0.12075185114866116,0.2530519969856808,0.1323575866062967,0.14404223227752638
69,0.26530612244897955,0.21026894865525675,0.19834710743801653,0.0907216494845361,0.13233339662046673,0.25802562170308896,0.14141307781404588,0.15736551030668677
70,0.2857142857142857,0.21271393643031788,0.20661157024793386,0.09690721649484535,0.13670020884754086,0.2678221552373774,0.15046856902179684,0.16264454499748615
71,0.30612244897959184,0.21515892420537897,0.20661157024793386,0.09896907216494855,0.14296563508638682,0.2678221552373774,0.15341686848478453,0.169683257918552
72,0.32653061224489793,0.2176039119804401,0.20661157024793386,0.10103092783505163,0.14923106132523234,0.2678221552373774,0.15636516794777222,0.17672197083961794
73,0.3469387755102041,0.22004889975550124,0.21074380165289242,0.10103092783505163,0.1420163280805009,0.27279577995478554,0.15636516794777222,0.1684263448969331
74,0.36734693877551017,0.22249388753056237,0.21074380165289242,0.10103092783505163,0.1420163280805009,0.27279577995478554,0.15636516794777222,0.1684263448969331
75,0.3877551020408163,0.2249388753056235,0.2148760330578512,0.10103092783505163,0.13499145623694675,0.27761868877166584,0.15636516794777222,0.1603821015585722
76,0.4081632653061224,0.2273838630806846,0.2272727272727273,0.10103092783505163,0.11391684070628383,0.2922381311228346,0.15636516794777222,0.13599798893916537
77,0.42857142857142855,0.22982885085574573,0.23966942148760317,0.10721649484536089,0.11144864249098152,0.3067068575734737,0.16521006633673707,0.13298139768728007
78,0.4489795918367347,0.23227383863080686,0.23553719008264462,0.10721649484536089,0.11828365293335841,0.3018839487565934,0.16521006633673707,0.14102564102564102
79,0.46938775510204084,0.234718826405868,0.21900826446280974,0.10103092783505163,0.1279665843933926,0.282592313489074,0.15636516794777222,0.1520864756158874
80,0.6326530612244897,0.254278728606357,0.24380165289256195,0.10309278350515472,0.09265236377444452,0.31137905048982617,0.1593134674107617,0.1111111111111111
81,0.6530612244897959,0.2567237163814181,0.23553719008264462,0.10309278350515472,0.1063223846591983,0.3018839487565934,0.1593134674107617,0.1269482151835093
82,0.6734693877551019,0.25916870415647925,0.24380165289256195,0.10309278350515472,0.09265236377444452,0.31137905048982617,0.1593134674107617,0.1111111111111111
83,0.693877551020408,0.2616136919315404,0.23553719008264462,0.10309278350515472,0.1063223846591983,0.3018839487565934,0.1593134674107617,0.1269482151835093
84,0.7142857142857142,0.26405867970660146,0.23553719008264462,0.10309278350515472,0.1063223846591983,0.3018839487565934,0.1593134674107617,0.1269482151835093
85,0.7346938775510203,0.2665036674816626,0.24380165289256195,0.1051546391752578,0.0985380672109355,0.31137905048982617,0.16226176687374938,0.11814982403217694
86,0.7551020408163264,0.26894865525672373,0.24380165289256195,0.1051546391752578,0.0985380672109355,0.31137905048982617,0.16226176687374938,0.11814982403217694
87,0.7755102040816325,0.27139364303178487,0.24380165289256195,0.10309278350515472,0.09265236377444452,0.31137905048982617,0.1593134674107617,0.1111111111111111
88,0.7959183673469387,0.273838630806846,0.2479338842975205,0.10721649484536089,0.0977786216062273,0.31620195930670647,0.16521006633673707,0.11714429361488182
89,0.8163265306122448,0.2762836185819071,0.2479338842975205,0.10721649484536089,0.0977786216062273,0.31620195930670647,0.16521006633673707,0.11714429361488182
90,0.836734693877551,0.2787286063569682,0.24380165289256195,0.10721649484536089,0.10461363204860419,0.31137905048982617,0.16521006633673707,0.12518853695324283
91,0.857142857142857,0.28117359413202936,0.23966942148760317,0.10927835051546397,0.11752420732864977,0.3067068575734737,0.16815836579972654,0.1400201106083459
92,0.8775510204081631,0.2836185819070905,0.23966942148760317,0.10927835051546397,0.11752420732864977,0.3067068575734737,0.16815836579972654,0.1400201106083459
93,0.8979591836734693,0.28606356968215163,0.23966942148760317,0.10721649484536089,0.11144864249098152,0.3067068575734737,0.16521006633673707,0.13298139768728007
94,0.9183673469387754,0.2885085574572127,0.23966942148760317,0.1051546391752578,0.10537307765331283,0.3067068575734737,0.16226176687374938,0.12594268476621417
95,0.9387755102040816,0.29095354523227385,0.24380165289256195,0.1051546391752578,0.0985380672109355,0.31137905048982617,0.16226176687374938,0.11814982403217694
96,0.9591836734693876,0.293398533007335,0.2520661157024793,0.11134020618556706,0.10309474083918735,0.32102486812358677,0.17110666526271423,0.1231774761186526
97,0.9795918367346939,0.2958435207823961,0.2520661157024793,0.11134020618556706,0.10309474083918735,0.32102486812358677,0.17110666526271423,0.1231774761186526
98,0.0,0.3056234718826406,0.2520661157024793,0.10721649484536089,0.09113347256502724,0.32102486812358677,0.16521006633673707,0.10910005027652087
99,0.020408163265306124,0.30806845965770174,0.25619834710743783,0.10927835051546397,0.0903740269603186,0.32569706103993923,0.16815836579972654,0.10834590246354953
100,0.04081632653061224,0.3105134474327629,0.25619834710743783,0.11752577319587632,0.1141067021074611,0.32569706103993923,0.17984626724228736,0.1362493715434892
101,0.06122448979591836,0.31295843520782396,0.2603305785123966,0.11752577319587632,0.10746155306626148,0.3303692539562917,0.17984626724228736,0.12845651080945197
102,0.0816326530612245,0.3154034229828851,0.26859504132231393,0.1340206185567011,0.14125688247579227,0.3398643556895262,0.20280088448983857,0.16742081447963802
103,0.10204081632653061,0.31784841075794623,0.30165289256198347,0.1505154639175258,0.13423201063223855,0.37678975131876413,0.22522901969042852,0.159376571141277
104,0.12244897959183673,0.32029339853300737,0.3553719008264462,0.1938144329896908,0.16783747864059206,0.43496608892238164,0.2820890807623462,0.19808949220713923
105,0.14285714285714285,0.32273838630806845,0.4008264462809916,0.20412371134020624,0.12587810898044394,0.4825923134890733,0.29514583552700824,0.14982403217697332
106,0.16326530612244897,0.3251833740831296,0.40909090909090895,0.21855670103092784,0.15093981393582645,0.4910324039186129,0.31315152153311576,0.17873303167420818
107,0.18367346938775508,0.3276283618581907,0.4504132231404958,0.24948453608247423,0.16878678564647798,0.5327807083647311,0.350847636095609,0.1990950226244344
108,0.20408163265306123,0.33007334963325186,0.4421487603305785,0.24948453608247423,0.1809379153218149,0.5246420497362472,0.350847636095609,0.21266968325791852
109,0.22448979591836732,0.332518337408313,0.47107438016528924,0.26391752577319594,0.17467248908296895,0.5532780708364733,0.3679056544171848,0.20563097033685268
110,0.24489795918367346,0.33496332518337407,0.4628099173553719,0.29278350515463925,0.2587810898044425,0.5451394122079876,0.40138991260397994,0.29914529914529914
111,0.32653061224489793,0.3447432762836186,0.4421487603305785,0.29278350515463925,0.2904879438010246,0.5246420497362472,0.40138991260397994,0.33333333333333337
112,0.3469387755102041,0.3471882640586797,0.4380165289256197,0.33608247422680415,0.40668312132143525,0.5204220045214765,0.44961566810571707,0.45550527903469074
113,0.36734693877551017,0.34963325183374083,0.43388429752066116,0.33608247422680415,0.41351813176381214,0.5162019593067075,0.44961566810571707,0.4625439919557567
114,0.3877551020408163,0.35207823960880197,0.4421487603305785,0.33608247422680415,0.4000379722802352,0.5246420497362472,0.44961566810571707,0.448466566113625
115,0.4081632653061224,0.3545232273838631,0.4297520661157024,0.33608247422680415,0.420353142206189,0.5121326299924629,0.44961566810571707,0.46933132227249874
116,0.42857142857142855,0.35696821515892424,0.4256198347107436,0.33608247422680415,0.42718815264856635,0.507912584777694,0.44961566810571707,0.4763700351935646
117,0.4489795918367347,0.3594132029339853,0.43388429752066116,0.32164948453608255,0.3766850199354468,0.5162019593067075,0.43382120669685165,0.4248366013071895
118,0.46938775510204084,0.36185819070904646,0.4380165289256197,0.32164948453608255,0.3700398708942467,0.5204220045214765,0.43382120669685165,0.41779788838612364
119,0.48979591836734687,0.3643031784841076,0.4297520661157024,0.32164948453608255,0.3835200303778241,0.5121326299924629,0.43382120669685165,0.43162393162393164
120,0.5918367346938774,0.3765281173594132,0.4421487603305785,0.32164948453608255,0.3633947218530471,0.5246420497362472,0.43382120669685165,0.4107591754650578
121,0.6530612244897959,0.38386308068459657,0.4628099173553719,0.3257731958762887,0.3411809379153219,0.5451394122079876,0.4383489523007267,0.38738059326294616
122,0.6734693877551019,0.3863080684596577,0.44628099173553704,0.3257731958762887,0.3671919498765899,0.52871137905049,0.4383489523007267,0.4147812971342383
123,0.693877551020408,0.38875305623471884,0.4504132231404958,0.3257731958762887,0.3607366622365671,0.5327807083647311,0.4383489523007267,0.4079939668174962
124,0.7142857142857142,0.39119804400978,0.45867768595041314,0.33608247422680415,0.3734573761154354,0.5410700828937447,0.44961566810571707,0.4210658622423328
125,0.7346938775510203,0.3936430317848411,0.46694214876033047,0.33608247422680415,0.360356939434213,0.5492087415222304,0.44961566810571707,0.40749120160884866
126,0.7551020408163264,0.3960880195599022,0.5165289256198347,0.37938144329896906,0.389026011011961,0.5972871137905056,0.4957354954196056,0.4374057315233786
127,0.7755102040816325,0.39853300733496333,0.6239669421487604,0.44329896907216493,0.37820391114486407,0.6966088922381317,0.5603874907865638,0.4260935143288084
128,0.7959183673469387,0.40097799511002447,0.6487603305785123,0.47422680412371143,0.411809379153218,0.718613413715147,0.5901863746446239,0.46053293112116633
129,0.8163265306122448,0.4034229828850856,0.5909090909090908,0.47422680412371143,0.49781659388646293,0.6667671439336846,0.5901863746446239,0.5470085470085471
130,0.836734693877551,0.40586797066014674,0.6115702479338843,0.4680412371134022,0.45224985760394887,0.6854559155990945,0.5842897757186476,0.5017596782302665
131,0.857142857142857,0.4083129584352078,0.5785123966942147,0.45154639175257727,0.4644009872792858,0.6553127354935953,0.5683900179003896,0.5140774258421318
132,0.8775510204081631,0.41075794621026895,0.5661157024793388,0.43917525773195876,0.4547180558192516,0.6440090429540319,0.5562809308202592,0.5040221216691806
133,0.8979591836734693,0.4132029339853301,0.5785123966942147,0.4474226804123711,0.4549079172204289,0.6553127354935953,0.5643887543434767,0.504524886877828
134,0.9183673469387754,0.4156479217603912,0.5413223140495866,0.4350515463917526,0.48357698879817734,0.6207987942727957,0.5521743708539537,0.5329311211664152
135,0.9387755102040816,0.41809290953545236,0.5041322314049586,0.4185567010309279,0.5035124359217766,0.5853805576488309,0.5357481309887335,0.5527903469079939
136,0.9591836734693876,0.4205378973105135,0.4958677685950412,0.41443298969072173,0.5069299411429653,0.577392614920873,0.531641571022428,0.5563097033685269
137,0.9795918367346939,0.4229828850855746,0.5082644628099173,0.40000000000000013,0.45187013480159477,0.5894498869630738,0.5170053701168786,0.5012569130216188
138,0.0,0.4327628361858191,0.5206611570247932,0.420618556701031,0.4818682361875828,0.6012057272042206,0.5378540591765821,0.5314228255404726
139,0.020408163265306124,0.4352078239608802,0.5661157024793388,0.4494845360824742,0.4786405923675714,0.6440090429540319,0.5663893861219327,0.5281548516842635
140,0.04081632653061224,0.4376528117359413,0.6239669421487604,0.4783505154639176,0.4571862540345544,0.6966088922381317,0.5941876382015367,0.5067873303167421
141,0.06122448979591836,0.4400977995110025,0.6446280991735536,0.4783505154639176,0.4269982912473891,0.714845516201958,0.5941876382015367,0.4763700351935646
142,0.10204081632653061,0.44498777506112475,0.7272727272727273,0.5505154639175258,0.4661097398898799,0.7861341371514694,0.660524376118774,0.5158371040723982
143,0.22448979591836732,0.45965770171149145,0.6528925619834709,0.5443298969072166,0.5614201632808045,0.7222305953278063,0.6549436664209747,0.6091000502765209
144,0.24489795918367346,0.46210268948655253,0.6487603305785123,0.5360824742268042,0.5492690336054675,0.718613413715147,0.6475729177635037,0.5975364504776269
145,0.26530612244897955,0.4645476772616137,0.6487603305785123,0.5381443298969073,0.5540155686348962,0.718613413715147,0.649468253132568,0.602061337355455
146,0.2857142857142857,0.4669926650366748,0.640495867768595,0.5731958762886598,0.6449591797987466,0.7112283345892987,0.6805306939033384,0.6885369532428356
147,0.30612244897959184,0.469437652811736,0.6115702479338843,0.5752577319587628,0.6960318967153976,0.6854559155990945,0.6823207328630092,0.7357968828557064
148,0.32653061224489793,0.4718826405867971,0.5743801652892562,0.531958762886598,0.6576798936776149,0.6515448379804063,0.6438875434347686,0.7006033182503771
149,0.3469387755102041,0.47432762836185816,0.5743801652892562,0.5340206185567011,0.6626162901082209,0.6515448379804063,0.6456775823944403,0.7048768225238813
150,0.36734693877551017,0.47677261613691935,0.6115702479338843,0.5505154639175258,0.6398329219669638,0.6854559155990945,0.660524376118774,0.6837606837606837
151,0.4081632653061224,0.4816625916870416,0.6198347107438016,0.579381443298969,0.6920448072906775,0.6928409947249428,0.6859008107823525,0.7320261437908497
152,0.42857142857142855,0.4841075794621027,0.6280991735537189,0.5752577319587628,0.6692614391494205,0.700226073850791,0.6823207328630092,0.7111613876319759
153,0.4489795918367347,0.4865525672371638,0.6033057851239669,0.5608247422680412,0.6766660337953292,0.6779201205727201,0.6696851637359167,0.7182001005530417
154,0.46938775510204084,0.48899755501222497,0.5991735537190082,0.5608247422680412,0.6835010442377061,0.6743029389600608,0.6696851637359167,0.7242332830568124
155,0.48979591836734687,0.49144254278728605,0.5950413223140496,0.5608247422680412,0.6903360546800834,0.6705350414468718,0.6696851637359167,0.730517848164907
156,0.5918367346938774,0.5036674816625917,0.5743801652892562,0.5567010309278351,0.7152078982342887,0.6515448379804063,0.6659997894071807,0.7533936651583709
157,0.6734693877551019,0.5134474327628362,0.5826446280991735,0.529896907216495,0.6394531991646097,0.6592313489073103,0.6419922080657052,0.6832579185520362
158,0.693877551020408,0.5158924205378973,0.5661157024793388,0.5175257731958762,0.6377444465540152,0.6440090429540319,0.630725492260714,0.6817496229260935
159,0.7142857142857142,0.5183374083129585,0.5743801652892562,0.5030927835051546,0.5906588190620843,0.6515448379804063,0.6173528482678741,0.6372549019607844
160,0.7346938775510203,0.5207823960880196,0.6074380165289255,0.531958762886598,0.6041389785456612,0.6816880180859091,0.6438875434347686,0.6503267973856209
161,0.7551020408163264,0.5232273838630807,0.6239669421487604,0.531958762886598,0.5783178279855705,0.6966088922381317,0.6438875434347686,0.6254399195575665
162,0.7755102040816325,0.5256723716381418,0.5950413223140496,0.531958762886598,0.6240744256692614,0.6705350414468718,0.6438875434347686,0.6689291101055808
163,0.7959183673469387,0.5281173594132029,0.5826446280991735,0.49896907216494846,0.5678754509208277,0.6592313489073103,0.6135621775297464,0.6153846153846153
164,0.8163265306122448,0.5305623471882641,0.5578512396694213,0.47216494845360835,0.5449022213783934,0.6363225320271297,0.5882910392755605,0.5932629462041227
165,0.836734693877551,0.5330073349633252,0.5619834710743801,0.48659793814432994,0.5720524017467246,0.6400904295403151,0.6019795724965782,0.6196581196581197
166,0.857142857142857,0.5354523227383863,0.5785123966942147,0.47422680412371143,0.516992595405354,0.6553127354935953,0.5901863746446239,0.5661136249371544
167,0.8775510204081631,0.5378973105134475,0.5909090909090908,0.47422680412371143,0.49781659388646293,0.6667671439336846,0.5901863746446239,0.5470085470085471
168,0.8979591836734693,0.5403422982885085,0.6033057851239669,0.4824742268041238,0.49781659388646293,0.6779201205727201,0.598083605349057,0.5472599296128708
169,0.9183673469387754,0.5427872860635697,0.6570247933884297,0.48865979381443303,0.4319346876779946,0.7258477769404674,0.6038749078656416,0.4811463046757165
170,0.9387755102040816,0.5452322738386308,0.6528925619834709,0.4907216494845361,0.4423770647427374,0.7222305953278063,0.605770243234705,0.49170437405731526
171,0.9591836734693876,0.5476772616136919,0.6487603305785123,0.47422680412371143,0.411809379153218,0.718613413715147,0.5901863746446239,0.46053293112116633
172,0.9795918367346939,0.5501222493887531,0.6487603305785123,0.45360824742268036,0.36586292006834986,0.718613413715147,0.5703906496788456,0.4132730015082956
173,0.020408163265306124,0.5623471882640587,0.6528925619834709,0.45773195876288675,0.3692804252895385,0.7222305953278063,0.5743919132357584,0.4167923579688285
174,0.04081632653061224,0.5647921760391198,0.6942148760330578,0.4618556701030929,0.321435352192899,0.7581009796533529,0.5783931767926713,0.36651583710407243
175,0.06122448979591836,0.567237163814181,0.7024793388429751,0.47010309278350526,0.3280805012340986,0.7651846269781455,0.5862904074971045,0.37355455002513827
176,0.0816326530612245,0.5696821515892421,0.6983471074380165,0.45360824742268036,0.2978925384469333,0.7615674453654862,0.5703906496788456,0.3416289592760181
177,0.10204081632653061,0.5721271393643031,0.6776859504132231,0.45154639175257727,0.32124549079172215,0.7437829691032398,0.5683900179003896,0.36651583710407243
178,0.12244897959183673,0.5745721271393643,0.6735537190082643,0.45154639175257727,0.32694133282703586,0.7403165033911083,0.5683900179003896,0.37229763700351937
179,0.14285714285714285,0.5770171149144254,0.6694214876033058,0.4494845360824742,0.3280805012340986,0.7366993217784472,0.5663893861219327,0.37355455002513827
180,0.16326530612244897,0.5794621026894866,0.6611570247933884,0.4474226804123711,0.33491551167647593,0.7294649585531268,0.5643887543434767,0.3808446455505279
181,0.18367346938775508,0.5819070904645477,0.6363636363636362,0.43917525773195876,0.35124359217770973,0.7076111529766393,0.5562809308202592,0.397938662644545
182,0.20408163265306123,0.5843520782396088,0.6157024793388428,0.43917525773195876,0.3806721093601668,0.6892238131122834,0.5562809308202592,0.4286073403720463
183,0.22448979591836732,0.58679706601467,0.6322314049586777,0.4680412371134022,0.4218720334156063,0.70399397136398,0.5842897757186476,0.4708396178984413
184,0.24489795918367346,0.589242053789731,0.6280991735537189,0.4824742268041238,0.4604138978545662,0.700226073850791,0.598083605349057,0.5100553041729512
185,0.26530612244897955,0.5916870415647922,0.6363636363636362,0.4824742268041238,0.4482627681792293,0.7076111529766393,0.598083605349057,0.497737556561086
186,0.32653061224489793,0.5990220048899756,0.6446280991735536,0.48865979381443303,0.44997152078982294,0.714845516201958,0.6038749078656416,0.49949723479135244
187,0.3469387755102041,0.6014669926650367,0.6528925619834709,0.48865979381443303,0.437820391114486,0.7222305953278063,0.6038749078656416,0.4871794871794871
188,0.36734693877551017,0.6039119804400979,0.6694214876033058,0.4948453608247423,0.4277577368520977,0.7366993217784472,0.6096662103822261,0.47687280040221214
189,0.3877551020408163,0.6063569682151589,0.6859504132231404,0.48453608247422686,0.38200113916840683,0.7510173323285603,0.5999789407181213,0.4298642533936652
190,0.4081632653061224,0.60880195599022,0.6818181818181817,0.4804123711340207,0.37877349534839544,0.7474001507159009,0.596082973570601,0.42659627953745605
191,0.42857142857142855,0.6112469437652812,0.6942148760330578,0.4804123711340207,0.3614961078412757,0.7581009796533529,0.596082973570601,0.40874811463046756
192,0.46938775510204084,0.6161369193154035,0.7066115702479339,0.4804123711340207,0.3445984431365101,0.7686510926902788,0.596082973570601,0.39115133232780286
193,0.48979591836734687,0.6185819070904646,0.7024793388429751,0.48865979381443303,0.3681412568824758,0.7651846269781455,0.6038749078656416,0.41553544494720973
194,0.5918367346938774,0.6308068459657702,0.7024793388429751,0.48865979381443303,0.3681412568824758,0.7651846269781455,0.6038749078656416,0.41553544494720973
195,0.6734693877551019,0.6405867970660147,0.6942148760330578,0.48865979381443303,0.3793430795519268,0.7581009796533529,0.6038749078656416,0.4273504273504273
196,0.693877551020408,0.6430317848410758,0.6859504132231404,0.43711340206185567,0.2787165369280422,0.7510173323285603,0.5542802990418023,0.32076420311714426
197,0.7142857142857142,0.6454767726161369,0.6818181818181817,0.43917525773195876,0.28877919119043094,0.7474001507159009,0.5562809308202592,0.3315736551030669
198,0.7551020408163264,0.6503667481662592,0.6818181818181817,0.43917525773195876,0.28877919119043094,0.7474001507159009,0.5562809308202592,0.3315736551030669
199,0.7755102040816325,0.6528117359413204,0.6735537190082643,0.43917525773195876,0.29979115245870513,0.7403165033911083,0.5562809308202592,0.34338863750628457
200,0.7959183673469387,0.6552567237163814,0.6776859504132231,0.445360824742268,0.30776533130814476,0.7437829691032398,0.5623881225650198,0.352187028657617
201,0.8163265306122448,0.6577017114914425,0.6776859504132231,0.4474226804123711,0.31232200493639617,0.7437829691032398,0.5643887543434767,0.3569632981397687
202,0.836734693877551,0.6601466992665037,0.665289256198347,0.44123711340206184,0.31554964875640756,0.7330821401657879,0.5582815625987152,0.3602312719959778
203,0.857142857142857,0.6625916870415648,0.6776859504132231,0.445360824742268,0.30776533130814476,0.7437829691032398,0.5623881225650198,0.352187028657617
204,0.8775510204081631,0.665036674816626,0.6735537190082643,0.44123711340206184,0.3043478260869561,0.7403165033911083,0.5582815625987152,0.3481649069884364
205,0.8979591836734693,0.6674816625916871,0.6818181818181817,0.4494845360824742,0.31118283652933343,0.7474001507159009,0.5663893861219327,0.3557063851181498
206,0.9183673469387754,0.6699266503667481,0.690082644628099,0.4474226804123711,0.2956142016328078,0.7544837980406918,0.5643887543434767,0.3391151332327803
207,0.9387755102040816,0.6723716381418093,0.6942148760330578,0.4474226804123711,0.2901082209986705,0.7581009796533529,0.5643887543434767,0.3330819507290095
208,0.9591836734693876,0.6748166259168704,0.6859504132231404,0.445360824742268,0.2965635086386933,0.7510173323285603,0.5623881225650198,0.3401206636500754
209,0.9795918367346939,0.6772616136919316,0.6818181818181817,0.445360824742268,0.3022593506740079,0.7474001507159009,0.5623881225650198,0.34615384615384615
210,0.9999999999999998,0.6797066014669927,0.6818181818181817,0.4494845360824742,0.31118283652933343,0.7474001507159009,0.5663893861219327,0.3557063851181498
211,0.020408163265306124,0.6894865525672372,0.6859504132231404,0.4494845360824742,0.3056768558951961,0.7510173323285603,0.5663893861219327,0.34967320261437906
212,0.04081632653061224,0.6919315403422983,0.6859504132231404,0.4618556701030929,0.33263717486235,0.7510173323285603,0.5783931767926713,0.3783308195072901
213,0.06122448979591836,0.6943765281173594,0.7024793388429751,0.47216494845360835,0.33244731346117273,0.7651846269781455,0.5882910392755605,0.3783308195072901
214,0.0816326530612245,0.6968215158924206,0.7066115702479339,0.47216494845360835,0.32694133282703586,0.7686510926902788,0.5882910392755605,0.37254901960784315
215,0.10204081632653061,0.6992665036674817,0.743801652892562,0.4907216494845361,0.3172584013670017,0.8000000000000007,0.605770243234705,0.3619909502262444
216,0.12244897959183673,0.7017114914425429,0.7603305785123966,0.5030927835051546,0.32162521359407625,0.8137151469480042,0.6173528482678741,0.3667672197083962
217,0.14285714285714285,0.7041564792176039,0.756198347107438,0.5030927835051546,0.32694133282703586,0.8103993971363987,0.6173528482678741,0.37229763700351937
218,0.16326530612244897,0.706601466992665,0.7768595041322313,0.511340206185567,0.3172584013670017,0.8274302938960059,0.625039486153522,0.36224233283056806
219,0.18367346938775508,0.7090464547677262,0.78099173553719,0.5257731958762888,0.34175052211885326,0.8307460437076113,0.6382015373275767,0.3881347410759175
220,0.20408163265306123,0.7114914425427873,0.7685950413223139,0.5628865979381443,0.435162331498006,0.8206480783722689,0.6714752026955875,0.48441427853192554
221,0.22448979591836732,0.7139364303178484,0.7768595041322313,0.5628865979381443,0.42396050882855496,0.8274302938960059,0.6714752026955875,0.47310206133735544
222,0.24489795918367346,0.7163814180929096,0.7727272727272727,0.5690721649484536,0.4423770647427374,0.8239638281838726,0.6769506159839951,0.49195575666163904
223,0.32653061224489793,0.726161369193154,0.78099173553719,0.5752577319587628,0.44408581735333197,0.8307460437076113,0.6823207328630092,0.4934640522875816
224,0.3469387755102041,0.7286063569682152,0.7768595041322313,0.5670103092783505,0.4325042718815264,0.8274302938960059,0.6751605770243234,0.48190045248868774
225,0.36734693877551017,0.7310513447432763,0.7685950413223139,0.5670103092783505,0.44370609455097787,0.8206480783722689,0.6751605770243234,0.49321266968325794
226,0.3877551020408163,0.7334963325183375,0.7644628099173554,0.5670103092783505,0.4494019365862916,0.8171816126601357,0.6751605770243234,0.4989944695827049
227,0.4081632653061224,0.7359413202933985,0.78099173553719,0.5649484536082474,0.42263147902031495,0.8307460437076113,0.67326524165526,0.47184514831573654
228,0.42857142857142855,0.7383863080684596,0.7892561983471074,0.5628865979381443,0.40744256692614345,0.8375282592313482,0.6714752026955875,0.4562594268476622
229,0.4489795918367347,0.7408312958435208,0.7933884297520661,0.5628865979381443,0.40193658629200657,0.8408440090429536,0.6714752026955875,0.45072900955253903
230,0.46938775510204084,0.7432762836185819,0.7768595041322313,0.5628865979381443,0.42396050882855496,0.8274302938960059,0.6714752026955875,0.47310206133735544
231,0.48979591836734687,0.7457212713936431,0.7685950413223139,0.5628865979381443,0.435162331498006,0.8206480783722689,0.6714752026955875,0.48441427853192554
232,0.510204081632653,0.7481662591687042,0.743801652892562,0.5628865979381443,0.4691475223087145,0.8000000000000007,0.6714752026955875,0.5188536953242835
233,0.5714285714285713,0.7555012224938875,0.7520661157024793,0.5628865979381443,0.45775583823808574,0.8069329314242655,0.6714752026955875,0.5072900955253896
234,0.6530612244897959,0.7652811735941321,0.7272727272727273,0.5484536082474227,0.4617429276628058,0.7861341371514694,0.6586290407497106,0.5113122171945701
235,0.6734693877551019,0.7677261613691931,0.7190082644628097,0.5484536082474227,0.47332447313461135,0.7792012057272029,0.6586290407497106,0.522875816993464
236,0.693877551020408,0.7701711491442543,0.7148760330578512,0.5484536082474227,0.47921017657110276,0.7757347400150714,0.6586290407497106,0.528657616892911
237,0.7142857142857142,0.7726161369193154,0.743801652892562,0.5567010309278351,0.4562369470286689,0.8000000000000007,0.6659997894071807,0.5057817998994469
238,0.7346938775510203,0.7750611246943765,0.7355371900826446,0.5567010309278351,0.4676286310992972,0.793067068575736,0.6659997894071807,0.5173453996983408
239,0.7551020408163264,0.7775061124694377,0.7272727272727273,0.5257731958762888,0.41351813176381214,0.7861341371514694,0.6382015373275767,0.4625439919557567
240,0.7755102040816325,0.7799511002444988,0.7231404958677685,0.5257731958762888,0.4192139737991263,0.7826676714393361,0.6382015373275767,0.4683257918552035
241,0.7959183673469387,0.78239608801956,0.7231404958677685,0.5092783505154639,0.3840896145813555,0.7826676714393361,0.6231441507844586,0.432378079436903
242,0.8163265306122448,0.784841075794621,0.7190082644628097,0.5195876288659795,0.411809379153218,0.7792012057272029,0.6326208276297773,0.4607843137254901
243,0.836734693877551,0.7872860635696821,0.7231404958677685,0.5092783505154639,0.3840896145813555,0.7826676714393361,0.6231441507844586,0.432378079436903
244,0.857142857142857,0.7897310513447433,0.7231404958677685,0.49690721649484537,0.35769887981773296,0.7826676714393361,0.6115615457512895,0.4047259929612871
245,0.8775510204081631,0.7921760391198044,0.7231404958677685,0.5278350515463919,0.4235807860262004,0.7826676714393361,0.640096872696641,0.47285067873303166
246,0.8979591836734693,0.7946210268948656,0.7231404958677685,0.5340206185567011,0.43687108410860054,0.7826676714393361,0.6456775823944403,0.4861739567621921
247,0.9183673469387754,0.7970660146699267,0.7148760330578512,0.531958762886598,0.4438959559521547,0.7757347400150714,0.6438875434347686,0.4934640522875816
248,0.9387755102040816,0.7995110024449877,0.7024793388429751,0.5051546391752577,0.4036453389026007,0.7651846269781455,0.6192481836369375,0.4522373051784817
249,0.9591836734693876,0.8019559902200489,0.6983471074380165,0.5010309278350515,0.4004176950825893,0.7615674453654862,0.6154575128988098,0.44922071392659624
250,0.9795918367346939,0.80440097799511,0.6983471074380165,0.5010309278350515,0.4004176950825893,0.7615674453654862,0.6154575128988098,0.44922071392659624
251,0.0,0.8141809290953546,0.7107438016528924,0.5154639175257731,0.4142775773685208,0.7722682743029381,0.6288301568916497,0.4632981397687279
252,0.020408163265306124,0.8166259168704156,0.7231404958677685,0.529896907216495,0.42794759825327455,0.7826676714393361,0.6419922080657052,0.4773755656108598
253,0.04081632653061224,0.8190709046454768,0.7355371900826446,0.5628865979381443,0.48072906778052005,0.793067068575736,0.6714752026955875,0.5304172951231774
254,0.06122448979591836,0.8215158924205379,0.7479338842975205,0.5649484536082474,0.46781849250047447,0.8034664657121322,0.67326524165526,0.5173453996983408
255,0.0816326530612245,0.823960880195599,0.7479338842975205,0.5690721649484536,0.47655211695462274,0.8034664657121322,0.6769506159839951,0.5261437908496732
256,0.10204081632653061,0.8264058679706602,0.7396694214876032,0.5587628865979382,0.4662996012910572,0.7965335342878674,0.6677898283668524,0.5158371040723982
257,0.12244897959183673,0.8288508557457213,0.7355371900826446,0.5608247422680412,0.4763622555534459,0.793067068575736,0.6696851637359167,0.5261437908496732
258,0.14285714285714285,0.8312958435207825,0.7355371900826446,0.5567010309278351,0.4676286310992972,0.793067068575736,0.6659997894071807,0.5173453996983408
259,0.16326530612244897,0.8337408312958435,0.884297520661157,0.6597938144329898,0.4771217011581541,0.9130369253956285,0.7537116984310837,0.5266465560583207
260,0.18367346938775508,0.8361858190709046,0.884297520661157,0.663917525773196,0.4850958800075942,0.9130369253956285,0.7569758871222492,0.5344394167923581
261,0.20408163265306123,0.8386308068459658,0.8636363636363635,0.6907216494845361,0.5652173913043477,0.8969103240391849,0.7785616510476991,0.6128707893413775
262,0.22448979591836732,0.8410757946210269,0.8677685950413223,0.6536082474226805,0.4864249098158342,0.9000753579502643,0.7485521743708539,0.5359477124183006
263,0.30612244897959184,0.8508557457212714,0.8801652892561982,0.6865979381443299,0.5350294285171819,0.9097211755840249,0.7752974623565336,0.5837104072398189
264,0.32653061224489793,0.8533007334963325,0.8801652892561982,0.6948453608247422,0.5511676476172394,0.9097211755840249,0.7818258397388647,0.5992961287078934
265,0.3469387755102041,0.8557457212713937,0.8801652892561982,0.6721649484536083,0.5067400797417885,0.9097211755840249,0.7637148573233654,0.5560583207642031
266,0.36734693877551017,0.8581907090464548,0.8719008264462809,0.6721649484536083,0.5175621796088854,0.9033911077618697,0.7637148573233654,0.5666163901458019
267,0.3877551020408163,0.8606356968215159,0.8677685950413223,0.6721649484536083,0.5230681602430223,0.9000753579502643,0.7637148573233654,0.572146807440925
268,0.4081632653061224,0.863080684596577,0.8884297520661157,0.6783505154639176,0.5078792481488512,0.9162019593067061,0.7686637885648091,0.5570638511814981
269,0.42857142857142855,0.8655256723716381,0.8925619834710743,0.6783505154639176,0.5025631289158912,0.9193669932177837,0.7686637885648091,0.5517848164906988
270,0.4489795918367347,0.8679706601466993,0.8966942148760331,0.6969072164948453,0.533130814505411,0.9225320271288613,0.7835105822891437,0.5819507290095525
271,0.46938775510204084,0.8704156479217604,0.884297520661157,0.6927835051546392,0.541674577558382,0.9130369253956285,0.7802463935979782,0.5899949723479134
272,0.5714285714285713,0.882640586797066,0.9256198347107438,0.6845360824742268,0.4719954433263718,0.9446872645064062,0.7736127198062546,0.5213675213675213
273,0.6530612244897959,0.8924205378973106,0.9256198347107438,0.6618556701030929,0.42851718245680637,0.9446872645064062,0.7552911445719701,0.4776269482151836
274,0.6734693877551019,0.8948655256723717,0.9256198347107438,0.6618556701030929,0.42851718245680637,0.9446872645064062,0.7552911445719701,0.4776269482151836
275,0.693877551020408,0.8973105134474327,0.9256198347107438,0.6556701030927836,0.41674577558382353,0.9446872645064062,0.7503422133305255,0.4658119658119657
276,0.7142857142857142,0.8997555012224939,0.9297520661157024,0.6618556701030929,0.4233909246250236,0.9477015825169559,0.7552911445719701,0.4725992961287079
277,0.7346938775510203,0.902200488997555,0.9297520661157024,0.6618556701030929,0.4233909246250236,0.9477015825169559,0.7552911445719701,0.4725992961287079
278,0.7551020408163264,0.9046454767726162,0.9297520661157024,0.6742268041237114,0.4471235997721661,0.9477015825169559,0.7653995998736436,0.49673202614379086
279,0.7755102040816325,0.9070904645476773,0.9256198347107438,0.6556701030927836,0.41674577558382353,0.9446872645064062,0.7503422133305255,0.4658119658119657
280,0.7959183673469387,0.9095354523227384,0.921487603305785,0.6474226804123713,0.4061135371179039,0.9415222305953268,0.7434979467200167,0.4547511312217195
281,0.8163265306122448,0.9119804400977995,0.9173553719008263,0.6412371134020618,0.39927852667552655,0.938357196684251,0.7384437190691795,0.44796380090497734
282,0.836734693877551,0.9144254278728606,0.909090909090909,0.6474226804123713,0.4214923106132522,0.9320271288620958,0.7434979467200167,0.47058823529411764
283,0.857142857142857,0.9168704156479218,0.909090909090909,0.6577319587628867,0.44142775773685194,0.9320271288620958,0.7520269558808046,0.4909502262443438
284,0.8775510204081631,0.9193154034229829,0.909090909090909,0.6474226804123713,0.4214923106132522,0.9320271288620958,0.7434979467200167,0.47058823529411764
285,0.8979591836734693,0.9217603911980441,0.9049586776859504,0.6556701030927836,0.4425669261439147,0.9288620949510165,0.7503422133305255,0.4922071392659627
286,0.9183673469387754,0.9242053789731051,0.9049586776859504,0.6536082474226805,0.43857983671919465,0.9288620949510165,0.7485521743708539,0.48793363499245856
287,0.9387755102040816,0.9266503667481663,0.9049586776859504,0.6618556701030929,0.45452819441807435,0.9288620949510165,0.7552911445719701,0.5040221216691806
288,0.9591836734693876,0.9290953545232274,0.9008264462809916,0.663917525773196,0.46383140307575443,0.9256970610399389,0.7569758871222492,0.5133232780291603
289,0.9795918367346939,0.9315403422982884,0.9049586776859504,0.6804123711340206,0.49041199924055423,0.9288620949510165,0.7703485311150882,0.5399698340874811
290,0.0,0.941320293398533,0.921487603305785,0.707216494845361,0.5207898234288968,0.9415222305953268,0.7916184058123612,0.5696329813976873
291,0.020408163265306124,0.9437652811735942,0.9338842975206612,0.7525773195876289,0.5912284032656157,0.9508666164280317,0.8267874065494363,0.6380090497737556
292,0.04081632653061224,0.9462102689486553,0.9545454545454544,0.8474226804123712,0.7433073856085057,0.9663903541823657,0.8965989259766243,0.7787833081950728
293,0.06122448979591836,0.9486552567237163,0.9628099173553719,0.9113402061855671,0.85190810708183,0.9725697061039931,0.9411393071496263,0.8748114630467572
294,0.0816326530612245,0.9511002444987775,0.9545454545454544,0.865979381443299,0.7782418834250997,0.9663903541823657,0.9097609771506789,0.8102061337355454
295,0.10204081632653061,0.9535452322738387,0.9628099173553719,0.9237113402061856,0.8752610594266184,0.9725697061039931,0.9495630199010208,0.8949220713926596
296,0.12244897959183673,0.9559902200488997,0.9628099173553719,0.9237113402061856,0.8752610594266184,0.9725697061039931,0.9495630199010208,0.8949220713926596
297,0.14285714285714285,0.9584352078239609,0.975206611570248,1.0,1.0,0.9817633760361719,1.0,1.0
298,0.16326530612244897,0.960880195599022,0.9628099173553719,0.9670103092783506,0.9565217391304346,0.9725697061039931,0.9785195324839417,0.9640522875816995
299,0.18367346938775508,0.9633251833740832,0.9628099173553719,0.9628865979381445,0.9489272830833486,0.9725697061039931,0.9757818258397384,0.9575163398692812
300,0.20408163265306123,0.9657701711491442,0.9504132231404958,0.9567010309278352,0.9555724321245487,0.963376036171816,0.9716752658734338,0.9630467571644041
301,0.22448979591836732,0.9682151589242054,0.971074380165289,0.9896907216494846,0.9868995633187767,0.9787490580256222,0.9933663262082755,0.9891905480140775
302,0.24489795918367346,0.9706601466992666,0.9834710743801651,0.9896907216494846,0.9684830074045947,0.9879427279577992,0.9933663262082755,0.9738562091503267
303,0.32653061224489793,0.9804400977995109,0.9793388429752066,0.9896907216494846,0.9745585722422629,0.9847776940467217,0.9933663262082755,0.9791352438411263
304,0.3469387755102041,0.9828850855745721,0.9876033057851241,0.9896907216494846,0.962407442566926,0.990957045968349,0.9933663262082755,0.9688285570638511
305,0.36734693877551017,0.9853300733496333,0.9834710743801651,0.9896907216494846,0.9684830074045947,0.9879427279577992,0.9933663262082755,0.9738562091503267
306,0.3877551020408163,0.9877750611246945,0.9834710743801651,0.9896907216494846,0.9684830074045947,0.9879427279577992,0.9933663262082755,0.9738562091503267
307,0.4081632653061224,0.9902200488997555,0.9917355371900827,0.9896907216494846,0.9563318777292573,0.9939713639788987,0.9933663262082755,0.9638009049773755
308,0.46938775510204084,0.9975550122249388,0.9876033057851241,0.9896907216494846,0.962407442566926,0.990957045968349,0.9933663262082755,0.9688285570638511
309,0.48979591836734687,1.0,0.9999999999999998,0.9896907216494846,0.9443706094550977,1.0,0.9933663262082755,0.9537456008044243
