,f1,f2,f3,f4,f5,f6,f7
0,0.48240387832096704,0.8442842557344585,0.7002518891687657,0.46875,0.5463917525773198,0.20280112044817927,0.8260869565217391
1,0.3628306947369235,0.8461177663387351,0.6297229219143576,0.33333333333333337,0.5257731958762888,0.15126050420168066,0.5652173913043479
2,0.404232196484063,0.1622799017389922,0.3753148614609572,0.0625,0.5463917525773198,0.7823529411764707,0.13043478260869565
3,0.6119300525398785,0.6691224022305342,0.2871536523929471,0.14583333333333334,0.6804123711340208,0.20168067226890757,0.9565217391304348
4,0.6038353918059447,0.8032695236899521,0.4357682619647355,0.23958333333333337,0.5463917525773198,0.1764705882352941,0.4347826086956522
5,0.5678754512879716,0.839695741470267,0.5340050377833754,0.13541666666666669,0.5876288659793816,0.6224089635854342,0.782608695652174
6,0.5393198241838142,0.33124477366567096,0.2695214105793451,0.13541666666666669,0.5876288659793816,0.5879551820728292,0.17391304347826086
7,0.17944776081882535,0.13147265960899301,0.36523929471032746,0.3645833333333333,0.5463917525773198,0.1711484593837535,0.13043478260869565
8,0.373835643192924,0.7175446118713888,0.14861460957178846,0.5104166666666667,0.5463917525773198,0.17507002801120447,0.4782608695652174
9,0.22349656083274838,0.146349205597182,0.42821158690176325,0.28125,0.597938144329897,0.157703081232493,0.08695652173913043
10,0.5045530049445885,0.3989212135281812,0.3904282115869018,0.15625,0.5876288659793816,0.21288515406162464,0.043478260869565216
11,0.6300318487965331,0.9432369753234109,0.49370277078085645,0.09375,0.7113402061855671,0.5966386554621849,0.7391304347826086
12,0.546190423703085,0.9917823665552505,0.7758186397984886,0.3854166666666667,0.26804123711340216,0.6397759103641457,0.6956521739130435
13,0.5372101073035651,0.25897271290872004,0.43073047858942065,0.21875,0.6494845360824744,0.22605042016806723,0.17391304347826086
14,0.38810668863402115,0.5404355416792019,0.44584382871536526,0.28125,0.5670103092783506,0.6526610644257703,0.0
15,0.6667768901883662,0.7561620406451874,0.25440806045340053,0.05208333333333334,0.8556701030927836,0.7854341736694678,0.8260869565217391
16,0.2921097362177089,0.5899142703504279,0.6322418136020151,0.3958333333333333,0.5567010309278352,0.24089635854341737,1.0
17,0.43948825345995496,0.8628041341637036,0.5743073047858942,0.7083333333333334,0.44329896907216504,0.020448179271708684,0.3913043478260869
18,0.47327272973385853,0.5544521854072453,0.4408060453400504,0.22916666666666669,0.6597938144329898,0.7703081232492998,0.21739130434782608
19,0.4737658349625144,0.8346760916376281,0.4886649874055416,0.3229166666666667,0.5154639175257734,0.19047619047619047,0.4782608695652174
20,0.37301186739916964,0.858357752504495,0.6750629722921915,0.4375,0.5773195876288661,0.854341736694678,0.5652173913043479
21,0.4261454060963276,0.24983358640833275,0.473551637279597,0.010416666666666671,0.5773195876288661,0.638655462184874,0.17391304347826086
22,0.5995289394756842,0.8320703272129455,0.4156171284634761,0.4166666666666667,0.5360824742268042,0.1103641456582633,0.4347826086956522
23,0.4702986283939659,0.9191004901205997,0.3979848866498741,0.59375,0.5360824742268042,0.16946778711484592,0.6086956521739131
24,0.5236680841024808,0.8589689227059205,0.3324937027707809,0.22916666666666669,0.7010309278350517,0.226890756302521,0.8260869565217391
25,0.20470635100197043,0.1247995338050556,0.3249370277078086,0.47916666666666674,0.5463917525773198,0.15826330532212884,0.13043478260869565
26,0.5620568095898331,0.603753248322243,0.6347607052896725,0.13541666666666669,0.597938144329897,0.2871148459383754,0.9565217391304348
27,0.4942364700627114,0.8693185452254104,0.6120906801007557,0.46875,0.4020618556701032,0.6190476190476191,0.4347826086956522
28,0.5329210586872573,0.9227035516569109,0.8161209068010076,0.05208333333333334,0.5463917525773198,0.5591036414565826,0.6956521739130435
29,0.4893189539981165,0.7962173776060606,0.5491183879093199,0.40625000000000006,0.4948453608247424,0.792717086834734,0.4782608695652174
30,0.43171652830714063,0.8585638447817199,0.5214105793450882,0.47916666666666674,0.5773195876288661,0.411764705882353,0.782608695652174
31,0.21988045582260585,0.4731949751386384,0.6020151133501259,0.30208333333333337,0.5567010309278352,0.19887955182072828,0.0
32,0.5821213580311373,0.8493157499508459,0.6574307304785894,0.15625,0.2783505154639176,0.7616246498599439,0.4782608695652174
33,0.1924889438072751,0.815433705799721,0.7380352644836272,0.2916666666666667,0.463917525773196,0.15126050420168066,0.5217391304347826
34,0.640257497616658,0.7657015073162758,0.2267002518891688,0.10416666666666669,0.5670103092783506,0.1753501400560224,0.8695652173913043
35,0.17023732864593305,0.9164023395026779,0.5491183879093199,0.6458333333333334,0.5567010309278352,0.11428571428571428,0.7391304347826086
36,0.6493751099818035,0.9890960603210774,0.5566750629722922,0.020833333333333336,0.32989690721649495,0.5767507002801121,0.30434782608695654
37,0.5431293037934295,0.433198860096508,0.6372795969773299,0.08333333333333334,0.618556701030928,0.24621848739495797,0.17391304347826086
38,0.3842469316285429,0.619079880892877,0.30730478589420657,0.2604166666666667,0.5463917525773198,0.21008403361344538,0.9130434782608696
39,0.5458520181540074,0.5507448932939467,0.39294710327455923,0.03125,0.7319587628865981,0.15406162464985992,0.21739130434782608
40,0.5263037798932959,0.5368964398151328,0.13098236775818645,0.42708333333333337,0.5463917525773198,0.2184873949579832,0.21739130434782608
41,0.5159311663775716,0.7192004567194374,0.5037783375314862,0.0625,0.5773195876288661,0.761904761904762,0.3913043478260869
42,0.3865732280602013,0.8328662698008484,0.6826196473551638,0.4166666666666667,0.5360824742268042,0.896358543417367,0.5217391304347826
43,0.41249122562754886,0.4288638156445359,0.3979848866498741,0.18750000000000003,0.5360824742268042,0.1764705882352941,0.0
44,0.4049341462801495,0.827235449766784,0.8866498740554156,0.46875,0.44329896907216504,0.3778711484593838,0.5652173913043479
45,0.5011747506917976,1.0,0.5365239294710328,0.7708333333333334,0.5670103092783506,0.607843137254902,0.6956521739130435
46,0.43171652830714063,0.947614659556878,0.9496221662468514,0.5,0.4329896907216496,0.7411764705882354,0.6521739130434783
47,0.27912656560910093,0.6417595068946158,0.6649874055415617,0.75,0.6391752577319589,0.6106442577030813,0.8695652173913043
48,0.49201652966076287,0.2726529761383043,0.5062972292191436,0.3125,0.7216494845360826,0.6974789915966387,0.17391304347826086
49,0.31902554671833633,0.3687038217088603,0.47607052896725444,0.18750000000000003,0.6701030927835053,0.611764705882353,0.17391304347826086
50,0.43712908334638606,0.8605916032794729,0.2846347607052897,0.020833333333333336,0.5257731958762888,0.4873949579831933,0.5217391304347826
51,0.32965341470536474,0.5149132635778093,0.42821158690176325,0.17708333333333334,0.5670103092783506,0.804201680672269,0.26086956521739135
52,0.40563222858424647,0.330299591842536,0.49622166246851385,0.07291666666666667,0.5773195876288661,0.0196078431372549,0.17391304347826086
53,0.6055815644391846,0.8696099170656251,0.8740554156171285,0.14583333333333334,0.5360824742268042,0.6837535014005602,0.782608695652174
54,0.48520007502934454,0.47781665367732584,0.2695214105793451,0.09375,0.5876288659793816,0.15126050420168066,0.4347826086956522
55,0.2870201167595831,0.5738651303711317,0.49622166246851385,0.2604166666666667,0.5567010309278352,0.1792717086834734,1.0
56,0.23224676145889528,0.35967129466221004,0.47607052896725444,0.7083333333333334,0.5463917525773198,0.18907563025210083,0.043478260869565216
57,0.43171652830714063,0.5933728304050068,0.5717884130982368,0.375,0.5876288659793816,0.5882352941176471,0.21739130434782608
58,0.58737341215282,0.8321840332969315,0.6171284634760705,0.21875,0.8247422680412373,0.6918767507002801,0.6521739130434783
59,0.26082946100697885,0.6487784887040113,0.29722921914357686,0.6875000000000001,0.5463917525773198,0.13445378151260504,0.3913043478260869
60,0.4973033912103509,0.6070175604833457,0.47607052896725444,0.03125,0.6288659793814434,0.700280112044818,0.8695652173913043
61,0.5531499755381131,0.7676534617580382,0.5138539042821159,0.14583333333333334,0.6288659793814434,0.24929971988795516,0.9130434782608696
62,0.7519970761760559,0.8287444242563504,0.2695214105793451,0.07291666666666667,0.5360824742268042,0.5235294117647059,0.4782608695652174
63,0.41583080496044517,0.3264785936452512,0.5541561712846348,0.625,0.618556701030928,0.515406162464986,0.043478260869565216
64,0.5620568095898331,0.9334914163750976,0.5667506297229219,0.2604166666666667,0.5463917525773198,0.11624649859943978,0.7391304347826086
65,0.6063241229011604,0.8613993902511246,0.7002518891687657,0.5625,0.463917525773196,0.5518207282913166,0.5652173913043479
66,0.5903513809847021,0.9783460976308864,0.7455919395465995,0.5416666666666667,0.4536082474226805,0.5994397759103641,0.6956521739130435
67,0.2844250296346574,0.34320760125171446,0.38035264483627207,0.44791666666666663,0.5463917525773198,0.16890756302521007,0.17391304347826086
68,0.5458520181540074,0.9020066754946807,0.7128463476070529,0.15625,0.4948453608247424,0.7100840336134454,0.6086956521739131
69,0.5198373332869235,0.5217664240147248,0.5062972292191436,0.13541666666666669,0.6082474226804125,0.7647058823529412,1.0
70,0.38110266064111414,0.16798889470579748,0.5188916876574308,0.14583333333333334,0.5463917525773198,0.1711484593837535,0.13043478260869565
71,0.5407140550460134,0.8660826595853044,0.5617128463476071,0.19791666666666669,0.5567010309278352,0.10784313725490197,0.782608695652174
72,0.3834656982466725,0.8399160470079903,0.2896725440806046,0.125,0.5154639175257734,0.14313725490196078,0.6086956521739131
73,0.5003219687081224,0.9695812536569532,0.5188916876574308,0.33333333333333337,0.5360824742268042,0.22408963585434172,0.30434782608695654
74,0.5127482204702483,0.806465138425313,0.4508816120906801,0.3125,0.5360824742268042,0.4966386554621849,0.8260869565217391
75,0.620848489067567,0.8795141907561692,0.49370277078085645,0.6875000000000001,0.5257731958762888,0.22324929971988797,0.4347826086956522
76,0.3157207748133451,0.2216013133052699,0.5289672544080605,0.18750000000000003,0.5876288659793816,0.5994397759103641,0.13043478260869565
77,0.5815586379466713,0.9582864493143286,0.5743073047858942,0.5833333333333334,0.5876288659793816,0.5938375350140056,0.6521739130434783
78,0.5582898723921019,0.9764320452171196,0.4886649874055416,0.10416666666666669,0.5773195876288661,0.5966386554621849,0.30434782608695654
79,0.4365354233260044,0.5694187487119231,0.4811083123425693,0.18750000000000003,0.5567010309278352,0.226890756302521,0.9565217391304348
80,0.55637933134931,0.9617379027386586,0.3677581863979849,0.0625,0.6494845360824744,0.6831932773109244,0.6521739130434783
81,0.40633031088834354,0.8740420854643354,0.3778337531486146,0.3854166666666667,0.5567010309278352,0.11596638655462185,0.7391304347826086
82,0.6819084525971175,0.8285122743348787,0.5642317380352645,0.17708333333333334,0.8453608247422681,0.7873949579831934,0.8260869565217391
83,0.27089654265553603,0.736533527897077,0.5944584382871536,0.33333333333333337,0.5463917525773198,0.1680672268907563,0.9565217391304348
84,0.5354349284804043,0.9143982697724222,0.42821158690176325,0.5208333333333334,0.618556701030928,0.6302521008403361,0.7391304347826086
85,0.5277927643092368,0.7780409863055235,0.5516372795969773,0.6770833333333334,0.6597938144329898,0.5467787114845938,0.8260869565217391
86,0.5167182009974263,0.8977284840847015,0.23929471032745597,0.13541666666666669,0.618556701030928,0.05322128851540616,0.5652173913043479
87,0.7524631089607856,0.8806299317052835,0.4659949622166247,0.07291666666666667,0.7422680412371135,0.48179271708683474,0.7391304347826086
88,0.1725829625375388,0.13147265960899301,0.2770780856423174,0.42708333333333337,0.5670103092783506,0.17983193277310924,0.08695652173913043
89,0.48099030999882036,0.9679183021786562,0.49622166246851385,0.9375000000000001,0.5670103092783506,0.5935574229691877,0.6956521739130435
90,0.6025784569093711,0.47933510367389087,0.45340050377833757,0.10416666666666669,0.6804123711340208,0.938375350140056,0.26086956521739135
91,0.15038742601004385,0.5131674014132719,0.6095717884130982,0.4166666666666667,0.5567010309278352,0.26890756302521013,0.0
92,0.5815586379466713,0.41864448134627996,0.4433249370277078,0.16666666666666666,0.8350515463917527,0.453781512605042,0.0
93,0.5303743152121996,0.5788942557107695,0.6070528967254408,0.05208333333333334,0.5670103092783506,0.24369747899159663,0.21739130434782608
94,0.5642226051039292,0.9923627413589298,0.6272040302267002,0.09375,0.6907216494845363,0.7366946778711485,0.6956521739130435
95,0.577584789927504,0.8771713716507044,0.707808564231738,0.05208333333333334,0.5670103092783506,0.30448179271708686,0.782608695652174
96,0.6417039396207149,0.9794476253195024,0.49370277078085645,0.3229166666666667,0.6907216494845363,0.6890756302521008,0.30434782608695654
97,0.5229081219265526,0.31864708711070455,0.37279596977329976,0.34375,0.752577319587629,0.2092436974789916,0.21739130434782608
98,0.331710920443756,0.5694187487119231,0.36272040302267006,0.3645833333333333,0.5670103092783506,0.17450980392156862,0.30434782608695654
99,0.2502112617499241,0.6989062896046581,0.5919395465994962,0.47916666666666674,0.5463917525773198,0.6358543417366948,0.4347826086956522
100,0.42041184922195735,0.15444839520444575,0.3753148614609572,0.0625,0.5463917525773198,0.865546218487395,0.043478260869565216
101,0.38110266064111414,0.3835377279155543,0.30730478589420657,0.5,0.5463917525773198,0.22408963585434172,0.21739130434782608
102,0.5037137591828762,0.15444839520444575,0.4433249370277078,0.08333333333333334,0.7938144329896908,0.8095238095238095,0.08695652173913043
103,0.021507122953371538,0.3196396464688338,0.4433249370277078,0.42708333333333337,0.597938144329897,0.010644257703081233,0.17391304347826086
104,0.6235828059041133,0.8869500948735138,0.6171284634760705,0.10416666666666669,0.5463917525773198,0.23249299719887956,0.34782608695652173
105,0.4819339780442479,0.7267856000720139,0.4055415617128464,0.48958333333333337,0.5567010309278352,0.18011204481792717,0.9130434782608696
106,0.1098329050085955,0.18079741129148785,0.36523929471032746,0.625,0.5463917525773198,0.12072829131652661,0.21739130434782608
107,0.6830745014319388,0.8765104550375349,0.21410579345088165,0.14583333333333334,0.618556701030928,0.19271708683473388,0.26086956521739135
108,0.5151402642657277,0.3750642557818358,0.4156171284634761,0.07291666666666667,0.6082474226804125,0.5854341736694678,0.21739130434782608
109,0.33475657038545353,0.16034689831122773,0.5390428211586902,0.48958333333333337,0.5463917525773198,0.2184873949579832,0.13043478260869565
110,0.5977286219545919,0.9012415283045239,0.8261964735516372,0.8125,0.34020618556701043,0.5801120448179272,0.5652173913043479
111,0.560183009720941,0.9589544725577472,0.37027707808564236,0.2604166666666667,0.5876288659793816,0.1411764705882353,0.6521739130434783
112,0.4164921460906424,0.38729239756384715,0.4710327455919396,0.010416666666666671,0.5773195876288661,0.4005602240896359,0.043478260869565216
113,0.5350771854713796,0.6874385572593043,0.0604534005037784,0.23958333333333337,0.6494845360824744,0.19887955182072828,0.9130434782608696
114,0.5582898723921019,0.8279318995311993,0.38287153652392947,0.2708333333333333,0.7319587628865981,0.5910364145658263,0.8260869565217391
115,0.34552946932208656,0.7217564747323761,0.292191435768262,0.78125,0.5463917525773198,0.13165266106442577,0.4347826086956522
116,0.5576556037058309,0.810243496841103,0.2670025188916877,0.0,0.5360824742268042,0.803921568627451,0.5652173913043479
117,0.25635090528318744,0.33218758661205605,0.43073047858942065,0.75,0.5876288659793816,0.0028011204481792713,0.17391304347826086
118,0.05420290023224289,0.41068268659049934,0.6322418136020151,0.34375,0.5670103092783506,0.13165266106442577,0.043478260869565216
119,0.45415378308397675,0.7581945368964398,0.34508816120906805,0.44791666666666663,0.5876288659793816,1.0,0.8695652173913043
120,0.645780276177603,0.9595537983754243,0.36272040302267006,0.11458333333333334,0.5773195876288661,0.23529411764705882,0.6521739130434783
121,0.6114485497871913,0.854036921313021,0.33753148614609574,0.03125,0.5670103092783506,0.24929971988795516,0.26086956521739135
122,0.42864187217552224,0.6321537116745353,0.3677581863979849,0.3541666666666667,0.5360824742268042,0.153781512605042,0.4347826086956522
123,0.09649199139096276,0.458218936326962,0.3501259445843829,0.46875,0.5257731958762888,0.11988795518207283,0.34782608695652173
124,0.5943387652258325,0.8310422347035706,0.707808564231738,0.13541666666666669,0.0,0.6291316526610644,0.4347826086956522
125,0.41181634827538854,0.6922142127867228,0.5264483627204031,0.2916666666666667,0.6288659793814434,0.6246498599439776,0.9130434782608696
126,0.6023270699300562,0.8413444796880665,0.5717884130982368,0.42708333333333337,0.6082474226804125,0.8266106442577031,0.3913043478260869
127,0.34168131479257674,0.6661565685398956,0.5743073047858942,0.5416666666666667,0.5154639175257734,0.6610644257703081,0.34782608695652173
128,0.5826802106236137,0.5221880840761737,0.3400503778337532,0.13541666666666669,0.6597938144329898,0.6991596638655462,0.30434782608695654
129,0.6493751099818035,0.97963239770598,0.5642317380352645,0.04166666666666667,0.5154639175257734,0.44537815126050423,0.30434782608695654
130,0.5702752300674299,0.8972949796395042,0.38035264483627207,0.15625,0.5773195876288661,0.6162464985994398,0.7391304347826086
131,0.4519686501099334,0.5361028661039795,0.5188916876574308,0.03125,0.6701030927835053,0.4901960784313726,0.26086956521739135
132,0.37547545979645386,0.5242869088764182,0.36523929471032746,0.2708333333333333,0.5463917525773198,0.16414565826330532,0.30434782608695654
133,0.6126494060499177,0.8966032676285887,0.33753148614609574,0.4375,0.5463917525773198,0.2072829131652661,0.34782608695652173
134,0.34552946932208656,0.9096842050404959,0.7153652392947103,0.19791666666666669,0.5567010309278352,0.11764705882352942,0.7391304347826086
135,0.6154997476461477,0.8786732395100214,0.6926952141057935,0.020833333333333336,0.4948453608247424,0.823529411764706,0.6086956521739131
136,0.5943387652258325,0.9676624634896871,0.5415617128463476,0.19791666666666669,0.5463917525773198,0.19887955182072828,0.6956521739130435
137,0.2750540965442025,0.312599344768691,0.5088161209068011,0.2708333333333333,0.5463917525773198,0.6131652661064426,0.17391304347826086
138,0.5070475372777885,0.8387008132353881,0.4836272040302267,0.5729166666666666,0.5567010309278352,0.11232492997198881,0.5652173913043479
139,0.6575142468736161,0.8211095344920301,0.27959697732997485,0.30208333333333337,0.5360824742268042,0.161624649859944,0.4347826086956522
140,0.4766877251605493,0.5683788118187998,0.4609571788413098,0.6041666666666666,0.5360824742268042,0.18739495798319328,0.21739130434782608
141,0.49643127176672824,0.9929999692046021,0.5088161209068011,0.25000000000000006,0.5257731958762888,0.5823529411764706,0.6521739130434783
142,0.5292720799952042,0.7580381910309588,0.7027707808564232,0.4166666666666667,0.5360824742268042,0.5941176470588235,0.8695652173913043
143,0.6358504904946716,0.7404232235201036,0.49622166246851385,0.11458333333333334,0.6804123711340208,0.215406162464986,0.8695652173913043
144,0.5032941363020202,0.9138344771059908,0.24685138539042822,0.18750000000000003,0.5360824742268042,0.12885154061624648,0.6086956521739131
145,0.6505585625305774,0.5964736900703793,0.29722921914357686,0.08333333333333334,0.5670103092783506,0.40280112044817934,1.0
146,0.34836627469635356,0.6936497520970482,0.7506297229219143,0.3125,0.7938144329896908,0.8425770308123249,0.9565217391304348
147,0.4717914803018964,0.8708725283732213,0.5919395465994962,0.2708333333333333,0.597938144329897,0.5238095238095238,0.6086956521739131
148,0.43712908334638606,0.8257193686469686,0.9798488664987406,0.40625000000000006,0.15463917525773208,0.7756302521008402,0.3913043478260869
149,0.2578553596670863,0.8405769636211597,0.6397984886649875,1.0,0.5360824742268042,0.6918767507002801,0.6086956521739131
150,0.6988732062088716,0.9638390964156527,0.36272040302267006,0.05208333333333334,0.597938144329897,0.6868347338935574,0.6521739130434783
151,0.5953868555549755,0.9485243082287671,0.5717884130982368,0.6458333333333334,0.5567010309278352,0.15714285714285714,0.34782608695652173
152,0.39263938924566494,0.6633873516194826,0.5138539042821159,0.40625000000000006,0.5876288659793816,0.5742296918767508,0.9565217391304348
153,0.5095111296750727,0.8045534548882955,0.5541561712846348,0.59375,0.5773195876288661,0.5294117647058824,0.5652173913043479
154,0.5787276338103886,0.6823478411241741,0.38287153652392947,0.125,0.7319587628865981,0.2072829131652661,0.9565217391304348
155,0.5528251062109988,0.963903056087895,0.36523929471032746,0.010416666666666671,0.597938144329897,0.7521008403361344,0.6956521739130435
156,0.25330525534148984,0.1622799017389922,0.30730478589420657,0.45833333333333337,0.597938144329897,0.2070028011204482,0.26086956521739135
157,0.461612241385645,0.826069962405926,0.491183879093199,0.375,0.5670103092783506,0.29411764705882354,0.782608695652174
158,0.43232565829548025,0.903359304118766,0.5768261964735516,0.5520833333333334,0.463917525773196,0.17366946778711484,0.4782608695652174
159,0.3888705183019389,0.7842569188967667,0.5214105793450882,0.13541666666666669,0.6597938144329898,0.5686274509803921,0.8260869565217391
160,0.5074613589206602,0.9205952513496674,0.4987405541561713,0.20833333333333331,0.5670103092783506,0.680672268907563,0.6956521739130435
161,0.38963048047786725,0.09858317481599732,0.6322418136020151,0.3541666666666667,0.5567010309278352,0.2184873949579832,0.13043478260869565
162,0.5823998174543781,0.9114845513702767,0.42821158690176325,0.33333333333333337,0.6082474226804125,0.09103641456582634,0.7391304347826086
163,0.31902554671833633,0.736533527897077,0.4987405541561713,0.4166666666666667,0.5567010309278352,0.17450980392156862,0.8695652173913043
164,0.6176113982723912,0.9771119128442867,0.46851385390428213,0.33333333333333337,0.5360824742268042,0.21008403361344538,0.30434782608695654
165,0.5642226051039292,0.8159216944101615,0.6801007556675063,0.15625,0.463917525773196,0.2969187675070028,0.5217391304347826
166,0.37218229036743106,0.6213089939143557,0.3979848866498741,0.17708333333333334,0.463917525773196,0.6436974789915967,0.3913043478260869
167,0.23224676145889528,0.10357202925089015,0.37027707808564236,0.11458333333333334,0.5463917525773198,0.2095238095238095,0.13043478260869565
168,0.5417524766451829,0.670027313148924,0.27959697732997485,0.10416666666666669,0.7938144329896908,0.6554621848739496,0.8260869565217391
169,0.5787276338103886,0.8220641918221638,0.47607052896725444,0.05208333333333334,0.7319587628865981,0.31176470588235294,0.9130434782608696
170,0.43353811703417505,0.41733686138043935,0.6952141057934509,0.07291666666666667,0.5773195876288661,0.41904761904761906,0.043478260869565216
171,0.3112228816296064,0.3588327122928121,0.5843828715365239,0.22916666666666669,0.6288659793814434,0.6358543417366948,0.043478260869565216
172,0.23564048567964396,0.5419918937037624,0.5591939546599496,0.3854166666666667,0.5567010309278352,0.1854341736694678,1.0
173,0.5690801750426875,0.8841311315413569,0.5012594458438288,0.19791666666666669,0.5773195876288661,0.6302521008403361,0.26086956521739135
174,0.5798646764552888,0.41135544758741727,0.45340050377833757,0.03125,0.7319587628865981,0.3921568627450981,0.0
175,0.6542616861104826,0.8754705181444113,0.5541561712846348,0.20833333333333331,0.6082474226804125,0.01680672268907563,0.6086956521739131
176,0.07840566510226615,0.3264785936452512,0.5062972292191436,0.4166666666666667,0.5773195876288661,0.43137254901960786,0.13043478260869565
177,0.5948628103904039,0.9644905375218231,0.5289672544080605,0.3229166666666667,0.597938144329897,0.515406162464986,0.6521739130434783
178,0.2921097362177089,0.47267619113045156,0.5818639798488665,0.2708333333333333,0.618556701030928,0.5434173669467788,0.0
179,0.7107580090924737,0.9128656065153586,0.17632241813602018,0.2916666666666667,0.5876288659793816,0.21512605042016805,0.34782608695652173
180,0.5511872233534636,0.8979866916504202,0.5365239294710328,0.22916666666666669,0.5567010309278352,0.5882352941176471,0.34782608695652173
181,0.5414063361121262,0.8497397788890442,0.4156171284634761,0.30208333333333337,0.5463917525773198,0.1061624649859944,0.26086956521739135
182,0.5854551361260494,0.9077061929544867,0.4256926952141058,0.3541666666666667,0.5567010309278352,0.10868347338935574,0.6086956521739131
183,0.46979778818133117,0.826536631125619,0.5969773299748111,0.2708333333333333,0.6701030927835053,0.5322128851540616,0.8260869565217391
184,0.5881894529625955,0.24849990879824513,0.4005037783375315,0.19791666666666669,0.7113402061855671,0.607843137254902,0.08695652173913043
185,0.6287149677741231,0.749313617961771,0.7405541561712846,0.20833333333333331,0.6082474226804125,0.2338935574229692,0.9130434782608696
186,0.3762895668602347,0.8749943739177193,0.9244332493702772,0.3541666666666667,0.34020618556701043,0.6778711484593838,0.6521739130434783
187,0.3054506498353415,0.6505006621010516,0.6095717884130982,0.6979166666666667,0.618556701030928,0.5294117647058824,0.8695652173913043
188,0.47765266441191884,0.9084500202538961,0.6523929471032746,0.2604166666666667,0.6288659793814434,0.8823529411764706,0.6521739130434783
189,0.5147438463368081,0.6619897143371527,0.6297229219143576,0.020833333333333336,0.34020618556701043,0.19327731092436976,0.34782608695652173
190,0.6053321112058647,0.8424365318696834,0.5591939546599496,0.2708333333333333,0.5257731958762888,0.20168067226890757,0.3913043478260869
191,0.6166754652109425,0.7303128575523343,0.4231738035264484,0.15625,0.6701030927835053,0.0,0.8695652173913043
192,0.36020080018409256,0.1698626762148192,0.6624685138539043,0.33333333333333337,0.5670103092783506,0.22352941176470587,0.13043478260869565
193,0.6099982402911448,0.9638390964156527,0.3879093198992444,0.17708333333333334,0.8659793814432991,0.5873949579831933,0.6956521739130435
194,0.5127482204702483,0.6485321255220411,0.4886649874055416,0.125,0.5463917525773198,0.6428571428571429,0.9565217391304348
195,0.5471998391123332,0.8681483201110529,0.6700251889168766,0.3958333333333333,0.5360824742268042,0.5759103641456583,0.5217391304347826
196,0.5738178527297724,0.3895167728318263,0.4584382871536524,0.010416666666666671,0.752577319587629,0.6677871148459384,0.043478260869565216
197,0.36370088043455134,0.9693277838447345,0.7607052896725441,0.5416666666666667,0.29896907216494856,0.642577030812325,0.30434782608695654
198,0.5738178527297724,0.8493157499508459,0.2191435768261965,0.25000000000000006,0.6288659793814434,0.21288515406162464,0.8695652173913043
199,0.5862789119198037,0.8843159039278345,0.34508816120906805,0.23958333333333337,0.5463917525773198,0.6753501400560225,0.34782608695652173
200,0.37871061684563484,0.6563138856448438,0.4332493702770781,0.46875,0.5463917525773198,0.19607843137254902,0.9565217391304348
201,0.29084893382914584,0.7255372020249158,0.6448362720403022,0.3958333333333333,0.597938144329897,0.4397759103641457,0.9130434782608696
202,0.5919544564143322,0.8699984128525777,0.44836272040302266,0.05208333333333334,0.6701030927835053,0.2184873949579832,0.7391304347826086
203,0.36195857529330094,0.334989967806965,0.4332493702770781,0.19791666666666669,0.7319587628865981,0.5882352941176471,0.0
204,0.6126494060499177,0.9036980534939747,0.36272040302267006,0.10416666666666669,0.5360824742268042,0.6666666666666667,0.6086956521739131
205,0.39114073609975036,0.2550995994229417,0.6372795969773299,0.125,0.5567010309278352,0.21988795518207283,0.043478260869565216
206,0.5900825902914348,0.7813100362201255,0.49622166246851385,0.125,0.7835051546391754,0.7593837535014006,0.8260869565217391
207,0.30190222593501453,0.5961657360929169,0.3249370277078086,0.16666666666666666,0.5257731958762888,0.20224089635854342,0.9565217391304348
208,0.4973033912103509,0.8771713716507044,0.6297229219143576,0.4166666666666667,0.5463917525773198,0.07955182072829133,0.5217391304347826
209,0.5663613281740991,0.24849990879824513,0.4256926952141058,0.010416666666666671,0.6701030927835053,0.5072829131652661,0.17391304347826086
210,0.5508584865343598,0.5707950661035057,0.44836272040302266,0.17708333333333334,0.6391752577319589,0.19215686274509802,1.0
211,0.6065716423884857,0.8335485063047654,0.5944584382871536,0.125,0.44329896907216504,0.6756302521008404,0.5652173913043479
212,0.35753223071136714,0.8270032998453123,0.6801007556675063,0.2604166666666667,0.44329896907216504,0.36722689075630255,0.5217391304347826
213,0.3042749322705465,0.11793216010764174,0.2267002518891688,0.2708333333333333,0.6391752577319589,0.19887955182072828,0.21739130434782608
214,0.4589804130868193,0.7915317393951311,0.38035264483627207,0.04166666666666667,0.5773195876288661,0.4568627450980392,0.8260869565217391
215,0.6445658836929133,0.8577465823030694,0.36523929471032746,0.17708333333333334,0.5463917525773198,0.23249299719887956,0.6086956521739131
216,0.6738814729729992,0.8054488902996866,0.30730478589420657,0.3125,0.5567010309278352,0.1638655462184874,0.5217391304347826
217,0.596951256064711,0.8908042573452946,0.3425692695214106,0.45833333333333337,0.5463917525773198,0.12661064425770308,0.34782608695652173
218,0.45791878653571333,0.6340014355393104,0.23425692695214106,0.34375,0.5876288659793816,0.19887955182072828,0.30434782608695654
219,0.5648356025842582,0.8702897846927922,0.6826196473551638,0.4375,0.5360824742268042,0.5635854341736695,0.782608695652174
220,0.34742454039692067,0.9087792941221062,0.5591939546599496,0.30208333333333337,0.6804123711340208,0.7450980392156863,0.7391304347826086
221,0.37709980643202595,0.6603480827496024,0.5894206549118388,0.44791666666666663,0.5773195876288661,0.5518207282913166,0.9565217391304348
222,0.5961700226828404,0.870678280479745,0.35264483627204035,0.5625,0.5360824742268042,0.22128851540616246,0.7391304347826086
223,0.5011747506917976,0.8017202782956405,0.47858942065491183,0.28125,0.47422680412371143,0.24593837535014004,0.4347826086956522
224,0.31235799052851215,0.7919368173193317,0.7405541561712846,0.23958333333333337,0.1958762886597939,0.7282913165266107,0.4782608695652174
225,0.5058041386031777,0.2714424801192017,0.12090680100755669,0.3645833333333333,0.5773195876288661,0.2156862745098039,0.17391304347826086
226,0.509103109270185,0.9529422633669791,0.6045340050377834,0.28125,0.5670103092783506,0.6498599439775911,0.6086956521739131
227,0.5849040185175516,0.5895992097427163,0.4710327455919396,0.010416666666666671,0.7628865979381445,0.3369747899159664,0.9130434782608696
228,0.3367599312359924,0.5570129411736837,0.5768261964735516,0.30208333333333337,0.6701030927835053,0.6050420168067228,1.0
229,0.6394259868389247,0.8220641918221638,0.5340050377833754,0.10416666666666669,0.5773195876288661,0.6470588235294118,0.4782608695652174
230,0.38502623126441843,0.7215740712226484,0.3173803526448363,0.5520833333333334,0.5360824742268042,0.17787114845938376,0.9130434782608696
231,0.36798799530486465,0.18781639310088316,0.6196473551637279,0.375,0.5463917525773198,0.19607843137254902,0.043478260869565216
232,0.44065623604077103,0.7353372451384728,0.6700251889168766,0.3645833333333333,0.7319587628865981,0.5767507002801121,0.9130434782608696
233,0.6358504904946716,0.8146993540073102,0.32997481108312343,0.33333333333333337,0.5463917525773198,0.17675070028011203,0.4782608695652174
234,0.4145023214620667,0.8362490257994366,0.5314861460957179,0.22916666666666669,0.5360824742268042,0.16470588235294117,0.3913043478260869
235,0.6199299597200709,0.5977031371034798,0.3753148614609572,0.020833333333333336,0.6804123711340208,0.9064425770308124,1.0
236,0.5444964622117026,0.9384873774402391,0.8488664987405541,0.16666666666666666,0.030927835051546504,0.6686274509803921,0.34782608695652173
237,0.5651411344514252,0.4288638156445359,0.27204030226700254,0.0625,0.6597938144329898,0.3072829131652661,0.21739130434782608
238,0.14508896198448745,0.30951506724056643,0.6448362720403022,0.45833333333333337,0.5567010309278352,0.07142857142857144,0.043478260869565216
239,0.4915698343359806,0.8637019384518443,0.5239294710327456,0.3541666666666667,0.4845360824742269,0.5873949579831933,0.5217391304347826
240,0.5400179064879111,0.5368964398151328,0.3224181360201511,0.09375,0.6907216494845363,0.2008403361344538,1.0
241,0.3610806546116941,0.8831243589227296,0.6322418136020151,0.5104166666666667,0.5360824742268042,0.1876750700280112,0.782608695652174
242,0.5505278159692613,0.7597461511675008,0.09823677581863988,0.05208333333333334,0.5567010309278352,0.5882352941176471,0.6956521739130435
243,0.5255534864473412,0.8341122989711967,0.5894206549118388,0.42708333333333337,0.4948453608247424,0.6358543417366948,0.5217391304347826
244,0.4267738735446143,0.8373671356253005,0.5541561712846348,0.2708333333333333,0.618556701030928,0.05882352941176471,0.7391304347826086
245,0.46472170494516857,0.852369232081224,0.41057934508816124,0.3958333333333333,0.5463917525773198,0.16778711484593836,0.782608695652174
246,0.5131485058911571,0.7897692950933457,0.3979848866498741,0.11458333333333334,0.5463917525773198,0.6750700280112045,0.8260869565217391
247,0.35482885381073653,0.4935483641721605,0.6171284634760705,0.3125,0.7422680412371135,0.6890756302521008,1.0
248,0.5198373332869235,0.8261884062434117,0.6423173803526449,0.25000000000000006,0.5670103092783506,0.49299719887955185,0.782608695652174
249,0.5303743152121996,0.3105478975034408,0.44584382871536526,0.13541666666666669,1.0000000000000002,0.26330532212885155,0.21739130434782608
250,0.5919544564143322,0.7829966764659202,0.20906801007556675,0.3958333333333333,0.5360824742268042,0.16694677871148458,0.4782608695652174
251,0.5711666869709995,0.2563977438817835,0.1435768261964736,0.08333333333333334,0.7216494845360826,0.6092436974789917,0.08695652173913043
252,0.5881894529625955,0.6232419973421204,0.3501259445843829,0.13541666666666669,0.6288659793814434,0.730812324929972,0.34782608695652173
253,0.5389698161587682,0.5815355532866979,0.5239294710327456,0.15625,0.5670103092783506,0.1742296918767507,0.21739130434782608
254,0.37301186739916964,0.4017425457370878,0.5843828715365239,0.4166666666666667,0.5876288659793816,0.5630252100840336,0.0
255,0.5746938396653847,0.9468447746132218,0.5994962216624685,0.2604166666666667,0.5876288659793816,0.5798319327731093,0.30434782608695654
256,0.4458290065766701,0.14428117619468384,0.5415617128463476,0.21875,0.618556701030928,0.2184873949579832,0.08695652173913043
257,0.6116883342905375,0.8920479176388931,0.37279596977329976,0.28125,0.5567010309278352,0.2053221288515406,0.6086956521739131
258,0.33068603506654987,0.9164023395026779,0.7758186397984886,0.5312500000000001,0.41237113402061865,0.6498599439775911,0.6956521739130435
259,0.39486706463159243,0.18953856649792367,0.5793450881612091,0.19791666666666669,0.5773195876288661,0.22408963585434172,0.043478260869565216
260,0.3112228816296064,0.2430846565484044,0.5465994962216625,0.125,0.5567010309278352,0.4957983193277311,0.08695652173913043
261,0.5626794758001357,0.8658860428150785,0.5894206549118388,0.6458333333333334,0.44329896907216504,0.10952380952380954,0.3913043478260869
262,0.4990340938756331,0.8483610926207119,0.5214105793450882,0.2916666666666667,0.5567010309278352,0.2156862745098039,0.3913043478260869
263,0.5608095434232332,0.9739423557531726,0.4256926952141058,0.5312500000000001,0.5463917525773198,0.15742296918767507,0.6956521739130435
264,0.682575594965299,0.8767947202475002,0.5591939546599496,0.05208333333333334,0.7113402061855671,0.2400560224089636,0.782608695652174
265,0.6147900628660823,0.84254550020017,0.4836272040302267,0.45833333333333337,0.4329896907216496,0.15742296918767507,0.3913043478260869
266,0.28830412410008294,0.8465465330304329,0.7581863979848866,0.7291666666666666,0.34020618556701043,0.5994397759103641,0.5652173913043479
267,0.32011617945936327,0.26777072115714895,0.5692695214105794,0.8333333333333335,0.5876288659793816,0.6050420168067228,0.17391304347826086
268,0.4111376034312389,0.9120530817902077,0.5919395465994962,0.2604166666666667,0.5876288659793816,0.5378151260504201,0.6956521739130435
269,0.5614341433795305,0.30847986810094263,0.27455919395466,0.22916666666666669,0.6494845360824744,0.9803921568627452,0.043478260869565216
270,0.6328551179488371,0.7458953288119372,0.2871536523929471,0.10416666666666669,0.6597938144329898,0.23249299719887956,0.8695652173913043
271,0.5074613589206602,0.8170184843452781,0.32997481108312343,0.48958333333333337,0.5463917525773198,0.22408963585434172,0.6956521739130435
272,0.4255169386480408,0.8751838840576964,0.8740554156171285,0.2916666666666667,0.4020618556701032,0.7207282913165267,0.6956521739130435
273,0.5508584865343598,0.959153458204723,0.4181360201511335,0.28125,0.6907216494845363,0.6176470588235294,0.6956521739130435
274,0.6013137870288185,0.9509500380204718,0.3979848866498741,0.3854166666666667,0.5257731958762888,0.2156862745098039,0.30434782608695654
275,0.58737341215282,0.8076045681419242,0.41309823677581864,0.14583333333333334,0.4845360824742269,0.6946778711484594,0.5217391304347826
276,0.7759465203207698,0.9575497286451684,0.43073047858942065,0.16666666666666666,0.8865979381443301,0.226890756302521,0.30434782608695654
277,0.5511872233534636,0.9379780689390511,0.1259445843828716,0.2916666666666667,0.5567010309278352,0.21008403361344538,0.30434782608695654
278,0.5764322773146455,0.6962934185497263,0.473551637279597,0.28125,0.6597938144329898,0.2464985994397759,0.8695652173913043
279,0.4486426069990002,0.8488917210126474,0.8664987405541562,0.3541666666666667,0.5257731958762888,0.37647058823529417,0.6521739130434783
280,0.5007493265729572,0.3520150850071422,0.35768261964735515,0.2708333333333333,0.5876288659793816,0.20168067226890757,0.0
281,0.37709980643202595,0.9298978303457848,0.6700251889168766,0.6770833333333334,0.4329896907216496,0.7789915966386556,0.6521739130434783
282,0.5798646764552888,0.7908566095214631,0.6297229219143576,0.96875,0.618556701030928,0.734733893557423,0.5217391304347826
283,0.5131485058911571,0.8670681123131845,0.6574307304785894,0.8125,0.5051546391752578,0.6106442577030813,0.6086956521739131
284,0.5372101073035651,0.9092743893627959,0.49622166246851385,0.375,0.5567010309278352,0.21288515406162464,0.34782608695652173
285,0.38810668863402115,0.44281886857708685,0.6851385390428212,0.23958333333333337,0.5567010309278352,0.22408963585434172,0.17391304347826086
286,0.5547723884276903,0.9815203924755,0.3400503778337532,0.11458333333333334,0.4845360824742269,0.6899159663865547,0.6521739130434783
287,0.3696761555582628,0.18433177540205747,0.2443324937027708,0.375,0.597938144329897,0.21316526610644254,0.13043478260869565
288,0.5770085336210748,0.4380574263101664,0.2241813602015114,0.05208333333333334,0.5567010309278352,0.18403361344537816,0.0
289,0.5826802106236137,0.8341122989711967,0.36523929471032746,0.2708333333333333,0.5154639175257734,0.2333333333333333,0.5652173913043479
290,0.404232196484063,0.6865976060131569,0.42821158690176325,0.2708333333333333,0.5567010309278352,0.6168067226890757,0.9130434782608696
291,0.572937998302171,0.8275860435257414,0.44836272040302266,0.45833333333333337,0.5463917525773198,0.16638655462184873,0.4782608695652174
292,0.5007493265729572,0.37110823160981754,0.5188916876574308,0.09375,0.597938144329897,0.2072829131652661,0.0
293,0.5648356025842582,0.8568250892474316,0.4357682619647355,0.40625000000000006,0.5360824742268042,0.15966386554621848,0.6086956521739131
294,0.31902554671833633,0.5400446770154996,0.36523929471032746,0.18750000000000003,0.5463917525773198,0.4056022408963586,1.0
295,0.7353513906534321,0.8891981589089901,0.2947103274559194,0.19791666666666669,0.6597938144329898,0.4369747899159664,0.26086956521739135
296,0.09300738110846185,0.2333011955720954,0.35768261964735515,0.40625000000000006,0.5463917525773198,0.1484593837535014,0.13043478260869565
297,0.32011617945936327,0.722843789160494,0.5919395465994962,0.48958333333333337,0.4948453608247424,0.20784313725490197,0.34782608695652173
298,0.4828718448516914,0.2304301169514451,0.6146095717884131,0.28125,0.5567010309278352,0.21288515406162464,0.08695652173913043
299,0.4131641692337145,0.07751438500406249,0.3979848866498741,0.5208333333333334,0.597938144329897,0.18207282913165265,0.08695652173913043
300,0.5003219687081224,0.8349035038056005,0.6498740554156172,0.125,0.5154639175257734,0.6890756302521008,0.6521739130434783
301,0.5206108316848148,0.3850467024051205,0.2821158690176323,0.0625,0.7731958762886599,0.8151260504201681,0.4347826086956522
302,0.4838058441671453,0.5738651303711317,0.23677581863979855,0.40625000000000006,0.5360824742268042,0.21512605042016805,0.21739130434782608
303,0.7554584815066201,0.743424590361988,0.4256926952141058,0.10416666666666669,0.7010309278350517,0.3137254901960784,0.8695652173913043
304,0.712051685162947,0.9640996728581208,0.2015113350125945,0.3229166666666667,0.5876288659793816,0.22156862745098038,0.6956521739130435
305,0.4838058441671453,0.22457899137965742,0.34760705289672544,0.03125,0.5670103092783506,0.284873949579832,0.043478260869565216
306,0.41181634827538854,0.9267874951734134,0.5919395465994962,0.5,0.4845360824742269,0.9411764705882353,0.34782608695652173
307,0.5974694999912982,0.9499124700040982,0.6297229219143576,0.19791666666666669,0.2886597938144331,0.6851540616246499,0.34782608695652173
308,0.23052766126958152,0.6460448049348442,0.4987405541561713,0.48958333333333337,0.5567010309278352,0.17899159663865546,0.9565217391304348
309,0.6343576385867411,0.8035277312556703,0.5440806045340051,0.3229166666666667,0.618556701030928,0.11792717086834735,0.8260869565217391
310,0.21988045582260585,0.09605084557055577,0.3047858942065491,0.25000000000000006,0.5567010309278352,0.211484593837535,0.21739130434782608
311,0.43712908334638606,0.17356286169786883,0.309823677581864,0.2916666666666667,0.618556701030928,0.19887955182072828,0.043478260869565216
312,0.5531499755381131,0.8121101717198758,0.36272040302267006,0.5208333333333334,0.5567010309278352,0.15966386554621848,0.6086956521739131
313,0.8025258590183146,0.5179359503104413,0.128463476070529,0.0625,0.8659793814432991,0.22549019607843138,1.0
314,0.5678754512879716,0.518364717002139,0.20654911838790935,0.22916666666666669,0.5360824742268042,0.16890756302521007,0.21739130434782608
315,0.51394714298698,0.8051930516107177,0.32997481108312343,0.28125,0.7216494845360826,0.20448179271708683,0.8695652173913043
316,0.5524983031378896,0.8577465823030694,0.6221662468513853,0.59375,0.5670103092783506,0.49859943977591037,0.6086956521739131
317,0.38963048047786725,0.664081432507148,0.5340050377833754,0.20833333333333331,0.618556701030928,0.5350140056022409,0.9565217391304348
318,0.5699774331842415,0.15043314911368477,0.5113350125944585,0.0,0.6907216494845363,0.30952380952380953,0.08695652173913043
319,0.8428405955164167,0.8475082969908159,0.4634760705289673,0.03125,0.7010309278350517,0.6106442577030813,0.4782608695652174
320,0.23224676145889528,0.36950923980376227,0.7455919395465995,0.09375,0.13402061855670117,0.7971988795518208,0.26086956521739135
321,0.596951256064711,0.8319566211289593,0.21158690176322426,0.40625000000000006,0.5360824742268042,0.15854341736694677,0.6086956521739131
322,0.6000413821642872,0.8404656264139234,0.5491183879093199,0.14583333333333334,0.6701030927835053,0.6918767507002801,0.5652173913043479
323,0.24864492749419387,0.27862017667082806,0.45340050377833757,0.2604166666666667,0.5567010309278352,0.2072829131652661,0.17391304347826086
324,0.6107253287851628,0.7177293842578665,0.5516372795969773,0.14583333333333334,0.6082474226804125,0.2464985994397759,0.9130434782608696
325,0.4819339780442479,0.9140761025344613,0.41057934508816124,0.40625000000000006,0.5463917525773198,0.21008403361344538,0.7391304347826086
326,0.576144149161431,0.9112381881883067,0.654911838790932,0.14583333333333334,0.5360824742268042,0.45658263305322133,0.34782608695652173
327,0.5982449321351844,0.857133043224894,0.5239294710327456,0.6666666666666667,0.5876288659793816,0.15294117647058822,0.3913043478260869
328,0.4028205619079111,0.32744035760563395,0.4332493702770781,0.5312500000000001,0.6082474226804125,0.24089635854341737,0.043478260869565216
329,0.5403659807669623,0.372697747908874,0.5365239294710328,0.09375,0.7319587628865981,0.5126050420168068,0.0
330,0.3970676675735935,0.35373725840418246,0.6246851385390428,0.33333333333333337,0.5567010309278352,0.19299719887955183,0.17391304347826086
331,0.39633671158758604,0.6874385572593043,0.5818639798488665,0.2604166666666667,0.5773195876288661,0.20588235294117646,0.8695652173913043
332,0.5217614105516784,0.9009880584923049,0.26196473551637284,0.23958333333333337,0.597938144329897,0.13557422969187674,0.7391304347826086
333,0.5485379913406854,0.8214672348812364,0.5919395465994962,0.2708333333333333,0.5463917525773198,0.21008403361344538,0.4347826086956522
334,0.3426501215359357,0.7358512913931601,0.41309823677581864,0.6041666666666666,0.5360824742268042,0.17058823529411762,0.8695652173913043
335,0.5521715000647804,0.8241938120201544,0.6070528967254408,0.5312500000000001,0.4948453608247424,0.14817927170868347,0.4347826086956522
336,0.5702752300674299,0.8834915348189347,0.6272040302267002,0.33333333333333337,0.5463917525773198,0.21008403361344538,0.26086956521739135
337,0.5544494528465707,0.8205125775511024,0.6574307304785894,0.6041666666666666,0.5051546391752578,0.6610644257703081,0.5652173913043479
338,0.3007052371642775,0.17539163454864615,0.5214105793450882,0.28125,0.618556701030928,0.6022408963585434,0.043478260869565216
339,0.5849040185175516,0.9655304744149467,0.5566750629722922,0.3125,0.5360824742268042,0.13977591036414566,0.6521739130434783
340,0.2652074619390445,0.4218851047398855,0.2644836272040303,0.3645833333333333,0.5463917525773198,0.13025210084033612,0.0
341,0.3696761555582628,0.3021620738094617,0.5012594458438288,0.0625,0.6288659793814434,0.18599439775910365,0.17391304347826086
342,0.3566349725698131,0.5748790096200085,0.5617128463476071,0.2604166666666667,0.6701030927835053,0.669467787114846,0.9565217391304348
343,0.5573365356167006,0.9174375386423019,0.5768261964735516,0.44791666666666663,0.5360824742268042,0.5966386554621849,0.6956521739130435
344,0.3834656982466725,0.7811679036151429,0.3879093198992444,0.47916666666666674,0.5154639175257734,0.215406162464986,0.4782608695652174
345,0.55637933134931,0.7856450806720978,0.35516372795969775,0.5,0.5360824742268042,0.12857142857142856,0.5217391304347826
346,0.47861180242530416,0.8189514877730426,0.7329974811083123,0.18750000000000003,0.6082474226804125,0.5952380952380952,0.8260869565217391
347,0.3985218445616295,0.8671676051366723,0.46851385390428213,0.25000000000000006,0.5463917525773198,0.22408963585434172,0.7391304347826086
348,0.488410093380594,0.9172788239000713,0.5894206549118388,0.23958333333333337,0.5876288659793816,0.5378151260504201,0.6521739130434783
349,0.5011747506917976,0.7014907341385934,0.48614609571788414,0.08333333333333334,0.6082474226804125,0.8207282913165267,0.9130434782608696
350,0.5314707491912107,0.7092701253846463,0.6120906801007557,0.125,0.6597938144329898,0.17759103641456583,0.9565217391304348
351,0.7155962415712844,0.9311012197346382,0.5264483627204031,0.10416666666666669,0.6082474226804125,0.42016806722689076,0.34782608695652173
352,0.32227617373547507,0.8626027796399782,1.0,0.4375,0.18556701030927847,0.7929971988795519,0.4347826086956522
353,0.4973033912103509,0.690357013414949,0.4508816120906801,0.25000000000000006,0.6804123711340208,0.19887955182072828,0.9130434782608696
354,0.25483291467732544,0.43624760447338673,0.7481108312342569,0.17708333333333334,0.5773195876288661,0.4235294117647059,0.08695652173913043
355,0.23224676145889528,0.6376518746106159,0.6498740554156172,0.3645833333333333,0.5567010309278352,0.15826330532212884,0.34782608695652173
356,0.599786127692983,0.9606150551592954,0.5717884130982368,0.18750000000000003,0.5876288659793816,0.4901960784313726,0.30434782608695654
357,0.40633031088834354,0.7318834228373932,0.44836272040302266,0.33333333333333337,0.5876288659793816,0.1515406162464986,0.9565217391304348
358,0.5318342934382196,0.8664782620025062,0.48614609571788414,0.18750000000000003,0.618556701030928,0.6103641456582634,0.26086956521739135
359,0.7939090868658039,0.12926960423176137,0.10831234256926953,0.020833333333333336,0.7938144329896908,0.715406162464986,0.13043478260869565
360,0.09991472180163241,0.0450939378075097,0.5113350125944585,0.20833333333333331,0.5567010309278352,0.20448179271708683,0.08695652173913043
361,0.6337156349164912,0.9556641027523978,0.41309823677581864,0.14583333333333334,0.6701030927835053,0.1876750700280112,0.30434782608695654
362,0.6028298438886857,0.970981259816033,0.32745591939546603,0.22916666666666669,0.5567010309278352,0.23809523809523808,0.6956521739130435
363,0.49643127176672824,0.8705811565330066,0.5314861460957179,0.48958333333333337,0.5670103092783506,0.37254901960784315,0.26086956521739135
364,0.5058041386031777,0.7210292295702148,0.33501259445843834,0.23958333333333337,0.5670103092783506,0.18879551820728294,0.9130434782608696
365,0.6341449265273209,0.890981923101523,0.5642317380352645,0.08333333333333334,0.7835051546391754,0.09215686274509804,0.782608695652174
366,0.6078015048411329,0.8363627318834228,0.5440806045340051,0.16666666666666666,0.7628865979381445,0.7366946778711485,0.782608695652174
367,0.47908943768600215,0.7763164440317334,0.42065491183879095,0.3229166666666667,0.5463917525773198,0.11512605042016807,0.8695652173913043
368,0.6835734078985789,0.842981373522117,0.5138539042821159,0.15625,0.44329896907216504,0.7478991596638656,0.3913043478260869
369,0.646984999932319,0.9372484549001403,0.292191435768262,0.11458333333333334,0.5463917525773198,0.673109243697479,0.6086956521739131
370,0.0,0.48234594602277436,0.3753148614609572,0.375,0.5876288659793816,0.08095238095238096,0.0
371,1.0,0.8162888703063667,0.35264483627204035,0.05208333333333334,0.6907216494845363,0.23865546218487396,0.5652173913043479
372,0.5835175226393312,0.686175945951708,0.1259445843828716,0.2708333333333333,0.5670103092783506,0.22436974789915964,0.9130434782608696
373,0.6487814499614217,0.9109941938830866,0.6272040302267002,0.40625000000000006,0.4948453608247424,0.22128851540616246,0.34782608695652173
374,0.5248012592553917,0.399629507676345,0.23929471032745597,0.18750000000000003,0.618556701030928,0.2156862745098039,0.08695652173913043
375,0.5232871361415192,0.5876875262056989,0.6498740554156172,0.03125,0.6907216494845363,0.5305322128851541,1.0
376,0.4084052203406873,0.7649458356331178,0.5793450881612091,0.21875,0.5876288659793816,0.20896358543417365,0.8260869565217391
377,0.33475657038545353,0.7530019590610719,0.8564231738035264,0.13541666666666669,0.32989690721649495,0.7764705882352941,0.5652173913043479
378,0.45086641489293805,0.2333011955720954,0.48614609571788414,0.08333333333333334,0.7216494845360826,0.12885154061624648,0.13043478260869565
379,0.2844250296346574,0.34140488604518393,0.5894206549118388,0.13541666666666669,0.618556701030928,0.6106442577030813,0.043478260869565216
380,0.6000413821642872,0.5772313042324722,0.43828715365239296,0.18750000000000003,0.752577319587629,0.534733893557423,0.21739130434782608
381,0.7072695313179833,0.8799808594758625,0.47858942065491183,0.2708333333333333,0.752577319587629,0.7759103641456583,0.7391304347826086
382,0.6461824953445066,0.8405769636211597,0.3904282115869018,0.10416666666666669,0.5876288659793816,0.22436974789915964,0.5652173913043479
383,0.5772966617742892,0.9910266948720927,0.7531486146095718,0.3229166666666667,0.5567010309278352,0.5554621848739496,0.30434782608695654
384,0.38580166340830463,0.33124477366567096,0.3224181360201511,0.48958333333333337,0.5360824742268042,0.19047619047619047,0.26086956521739135
385,0.27642125496247555,0.33684242942523945,0.6070528967254408,0.17708333333333334,0.5463917525773198,0.20476190476190473,0.043478260869565216
386,0.6030831646139951,0.9325983498404562,0.5591939546599496,0.20833333333333331,0.5257731958762888,0.02072829131652661,0.34782608695652173
387,0.4682894663054428,0.2304301169514451,0.6372795969773299,0.4166666666666667,0.618556701030928,0.5092436974789917,0.043478260869565216
388,0.06261082781732286,0.3235719818733551,0.6473551637279596,0.5312500000000001,0.7113402061855671,0.7086834733893558,0.21739130434782608
389,0.57205427638258,0.8561049507155194,0.3249370277078086,0.25000000000000006,0.5051546391752578,0.23361344537815126,0.3913043478260869
390,0.5657521981857596,0.9994930603755616,0.9924433249370277,0.21875,0.30927835051546404,0.638655462184874,0.6521739130434783
391,0.4990340938756331,0.8966032676285887,0.4987405541561713,0.3125,0.6288659793814434,0.607843137254902,0.782608695652174
392,0.5521715000647804,0.8248997372915685,0.4659949622166247,0.375,0.5360824742268042,0.20252100840336132,0.3913043478260869
393,0.37218229036743106,0.6254332083356036,0.29722921914357686,0.3125,0.5567010309278352,0.20812324929971987,1.0
394,0.5837940483165773,0.8267711499238408,0.36272040302267006,0.3541666666666667,0.5463917525773198,0.6044817927170869,0.3913043478260869
395,0.26807327350323223,0.3967844866999415,0.5239294710327456,0.07291666666666667,0.6907216494845363,0.8319327731092437,0.21739130434782608
396,0.38110266064111414,0.10109181529394218,0.5314861460957179,0.375,0.5670103092783506,0.5420168067226891,0.08695652173913043
397,0.5007493265729572,0.817380922487984,0.4634760705289673,0.2604166666666667,0.5463917525773198,0.23249299719887956,0.6521739130434783
398,0.49246322498554523,0.9334156123191069,0.9622166246851385,0.23958333333333337,0.26804123711340216,0.6789915966386555,0.5652173913043479
399,0.29828805467086666,0.3646411980831048,0.5012594458438288,0.18750000000000003,0.7422680412371135,0.6296918767507004,0.21739130434782608
400,0.3842469316285429,0.3245455902174865,0.5743073047858942,0.42708333333333337,0.7113402061855671,0.7058823529411765,0.17391304347826086
401,0.41583080496044517,0.9352657050606314,0.5541561712846348,0.5208333333333334,0.463917525773196,0.023809523809523808,0.34782608695652173
402,0.4828718448516914,0.9222368829372176,0.33753148614609574,0.4166666666666667,0.5463917525773198,0.04201680672268907,0.6521739130434783
403,0.6842347490287761,0.8232486301970194,0.37027707808564236,0.2604166666666667,0.5567010309278352,0.2072829131652661,0.3913043478260869
404,0.53966983220886,0.9781613252444088,0.6801007556675063,0.2916666666666667,0.5051546391752578,0.6246498599439776,0.6956521739130435
405,0.5956498450102585,0.7390777015262673,0.2015113350125945,0.5416666666666667,0.5567010309278352,0.16946778711484592,0.3913043478260869
406,0.3779061785118277,0.9014973669934927,0.37027707808564236,0.3854166666666667,0.5257731958762888,0.21400560224089638,0.6086956521739131
407,0.026530995047676476,0.0633248132732902,0.5012594458438288,0.42708333333333337,0.5567010309278352,0.31652661064425774,0.13043478260869565
408,0.6159715816688613,0.8389211187731114,0.3954659949622166,0.13541666666666669,0.6288659793814434,0.17731092436974788,0.8260869565217391
409,0.542442823965301,0.743590411734468,0.491183879093199,0.0625,0.597938144329897,0.2464985994397759,0.8695652173913043
410,0.32227617373547507,0.847828095352027,0.5214105793450882,0.625,0.5567010309278352,0.11876750700280113,0.5217391304347826
411,0.51394714298698,0.9455087281263845,0.4836272040302267,0.7083333333333334,0.5360824742268042,0.2033613445378151,0.30434782608695654
412,0.6371190278672134,0.8589689227059205,0.32745591939546603,0.125,0.5670103092783506,0.6633053221288516,0.3913043478260869
413,0.5389698161587682,0.8350148410128371,0.35516372795969775,0.40625000000000006,0.5360824742268042,0.27450980392156865,0.782608695652174
414,0.48704100121632626,0.8369194179196051,0.6297229219143576,0.33333333333333337,0.5360824742268042,0.2487394957983193,0.8260869565217391
415,0.4819339780442479,0.8203941337136169,0.7632241813602014,0.6354166666666667,0.5360824742268042,0.6526610644257703,0.5217391304347826
416,0.3146069371203814,0.6108172387898829,0.32745591939546603,0.21875,0.5154639175257734,0.20588235294117646,0.3913043478260869
417,0.6360612688080969,0.9580187662416111,0.32745591939546603,0.33333333333333337,0.618556701030928,0.2156862745098039,0.30434782608695654
418,0.5357907377434343,0.8610961740271617,0.7758186397984886,0.6145833333333334,0.34020618556701043,0.6134453781512605,0.5652173913043479
419,0.22879502485830477,0.7341338557496193,0.3047858942065491,0.3645833333333333,0.5463917525773198,0.1400560224089636,0.8695652173913043
420,0.5198373332869235,0.8070999973942357,0.5088161209068011,0.14583333333333334,0.4020618556701032,0.9355742296918768,0.4347826086956522
421,0.625607437960594,0.7970133201939635,0.22921914357682624,0.17708333333333334,0.5463917525773198,0.21092436974789913,0.8260869565217391
422,0.49599424517191965,0.8794218045629303,0.7581863979848866,0.22916666666666669,0.2783505154639176,0.6767507002801121,0.6086956521739131
423,0.5217614105516784,0.8271193748060481,0.1511335012594459,0.18750000000000003,0.6082474226804125,0.22128851540616246,0.6086956521739131
424,0.3762895668602347,0.8765104550375349,0.9168765743073048,0.33333333333333337,0.38144329896907225,0.7061624649859944,0.6956521739130435
425,0.6262765140747701,0.8217064914329573,0.4005037783375315,0.10416666666666669,0.6804123711340208,0.4400560224089636,0.782608695652174
426,0.32965341470536474,0.1622799017389922,0.5365239294710328,0.16666666666666666,0.5876288659793816,0.5663865546218487,0.043478260869565216
427,0.8812602609396845,0.8873125330162197,0.5113350125944585,0.09375,0.7010309278350517,0.2661064425770308,0.6086956521739131
428,0.011051358359873947,0.36299482874205546,0.3400503778337532,0.375,0.5567010309278352,0.1246498599439776,0.26086956521739135
429,0.5544494528465707,0.9273986653748392,0.6246851385390428,0.09375,0.6907216494845363,0.7254901960784313,0.7391304347826086
430,0.4652360813797664,0.7179141566443441,0.4408060453400504,0.13541666666666669,0.5463917525773198,0.1764705882352941,0.9130434782608696
431,0.4164921460906424,0.5015006834209423,0.5365239294710328,0.125,0.597938144329897,0.5459383753501401,1.0
432,0.8360260746309929,0.9510874328719554,0.3400503778337532,0.125,0.7113402061855671,0.6582633053221288,0.30434782608695654
433,0.27367920314195054,0.08828329870825136,0.5667506297229219,0.34375,0.5670103092783506,0.18487394957983191,0.08695652173913043
434,0.5354349284804043,0.5798891839456484,0.6246851385390428,0.10416666666666669,0.6701030927835053,0.6274509803921569,1.0
435,0.4712945075812512,0.12253251875558147,0.3853904282115869,0.16666666666666666,0.6907216494845363,0.24089635854341737,0.08695652173913043
436,0.3100819714927166,0.20288955585929802,0.32745591939546603,0.4166666666666667,0.5463917525773198,0.21288515406162464,0.17391304347826086
437,0.5940738420245546,0.8519499408965252,0.3400503778337532,0.04166666666666667,0.5360824742268042,0.6011204481792717,0.4347826086956522
438,0.7203165155444171,0.8608948195034363,0.46851385390428213,0.04166666666666667,0.618556701030928,0.4081232492997199,0.7391304347826086
439,0.28311394985023136,0.48630433907154247,0.6926952141057935,0.46875,0.6597938144329898,0.5966386554621849,0.0
440,0.546190423703085,0.7317104948346642,0.6901763224181361,0.18750000000000003,0.6288659793814434,0.24677871148459382,0.8695652173913043
441,0.40702452570045106,0.32744035760563395,0.7279596977329975,0.19791666666666669,0.7010309278350517,0.09915966386554623,0.13043478260869565
442,0.5639151394907673,0.2045051298026015,0.5012594458438288,0.20833333333333331,0.7835051546391754,0.7703081232492998,0.043478260869565216
443,0.48704100121632626,0.6905654745689238,0.33753148614609574,0.22916666666666669,0.5257731958762888,0.19887955182072828,0.4347826086956522
444,0.5911538855725145,0.7641877950732101,0.5289672544080605,0.08333333333333334,0.6494845360824744,0.21008403361344538,0.8695652173913043
445,0.3042749322705465,0.0,0.5314861460957179,0.5520833333333334,0.5876288659793816,0.592436974789916,0.08695652173913043
446,0.4702986283939659,0.8629036269871915,0.6221662468513853,0.22916666666666669,0.4536082474226805,0.6588235294117647,0.5217391304347826
447,0.5417524766451829,0.8196739951817047,0.5214105793450882,0.3229166666666667,0.4845360824742269,0.9859943977591037,0.4347826086956522
448,0.42864187217552224,0.35798939216991466,0.12090680100755669,0.07291666666666667,0.7422680412371135,0.16526610644257703,0.26086956521739135
449,0.6190056291345907,0.8326388576328763,0.72544080604534,0.23958333333333337,0.34020618556701043,0.6932773109243697,0.5652173913043479
450,0.5259286331703186,0.2690001681902492,0.44584382871536526,0.08333333333333334,0.7731958762886599,0.7535014005602241,0.17391304347826086
451,0.5790138282176083,0.7402550332708739,0.6473551637279596,0.21875,0.597938144329897,0.17086834733893558,0.8695652173913043
452,0.4304924670924775,0.2524819906145104,0.0,0.25000000000000006,0.6391752577319589,0.23529411764705882,0.17391304347826086
453,0.2517640597836911,0.7563183865106682,0.8916876574307304,0.3229166666666667,0.5257731958762888,0.11064425770308124,0.6956521739130435
454,0.6278331796005268,0.8417827218867631,0.47607052896725444,0.10416666666666669,0.7010309278350517,0.615686274509804,0.782608695652174
455,0.57205427638258,0.95457915720103,0.4508816120906801,0.5,0.5567010309278352,0.1546218487394958,0.6521739130434783
456,0.37709980643202595,0.6682151224353947,0.38287153652392947,0.03125,0.5051546391752578,0.2661064425770308,0.4347826086956522
457,0.6575142468736161,0.7141950201472966,0.42821158690176325,0.18750000000000003,0.7628865979381445,0.23249299719887956,0.9130434782608696
458,0.2921097362177089,0.2216013133052699,0.4156171284634761,0.22916666666666669,0.5463917525773198,0.22324929971988797,0.13043478260869565
459,0.3933858151996303,0.4747465894096996,0.5566750629722922,0.8437500000000001,0.618556701030928,0.5823529411764706,0.26086956521739135
460,0.3873409252201086,0.6470444709232224,0.34760705289672544,0.2916666666666667,0.5463917525773198,0.23529411764705882,0.9565217391304348
461,0.3397282313379008,0.30109134151859207,0.48614609571788414,0.10416666666666669,0.6391752577319589,0.57703081232493,0.21739130434782608
462,0.5066337156349165,0.24171070803357164,0.24181360201511337,0.10416666666666669,0.597938144329897,0.21008403361344538,0.043478260869565216
463,0.58737341215282,0.957011993622984,0.6272040302267002,0.46875,0.5257731958762888,0.16526610644257703,0.6086956521739131
464,0.42041184922195735,0.5899142703504279,0.5239294710327456,0.375,0.5567010309278352,0.18207282913165265,0.21739130434782608
465,0.4197640443137232,0.7829966764659202,0.6926952141057935,0.17708333333333334,0.30927835051546404,0.5585434173669468,0.4782608695652174
466,0.607310333358472,0.861297528550887,0.778337531486146,0.17708333333333334,0.17525773195876299,0.7602240896358543,0.4347826086956522
467,0.2007189667608401,0.30743756233106945,0.49622166246851385,0.3645833333333333,0.5463917525773198,0.2156862745098039,0.17391304347826086
468,0.42864187217552224,0.7107956820114607,0.4710327455919396,0.40625000000000006,0.6597938144329898,0.6526610644257703,0.9130434782608696
469,0.5614341433795305,0.7800355805287806,0.35264483627204035,0.28125,0.5463917525773198,0.22408963585434172,0.8260869565217391
470,0.3397282313379008,0.6548759774577688,0.4710327455919396,0.07291666666666667,0.6082474226804125,0.9299719887955182,0.9565217391304348
471,0.4692969479686964,0.9109136520735963,0.34760705289672544,0.3541666666666667,0.5567010309278352,0.0392156862745098,0.7391304347826086
472,0.5854551361260494,0.8582558908042575,0.7178841309823678,0.15625,0.42268041237113413,0.7403361344537815,0.5652173913043479
473,0.4707975348606059,0.7813100362201255,0.5692695214105794,0.5729166666666666,0.5773195876288661,0.511484593837535,0.8260869565217391
474,0.5350771854713796,0.8314994279162649,0.3324937027707809,0.3958333333333333,0.5360824742268042,0.19747899159663865,0.6956521739130435
475,0.6222195149778296,0.5742038797463407,0.16624685138539047,0.2604166666666667,0.597938144329897,0.22549019607843138,0.21739130434782608
476,0.20470635100197043,0.20288955585929802,0.5138539042821159,0.33333333333333337,0.5876288659793816,0.33333333333333337,0.13043478260869565
477,0.5229081219265526,0.5798891839456484,0.5944584382871536,0.05208333333333334,0.5876288659793816,0.7302521008403361,0.21739130434782608
478,0.41249122562754886,0.7024761868664735,0.5843828715365239,0.3229166666666667,0.5773195876288661,0.5378151260504201,0.9130434782608696
479,0.5732319276933697,0.8776404092471475,0.4634760705289673,0.03125,0.5257731958762888,0.2736694677871149,0.26086956521739135
480,0.5758540872622218,0.8116150764791858,0.44584382871536526,0.08333333333333334,0.5257731958762888,0.2521008403361345,0.5217391304347826
481,0.23052766126958152,0.7368746461490354,0.7682619647355164,0.40625000000000006,0.42268041237113413,0.6470588235294118,0.6086956521739131
482,0.6013137870288185,0.9650116904067598,0.24181360201511337,0.21875,0.5567010309278352,0.22969187675070027,0.30434782608695654
483,0.07067068112335168,0.4003354329477591,0.5012594458438288,0.3645833333333333,0.5876288659793816,0.08683473389355743,0.17391304347826086
484,0.546190423703085,0.9801203863164205,0.6624685138539043,0.23958333333333337,0.47422680412371143,0.1879551820728291,0.6521739130434783
485,0.27642125496247555,0.2200970765692032,0.292191435768262,0.30208333333333337,0.5463917525773198,0.18207282913165265,0.8260869565217391
486,0.5498684085850587,0.8539326907360338,0.5340050377833754,0.40625000000000006,0.5360824742268042,0.21260504201680674,0.5652173913043479
487,0.5103252367388533,0.4422290182664086,0.5088161209068011,0.14583333333333334,0.7113402061855671,0.5801120448179272,0.0
488,0.5332826691882715,0.8324114454649039,0.6372795969773299,0.20833333333333331,0.5154639175257734,0.6862745098039216,0.3913043478260869
489,0.5007493265729572,0.8572349049251318,0.5088161209068011,0.18750000000000003,0.5463917525773198,0.40336134453781514,0.6956521739130435
490,0.5979858101718907,0.24171070803357164,0.3047858942065491,0.14583333333333334,0.6391752577319589,0.5098039215686275,0.17391304347826086
491,0.40909170016881596,0.3646411980831048,0.6372795969773299,0.21875,0.5463917525773198,0.1795518207282913,0.17391304347826086
492,0.5303743152121996,0.7632757775245713,0.4584382871536524,0.16666666666666666,0.6597938144329898,0.21008403361344538,0.8695652173913043
493,0.5099191500799605,0.07751438500406249,0.12090680100755669,0.40625000000000006,0.5773195876288661,0.2184873949579832,0.13043478260869565
494,0.25934821157501675,0.10845665310879538,0.5138539042821159,0.20833333333333331,0.5670103092783506,0.15966386554621848,0.13043478260869565
495,0.5966921341014171,0.8421096268782231,0.5566750629722922,0.48958333333333337,0.4536082474226805,0.21288515406162464,0.4347826086956522
496,0.3327319383289727,0.5690728927064654,0.707808564231738,0.6458333333333334,0.47422680412371143,0.5826330532212886,0.3913043478260869
497,0.570573026950618,0.8600870325317844,0.5994962216624685,0.44791666666666663,0.47422680412371143,0.5938375350140056,0.5652173913043479
498,0.33475657038545353,0.39390393257229217,0.6801007556675063,0.020833333333333336,0.2886597938144331,0.29831932773109243,0.26086956521739135
499,0.5431293037934295,0.9558654572761232,0.5869017632241813,0.5833333333333334,0.597938144329897,0.5742296918767508,0.6956521739130435
