,f1,f2,f3
0,0.23952095808383236,0.5596330275229358,0.25
1,0.2095808383233533,0.33944954128440363,0.375
2,0.0658682634730539,0.43425076452599387,0.42500000000000004
3,0.10179640718562874,0.9357798165137614,0.125
4,0.1317365269461078,0.8929663608562691,0.19999999999999996
5,0.10778443113772455,0.28134556574923547,0.050000000000000044
6,0.04191616766467066,0.03669724770642202,0.10000000000000009
7,0.08982035928143713,0.7614678899082569,0.30000000000000004
8,0.05988023952095809,0.8654434250764526,0.2250000000000001
9,0.07784431137724551,0.8165137614678899,0.27500000000000013
10,0.10179640718562874,0.17737003058103976,0.025000000000000133
11,0.07784431137724551,1.0,0.17500000000000004
12,0.1976047904191617,0.9174311926605504,0.2250000000000001
13,0.02994011976047905,0.21712538226299696,0.0
14,0.17365269461077845,0.963302752293578,0.27500000000000013
15,0.05988023952095809,0.11314984709480122,0.125
16,0.0,0.0030581039755351695,0.050000000000000044
17,0.05988023952095809,0.9571865443425076,0.40000000000000013
18,0.017964071856287428,0.055045871559633024,0.10000000000000009
19,0.18562874251497008,0.2599388379204893,0.10000000000000009
20,0.1317365269461078,0.01834862385321101,0.25
21,0.2634730538922156,0.7492354740061162,0.5999999999999999
22,0.6826347305389221,0.6605504587155964,0.55
23,0.21556886227544914,0.8318042813455657,0.4750000000000001
24,0.16766467065868265,0.36697247706422015,0.6250000000000002
25,0.4191616766467066,0.8685015290519877,0.825
26,0.22754491017964074,0.9663608562691132,0.7500000000000002
27,0.1317365269461078,0.4311926605504587,0.6250000000000002
28,0.11976047904191618,0.5626911314984709,0.5
29,0.21556886227544914,0.8470948012232415,0.375
30,0.11377245508982035,0.09174311926605505,0.19999999999999996
31,0.0658682634730539,0.345565749235474,0.40000000000000013
32,0.0718562874251497,0.39755351681957185,0.4750000000000001
33,0.8023952095808383,0.8012232415902141,0.675
34,0.28742514970059885,0.7370030581039755,0.7
35,0.18562874251497008,0.7003058103975535,0.5999999999999999
36,0.37724550898203596,0.5137614678899083,0.6500000000000001
37,0.23353293413173654,0.9388379204892966,0.6500000000000001
38,0.45508982035928147,0.8226299694189603,0.7750000000000001
39,0.5748502994011976,0.7951070336391437,0.8750000000000002
40,0.5748502994011976,0.8103975535168195,0.8750000000000002
41,0.5029940119760479,0.5137614678899083,0.8
42,0.05389221556886228,0.7859327217125383,0.40000000000000013
43,0.15568862275449102,0.5137614678899083,0.5999999999999999
44,0.035928143712574856,0.1253822629969419,0.575
45,0.28143712574850305,0.7737003058103975,0.5999999999999999
46,0.2035928143712575,0.8165137614678899,0.6250000000000002
47,0.35928143712574856,0.8501529051987767,0.675
48,0.46706586826347307,0.5504587155963303,0.7500000000000002
49,0.37125748502994016,0.6513761467889908,0.7
50,0.08982035928143713,0.0,0.42500000000000004
51,0.47305389221556887,0.8776758409785933,0.7249999999999999
52,0.6407185628742514,0.6605504587155964,0.7
53,0.11377245508982035,0.22629969418960247,0.6250000000000002
54,0.30538922155688625,0.2293577981651376,0.7249999999999999
55,0.4850299401197605,0.6299694189602446,0.7750000000000001
56,0.29341317365269465,0.8195718654434251,0.7249999999999999
57,0.37724550898203596,0.7522935779816514,0.6500000000000001
58,0.3473053892215569,0.7553516819571865,0.5999999999999999
59,0.22754491017964074,0.2324159021406728,0.5999999999999999
60,0.04790419161676647,0.051987767584097865,0.5999999999999999
61,0.08982035928143713,0.21406727828746178,0.6250000000000002
62,0.7245508982035929,0.7584097859327217,0.8
63,0.5269461077844311,0.6788990825688074,0.825
64,0.6526946107784432,0.6116207951070336,0.825
65,0.2574850299401198,0.5657492354740061,0.7249999999999999
66,0.16167664670658685,0.8134556574923547,0.6250000000000002
67,0.38323353293413176,0.4587155963302752,0.575
68,0.125748502994012,0.19571865443425077,0.5
69,0.3473053892215569,0.13455657492354742,0.55
70,0.1317365269461078,0.33027522935779813,0.4750000000000001
71,0.17964071856287428,0.7247706422018348,0.5250000000000001
72,0.2574850299401198,0.5596330275229358,0.5250000000000001
73,0.11976047904191618,0.7706422018348623,0.5
74,0.04790419161676647,0.08868501529051989,0.375
75,0.2634730538922156,0.6269113149847094,0.55
76,1.0000000000000002,0.7064220183486238,0.5999999999999999
77,0.4311377245508982,0.636085626911315,0.7249999999999999
78,0.44910179640718567,0.599388379204893,1.0000000000000002
79,0.7005988023952096,0.6666666666666666,0.925
80,0.4970059880239522,0.7033639143730887,0.9750000000000003
81,0.5029940119760479,0.5535168195718654,0.925
82,0.5688622754491018,0.4892966360856269,0.8499999999999999
83,0.46107784431137727,0.581039755351682,0.8750000000000002
84,0.4311377245508982,0.5382262996941896,0.9000000000000001
85,0.5389221556886228,0.5565749235474006,0.9000000000000001
86,0.2754491017964072,0.2691131498470948,0.7500000000000002
87,0.18562874251497008,0.2599388379204893,0.675
88,0.11377245508982035,0.7492354740061162,0.575
89,0.1317365269461078,0.6513761467889908,0.5250000000000001
90,0.11976047904191618,0.6819571865443425,0.44999999999999996
91,0.13772455089820362,0.7706422018348623,0.40000000000000013
92,0.2574850299401198,0.7003058103975535,0.5999999999999999
93,0.11976047904191618,0.7706422018348623,0.4750000000000001
94,0.16167664670658685,0.7064220183486238,0.5
95,0.04790419161676647,0.051987767584097865,0.3500000000000001
96,0.0718562874251497,0.3211009174311926,0.3500000000000001
97,0.2694610778443114,0.7033639143730887,0.5250000000000001
98,0.10179640718562874,0.6636085626911314,0.25
99,0.0718562874251497,0.06116207951070337,0.4750000000000001
100,0.13772455089820362,0.7064220183486238,0.27500000000000013
101,0.08982035928143713,0.5932721712538226,0.6250000000000002
102,0.0718562874251497,0.7064220183486238,0.17500000000000004
103,0.1317365269461078,0.021406727828746176,0.3500000000000001
104,0.2095808383233533,0.40366972477064217,0.5999999999999999
105,0.035928143712574856,0.12844036697247707,0.30000000000000004
106,0.07784431137724551,0.039755351681957186,0.15000000000000013
107,0.17365269461077845,0.5688073394495413,0.32499999999999996
108,0.07784431137724551,0.5626911314984709,0.44999999999999996
109,0.10179640718562874,0.37920489296636084,0.4750000000000001
110,0.11377245508982035,0.6605504587155964,0.27500000000000013
