,PPT,GDP,PRPE,OOCP,ESE,EPE,UNEMP,LEB,TDP
0,0.0003501099108395719,0.00015077893365724728,0.030103092783505155,0.00010993868883411317,0.000533571586304289,0.0002387213746719626,0.5033333333333334,0.820595099183197,0.33333333333333326
1,0.05287165656865028,0.036845057987705675,0.2647422680412371,0.11202496415547503,0.05447675735436989,0.06272730670230398,0.3506666666666667,0.6088098016336054,0.6666666666666667
2,0.001203018928343229,0.005109797813866602,0.009072164948453608,0.00023323410792359473,0.0006704570887726771,0.0005364221493782313,0.08666666666666667,0.8071761960326722,0.33333333333333326
3,0.0012648527437369025,0.0009413307128401438,0.006597938144329897,0.0003679500236442021,0.001618111325426779,0.0006865297848362283,0.14,0.6143523920653442,0.0
4,0.0014413961787819378,2.1615784024003186e-05,1.0,0.0011297266847074415,0.0009737534879446831,0.002813123231375964,0.19666666666666668,0.20390898483080488,0.6666666666666667
5,0.001498466225803399,0.006767990668608997,0.10268041237113402,0.00010076619225825209,0.002077309552835492,0.0010423699398253244,0.25,0.9011085180863476,0.6666666666666667
6,0.0014113183400105214,0.00010597678925418581,0.4470103092783505,0.0011458400865634263,0.0015256248326080046,0.0029334741406706424,0.0,0.2861726954492414,0.6666666666666667
7,0.002374170040936256,0.0001384991780401796,0.28329896907216495,0.015692041320078797,0.0014290079536904913,0.003574189470782995,0.07,0.25933488914819125,0.6666666666666667
8,0.000946532554084054,0.0007057907386893295,0.004123711340206186,0.00014959866061203133,0.0008603809037834798,0.00032650622022387273,0.35333333333333333,0.7499999999999998,0.0
9,0.00047736135210614403,0.00021843487318096405,0.0053608247422680414,2.0855533359426543e-05,0.0004704872451687784,0.00019046613408079294,0.8966666666666666,0.7797549591598598,0.33333333333333326
10,0.0012576797511947206,0.0009528864067740189,0.0012371134020618556,0.0003566115708107137,0.0010886032221215903,0.0004794106764107178,0.16333333333333336,0.6791131855309216,0.0
11,0.0,4.067186479513838e-06,0.28329896907216495,0.0,1.2086573132072243e-05,3.8810581431742795e-05,0.35,0.5945157526254372,0.6666666666666667
12,5.6925289726547015e-05,7.140687561503808e-06,0.25773195876288657,0.00017344058820545916,7.746146512626107e-05,0.00010791611360266905,0.05999999999999999,0.5767211201866977,0.9999999999999998
13,0.014206389055017896,0.018604936585539328,0.04288659793814433,0.0035730566133872605,0.013819092279096732,0.00709062758365181,0.26866666666666666,0.7835472578763125,0.33333333333333326
14,0.0010794050133931957,0.00894915203907784,0.0511340206185567,2.090475963800898e-05,0.0010315348781298947,0.0006394914602757608,0.11666666666666667,0.9670361726954491,0.6666666666666667
15,0.002398059677516238,0.0032857856736499677,0.1670103092783505,0.0016544131793581284,0.0026869376391736323,0.002009687452682828,0.18000000000000002,0.927654609101517,0.6666666666666667
16,0.0030033214683900344,0.00041861324936142677,0.6189690721649485,0.014414324033193017,0.0024439543843257925,0.00438479462334844,0.1,0.0542590431738621,0.6666666666666667
17,0.003088152135600956,0.00039097403833775044,0.5249484536082474,0.0031644949099125467,0.0034681264002796746,0.005728132235887026,0.10999999999999999,0.1689031505250873,0.6666666666666667
18,0.006534006433580545,0.004803669902221852,0.06474226804123712,0.005066549088059397,0.008446924790398136,0.0062842545173508535,0.30333333333333334,0.7085764294049006,0.33333333333333326
19,2.2340279005777682e-05,6.1544030868612075e-06,0.3719587628865979,1.0567241135696848e-05,5.210166914747469e-05,5.973458335393051e-05,0.2733333333333333,0.6840723453908983,0.6666666666666667
20,0.0006068374554349931,0.0006220598667315506,0.17237113402061854,0.0002500859039583163,0.0007570701936863397,0.0006281498028696165,0.24333333333333335,0.8663943990665113,0.6666666666666667
21,0.0001104551876032147,0.00027945923189369155,0.0053608247422680414,1.867316834227176e-05,5.0008306371941705e-05,4.041134754755788e-05,0.4866666666666667,0.8876896149358224,0.6666666666666667
22,0.011105514392215689,0.04947283434305161,0.01690721649484536,6.374803076425817e-05,0.012625040968905338,0.003947839713416859,0.13333333333333333,0.908401400233372,0.0
23,0.0007288507761659997,0.004395499353362186,0.03958762886597938,0.00011492695173046697,0.0009217856249964854,0.0006166801954351012,0.18666666666666665,0.8999416569428236,0.9999999999999998
24,0.0013847993820605004,0.0008141986143732336,0.2878350515463918,0.002929324568364709,0.0015860224861106614,0.001729909417276741,0.4666666666666667,0.6942823803967328,0.6666666666666667
25,0.2782624070969236,0.1619748418724972,0.030927835051546393,0.10339833778281461,0.2460030811835205,0.23303361762383248,0.11933333333333335,0.7085764294049006,0.6666666666666667
26,0.4240314758928807,0.1313620507080222,0.1402061855670103,0.3424245409144953,0.4804016260678646,0.494820488279783,0.15533333333333335,0.5641773628938156,0.6666666666666667
27,0.3117877440086742,0.275497275774092,0.030515463917525774,0.1064644457706004,0.27145383720808913,0.2508443283296083,0.11733333333333332,0.735997666277713,0.6666666666666667
28,0.05628215138372138,0.04934528104653296,0.03134020618556701,0.018211360214130376,0.06405650303392704,0.02928828163879598,0.22066666666666668,0.6473162193698949,0.0
29,0.12446043632808293,0.29845686914744823,0.05072164948453608,0.023343659201616383,0.13752664895708755,0.06860156482439654,0.267,0.793173862310385,0.33333333333333326
30,0.0021419135035600483,0.0012831989183072284,0.05567010309278351,0.0010309295435924869,0.003252610389049236,0.002841982916579508,0.12,0.763418903150525,0.6666666666666667
31,0.04659028384419729,0.1709035726288024,0.09195876288659793,0.003095906295087682,0.04934136345650794,0.02520651440546534,0.351,0.9320303383897317,0.6666666666666667
32,0.006353505931853413,0.01758451021339016,0.0956701030927835,0.0004634654128536607,0.005736402047994023,0.004084045300140115,0.7899999999999999,0.9737456242707114,0.6666666666666667
33,0.06996736128760858,0.2372312868184982,0.06556701030927835,0.006719255756426667,0.07527705427455153,0.039750658105407885,0.30700000000000005,0.9034422403733953,0.6666666666666667
34,0.06529141762073933,0.01031397231182735,0.45649484536082474,0.2746214626344897,0.05180987656022474,0.0995681196994545,0.22966666666666669,0.350641773628938,0.6666666666666667
35,0.0007037884815375883,0.003451604959124207,0.013608247422680412,2.172519761438296e-05,0.0008920912124042742,0.0004557440934456218,0.2533333333333333,0.9168611435239205,0.6666666666666667
36,0.0036409547642885344,0.0004747219421938409,0.10927835051546392,0.0067754557578082845,0.003935772024321699,0.005692496762224533,0.04666666666666667,0.3386814469078179,0.6666666666666667
37,0.0016423026384398953,6.664746499749403e-05,0.5624742268041237,0.006829900021920462,0.001206847408301212,0.0023720238531341063,0.026666666666666665,0.26341890315052474,0.6666666666666667
38,0.0021574191997987195,0.0007311748763476022,0.3839175257731959,0.004219151519781769,0.0019989836292375854,0.003328588000563737,0.06333333333333332,0.6423570595099182,0.6666666666666667
39,0.16255868745154292,0.6390241708522325,0.05938144329896907,0.037892814011846694,0.15988355212683353,0.10550224174569055,0.21233333333333335,0.9008168028004666,0.6666666666666667
40,0.0009489789661413944,0.003693956222509634,0.021855670103092785,2.4875679443659038e-05,0.0006791386462547235,0.00041736603874022003,0.07333333333333333,0.9999999999999998,0.6666666666666667
41,0.0010481439111388038,0.00022936581175727868,0.06762886597938143,0.0008788367515322787,0.0010380579303446548,0.00156595536353112,0.09666666666666668,0.6837806301050173,0.6666666666666667
42,0.0966006903097731,0.008145566271010372,0.4144329896907217,0.37063539918467175,0.06834731572316752,0.1654634857933579,0.18666666666666665,0.32351225204200684,0.6666666666666667
43,0.0005353241838903392,0.000710946893899293,0.007835051546391752,3.7395562963125956e-05,0.0005988285175701677,0.0001901824188004921,0.5233333333333333,0.8060093348891482,0.0
44,0.0013104959170996994,0.0017551461154262178,0.07134020618556701,0.00025512339313325246,0.0014570385918311647,0.0005131185550805791,0.22666666666666668,0.763418903150525,0.0
45,0.6170854570869815,0.3418249899637878,0.10350515463917524,0.2564444787715694,0.6577711237285114,0.5831623503725943,0.15366666666666667,0.6519836639439902,0.6666666666666667
46,0.8407367771016481,0.37243778112826276,0.1690721649484536,0.9626015490951972,0.8418921159982421,0.896192784599721,0.15566666666666668,0.5848891481913652,0.6666666666666667
47,0.2236028785216455,0.030212286568736094,0.29072164948453605,0.7061505560460954,0.1840677831782234,0.31299693357187225,0.16233333333333333,0.3999416569428236,0.6666666666666667
48,0.07900903249874987,0.016308977248203703,0.08865979381443298,0.2723466014398785,0.06910998288932099,0.09230668856325569,0.14166666666666666,0.3973162193698949,0.6666666666666667
49,0.034998357119021044,0.011334398683976517,0.0911340206185567,0.03294578632818546,0.039713549660468354,0.041464665559375995,0.17333333333333334,0.5598016336056009,0.6666666666666667
50,0.14454540452987466,0.013757911317830787,0.3752577319587629,0.43379744032868456,0.114904577112532,0.22065677773163048,0.17300000000000001,0.40140023337222863,0.6666666666666667
51,0.010714510476696417,0.005403170395859487,0.05154639175257732,0.0007276628500056094,0.010148684357059857,0.010315284001387691,0.39333333333333337,0.7494165694282378,0.6666666666666667
52,0.0010831308265090113,0.003923552156243196,0.056907216494845356,0.0003917919512376299,0.0012984465547458328,0.0011649391131988256,0.16999999999999998,0.9466161026837805,0.6666666666666667
53,0.002332853747135521,0.0028010831468791137,0.0016494845360824743,7.733448365301125e-05,0.0028721782372097353,0.0015273478332313573,0.10333333333333333,0.6394399066511085,0.0
54,0.0007552989393970999,7.741332740108462e-05,0.0012371134020618556,0.00012718429509749423,0.0010920804226949104,0.0005710048168290203,0.23666666666666664,0.6038506417736291,0.0
55,0.08243244142750862,0.07332530079203836,0.19752577319587628,0.057097593345289736,0.10887354437737706,0.0876452353818233,0.18466666666666667,0.7298716452742122,0.6666666666666667
56,0.0008728953032388569,0.00013189045453757523,0.28536082474226804,0.0005923890364610677,0.0010044567288551283,0.001177725771468855,0.013333333333333329,0.4789964994165694,0.33333333333333326
57,0.0005571087105792962,7.83177240624485e-06,0.2490721649484536,0.007253623419198567,0.0003391406151073093,0.0009177702551320229,0.09333333333333332,0.32467911318553067,0.6666666666666667
58,0.08621170097505369,0.07944785902493337,0.19670103092783503,0.05960939702747773,0.11287565258559829,0.09084211134502972,0.186,0.7362893815635936,0.6666666666666667
59,0.12831244777928794,0.012163495111347714,0.3954639175257732,0.4022092655375242,0.09807022903582481,0.20275349796185063,0.171,0.393523920653442,0.6666666666666667
60,0.08552805152505535,0.00516081913247406,0.4222680412371134,0.31875122973397185,0.062222710200128616,0.1467452422254809,0.166,0.33751458576429405,0.6666666666666667
61,0.3973452268541924,0.07511104694329941,0.12783505154639174,0.4984359088374609,0.4223544404314361,0.4603116758105877,0.14166666666666666,0.5119603267211199,0.6666666666666667
62,0.8373928710554362,0.36095798444158467,0.16865979381443297,0.9621006881193804,0.8400632810362485,0.8944642353468762,0.15466666666666667,0.5828471411901985,0.6666666666666667
63,0.00024206436060507535,1.4538929922996966e-05,0.36082474226804123,0.0010745112088974727,0.00017712771690098463,0.00047560694458903725,0.84,0.0,0.9999999999999998
64,0.3078929389404094,0.24998661647036277,0.061855670103092786,0.0883801385814913,0.28896920954209615,0.22097271416690198,0.13666666666666666,0.7415402567094513,0.6666666666666667
65,0.00035544196522397796,0.0005989257016206195,0.022268041237113404,2.6910365625066515e-06,0.0004350796599890108,0.00011688374167806063,0.3433333333333334,0.7079929988331386,0.0
66,0.0002261679160831775,0.000381686014971109,0.03134020618556701,4.9193461063383776e-05,0.0001608315303153385,0.00012593481542412893,0.3,0.7144107351225204,0.6666666666666667
67,0.05730379837417675,0.045136022261417656,0.2424742268041237,0.040333633400318814,0.06208621379200287,0.06652536978142319,0.34199999999999997,0.6753208868144689,0.6666666666666667
68,0.017221314934795562,0.016564083841240994,0.03381443298969072,0.005573481304901351,0.022822921992102046,0.020309697146844545,0.13,0.7882147024504083,0.6666666666666667
69,0.7518163780373599,0.3558558525808388,0.11876288659793814,0.6433429441078762,0.7777873406173179,0.7476854813400515,0.15333333333333332,0.6108518086347725,0.6666666666666667
70,0.002304866143100182,0.00016078179145058978,0.8272164948453608,0.016889125962646544,0.0016388019892939478,0.003000629825670089,0.23666666666666664,0.24183197199533235,0.6666666666666667
71,1.0420596972990923e-05,0.00011911642867198613,0.01979381443298969,7.285489230200933e-06,0.0,0.0,0.16333333333333336,0.9349474912485414,0.6666666666666667
72,0.007311614248878531,0.0008185825479972533,0.008247422680412371,0.00465813506342043,0.005565348428297066,0.007166876065232664,0.07666666666666666,0.4714119019836638,0.33333333333333326
73,0.04902068940841582,0.02000802284724443,0.27051546391752573,0.03749078299466392,0.052436019148526296,0.05854270658747606,0.396,0.658401400233372,0.6666666666666667
74,0.00035234352554140106,0.00013810851989565475,0.002061855670103093,0.00016267644195543254,0.00044960115382634976,0.00029931544843386326,0.12666666666666668,0.5764294049008163,0.33333333333333326
75,0.003700135568250585,0.00019850006055592751,0.2643298969072165,0.011111618141780511,0.0013263152169610654,0.007851568654552827,0.7200000000000001,0.15548424737456235,0.9999999999999998
76,0.0004983065344038482,5.157358833482246e-05,0.1439175257731959,0.0024652028051299494,0.00026186929563265266,0.0007901985138014522,0.9999999999999999,0.38856476079346547,0.6666666666666667
77,0.00012523062392025418,0.00014546746738503663,0.04041237113402062,5.155632243534083e-05,0.00018093943297249756,0.00011317319085530245,0.22333333333333333,0.7144107351225204,0.6666666666666667
78,0.0025841480036531378,8.732696820699645e-05,0.15876288659793814,0.020230933928013034,0.0008536219301120996,0.0031333140050907866,0.13666666666666666,0.3430571761960326,0.6666666666666667
79,0.003832145406305638,0.00023486356410875242,0.4214432989690722,0.002844737413000552,0.005517245099656938,0.00608834633478076,0.05666666666666668,0.58051341890315,0.33333333333333326
80,0.175558530238234,0.623717775269995,0.05731958762886597,0.04559569285814813,0.1894219044360984,0.12418240070947067,0.21133333333333335,0.8873978996499414,0.6666666666666667
81,0.0005350029907297875,0.00101578484204074,0.0,8.722896564808143e-05,0.0006353488069333978,0.00029099452430621627,0.20666666666666667,0.7990081680280048,0.0
82,0.0038277739012787305,0.00563276632959305,0.4746391752577319,0.008388518863157165,0.0035055463602722547,0.005000576387062588,0.333,0.48862310385064167,0.6666666666666667
83,0.025438247641781223,0.003094455728871999,0.09402061855670102,0.09207603116870126,0.0198181030780352,0.026991186434884858,0.14,0.48074679113185526,0.33333333333333326
84,0.0042175805045575766,0.002545976553841822,0.1731958762886598,0.002646700094263401,0.0046490911120601885,0.004828085841206739,0.10666666666666669,0.7243290548424735,0.6666666666666667
85,0.11376743780463434,0.01886004317857662,0.36329896907216497,0.5355004086683605,0.0819325534993013,0.1895991669407301,0.22600000000000003,0.25262543757292866,0.6666666666666667
86,0.019760247150324834,0.02613058108013943,0.015670103092783504,0.0036035933148679,0.01590021530861162,0.007929363662563554,0.13666666666666666,0.6029754959159861,0.0
87,0.23701092255577116,0.03289090579562766,0.13319587628865978,0.18578018868399765,0.26965815801379006,0.265766439194881,0.09666666666666668,0.5373395565927654,0.33333333333333326
88,0.004205652420816902,0.009599673851322934,0.03958762886597938,0.001975368515715629,0.005967071611292596,0.005163911552084024,0.15333333333333332,0.7187864644107351,0.6666666666666667
89,0.0007927906655811117,0.000301729873980787,0.24989690721649482,0.0006624544396434055,0.001047262388368613,0.0010472028349186844,0.17333333333333334,0.6724037339556592,0.6666666666666667
90,0.0009336735335628615,0.0005460787031901246,0.018556701030927835,5.871054158932193e-05,0.0009118681207790108,0.0003625464053891484,0.7066666666666667,0.7535005834305715,0.0
91,0.13414205171799054,0.022559088777617347,0.33731958762886594,0.5600898865283411,0.09876986643968722,0.22002058793839116,0.23233333333333334,0.2584597432905482,0.6666666666666667
92,0.13415464050653017,0.022559088777617347,0.33731958762886594,0.5600972376526095,0.09878193716734832,0.22003282663675708,0.23233333333333334,0.2584597432905482,0.6666666666666667
93,0.005113699367993728,0.006627682042438487,0.4107216494845361,0.009508269022071898,0.004949294123177853,0.006503085225655842,0.324,0.529171528588098,0.6666666666666667
94,0.0002355610255014021,0.0006139286467114382,0.03216494845360825,3.375281834802549e-05,0.00020238011579877223,0.00012179730091974153,0.2833333333333333,0.8990665110851805,0.6666666666666667
95,0.0012870320129636558,0.0073037145139873095,0.0,2.2808175743196613e-05,0.0014022607986981473,0.0010195558934623088,0.23333333333333334,0.9410735122520417,0.6666666666666667
96,0.2748091632902576,0.1619748418724972,0.030927835051546393,0.10248617484068202,0.2418016792051233,0.23047779911798819,0.11966666666666667,0.7097432905484247,0.6666666666666667
97,0.06210138417156789,0.05699847883765171,0.03175257731958763,0.019272284970139095,0.06938454616780612,0.03252777052449465,0.22766666666666668,0.6621936989498252,0.0
98,0.08398928877996269,0.0767692397980418,0.19917525773195877,0.057981287089642154,0.11081233282301879,0.089293220621152,0.18666666666666665,0.7330805134189029,0.6666666666666667
99,0.04842917033245348,0.019880469550725786,0.27298969072164947,0.03695177165294574,0.05118735026051944,0.05792732814450352,0.392,0.6581096849474914,0.6666666666666667
100,0.00011850553882151741,0.0,0.7319587628865979,5.697121307940909e-05,0.00015617472245891737,0.00030843606023882883,0.12333333333333335,0.5414235705950992,0.6666666666666667
101,0.23701092255577116,0.03289090579562766,0.13319587628865978,0.18578018868399765,0.26965815801379006,0.265766439194881,0.09666666666666668,0.5373395565927654,0.33333333333333326
102,0.13415464050653017,0.022559088777617347,0.33731958762886594,0.5600972376526095,0.09878193716734832,0.22003282663675708,0.23233333333333334,0.2584597432905482,0.6666666666666667
103,0.006199523010747141,0.0016913694671668949,0.002474226804123711,0.0009199899204271975,0.004724443368939949,0.002309995904597744,0.22333333333333333,0.6268961493582264,0.0
104,0.3544227096901464,0.2805994076348378,0.10515463917525772,0.1449005209928829,0.35537967700951145,0.28734037163074616,0.16333333333333336,0.7217036172695448,0.6666666666666667
105,0.0005430775829413394,0.00014434696339798205,0.008247422680412371,0.0005324970641857673,0.0011954457116364924,0.0005819000398970441,0.84,0.676779463243874,0.0
106,1.0,1.0,0.15711340206185567,1.0,1.0,1.0,0.16433333333333333,0.6344807467911318,0.6666666666666667
