,f1,f2,f3,f4,f5,f6,f7,f8,f9,f10,f11,f12,f13
0,0.6666666666666667,1.0,1.0,0.225,0.595959595959596,0.5,0.5,0.1864406779661017,1.0,0.7142857142857143,0.6666666666666667,0.0,0.0
1,0.2142857142857142,1.0,1.0,0.05000000000000001,0.18181818181818182,0.5,0.5,0.11864406779661017,0.5,0.9285714285714286,0.0,0.0,0.0
2,0.5952380952380951,1.0,1.0,0.1,0.26262626262626265,0.5,0.5,0.30508474576271183,1.0,0.3571428571428571,1.0,0.0,0.0
3,0.4761904761904763,1.0,1.0,0.25,0.38383838383838387,0.5,0.5,0.4067796610169491,1.0,0.6428571428571428,0.3333333333333333,0.0,0.0
4,0.7380952380952381,1.0,0.6666666666666667,0.8,0.21212121212121213,1.0,1.0,0.8813559322033899,1.0,0.2857142857142857,0.6666666666666667,0.0,0.0
5,0.7380952380952381,1.0,0.6666666666666667,0.8250000000000001,0.050505050505050504,0.5,0.5,0.9830508474576272,0.5,1.0,0.3333333333333333,0.0,0.0
6,0.7142857142857142,1.0,1.0,0.35,0.4444444444444445,1.0,0.5,0.4576271186440678,1.0,0.9285714285714286,0.0,0.0,0.0
7,0.5952380952380951,1.0,0.6666666666666667,0.65,0.050505050505050504,0.5,0.5,0.30508474576271183,1.0,0.3571428571428571,0.6666666666666667,0.0,0.0
8,0.5952380952380951,1.0,0.6666666666666667,0.8250000000000001,0.050505050505050504,0.0,0.0,0.3220338983050847,1.0,0.5714285714285714,0.3333333333333333,0.0,0.0
9,0.5952380952380951,1.0,0.3333333333333333,0.525,0.6262626262626264,1.0,0.5,0.5084745762711865,0.5,0.07142857142857142,0.6666666666666667,0.0,0.0
10,0.5,1.0,0.3333333333333333,0.975,0.12121212121212123,0.5,0.5,0.30508474576271183,0.5,0.9285714285714286,0.0,0.0,0.0
11,0.5714285714285714,1.0,1.0,0.225,0.050505050505050504,0.5,0.5,0.7457627118644068,1.0,0.21428571428571427,0.6666666666666667,0.0,0.0
12,0.6428571428571428,1.0,1.0,0.8,0.050505050505050504,0.5,0.0,0.9830508474576272,1.0,0.07142857142857142,0.6666666666666667,0.0,0.3333333333333333
13,0.6666666666666667,1.0,0.6666666666666667,0.0,0.050505050505050504,0.5,1.0,0.0,0.0,0.0,0.0,0.0,0.0
14,0.5238095238095237,1.0,1.0,0.025,0.050505050505050504,1.0,0.5,0.3898305084745763,1.0,0.21428571428571427,0.6666666666666667,0.0,0.0
15,0.6428571428571428,1.0,1.0,0.8250000000000001,0.2828282828282828,0.5,0.5,0.728813559322034,0.5,0.9285714285714286,0.0,0.0,0.0
16,0.6666666666666667,1.0,1.0,0.5750000000000001,0.787878787878788,0.5,0.0,0.711864406779661,1.0,0.6428571428571428,1.0,0.0,0.0
17,0.26190476190476186,1.0,1.0,0.8,0.4444444444444445,0.5,0.0,0.08474576271186442,1.0,0.5714285714285714,0.6666666666666667,0.0,0.0
18,0.6666666666666667,1.0,1.0,0.975,0.050505050505050504,0.5,0.5,0.9830508474576272,0.5,0.3571428571428571,1.0,0.0,0.0
19,0.5952380952380951,1.0,1.0,0.4,0.050505050505050504,0.5,0.5,0.9322033898305085,1.0,0.9285714285714286,0.0,0.0,1.0
20,0.5476190476190477,1.0,1.0,0.275,0.050505050505050504,0.5,0.0,0.06779661016949153,0.5,0.21428571428571427,0.3333333333333333,0.0,0.0
21,0.6904761904761905,1.0,1.0,0.8250000000000001,0.050505050505050504,1.0,0.5,0.6610169491525424,0.5,0.5714285714285714,0.6666666666666667,0.0,0.0
22,0.6666666666666667,1.0,0.6666666666666667,0.05000000000000001,0.050505050505050504,0.5,0.5,0.9491525423728814,1.0,0.9285714285714286,0.0,0.0,0.0
23,0.9285714285714286,1.0,0.6666666666666667,0.0,0.050505050505050504,0.5,0.0,0.0,0.0,0.0,0.0,0.0,0.0
24,0.4047619047619049,1.0,0.6666666666666667,0.025,0.050505050505050504,0.5,0.5,0.6271186440677966,0.5,0.7142857142857143,0.3333333333333333,0.0,0.0
25,0.8095238095238095,1.0,1.0,0.05000000000000001,0.050505050505050504,1.0,0.5,0.15254237288135591,0.5,0.21428571428571427,0.6666666666666667,0.0,0.6666666666666667
26,0.38095238095238093,1.0,1.0,0.0,0.050505050505050504,1.0,0.5,0.0,0.0,0.0,0.0,0.0,0.0
27,0.5952380952380951,1.0,1.0,0.05000000000000001,0.030303030303030304,1.0,0.5,0.30508474576271183,1.0,0.07142857142857142,0.6666666666666667,0.0,0.0
28,0.5,1.0,1.0,0.8250000000000001,0.1717171717171717,0.5,0.0,0.9830508474576272,1.0,0.3571428571428571,0.6666666666666667,1.0,1.0
29,0.4761904761904763,1.0,0.6666666666666667,0.0,0.38383838383838387,0.5,0.5,0.0,0.0,0.0,0.0,0.0,0.0
30,0.45238095238095233,1.0,1.0,0.0,0.050505050505050504,0.5,0.5,0.0,0.0,0.0,0.0,0.0,0.0
31,1.0,1.0,1.0,0.925,0.4545454545454546,0.5,0.5,0.9152542372881356,1.0,0.5714285714285714,0.3333333333333333,0.0,0.0
32,0.6666666666666667,1.0,1.0,0.525,0.393939393939394,1.0,0.0,0.4576271186440678,1.0,0.21428571428571427,0.6666666666666667,0.0,0.0
33,0.4761904761904763,1.0,0.6666666666666667,0.07500000000000001,0.050505050505050504,0.5,0.0,0.4915254237288135,0.5,0.3571428571428571,0.6666666666666667,0.0,0.0
34,0.4047619047619049,1.0,0.6666666666666667,0.9,0.050505050505050504,0.5,0.0,0.9152542372881356,1.0,0.5714285714285714,1.0,0.0,0.0
35,0.6904761904761905,1.0,1.0,0.3,0.050505050505050504,0.5,0.5,0.01694915254237288,1.0,0.21428571428571427,0.6666666666666667,0.0,0.0
36,0.5952380952380951,1.0,1.0,0.0,0.7272727272727274,0.5,0.5,0.0,0.0,0.0,0.0,0.0,0.0
37,0.5952380952380951,1.0,1.0,0.8250000000000001,0.050505050505050504,0.5,0.0,0.23728813559322032,1.0,0.5714285714285714,0.3333333333333333,0.0,1.0
38,0.5476190476190477,1.0,1.0,0.0,0.13131313131313133,1.0,0.0,0.0,0.0,0.0,0.0,0.0,0.0
39,0.5714285714285714,1.0,1.0,0.425,0.050505050505050504,0.5,0.5,0.20338983050847456,1.0,0.3571428571428571,0.0,1.0,0.0
40,0.6190476190476191,1.0,0.6666666666666667,0.8250000000000001,0.050505050505050504,0.5,0.0,0.6949152542372882,1.0,0.9285714285714286,0.6666666666666667,0.0,0.0
41,0.11904761904761907,1.0,1.0,0.9500000000000001,0.050505050505050504,1.0,0.0,0.6101694915254238,0.5,0.9285714285714286,0.0,0.0,1.0
42,0.6190476190476191,1.0,1.0,0.0,0.050505050505050504,1.0,0.5,0.728813559322034,0.5,0.3571428571428571,0.6666666666666667,0.0,1.0
43,0.1428571428571429,1.0,1.0,0.75,0.050505050505050504,0.5,0.5,0.9491525423728814,0.5,0.9285714285714286,0.0,0.0,0.0
44,0.5238095238095237,1.0,1.0,0.0,0.7171717171717172,1.0,0.5,0.0,0.0,0.0,0.0,0.0,0.0
45,0.6666666666666667,1.0,1.0,0.17500000000000002,0.050505050505050504,0.5,0.0,0.711864406779661,1.0,0.9285714285714286,0.0,0.0,1.0
46,0.5714285714285714,1.0,1.0,0.9,0.42424242424242425,0.5,0.0,0.7457627118644068,1.0,0.2857142857142857,1.0,0.0,0.0
47,0.38095238095238093,1.0,1.0,0.025,0.050505050505050504,0.5,0.0,0.864406779661017,0.5,0.9285714285714286,0.0,0.0,0.0
48,0.5714285714285714,1.0,0.6666666666666667,0.0,0.050505050505050504,0.5,0.0,0.13559322033898305,1.0,0.5714285714285714,1.0,0.0,0.0
49,0.16666666666666674,1.0,0.6666666666666667,0.12500000000000003,0.47474747474747475,0.0,0.0,0.5423728813559322,0.5,0.9285714285714286,0.0,0.0,0.0
50,0.4761904761904763,1.0,0.6666666666666667,0.8250000000000001,0.050505050505050504,0.5,0.5,0.08474576271186442,1.0,0.6428571428571428,0.6666666666666667,0.0,1.0
51,0.6666666666666667,0.0,0.3333333333333333,0.0,0.050505050505050504,0.5,0.0,0.0,0.0,0.0,0.0,0.0,0.0
52,0.6428571428571428,1.0,1.0,0.4,0.5353535353535355,0.5,0.5,0.8305084745762712,1.0,0.4285714285714286,0.3333333333333333,0.0,1.0
53,0.5,1.0,0.3333333333333333,0.925,0.33333333333333337,1.0,0.0,0.576271186440678,0.5,0.5714285714285714,0.6666666666666667,0.0,0.0
54,0.4285714285714286,1.0,1.0,0.975,0.050505050505050504,0.5,0.0,0.6610169491525424,0.5,0.9285714285714286,0.0,0.0,0.0
55,0.7857142857142858,1.0,1.0,0.2,0.050505050505050504,0.5,0.0,0.1694915254237288,1.0,0.7142857142857143,0.6666666666666667,0.0,0.0
56,0.4285714285714286,1.0,1.0,0.425,0.050505050505050504,0.0,0.5,0.30508474576271183,1.0,0.3571428571428571,0.6666666666666667,0.0,0.0
57,0.5952380952380951,1.0,0.6666666666666667,0.0,0.9393939393939396,1.0,0.5,0.0,0.0,0.0,0.0,0.0,0.0
58,0.6428571428571428,1.0,0.3333333333333333,0.0,0.050505050505050504,0.5,0.0,0.0,0.0,0.0,0.0,0.0,0.0
59,0.5714285714285714,1.0,1.0,0.625,0.050505050505050504,1.0,1.0,0.9830508474576272,1.0,0.9285714285714286,0.0,0.0,1.0
60,0.38095238095238093,1.0,1.0,0.0,0.26262626262626265,1.0,1.0,0.0,0.0,0.0,0.0,0.0,0.0
61,0.6190476190476191,1.0,1.0,0.8,0.050505050505050504,0.0,0.0,0.8983050847457628,1.0,0.5714285714285714,1.0,0.0,0.0
62,0.5238095238095237,1.0,1.0,0.05000000000000001,0.9191919191919193,0.0,0.5,0.3898305084745763,1.0,0.5714285714285714,0.6666666666666667,0.0,0.0
63,0.5,1.0,0.6666666666666667,0.5750000000000001,0.050505050505050504,0.5,1.0,0.03389830508474577,1.0,0.6428571428571428,0.0,0.0,0.0
64,0.5476190476190477,1.0,0.3333333333333333,0.975,0.050505050505050504,1.0,0.0,0.9152542372881356,1.0,0.5714285714285714,0.6666666666666667,0.0,0.0
65,0.8095238095238095,1.0,0.6666666666666667,0.225,0.050505050505050504,0.0,0.5,0.9322033898305085,0.5,0.6428571428571428,1.0,0.0,0.0
66,0.7619047619047619,1.0,0.0,0.25,0.6363636363636365,1.0,0.0,0.08474576271186442,0.5,0.6428571428571428,0.3333333333333333,0.0,0.0
67,0.5476190476190477,1.0,1.0,0.8250000000000001,0.050505050505050504,0.5,1.0,0.6610169491525424,1.0,0.3571428571428571,1.0,0.0,1.0
68,0.7142857142857142,1.0,1.0,0.0,0.050505050505050504,0.5,0.0,0.0,0.0,0.0,0.0,0.0,0.0
69,0.6666666666666667,1.0,0.3333333333333333,0.0,0.25252525252525254,1.0,0.5,0.0,0.0,0.0,0.0,0.0,0.0
70,0.4761904761904763,1.0,0.3333333333333333,0.8,0.22222222222222224,1.0,0.5,0.6271186440677966,0.5,0.0,0.0,0.0,0.0
71,0.5238095238095237,1.0,1.0,0.225,0.22222222222222224,0.5,0.5,0.3389830508474576,1.0,0.5714285714285714,0.6666666666666667,0.0,0.6666666666666667
72,0.7142857142857142,1.0,0.0,0.0,0.5454545454545455,0.5,0.0,0.0,0.0,0.0,0.0,0.0,0.0
73,0.45238095238095233,1.0,1.0,0.17500000000000002,0.2828282828282828,0.5,0.0,0.30508474576271183,1.0,0.7142857142857143,0.6666666666666667,0.0,0.0
74,0.8809523809523809,1.0,0.6666666666666667,0.8250000000000001,0.22222222222222224,0.5,0.0,0.2542372881355932,1.0,0.21428571428571427,0.6666666666666667,0.0,0.0
75,0.9523809523809523,1.0,1.0,0.5750000000000001,0.13131313131313133,1.0,0.5,0.8983050847457628,0.5,0.9285714285714286,0.0,0.0,1.0
76,0.33333333333333326,1.0,0.0,0.05000000000000001,0.050505050505050504,0.5,0.5,0.3559322033898305,0.5,0.7142857142857143,0.6666666666666667,0.0,0.0
77,0.38095238095238093,1.0,0.6666666666666667,0.0,0.9696969696969698,0.5,0.0,0.0,0.0,0.0,0.0,0.0,0.0
78,0.5952380952380951,1.0,1.0,0.25,0.24242424242424243,0.5,0.0,0.9152542372881356,1.0,0.6428571428571428,0.6666666666666667,0.0,0.0
79,0.6904761904761905,0.0,1.0,0.25,0.7070707070707072,0.5,0.0,0.30508474576271183,1.0,0.21428571428571427,0.6666666666666667,0.0,1.0
80,0.5476190476190477,1.0,1.0,0.1,0.23232323232323232,1.0,0.0,0.6440677966101696,0.5,0.21428571428571427,1.0,0.0,0.0
81,0.6190476190476191,1.0,1.0,0.325,0.48484848484848486,0.5,0.0,0.3898305084745763,1.0,0.7142857142857143,1.0,0.0,0.0
82,0.7619047619047619,1.0,1.0,0.525,1.0,1.0,0.5,0.1694915254237288,1.0,0.9285714285714286,0.6666666666666667,0.0,0.0
83,0.6428571428571428,1.0,1.0,0.15000000000000002,0.8282828282828284,0.5,0.0,0.1694915254237288,1.0,0.21428571428571427,0.6666666666666667,0.0,0.0
84,0.7142857142857142,1.0,1.0,0.17500000000000002,0.5252525252525253,0.5,0.0,0.30508474576271183,1.0,0.8571428571428571,1.0,0.0,0.0
85,0.6666666666666667,1.0,1.0,0.05000000000000001,0.8787878787878789,0.5,0.0,0.288135593220339,1.0,0.5714285714285714,0.6666666666666667,0.0,0.0
86,0.8095238095238095,1.0,1.0,0.225,0.16161616161616163,0.5,0.5,0.30508474576271183,1.0,0.5714285714285714,0.0,0.0,0.0
87,0.38095238095238093,1.0,1.0,0.0,0.37373737373737376,1.0,0.5,0.0,0.0,0.0,0.0,0.0,0.0
88,0.6428571428571428,1.0,1.0,0.5,0.19191919191919193,1.0,0.0,0.1864406779661017,1.0,0.7142857142857143,1.0,0.0,0.0
89,0.4761904761904763,1.0,0.6666666666666667,0.0,0.5151515151515152,1.0,0.5,0.0,0.0,0.0,0.0,0.0,0.0
90,0.9523809523809523,1.0,1.0,0.17500000000000002,0.35353535353535354,0.5,0.0,0.1864406779661017,1.0,0.7142857142857143,0.6666666666666667,0.0,0.0
91,0.11904761904761907,1.0,0.6666666666666667,0.775,0.47474747474747475,0.5,0.0,0.6949152542372882,1.0,0.9285714285714286,0.0,0.0,1.0
92,0.7619047619047619,1.0,1.0,0.8250000000000001,0.050505050505050504,1.0,0.0,0.423728813559322,0.5,0.3571428571428571,1.0,0.0,0.0
93,0.5476190476190477,1.0,1.0,0.8,0.09090909090909093,0.5,0.0,0.9152542372881356,0.5,0.9285714285714286,0.0,0.0,0.0
94,0.5952380952380951,1.0,1.0,0.0,0.07070707070707072,0.5,0.0,0.0,0.0,0.0,0.0,0.0,0.0
95,0.6666666666666667,1.0,1.0,0.525,0.6262626262626264,1.0,0.5,0.7627118644067797,1.0,0.5714285714285714,0.0,0.0,0.0
96,0.0,1.0,0.6666666666666667,0.0,0.7777777777777779,0.5,0.5,0.0,0.0,0.0,0.0,0.0,0.0
97,0.6428571428571428,1.0,0.0,0.85,0.585858585858586,0.5,0.5,0.423728813559322,1.0,0.0,0.0,0.0,0.0
98,0.19047619047619047,1.0,1.0,0.9,0.050505050505050504,0.5,0.0,0.9830508474576272,0.5,0.07142857142857142,0.3333333333333333,0.0,0.0
99,0.6666666666666667,1.0,0.6666666666666667,0.05000000000000001,0.050505050505050504,1.0,0.5,0.5423728813559322,0.5,0.7142857142857143,0.6666666666666667,0.0,0.0
100,0.7857142857142858,1.0,0.6666666666666667,0.35,0.07070707070707072,1.0,0.0,0.22033898305084745,0.5,0.9285714285714286,0.0,0.0,0.6666666666666667
101,0.7142857142857142,1.0,1.0,0.35,0.43434343434343436,0.5,0.0,0.9830508474576272,1.0,0.3571428571428571,0.6666666666666667,0.0,0.0
102,0.30952380952380953,1.0,0.6666666666666667,0.675,0.050505050505050504,0.0,0.5,0.9152542372881356,1.0,0.21428571428571427,1.0,0.0,0.0
103,0.6666666666666667,1.0,1.0,0.725,0.8585858585858587,0.5,0.5,1.0,1.0,0.21428571428571427,0.3333333333333333,0.0,0.0
104,0.6904761904761905,1.0,1.0,0.05000000000000001,0.32323232323232326,0.5,0.5,0.13559322033898305,0.5,0.07142857142857142,0.6666666666666667,0.0,0.0
105,0.6190476190476191,1.0,1.0,0.8250000000000001,0.7373737373737375,0.5,0.5,0.2711864406779661,1.0,0.8571428571428571,1.0,0.0,0.6666666666666667
106,0.3571428571428572,1.0,1.0,0.3,0.9797979797979799,0.5,1.0,0.9830508474576272,1.0,0.21428571428571427,0.3333333333333333,0.0,1.0
107,0.5714285714285714,1.0,1.0,0.925,0.0,0.5,0.0,0.7457627118644068,1.0,0.21428571428571427,0.6666666666666667,0.0,0.0
108,0.4761904761904763,1.0,1.0,0.35,0.6565656565656567,0.5,0.5,0.423728813559322,0.5,0.9285714285714286,0.0,0.0,0.0
109,0.23809523809523814,1.0,0.6666666666666667,0.0,0.4444444444444445,0.5,0.0,0.0,0.0,0.0,0.0,0.0,0.0
110,0.7142857142857142,1.0,1.0,0.0,0.9292929292929294,0.5,1.0,0.0,0.0,0.0,0.0,0.0,0.0
111,0.6190476190476191,1.0,0.3333333333333333,0.0,0.7474747474747476,0.5,0.0,0.0,0.0,0.0,0.0,0.0,0.0
112,0.33333333333333326,1.0,0.6666666666666667,0.0,0.41414141414141414,0.5,0.0,0.0,0.0,0.0,0.0,0.0,0.0
113,0.8809523809523809,1.0,1.0,0.0,0.20202020202020202,0.5,0.0,0.0,0.0,0.0,0.0,0.0,0.0
114,0.3571428571428572,1.0,1.0,0.0,0.26262626262626265,0.5,0.0,0.0,0.0,0.0,0.0,0.0,0.0
115,0.6904761904761905,1.0,1.0,0.0,0.8686868686868688,1.0,0.5,0.0,0.0,0.0,0.0,0.0,0.0
116,0.4761904761904763,1.0,1.0,0.275,0.030303030303030304,1.0,0.5,0.2542372881355932,0.5,0.9285714285714286,0.0,0.0,0.0
117,0.6666666666666667,1.0,1.0,0.8,0.5454545454545455,0.5,0.5,0.30508474576271183,1.0,0.5714285714285714,0.6666666666666667,0.0,0.0
118,0.5714285714285714,1.0,1.0,0.9500000000000001,0.31313131313131315,0.5,0.0,0.2711864406779661,1.0,0.6428571428571428,1.0,0.0,0.0
119,0.5,1.0,1.0,0.0,0.050505050505050504,0.5,1.0,0.0,0.0,0.0,0.0,0.0,0.0
120,0.6428571428571428,1.0,0.6666666666666667,0.0,0.050505050505050504,1.0,0.5,0.0,0.0,0.0,0.0,0.0,0.0
121,0.9285714285714286,1.0,1.0,0.35,0.585858585858586,1.0,0.5,0.1694915254237288,1.0,0.8571428571428571,1.0,0.0,0.0
122,0.45238095238095233,1.0,1.0,0.05000000000000001,0.11111111111111112,1.0,0.0,0.1864406779661017,1.0,0.5714285714285714,0.6666666666666667,0.0,0.0
123,0.5238095238095237,1.0,1.0,0.8,0.08080808080808081,0.5,1.0,0.05084745762711865,0.5,0.9285714285714286,0.0,0.0,0.0
124,0.6428571428571428,1.0,0.6666666666666667,0.0,0.1414141414141414,0.5,0.5,0.0,0.0,0.0,0.0,0.0,0.0
125,0.976190476190476,1.0,0.6666666666666667,0.75,0.0,0.5,1.0,0.9830508474576272,0.5,0.7857142857142857,1.0,0.0,0.0
126,0.45238095238095233,0.0,1.0,0.2,0.6969696969696971,0.5,0.0,0.4576271186440678,1.0,0.3571428571428571,0.6666666666666667,0.0,0.0
127,0.8333333333333333,1.0,1.0,0.5750000000000001,0.04040404040404041,0.5,0.5,0.15254237288135591,1.0,0.7142857142857143,1.0,0.0,0.0
128,0.6190476190476191,0.0,0.3333333333333333,0.225,0.8383838383838385,1.0,0.0,0.9830508474576272,1.0,0.9285714285714286,0.0,0.0,1.0
129,0.30952380952380953,1.0,1.0,0.0,0.6666666666666667,0.5,0.5,0.0,0.0,0.0,0.0,0.0,0.0
130,0.30952380952380953,1.0,0.6666666666666667,0.1,0.2828282828282828,1.0,0.5,0.5932203389830509,0.5,0.9285714285714286,0.0,0.0,0.6666666666666667
131,0.6190476190476191,1.0,0.0,0.25,0.10101010101010102,1.0,0.5,0.05084745762711865,0.5,0.3571428571428571,1.0,0.0,0.0
132,0.7380952380952381,1.0,1.0,0.85,0.6060606060606062,0.5,0.0,0.30508474576271183,0.5,0.3571428571428571,0.3333333333333333,0.0,0.0
133,0.7857142857142858,1.0,0.0,0.0,0.8989898989898991,1.0,0.5,0.0,0.0,0.0,0.0,0.0,0.0
134,0.4761904761904763,1.0,1.0,0.6,0.595959595959596,0.5,0.0,0.6779661016949153,0.5,0.5714285714285714,0.0,0.0,0.0
135,0.6428571428571428,1.0,0.6666666666666667,0.8250000000000001,0.2828282828282828,0.5,1.0,0.728813559322034,0.5,0.9285714285714286,0.0,0.0,0.0
136,0.8571428571428572,1.0,0.6666666666666667,0.0,0.30303030303030304,0.5,0.0,0.0,0.0,0.0,0.0,0.0,0.0
137,0.9285714285714286,1.0,0.0,0.0,0.24242424242424243,1.0,0.0,0.0,0.0,0.0,0.0,0.0,0.0
138,0.4285714285714286,1.0,0.6666666666666667,0.45,0.6767676767676769,1.0,0.5,0.5423728813559322,0.5,0.0,0.0,0.0,0.6666666666666667
139,0.5476190476190477,1.0,0.6666666666666667,0.35,0.27272727272727276,0.5,0.5,0.9322033898305085,1.0,0.9285714285714286,0.0,0.0,0.0
140,0.9523809523809523,1.0,1.0,0.525,0.8888888888888891,1.0,0.0,0.1864406779661017,1.0,0.5714285714285714,1.0,0.0,1.0
141,0.5,1.0,0.6666666666666667,0.0,0.16161616161616163,1.0,0.5,0.0,0.0,0.0,0.0,0.0,0.0
142,0.5476190476190477,1.0,0.6666666666666667,0.0,0.4040404040404041,0.5,0.5,0.0,0.0,0.0,0.0,0.0,0.0
143,0.6904761904761905,1.0,1.0,0.12500000000000003,0.686868686868687,0.5,0.0,0.2542372881355932,1.0,0.8571428571428571,1.0,0.0,0.0
144,0.45238095238095233,1.0,0.6666666666666667,0.0,0.13131313131313133,0.5,0.5,0.0,0.0,0.0,0.0,0.0,0.0
145,0.45238095238095233,1.0,0.3333333333333333,0.0,0.010101010101010102,0.5,0.5,0.0,0.0,0.0,0.0,0.0,0.0
146,0.5714285714285714,1.0,1.0,0.225,0.6969696969696971,0.5,0.0,0.4745762711864407,1.0,0.5714285714285714,0.6666666666666667,0.0,0.0
147,0.4761904761904763,1.0,1.0,0.0,0.1414141414141414,1.0,0.5,0.0,0.0,0.0,0.0,0.0,0.0
148,0.5238095238095237,1.0,1.0,0.3,0.6363636363636365,1.0,0.5,0.5423728813559322,1.0,0.5714285714285714,0.6666666666666667,0.0,0.0
149,0.6190476190476191,1.0,1.0,0.0,0.8181818181818183,0.5,0.5,0.0,0.0,0.0,0.0,0.0,0.0
150,0.1428571428571429,1.0,1.0,0.35,0.4545454545454546,0.5,0.0,0.13559322033898305,1.0,0.3571428571428571,0.6666666666666667,0.0,0.0
151,0.8571428571428572,1.0,1.0,0.05000000000000001,0.30303030303030304,0.5,0.5,0.5593220338983051,1.0,0.9285714285714286,0.0,0.0,0.0
152,0.0714285714285714,1.0,1.0,0.8,0.8080808080808082,0.5,0.0,0.4576271186440678,1.0,0.3571428571428571,1.0,0.0,0.0
153,0.4761904761904763,1.0,1.0,0.5,0.25252525252525254,0.5,0.0,0.9152542372881356,1.0,0.6428571428571428,0.6666666666666667,0.0,0.0
154,0.5,1.0,1.0,0.025,0.32323232323232326,0.5,0.5,0.9661016949152543,1.0,0.5714285714285714,1.0,0.0,0.0
155,0.8095238095238095,1.0,1.0,0.0,0.0,1.0,0.0,0.0,0.0,0.0,0.0,0.0,0.0
156,0.6904761904761905,1.0,1.0,0.35,0.060606060606060615,0.5,0.5,0.2711864406779661,1.0,0.07142857142857142,0.6666666666666667,0.0,0.0
157,0.8809523809523809,1.0,1.0,0.525,0.0,1.0,1.0,0.1694915254237288,0.5,0.3571428571428571,0.0,0.0,0.0
158,0.8095238095238095,1.0,1.0,0.0,0.19191919191919193,1.0,0.5,0.0,0.0,0.0,0.0,0.0,0.0
159,0.5,1.0,1.0,0.0,0.7373737373737375,1.0,0.0,0.0,0.0,0.0,0.0,0.0,0.0
160,0.6428571428571428,1.0,1.0,0.0,0.3434343434343435,0.5,0.5,0.9830508474576272,1.0,0.7142857142857143,0.0,0.0,0.0
161,0.7619047619047619,1.0,1.0,0.0,0.98989898989899,0.5,0.0,0.0,0.0,0.0,0.0,0.0,0.0
162,0.5238095238095237,1.0,1.0,0.475,0.5656565656565657,0.5,1.0,0.9661016949152543,1.0,0.7142857142857143,1.0,0.0,0.0
163,0.8095238095238095,1.0,1.0,0.0,0.8080808080808082,1.0,0.5,0.0,0.0,0.0,0.0,0.0,0.0
164,0.38095238095238093,1.0,1.0,0.0,0.0,1.0,1.0,0.0,0.0,0.0,0.0,0.0,1.0
165,0.30952380952380953,1.0,1.0,0.225,0.0,0.5,0.0,0.5254237288135594,1.0,0.3571428571428571,0.3333333333333333,0.0,0.0
166,0.8095238095238095,1.0,1.0,0.9,0.24242424242424243,1.0,1.0,0.711864406779661,1.0,0.9285714285714286,0.0,0.0,1.0
167,0.8095238095238095,1.0,0.6666666666666667,0.0,0.6464646464646465,0.5,1.0,0.0,0.0,0.0,0.0,0.0,0.0
168,0.6904761904761905,1.0,1.0,0.0,0.5050505050505052,1.0,0.5,0.0,0.0,0.0,0.0,0.0,0.0
169,0.5238095238095237,1.0,0.3333333333333333,0.65,0.7676767676767677,1.0,0.5,0.9830508474576272,0.5,0.14285714285714285,0.0,0.0,0.0
170,0.4285714285714286,1.0,1.0,0.925,0.494949494949495,0.5,0.0,0.01694915254237288,1.0,0.5714285714285714,0.6666666666666667,0.0,1.0
171,0.04761904761904767,1.0,0.6666666666666667,0.55,0.47474747474747475,0.5,1.0,0.6101694915254238,0.5,0.21428571428571427,0.6666666666666667,0.0,0.3333333333333333
172,0.7619047619047619,1.0,1.0,0.225,0.27272727272727276,0.5,0.5,0.01694915254237288,1.0,0.5714285714285714,0.6666666666666667,0.0,1.0
173,0.9285714285714286,1.0,0.6666666666666667,0.225,0.4646464646464647,1.0,0.0,0.7966101694915255,0.5,0.9285714285714286,0.0,0.0,0.0
174,0.6666666666666667,1.0,0.3333333333333333,0.0,0.9090909090909092,0.5,0.5,0.0,0.0,0.0,0.0,0.0,0.0
175,0.5476190476190477,1.0,1.0,0.375,0.21212121212121213,0.5,0.5,0.9152542372881356,0.5,0.9285714285714286,0.0,0.0,0.0
176,0.6190476190476191,1.0,1.0,0.7000000000000001,0.7979797979797981,1.0,1.0,0.423728813559322,1.0,0.5714285714285714,1.0,0.0,0.0
177,0.6904761904761905,1.0,1.0,0.05000000000000001,0.585858585858586,1.0,1.0,0.1694915254237288,0.5,0.9285714285714286,0.0,0.0,0.6666666666666667
178,0.5476190476190477,1.0,1.0,0.525,0.5757575757575758,1.0,1.0,0.3728813559322034,1.0,0.21428571428571427,0.3333333333333333,0.0,0.0
179,0.5952380952380951,1.0,1.0,0.05000000000000001,0.030303030303030304,1.0,1.0,0.30508474576271183,1.0,0.07142857142857142,0.6666666666666667,0.0,0.0
180,0.5238095238095237,1.0,1.0,0.9,0.6161616161616162,0.5,1.0,0.05084745762711865,0.5,0.9285714285714286,0.0,0.0,0.0
181,0.4761904761904763,1.0,0.6666666666666667,0.0,0.0,0.5,0.5,0.0,0.0,0.0,0.0,0.0,0.0
182,0.4761904761904763,1.0,1.0,0.8250000000000001,0.36363636363636365,0.5,1.0,0.11864406779661017,1.0,0.5,1.0,0.0,1.0
183,0.5,1.0,1.0,0.05000000000000001,0.13131313131313133,1.0,0.0,0.8474576271186441,0.5,0.3571428571428571,0.6666666666666667,0.0,1.0
184,0.5238095238095237,1.0,1.0,0.05000000000000001,0.15151515151515152,0.5,0.5,0.8135593220338984,1.0,0.21428571428571427,0.6666666666666667,0.0,0.0
185,0.6190476190476191,1.0,0.6666666666666667,0.0,0.7575757575757577,0.5,0.0,0.0,0.0,0.0,0.0,0.0,0.0
186,0.6190476190476191,1.0,0.6666666666666667,0.8250000000000001,0.9595959595959597,0.5,0.0,0.8474576271186441,1.0,0.9285714285714286,0.0,0.0,0.0
187,0.5476190476190477,1.0,0.6666666666666667,0.35,0.27272727272727276,0.5,0.5,0.9322033898305085,1.0,0.9285714285714286,0.0,0.0,0.0
188,0.9285714285714286,1.0,1.0,0.45,0.8888888888888891,0.5,0.0,0.1864406779661017,1.0,0.3571428571428571,1.0,0.0,0.0
189,0.7857142857142858,1.0,0.6666666666666667,0.12500000000000003,0.5555555555555557,1.0,0.0,0.4406779661016949,1.0,0.9285714285714286,0.0,0.0,0.3333333333333333
190,0.38095238095238093,0.0,1.0,0.875,0.585858585858586,1.0,1.0,0.8135593220338984,0.5,0.21428571428571427,0.3333333333333333,0.0,0.0
191,0.6428571428571428,1.0,1.0,0.525,0.5555555555555557,1.0,0.5,0.8983050847457628,1.0,0.7142857142857143,0.6666666666666667,0.0,0.0
192,0.4285714285714286,1.0,1.0,0.3,0.8484848484848486,1.0,0.5,0.13559322033898305,1.0,0.3571428571428571,0.6666666666666667,0.0,0.0
193,0.6428571428571428,1.0,1.0,0.5,0.3434343434343435,0.5,0.5,0.288135593220339,1.0,0.9285714285714286,0.0,0.0,0.0
194,0.26190476190476186,1.0,1.0,0.12500000000000003,0.8888888888888891,0.5,0.0,0.1016949152542373,0.5,0.9285714285714286,0.0,0.0,0.3333333333333333
195,0.45238095238095233,0.0,1.0,1.0000000000000002,0.9494949494949496,1.0,0.5,0.4745762711864407,0.5,0.9285714285714286,0.0,0.0,0.0
196,0.6428571428571428,1.0,0.0,0.0,0.29292929292929293,0.5,0.5,0.0,0.0,0.0,0.0,0.0,0.0
197,0.4761904761904763,1.0,1.0,0.9,0.32323232323232326,1.0,0.5,0.05084745762711865,0.5,0.9285714285714286,0.0,0.0,0.6666666666666667
198,0.5476190476190477,1.0,1.0,0.0,0.0202020202020202,1.0,1.0,0.0,0.0,0.0,0.0,0.0,0.0
199,0.6428571428571428,1.0,0.3333333333333333,0.8250000000000001,0.5555555555555557,0.5,1.0,0.7796610169491526,1.0,0.9285714285714286,0.0,0.0,0.0
