,f1,f2,f3,f4,f5,f6,f7,f8,f9
0,0.36923076923076925,0.2538503287990692,0.07092198581560283,0.004908260155636467,0.0,0.05229908455373449,0.22115172666651645,0.06066484979084802,0.22465912742186991
1,0.9076923076923078,0.11482617971841025,0.22695035460992902,0.012190333404726209,0.009742070403981482,0.05272598262164269,0.10370676874822382,0.010825833438965649,0.2559262784574824
2,0.8923076923076922,0.23527770696992056,0.21985815602836872,0.0368744199328907,0.022057676987619488,0.15852574765322383,0.5710210922499408,0.07690645202180252,0.30791172923586335
3,0.676923076923077,0.1483278334028726,0.12056737588652483,0.014171485685728562,0.005911266357029606,0.0648105712524282,0.15153757230517387,0.12113068830016478,0.5339335603295904
4,0.953846153846154,0.13563975761175073,0.22695035460992902,0.01993646034125794,0.013748470542919364,0.027782107503867677,0.08693991146653005,0.09337495246545822,0.4405653646956881
5,0.3846153846153846,0.22190663919922304,0.22695035460992902,0.014171485685728562,0.010766748777062119,0.029321034326326927,0.3304676948481172,0.09009506908353405,0.2932154663236107
6,1.0,0.21426353288498423,0.12056737588652483,0.040301277932462354,0.017222463344949115,0.030859961148786204,0.10812024962634653,0.1232868551147167,0.7323261509006733
7,0.8,0.2686953772668512,0.41134751773049644,0.07207110730349112,0.057592503478275825,0.0,0.31869245750464903,0.02401064773735581,0.14211026644729477
8,0.7538461538461538,0.17962508646016007,0.2624113475177305,0.01638466481045192,0.013592139849252147,0.0018495038909374303,0.23919057233430757,0.03897135251616174,0.05507210771894176
9,0.7846153846153847,0.22910858135276624,0.16312056737588648,0.04497751124437781,0.02222805535400128,0.14907699286952272,0.2727290967068473,0.0491988845227532,0.1648671757240271
10,0.15384615384615385,0.1533988341670789,0.12765957446808512,0.01850860284143642,0.008136821238874357,0.11933371331526482,0.31480833047951323,0.04702750665483585,0.186831393255585
11,0.07692307692307693,0.22960341630169223,0.1560283687943262,0.057667594774041556,0.02758122720348345,0.36384045411718186,0.6888740594074645,0.01736595259221701,0.07803293845989072
12,0.015384615384615385,0.22218089206780123,0.1560283687943262,0.029592346683800952,0.014638692503792992,0.18773046098012075,0.6050459570393343,0.024464444162758267,0.16210062102254816
13,0.0,0.014845048467781896,0.19858156028368795,0.06559220389805098,0.035089032129604986,0.05314706463957939,0.9455804450200336,0.046140195208518184,0.35482153241231834
14,0.2153846153846154,0.24593296961625222,0.10638297872340424,0.05979153280502607,0.024499164848501582,0.12735986227593668,0.44783390931943123,0.0778298897198631,0.07211498024019167
15,0.3076923076923077,0.11826555279332851,0.18439716312056736,0.09140072820732491,0.046072261745469134,0.11375030534262351,0.5129724675530274,0.05615413867410318,0.010750957432453283
16,0.3538461538461539,0.18110959130693827,0.17021276595744678,0.007799671592775045,0.004986847256495796,0.2598494806267375,1.0,0.0013943465584991752,0.08827136924489153
17,0.5692307692307692,0.6763878811726354,0.17730496453900707,0.2792353823088456,0.13516432878703458,0.3078074654817434,0.16832229459229034,0.13276613005450627,0.24116708429217767
18,0.6153846153846154,0.7996395606397304,0.2482269503546099,0.0356071964017991,0.023186207898512345,0.19659063150670592,0.10462296868017187,0.04426264418811003,0.12501898526985103
19,0.12307692307692308,0.8977611066058091,0.19148936170212766,0.20693224816163347,0.10342829767318877,0.5241621980016052,0.09465649442419438,0.17609620991253644,0.32834199747427845
20,0.18461538461538463,0.505061992293961,0.18439716312056736,0.03414364246448204,0.018480734672645074,0.12578720236364271,0.19085267746958962,0.0753441500823932,0.29552334900765287
21,0.15384615384615385,0.6732236838334751,0.19148936170212766,0.03744556293281931,0.02053169688222579,0.28427921692703184,0.1645432962529113,0.030623906705539355,0.31885571618488967
22,0.07692307692307693,0.6878595606199962,0.17021276595744678,0.06029128292996358,0.02995669096599628,0.4805057637055217,0.12515439487378785,0.27117885663582203,0.5198714508134772
23,0.1692307692307693,0.5891908989081325,0.17021276595744678,0.03469693724566289,0.017870061695745478,0.4059882050506578,0.20317087355478977,0.1676645962732919,0.4162866082898614
24,0.46153846153846156,0.5994013949953405,0.21276595744680854,0.05541871921182266,0.030989195907143923,0.09328944154288174,0.2219482310621323,0.08851552795031055,0.715278437513804
25,0.32307692307692304,0.9236395275372515,0.16312056737588648,0.07724709074034411,0.037285569562876375,0.4149076992869523,0.08138485674189574,0.06964735707947775,0.3269581150153365
26,0.4,1.0,0.326241134751773,0.07622974227172129,0.0522802706002211,0.49237632169735596,0.0827733799325967,0.10868145519077195,0.5090878175380931
27,0.6461538461538461,0.6470729438484348,0.21276595744680854,0.12159991432855001,0.06447486635999057,0.48449324756598316,0.23909533811309264,0.25569653948535936,0.6391558256489633
28,0.1692307692307693,0.8353190556751537,0.21276595744680854,0.07826443920896696,0.04254843489841785,0.5385476160011167,0.14596740103748956,0.2386491317023704,0.37642873610444655
29,0.18461538461538463,0.782081193593201,0.1418439716312056,0.07421289355322339,0.033886029511659005,0.0694424734497319,0.09371968102445088,0.1585989352262644,0.32401728915155964
30,0.6461538461538461,0.8828983158309336,0.29078014184397166,0.23382951381452133,0.13840412663143015,0.8188521443776245,0.16170660823802124,0.24223906705539355,0.4956592563099171
31,0.4461538461538461,0.9114942000786557,0.29078014184397166,0.13819875776397517,0.08410399942622339,0.2660621852062953,0.5050019266721233,0.08940410698440866,0.393266476945075
32,0.06153846153846154,0.8652592204211669,0.19148936170212766,0.10965945598629258,0.055851794481239725,0.7467715106608196,0.08625169648839956,0.2311276460894917,0.18926634866213604
33,0.2923076923076924,0.7943176513404964,0.20567375886524825,0.37056471764117943,0.18811617913177472,0.31292442624667033,0.18263353816707242,0.04436886804411205,0.5533127556203963
34,0.41538461538461546,0.4611257100011843,0.12056737588652483,0.025398015278075253,0.01077106343712014,0.18356616920052576,0.04221830596872579,0.09082494612751933,0.2589959923683754
35,0.6615384615384616,0.5560345153196136,0.13475177304964542,0.06045191689869352,0.0271131382287066,0.20463539182728663,0.014793873567432697,0.012644188110026613,0.326434091312038
36,0.6461538461538461,0.6367827976433429,0.1560283687943262,0.03121653458984794,0.015387434155084378,0.13858134909095138,0.07176468874488168,0.0010362530105209808,0.35626290015049045
37,0.6923076923076923,0.8274977157503312,0.29078014184397166,0.05736417505532948,0.03820529166492566,0.9209261477974618,0.14129748861999156,0.9999999999999999,0.1317054309066276
38,0.5538461538461539,0.3948432588872923,0.30496453900709214,0.048297279931462836,0.03408811548565473,0.2325117193406926,0.014793873567432697,0.21604132336164278,0.20159361296190179
39,0.8153846153846154,0.8520033136087932,0.11347517730496454,0.025862068965517238,0.010582523405638693,0.2032744361339553,0.17781259774219313,0.17811509697046524,0.34638148320491935
40,0.8,0.5368171220675091,0.16312056737588648,0.05254515599343186,0.025759242307289935,0.28209005571775875,0.15704549090011594,0.061272024337685374,0.3951029803394294
41,0.8,0.4369392599017119,0.2411347517730496,0.20771756978653533,0.1136949488460114,0.3673417162000256,0.2113735220830706,0.06598554949930283,0.2005231765518151
42,0.7846153846153847,0.4418876093909725,0.17730496453900707,0.049350324837581214,0.025311422150553858,0.07071153555351348,0.2018686520825924,0.05535175560907593,0.17520908001164226
43,0.6923076923076923,0.6992017828325241,0.2340425531914893,0.053508959805811385,0.03165746441132694,0.12602217078249137,0.278472558527132,0.10873317277221449,0.135725164695325
44,0.7230769230769232,0.5903380940687908,0.29787234042553185,0.1054472763618191,0.06634421204061065,0.6070909281252544,0.17793490431777945,0.013802763341361386,0.09387225076652082
45,0.6461538461538461,0.46168100734801487,0.21276595744680854,0.064432069679446,0.035549676915419964,0.23886517232956067,0.16479876583045613,0.04430472810242109,0.10894186543966859
46,0.7846153846153847,0.36271401756280275,0.2411347517730496,0.10078889126865141,0.0571877294459083,0.716711837988112,0.05731093739607378,0.016311953352769686,0.09739761115383848
47,0.8307692307692309,0.34292061960576037,0.0,0.01920468337259941,0.002106149521395661,0.0270097360676523,0.2449230403051013,0.018428191152237296,0.0991808650263797
48,0.6923076923076923,0.5458029486654452,0.20567375886524825,0.14764046548154497,0.07657654672267793,0.476462445765334,0.18223075100634953,0.016732158701990116,0.10282361640496747
49,0.9384615384615385,0.4072491629661483,0.2553191489361702,0.03623188405797101,0.023967560263642478,0.041166001698286596,0.1724847034326646,0.08116998352135886,0.11264875828771322
50,0.8,0.4319909104124513,0.3546099290780142,0.4244127936031984,0.27028952477441265,0.20317788970442835,0.09013898424526401,0.06697870452528837,0.0
51,0.8153846153846154,0.3726107165413237,0.17730496453900707,0.03833797387020775,0.020049058504534065,0.10967907036257257,0.22254959462928464,0.10855621751806312,0.2680544621586509
52,0.32307692307692304,0.14518202957359883,0.29787234042553185,0.20382665809952166,0.12275811466760712,0.03881166466982284,0.5332183285061172,0.25128761566738494,0.3065484204558038
53,0.32307692307692304,0.12172915942020057,0.09929078014184395,0.03798100949525236,0.014845394159695467,0.040036524793821034,0.18088689032920535,0.3146444416275827,0.20398923633529528
54,0.3846153846153846,0.12799437901542654,0.2411347517730496,0.17621546369672308,0.09704743719146004,0.0806057997650316,0.1856903780180178,0.25234757256940044,0.3193682428323421
55,0.15384615384615385,0.29058807488725624,0.22695035460992902,0.3438816306132648,0.1812972315466451,0.14452069932184858,0.5543023330597696,0.11224920775763723,0.26389131772597924
56,0.27692307692307694,0.1479514218590885,0.2340425531914893,0.010119940029985008,0.008972156869103135,0.17182472751805883,0.1870849478259388,0.17956838636075545,0.16705585209219184
57,0.676923076923077,0.13423948258030904,0.29787234042553185,0.0672520882415935,0.04444186232693641,0.0626784073328758,0.19015607968122233,0.13350792242362786,0.24383198081564952
58,0.41538461538461546,0.03773873879934031,0.2340425531914893,0.034482758620689655,0.021709896398159286,0.07875629587409416,0.11410516386607514,0.029922043351502087,0.02708282781585589
59,0.5846153846153846,0.21209862998343287,0.22695035460992902,0.018740629685157426,0.013129970997952763,0.06460235666344846,0.2633086045012118,0.09488502978831283,0.39823986126079136
60,0.2153846153846154,0.20434887634616672,0.2482269503546099,0.05049261083743843,0.03113619492350048,0.0480056764647722,0.0856393390717563,0.1587788059323108,0.09270983790966583
61,0.6923076923076923,0.1555691065226612,0.3687943262411348,0.0758727778967659,0.05609100649680515,0.3288278332887436,0.0682169735141675,0.15830599569020154,0.40384679386444494
62,0.3846153846153846,0.1483278334028726,0.12765957446808512,0.0037124294995359505,0.001648596311324406,0.023530574974700187,0.06129414648974631,0.2501272658131576,0.41863140257425135
63,0.41538461538461546,0.2238049393805066,0.30496453900709214,0.005497251374312846,0.009304585344278048,0.04310041991880794,0.21145996122469285,0.10577918620864495,0.18963425444920937
64,0.5384615384615385,0.22083886752204207,0.2695035460992908,0.07906760905261656,0.048463112849959286,0.12321534506624482,0.07074775766697321,0.06331474204588668,0.18726102007930548
65,0.32307692307692304,0.23606080801834328,0.39716312056737585,0.04408510030698937,0.03804334191030832,0.159200409449918,0.07252326435975395,0.0260273798960578,0.28606066693815857
66,0.46153846153846156,0.28941659075312987,0.18439716312056736,0.02316698793460413,0.01317371947951593,0.050906722190557065,0.05632176578812982,0.09043668399036632,0.3565333835169736
67,0.6153846153846154,0.19062141854855374,0.2695035460992908,0.058327978867709004,0.037036724848151556,0.09165513150088986,0.08597094105702566,0.1356629484091773,0.211868350239048
68,0.3384615384615385,0.1217293974358109,0.19858156028368795,0.017634040122795742,0.011184968479125392,0.09955914341216021,0.46432468355578477,0.13119533527696792,0.15452466632820946
69,0.3076923076923077,0.05888535892220115,0.38297872340425526,0.24020132790747484,0.16274946931523013,0.10200188440019078,0.5143466987393903,0.017872987704398532,0.10578320062301942
70,0.32307692307692304,0.09352380534702553,0.22695035460992902,0.017991004497751123,0.012742254856787111,0.03883958170968605,0.41265359094854387,0.05868931423501077,0.08957235188010144
71,0.3076923076923077,0.31520986246590077,0.326241134751773,1.0000000000000002,0.6027731735931203,0.16109295211064456,0.3969873554240081,0.026619343389529718,0.12036025721939468
72,0.41538461538461546,0.0,0.3191489361702127,0.06421789105447277,0.044517117789119195,0.06175481859740139,0.30518871217497373,0.0,0.2830799039330218
73,0.7384615384615385,0.259788348186182,0.3191489361702127,0.03548225887056472,0.027554536613122158,0.20320115390431437,0.4453602931839782,0.020408163265306124,0.0908249258591175
74,0.3384615384615385,0.19001662038760747,0.18439716312056736,0.6159063325480117,0.29975253990848993,0.06803615256662285,0.22273484099320634,0.03130941817720877,0.16105378383235597
75,0.2923076923076924,0.40539353190767535,0.29078014184397166,0.1449810808881274,0.0879550722505374,0.0638485965871419,0.13094430570817156,0.1633920649004944,0.4604153341679793
76,0.476923076923077,0.6732236838334751,0.22695035460992902,0.25349825087456274,0.13454974252610147,0.3828403261640824,0.25732300314589,0.05013487133984028,0.2647554122390396
77,0.2923076923076924,0.6373474142167666,0.30496453900709214,0.03384022274576998,0.025716697872443062,0.24974816503623404,0.3040607432172071,0.4492724046140195,0.4414137263954855
78,0.953846153846154,0.4105480627906002,1.0,0.6992753623188406,0.8202164065002363,0.5040886831299654,0.1017237531463023,0.2682228419318038,1.0
79,0.2615384615384615,0.41084974535006724,0.2624113475177305,0.3498429356750197,0.19543452200462788,0.4698775139876002,0.32538620019030357,0.31211180124223603,0.4465414133028198
80,0.5384615384615385,0.5098099450101103,0.12056737588652483,0.01349325337331335,0.005617669741019637,0.14785562237550745,0.4063453201106641,0.36101407022436305,0.5232043867924243
81,0.8769230769230769,0.6566641960580324,0.28368794326241137,0.12916755907760408,0.07800579846045315,0.40125626679384435,0.24682580080573924,0.3339878311573076,0.23014201284402672
82,0.36923076923076925,0.697317023809618,0.2765957446808511,0.4684265010351967,0.2658557739644524,0.48581465411950825,0.5473282472120973,0.08806261883635443,0.4188504517435286
83,0.7230769230769232,0.35332225212484536,0.3687943262411348,0.14212536588848435,0.09780701566998437,0.1716234921890449,0.10526830764528786,0.5011370262390671,0.45628486557823844
84,0.27692307692307694,0.5406999632546452,0.2695035460992908,0.031055900621118,0.02201131962291489,0.09248333701683165,0.1385105477740478,0.6396463430092535,0.6026877696135234
85,0.6307692307692307,0.5589926752620795,0.17730496453900707,0.21805168844149353,0.10592708003950559,0.258297758494341,0.1546518550197092,0.20602408416782864,1.0
86,0.36923076923076925,0.48271149267737257,0.21276595744680854,0.001927607624759048,0.003924321487731457,0.13052960951040493,0.23544125738855398,0.1635228799594372,1.0
87,0.9384615384615385,0.4611257100011843,0.9645390070921986,0.8813807382023274,1.0,0.7743651781456107,0.171659752451491,0.6592128279883382,0.6247839007332096
88,0.36923076923076925,0.6373474142167666,0.9858156028368794,0.17366316841579216,0.2238346289908357,0.16076027405227467,0.06728469507733897,0.6391278996070479,1.0
89,0.5230769230769231,0.5336556883815387,0.5602836879432624,0.252552295280931,0.21226134232684718,0.21609417348113857,0.23655026195594875,0.1364430219292686,0.5313110213802881
90,0.24615384615384617,0.6168874998097731,0.48226950354609927,0.7043264082244592,0.5190561881949398,0.31089695122660493,0.12381754277569412,0.1818358473824312,0.358476991063157
91,0.8923076923076922,0.635738299538315,0.28368794326241137,0.2792353823088456,0.16237218858459426,0.317955309472019,0.22723269966617177,0.2121545189504373,0.5739287920769552
92,0.4307692307692308,0.6151416315551661,0.19148936170212766,0.49582351681302206,0.24472614733647094,0.2903709476671824,0.12677337663444185,0.2666486246672582,0.4349662984986661
93,0.3846153846153846,0.697317023809618,0.5248226950354609,0.4007817519811523,0.3156081634332056,0.4429550186695204,0.2511522928497652,0.032424895424008116,0.3694488129894948
94,0.5538461538461539,0.6364275101086936,0.5035460992907801,0.49435996287570505,0.37703387913322317,0.39004757528876693,0.1854775096072502,0.10508366079350996,0.21189558010815704
95,0.3846153846153846,0.5644967135126153,0.07092198581560283,0.10644677661169417,0.039958643579608474,0.5470309064895486,0.2494427492539299,0.2225631892508556,0.33682924512146645
96,0.3076923076923077,0.4709649556731257,0.2765957446808511,0.12093953023488256,0.07245615965724674,0.09729902639323479,0.10505035457913073,0.2512746862720243,0.21866371535226073
97,0.24615384615384617,0.4585167565666801,0.30496453900709214,0.0,0.006121379607443907,0.11645360536937735,0.1409370277798086,0.2890556471035619,0.14963115629521292
98,0.7230769230769232,0.4723456317767454,0.31205673758865243,0.28143071321482116,0.170911175054052,0.5721678744663774,0.0,0.5834939789580429,0.12716832960485827
99,0.6923076923076923,0.498518719992584,0.3404255319148936,0.11380024273577498,0.07643687258486671,0.1214100431550908,0.09982429080051167,0.16827329192546586,0.18620692159068422
100,0.7692307692307692,0.5086971433525773,0.19858156028368795,0.010351966873706,0.007582338993511684,0.3118833533017716,0.16480330079337113,0.19198554949930285,0.31862456485156393
101,0.6461538461538461,0.40539353190767535,0.20567375886524825,0.07303491111587064,0.039247830681257215,0.12327001593597695,0.18617919205100705,0.148424641906452,0.1353288188227378
102,0.6307692307692307,0.6207989800644131,0.2624113475177305,0.14383879488827017,0.08309577690064719,0.46191883120659777,0.0564553410594443,0.2187666370896184,0.2122749829510764
103,0.7384615384615385,0.5327549596225716,0.16312056737588648,0.15201327907474838,0.07217269742991783,0.26168851562772627,0.03102711687946179,0.1465288376220053,0.11265601958614231
104,0.5076923076923077,0.8149015060674776,0.2482269503546099,0.18055258085243092,0.10059849162744358,0.3355884097756168,0.019484674298963445,0.08548865508936494,0.36911055750434013
105,0.7538461538461538,0.9272897671031304,0.5248226950354609,0.0571856928678518,0.05676609819001183,0.43149740022566274,0.046164410820366555,0.046677018633540374,0.44963109578439275
106,0.32307692307692304,0.545048654928409,0.21276595744680854,0.040711786963661026,0.023547935806511332,0.22725517337644968,0.1370994871918905,0.15649955634427687,0.3481974129203914
107,0.3384615384615385,0.7328505593594963,0.22695035460992902,0.05922038980509746,0.03406664262089766,0.167257965080436,0.20624406675685286,0.07199898592977565,0.09884260954122513
108,0.676923076923077,0.850621277203899,0.5035460992907801,0.10205611479974301,0.0881151155605652,0.15771964312717376,0.28155193576953375,0.012422360248447208,0.09231349203707861
109,0.7846153846153847,0.5992451231494598,0.6524822695035462,0.08170914542728637,0.08790139004796613,0.5376240272656423,0.23098022811138308,0.10799847889466345,0.03243803540730136
110,0.46153846153846156,0.8748681897012758,0.41843971631205673,0.16916541729135431,0.12319820861045198,0.9882515790575672,0.17463674947050872,0.023450373938395233,0.10434304310125216
111,0.32307692307692304,0.4196200366892997,0.22695035460992902,0.01602770043549654,0.011726807806841356,0.5858972420291034,0.2870488605149849,0.09823805298516923,0.13456819781229182
112,0.5846153846153846,0.4191252017403737,0.28368794326241137,0.03744556293281931,0.026440755772817123,0.09467366143609907,0.5432055536530089,0.05209785777665103,0.17204254878836162
113,0.6307692307692307,0.6769342101308513,0.2624113475177305,0.058863425430142086,0.03675677452883164,0.6649955216415219,0.5739883322275352,0.09025224996831031,0.16229425564732358
114,0.7384615384615385,0.35727083312461594,0.1560283687943262,0.0069251088741343544,0.004189220714614819,0.240191231723063,0.8820909642100727,0.0007605526682722755,0.20974078979932795
115,0.953846153846154,0.4359495900038597,0.553191489361702,0.31195116727350614,0.25668032699328003,1.0,0.34229295420676903,0.014450500697173276,0.02677422263262005
