,f1,f2,f3,f4,f5,f6,f7,f8,f9,f10
0,0.6666666666666667,1.0,1.0,0.7368421052631579,0.5676855895196506,0.0,0.5,0.3873873873873873,1.0,0.7777777777777777
1,0.2142857142857142,1.0,1.0,0.6842105263157895,0.4563318777292576,0.0,0.5,0.5225225225225226,0.0,0.1111111111111111
2,0.5952380952380951,1.0,1.0,0.6947368421052631,0.4759825327510917,0.0,0.5,0.6396396396396397,1.0,0.4444444444444444
3,0.4761904761904763,1.0,1.0,0.7473684210526316,0.4978165938864629,0.0,0.5,0.7207207207207208,1.0,0.6666666666666667
4,0.7380952380952381,1.0,0.6666666666666667,0.5789473684210527,0.4650655021834061,1.0,1.0,0.2702702702702703,1.0,0.39999999999999997
5,0.7380952380952381,1.0,0.6666666666666667,0.631578947368421,0.0,0.0,0.5,0.45945945945945954,0.0,0.0
6,0.7142857142857142,1.0,1.0,0.7894736842105263,0.5152838427947598,1.0,0.5,0.32432432432432434,1.0,0.1111111111111111
7,0.5952380952380951,1.0,0.6666666666666667,0.9473684210526315,0.0,0.0,0.5,0.6396396396396397,1.0,0.4444444444444444
8,0.5952380952380951,1.0,0.6666666666666667,0.631578947368421,0.0,0.2,0.0,0.6486486486486486,1.0,0.5555555555555556
9,0.5952380952380951,1.0,0.3333333333333333,0.8421052631578947,0.5829694323144105,1.0,0.5,0.7927927927927928,0.0,0.2222222222222222
10,0.5,1.0,0.3333333333333333,0.6631578947368421,0.36244541484716153,0.0,0.5,0.6396396396396397,0.0,0.1111111111111111
11,0.5714285714285714,1.0,1.0,0.7368421052631579,0.0,0.0,0.5,0.43243243243243235,1.0,0.3333333333333333
12,0.6428571428571428,1.0,1.0,0.5789473684210527,0.0,0.0,0.0,0.45945945945945954,1.0,0.2222222222222222
13,0.6666666666666667,1.0,0.6666666666666667,0.6926315789473684,0.0,0.0,1.0,0.39549549549549556,0.6,0.3111111111111111
14,0.5238095238095237,1.0,1.0,0.6736842105263158,0.0,1.0,0.5,0.7117117117117117,1.0,0.3333333333333333
15,0.6428571428571428,1.0,1.0,0.631578947368421,0.4803493449781659,0.0,0.5,0.15315315315315314,0.0,0.1111111111111111
16,0.6666666666666667,1.0,1.0,0.8947368421052632,0.3864628820960698,0.0,0.0,0.1351351351351352,1.0,0.6666666666666667
17,0.26190476190476186,1.0,1.0,0.5789473684210527,0.5152838427947598,0.0,0.0,0.5045045045045046,1.0,0.5555555555555556
18,0.6666666666666667,1.0,1.0,0.6631578947368421,0.0,0.0,0.5,0.45945945945945954,0.0,0.4444444444444444
19,0.5952380952380951,1.0,1.0,0.7999999999999999,0.0,0.0,0.5,0.4414414414414415,1.0,0.1111111111111111
20,0.5476190476190477,1.0,1.0,0.6105263157894737,0.0,0.0,0.0,0.49549549549549543,0.0,0.3333333333333333
21,0.6904761904761905,1.0,1.0,0.631578947368421,0.0,1.0,0.5,0.33333333333333337,0.0,0.5555555555555556
22,0.6666666666666667,1.0,0.6666666666666667,0.6842105263157895,0.0,0.0,0.5,0.3783783783783784,1.0,0.1111111111111111
23,0.9285714285714286,1.0,0.6666666666666667,0.6905263157894737,0.0,0.0,0.0,0.49189189189189186,0.3,0.45555555555555555
24,0.4047619047619049,1.0,0.6666666666666667,0.6736842105263158,0.0,0.0,0.5,1.0,0.0,0.7777777777777777
25,0.8095238095238095,1.0,1.0,0.6842105263157895,0.0,1.0,0.5,0.5405405405405405,0.0,0.3333333333333333
26,0.38095238095238093,1.0,1.0,0.6052631578947368,0.0,1.0,0.5,0.5828828828828828,0.5,0.4666666666666667
27,0.5952380952380951,1.0,1.0,0.6842105263157895,0.40611353711790393,1.0,0.5,0.6396396396396397,1.0,0.2222222222222222
28,0.5,1.0,1.0,0.631578947368421,0.21834061135371177,0.0,0.0,0.45945945945945954,1.0,0.4444444444444444
29,0.4761904761904763,1.0,0.6666666666666667,0.6752631578947369,0.4978165938864629,0.0,0.5,0.5711711711711712,0.8,0.49999999999999994
30,0.45238095238095233,1.0,1.0,0.6273684210526316,0.0,0.0,0.5,0.5495495495495496,0.6,0.45555555555555555
31,1.0,1.0,1.0,0.6526315789473685,0.37336244541484714,0.0,0.5,0.36936936936936937,1.0,0.5555555555555556
32,0.6666666666666667,1.0,1.0,0.8421052631578947,0.5021834061135371,1.0,0.0,0.32432432432432434,1.0,0.3333333333333333
33,0.4761904761904763,1.0,0.6666666666666667,0.0,0.0,0.0,0.0,0.7747747747747747,0.0,0.4444444444444444
34,0.4047619047619049,1.0,0.6666666666666667,0.6421052631578947,0.0,0.0,0.0,0.36936936936936937,1.0,0.5555555555555556
35,0.6904761904761905,1.0,1.0,0.7578947368421053,0.0,0.0,0.5,0.4774774774774776,1.0,0.3333333333333333
36,0.5952380952380951,1.0,1.0,0.7642105263157895,0.6135371179039301,0.0,0.5,0.5873873873873873,0.9,0.5511111111111111
37,0.5952380952380951,1.0,1.0,0.631578947368421,0.0,0.0,0.0,0.5765765765765766,1.0,0.5555555555555556
38,0.5476190476190477,1.0,1.0,0.6705263157894737,0.4432314410480349,1.0,0.0,0.38198198198198197,0.5,0.36666666666666664
39,0.5714285714285714,1.0,1.0,0.8105263157894737,0.0,0.0,0.5,0.5585585585585585,1.0,0.4444444444444444
40,0.6190476190476191,1.0,0.6666666666666667,0.631578947368421,0.0,0.0,0.0,0.09909909909909909,1.0,0.1111111111111111
41,0.11904761904761907,1.0,1.0,0.6578947368421052,0.0,1.0,0.0,0.8648648648648648,0.0,0.1111111111111111
42,0.6190476190476191,1.0,1.0,0.651578947368421,0.0,1.0,0.5,0.15315315315315314,0.0,0.4444444444444444
43,0.1428571428571429,1.0,1.0,0.5473684210526316,0.0,0.0,0.5,0.3783783783783784,0.0,0.1111111111111111
44,0.5238095238095237,1.0,1.0,0.7484210526315789,0.6048034934497817,1.0,0.5,0.5936936936936937,0.8,0.5177777777777778
45,0.6666666666666667,1.0,1.0,0.7157894736842105,0.0,0.0,0.0,0.1351351351351352,1.0,0.1111111111111111
46,0.5714285714285714,1.0,1.0,0.6421052631578947,0.5087336244541485,0.0,0.0,0.43243243243243235,1.0,0.39999999999999997
47,0.38095238095238093,1.0,1.0,0.6736842105263158,0.0,0.0,0.0,0.3423423423423424,0.0,0.1111111111111111
48,0.5714285714285714,1.0,0.6666666666666667,0.7242105263157894,0.0,0.0,0.0,0.5315315315315315,1.0,0.5555555555555556
49,0.16666666666666674,1.0,0.6666666666666667,0.7052631578947368,0.5240174672489083,0.5,0.0,0.8198198198198198,0.0,0.1111111111111111
50,0.4761904761904763,1.0,0.6666666666666667,0.631578947368421,0.0,0.0,0.5,0.5045045045045046,1.0,0.6666666666666667
51,0.6666666666666667,0.0,0.3333333333333333,0.6873684210526315,0.0,0.0,0.0,0.3666666666666667,0.6,0.36666666666666664
52,0.6428571428571428,1.0,1.0,0.7999999999999999,0.33406113537117904,0.0,0.5,0.25225225225225223,1.0,0.4666666666666667
53,0.5,1.0,0.3333333333333333,0.6526315789473685,0.4890829694323144,1.0,0.0,0.8288288288288289,0.0,0.5555555555555556
54,0.4285714285714286,1.0,1.0,0.6631578947368421,0.0,0.0,0.0,0.33333333333333337,0.0,0.1111111111111111
55,0.7857142857142858,1.0,1.0,0.7263157894736842,0.0,0.0,0.0,0.5495495495495496,1.0,0.7777777777777777
56,0.4285714285714286,1.0,1.0,0.8105263157894737,0.0,0.3,0.5,0.6396396396396397,1.0,0.4444444444444444
57,0.5952380952380951,1.0,0.6666666666666667,0.7226315789473685,0.6899563318777292,1.0,0.5,0.5414414414414414,0.8,0.42222222222222217
58,0.6428571428571428,1.0,0.3333333333333333,0.6747368421052631,0.0,0.0,0.0,0.4144144144144145,0.7,0.37777777777777777
59,0.5714285714285714,1.0,1.0,0.9368421052631579,0.0,1.0,1.0,0.45945945945945954,1.0,0.1111111111111111
60,0.38095238095238093,1.0,1.0,0.7189473684210526,0.4759825327510917,1.0,1.0,0.5945945945945946,0.7,0.39999999999999997
61,0.6190476190476191,1.0,1.0,0.5789473684210527,0.0,0.2,0.0,0.3513513513513513,1.0,0.5555555555555556
62,0.5238095238095237,1.0,1.0,0.6842105263157895,0.6790393013100436,0.5,0.5,0.7117117117117117,1.0,0.5555555555555556
63,0.5,1.0,0.6666666666666667,0.8947368421052632,0.0,0.0,1.0,0.4864864864864865,1.0,0.6666666666666667
64,0.5476190476190477,1.0,0.3333333333333333,0.6631578947368421,0.0,1.0,0.0,0.36936936936936937,1.0,0.5555555555555556
65,0.8095238095238095,1.0,0.6666666666666667,0.7368421052631579,0.0,0.2,0.5,0.4414414414414415,0.0,0.6666666666666667
66,0.7619047619047619,1.0,0.0,0.7473684210526316,0.5895196506550218,1.0,0.0,0.5045045045045046,0.0,0.6666666666666667
67,0.5476190476190477,1.0,1.0,0.631578947368421,0.0,0.0,1.0,0.33333333333333337,1.0,0.4444444444444444
68,0.7142857142857142,1.0,1.0,0.6705263157894737,0.0,0.0,0.0,0.48018018018018027,0.5,0.37777777777777777
69,0.6666666666666667,1.0,0.3333333333333333,0.6936842105263158,0.4737991266375546,1.0,0.5,0.3909909909909911,0.7,0.30666666666666664
70,0.4761904761904763,1.0,0.3333333333333333,0.5789473684210527,0.4672489082969432,1.0,0.5,1.0,0.0,0.4666666666666667
71,0.5238095238095237,1.0,1.0,0.7368421052631579,0.4672489082969432,0.0,0.5,0.6756756756756758,1.0,0.5555555555555556
72,0.7142857142857142,1.0,0.0,0.6978947368421052,0.5502183406113537,0.0,0.0,0.5234234234234233,0.8,0.45555555555555555
73,0.45238095238095233,1.0,1.0,0.7157894736842105,0.4803493449781659,0.0,0.0,0.6396396396396397,1.0,0.7777777777777777
74,0.8809523809523809,1.0,0.6666666666666667,0.631578947368421,0.4672489082969432,0.0,0.0,0.29729729729729726,1.0,0.3333333333333333
75,0.9523809523809523,1.0,1.0,0.8947368421052632,0.4432314410480349,1.0,0.5,0.3513513513513513,0.0,0.1111111111111111
76,0.33333333333333326,1.0,0.0,0.6842105263157895,0.0,0.0,0.5,0.6846846846846847,0.0,0.7777777777777777
77,0.38095238095238093,1.0,0.6666666666666667,0.6910526315789474,0.740174672489083,0.0,0.0,0.5585585585585585,0.6,0.3888888888888889
78,0.5952380952380951,1.0,1.0,0.7473684210526316,0.47161572052401746,0.0,0.0,0.36936936936936937,1.0,0.6666666666666667
79,0.6904761904761905,0.0,1.0,0.7473684210526316,0.6026200873362445,0.0,0.0,0.6396396396396397,1.0,0.3333333333333333
80,0.5476190476190477,1.0,1.0,0.6947368421052631,1.0,1.0,0.0,0.0,0.0,0.3333333333333333
81,0.6190476190476191,1.0,1.0,0.7684210526315789,0.5262008733624454,0.0,0.0,0.7117117117117117,1.0,0.7777777777777777
82,0.7619047619047619,1.0,1.0,0.8421052631578947,0.8384279475982532,1.0,0.5,0.5495495495495496,1.0,0.1111111111111111
83,0.6428571428571428,1.0,1.0,0.7105263157894737,0.648471615720524,0.0,0.0,0.5495495495495496,1.0,0.3333333333333333
84,0.7142857142857142,1.0,1.0,0.7157894736842105,0.5414847161572052,0.0,0.0,0.6396396396396397,1.0,1.0
85,0.6666666666666667,1.0,1.0,0.6842105263157895,0.6724890829694323,0.0,0.0,0.6216216216216216,1.0,0.5555555555555556
86,0.8095238095238095,1.0,1.0,0.7368421052631579,0.4541484716157205,0.0,0.5,0.6396396396396397,1.0,0.5555555555555556
87,0.38095238095238093,1.0,1.0,0.6805263157894738,0.49563318777292575,1.0,0.5,0.6117117117117118,0.7,0.47111111111111104
88,0.6428571428571428,1.0,1.0,0.8315789473684211,0.4585152838427947,1.0,0.0,0.3873873873873873,1.0,0.7777777777777777
89,0.4761904761904763,1.0,0.6666666666666667,0.7063157894736841,0.5349344978165939,1.0,0.5,0.5108108108108108,1.0,0.528888888888889
90,0.9523809523809523,1.0,1.0,0.7157894736842105,0.4912663755458515,0.0,0.0,0.3873873873873873,1.0,0.7777777777777777
91,0.11904761904761907,1.0,0.6666666666666667,0.5578947368421052,0.5240174672489083,0.0,0.0,0.09909909909909909,1.0,0.1111111111111111
92,0.7619047619047619,1.0,1.0,0.631578947368421,0.0,1.0,0.0,0.7297297297297297,0.0,0.4444444444444444
93,0.5476190476190477,1.0,1.0,0.5789473684210527,0.4323144104803493,0.0,0.0,0.36936936936936937,0.0,0.1111111111111111
94,0.5952380952380951,1.0,1.0,0.6873684210526315,0.425764192139738,0.0,0.0,0.44504504504504505,0.5,0.2777777777777778
95,0.6666666666666667,1.0,1.0,0.8421052631578947,0.5829694323144105,1.0,0.5,0.1711711711711712,1.0,0.5555555555555556
96,0.0,1.0,0.6666666666666667,0.7510526315789473,0.35152838427947597,0.0,0.5,0.5747747747747748,0.7,0.3688888888888889
97,0.6428571428571428,1.0,0.0,0.5894736842105263,0.5633187772925764,0.0,0.5,0.7297297297297297,1.0,0.5111111111111111
98,0.19047619047619047,1.0,1.0,0.6421052631578947,0.0,0.0,0.0,0.45945945945945954,0.0,0.2222222222222222
99,0.6666666666666667,1.0,0.6666666666666667,0.6842105263157895,0.0,1.0,0.5,0.8198198198198198,0.0,0.7777777777777777
100,0.7857142857142858,1.0,0.6666666666666667,0.7894736842105263,0.425764192139738,1.0,0.0,0.5675675675675677,0.0,0.1111111111111111
101,0.7142857142857142,1.0,1.0,0.7894736842105263,0.5131004366812226,0.0,0.0,0.45945945945945954,1.0,0.4444444444444444
102,0.30952380952380953,1.0,0.6666666666666667,0.5368421052631579,0.0,0.3,0.5,0.36936936936936937,1.0,0.3333333333333333
103,0.6666666666666667,1.0,1.0,0.5052631578947369,0.6659388646288209,0.0,0.5,0.46846846846846846,1.0,0.3333333333333333
104,0.6904761904761905,1.0,1.0,0.6842105263157895,0.48689956331877726,0.0,0.5,0.5315315315315315,0.0,0.2222222222222222
105,0.6190476190476191,1.0,1.0,0.631578947368421,0.6157205240174672,0.0,0.5,0.5945945945945946,1.0,1.0
106,0.3571428571428572,1.0,1.0,0.7578947368421053,0.7620087336244541,0.0,1.0,0.45945945945945954,1.0,0.3333333333333333
107,0.5714285714285714,1.0,1.0,0.6526315789473685,0.5890829694323144,0.0,0.0,0.43243243243243235,1.0,0.3333333333333333
108,0.4761904761904763,1.0,1.0,0.7894736842105263,0.34934497816593885,0.0,0.5,0.7297297297297297,0.0,0.1111111111111111
109,0.23809523809523814,1.0,0.6666666666666667,0.6526315789473685,0.5152838427947598,0.0,0.0,0.5684684684684683,0.8,0.39999999999999997
110,0.7142857142857142,1.0,1.0,0.7021052631578948,0.6812227074235807,0.0,1.0,0.5027027027027028,0.8,0.45555555555555555
111,0.6190476190476191,1.0,0.3333333333333333,0.7747368421052631,0.6179039301310043,0.0,0.0,0.5612612612612614,0.8,0.5511111111111111
112,0.33333333333333326,1.0,0.6666666666666667,0.7473684210526316,0.31004366812227074,0.0,0.0,0.5486486486486487,0.6,0.4133333333333333
113,0.8809523809523809,1.0,1.0,0.7126315789473684,0.46069868995633184,0.0,0.0,0.39819819819819824,0.7,0.4288888888888889
114,0.3571428571428572,1.0,1.0,0.7189473684210526,0.4759825327510917,0.0,0.0,0.5945945945945946,0.7,0.39999999999999997
115,0.6904761904761905,1.0,1.0,0.7231578947368421,0.6681222707423581,1.0,0.5,0.5099099099099099,0.9,0.4111111111111111
116,0.4761904761904763,1.0,1.0,0.6105263157894737,0.40611353711790393,1.0,0.5,0.29729729729729726,0.0,0.1111111111111111
117,0.6666666666666667,1.0,1.0,0.5789473684210527,0.5502183406113537,0.0,0.5,0.6396396396396397,1.0,0.5555555555555556
118,0.5714285714285714,1.0,1.0,0.6578947368421052,0.48471615720524014,0.0,0.0,0.5945945945945946,1.0,0.6666666666666667
119,0.5,1.0,1.0,0.6736842105263158,0.0,0.0,1.0,0.5396396396396398,0.8,0.42222222222222217
120,0.6428571428571428,1.0,0.6666666666666667,0.6873684210526315,0.0,1.0,0.5,0.38288288288288286,0.6,0.37777777777777777
121,0.9285714285714286,1.0,1.0,0.7894736842105263,0.5633187772925764,1.0,0.5,0.5495495495495496,1.0,1.0
122,0.45238095238095233,1.0,1.0,0.6842105263157895,0.4410480349344978,1.0,0.0,0.3873873873873873,1.0,0.5555555555555556
123,0.5238095238095237,1.0,1.0,0.5789473684210527,0.43013100436681223,0.0,1.0,0.2792792792792793,0.0,0.1111111111111111
124,0.6428571428571428,1.0,0.6666666666666667,0.6705263157894737,0.44541484716157204,0.0,0.5,0.3648648648648649,0.5,0.37777777777777777
125,0.976190476190476,1.0,0.6666666666666667,0.5473684210526316,0.4978165938864629,0.0,1.0,0.45945945945945954,0.0,0.8888888888888888
126,0.45238095238095233,0.0,1.0,0.7263157894736842,0.5982532751091703,0.0,0.0,0.32432432432432434,1.0,0.4444444444444444
127,0.8333333333333333,1.0,1.0,0.8947368421052632,0.4192139737991266,0.0,0.5,0.5405405405405405,1.0,0.7777777777777777
128,0.6190476190476191,0.0,0.3333333333333333,0.7368421052631579,0.6506550218340611,1.0,0.0,0.45945945945945954,1.0,0.1111111111111111
129,0.30952380952380953,1.0,1.0,0.7442105263157894,0.593886462882096,0.0,0.5,0.46756756756756757,0.6,0.4111111111111111
130,0.30952380952380953,1.0,0.6666666666666667,0.6947368421052631,0.4803493449781659,1.0,0.5,0.8378378378378378,0.0,0.1111111111111111
131,0.6190476190476191,1.0,0.0,0.7473684210526316,0.43668122270742354,1.0,0.5,0.2792792792792793,0.0,0.4444444444444444
132,0.7380952380952381,1.0,1.0,0.5894736842105263,0.5698689956331877,0.0,0.0,0.6396396396396397,0.0,0.4444444444444444
133,0.7857142857142858,1.0,0.0,0.7473684210526316,0.3951965065502183,1.0,0.5,0.5072072072072072,0.8,0.4666666666666667
134,0.4761904761904763,1.0,1.0,0.9052631578947368,0.5676855895196506,0.0,0.0,0.036036036036036,0.0,0.5555555555555556
135,0.6428571428571428,1.0,0.6666666666666667,0.631578947368421,0.4803493449781659,0.0,1.0,0.15315315315315314,0.0,0.1111111111111111
136,0.8571428571428572,1.0,0.6666666666666667,0.6747368421052631,0.482532751091703,0.0,0.0,0.3558558558558559,0.5,0.36666666666666664
137,0.9285714285714286,1.0,0.0,0.6799999999999999,0.47161572052401746,1.0,0.0,0.4162162162162163,0.7,0.43999999999999995
138,0.4285714285714286,1.0,0.6666666666666667,0.8157894736842105,0.38209606986899564,1.0,0.5,0.8198198198198198,0.0,0.24444444444444444
139,0.5476190476190477,1.0,0.6666666666666667,0.7894736842105263,0.47816593886462877,0.0,0.5,0.4414414414414415,1.0,0.1111111111111111
140,0.9523809523809523,1.0,1.0,0.8421052631578947,0.6768558951965065,1.0,0.0,0.3873873873873873,1.0,0.5555555555555556
141,0.5,1.0,0.6666666666666667,0.6863157894736842,0.4541484716157205,1.0,0.5,0.49369369369369365,0.7,0.4888888888888889
142,0.5476190476190477,1.0,0.6666666666666667,0.7063157894736841,0.5065502183406113,0.0,0.5,0.4774774774774776,0.8,0.39999999999999997
143,0.6904761904761905,1.0,1.0,0.7052631578947368,0.5960698689956332,0.0,0.0,0.29729729729729726,1.0,1.0
144,0.45238095238095233,1.0,0.6666666666666667,0.6705263157894737,0.4432314410480349,0.0,0.5,0.38198198198198197,0.5,0.36666666666666664
145,0.45238095238095233,1.0,0.3333333333333333,0.7521052631578947,0.39737991266375544,0.0,0.5,0.5306306306306307,0.8,0.3888888888888889
146,0.5714285714285714,1.0,1.0,0.7368421052631579,0.5982532751091703,0.0,0.0,0.7657657657657658,1.0,0.5555555555555556
147,0.4761904761904763,1.0,1.0,0.6705263157894737,0.44541484716157204,1.0,0.5,0.38198198198198197,0.5,0.36666666666666664
148,0.5238095238095237,1.0,1.0,0.7578947368421053,0.5895196506550218,1.0,0.5,0.8198198198198198,1.0,0.5555555555555556
149,0.6190476190476191,1.0,1.0,0.7521052631578947,0.6375545851528384,0.0,0.5,0.5585585585585585,0.8,0.4288888888888889
150,0.1428571428571429,1.0,1.0,0.7894736842105263,0.37336244541484714,0.0,0.0,0.5315315315315315,1.0,0.4444444444444444
151,0.8571428571428572,1.0,1.0,0.6842105263157895,0.482532751091703,0.0,0.5,0.4144144144144145,1.0,0.1111111111111111
152,0.0714285714285714,1.0,1.0,0.5789473684210527,0.631004366812227,0.0,0.0,0.32432432432432434,1.0,0.4444444444444444
153,0.4761904761904763,1.0,1.0,0.8315789473684211,0.4737991266375546,0.0,0.0,0.36936936936936937,1.0,0.6666666666666667
154,0.5,1.0,1.0,0.6736842105263158,0.48689956331877726,0.0,0.5,0.4504504504504504,1.0,0.5555555555555556
155,0.8095238095238095,1.0,1.0,0.7389473684210527,0.3414847161572052,1.0,0.0,0.5432432432432434,0.6,0.39999999999999997
156,0.6904761904761905,1.0,1.0,0.7894736842105263,0.42139737991266374,0.0,0.5,0.5945945945945946,1.0,0.2222222222222222
157,0.8809523809523809,1.0,1.0,0.8421052631578947,0.5135371179039301,1.0,1.0,0.5495495495495496,0.0,0.4444444444444444
158,0.8095238095238095,1.0,1.0,0.7189473684210526,0.4585152838427947,1.0,0.5,0.3936936936936938,0.7,0.48444444444444446
159,0.5,1.0,1.0,0.7642105263157895,0.6157205240174672,1.0,0.0,0.5873873873873873,0.9,0.5511111111111111
160,0.6428571428571428,1.0,1.0,0.7305263157894737,0.37117903930131,0.0,0.5,0.45945945945945954,1.0,0.7777777777777777
161,0.7619047619047619,1.0,1.0,0.7336842105263158,0.8056768558951964,0.0,0.0,0.5063063063063064,0.7,0.37777777777777777
162,0.5238095238095237,1.0,1.0,0.8210526315789474,0.3777292576419214,0.0,1.0,0.4504504504504504,1.0,0.7777777777777777
163,0.8095238095238095,1.0,1.0,0.7521052631578947,0.631004366812227,1.0,0.5,0.5171171171171173,0.7,0.528888888888889
164,0.38095238095238093,1.0,1.0,0.7047368421052632,0.40742358078602614,1.0,1.0,0.5216216216216217,0.5,0.37777777777777777
165,0.30952380952380953,1.0,1.0,0.7368421052631579,0.40502183406113534,0.0,0.0,0.8108108108108109,1.0,0.4444444444444444
166,0.8095238095238095,1.0,1.0,0.6421052631578947,0.47161572052401746,1.0,1.0,0.1351351351351352,1.0,0.1111111111111111
167,0.8095238095238095,1.0,0.6666666666666667,0.7252631578947368,0.5917030567685589,0.0,1.0,0.5252252252252253,0.5,0.5444444444444444
168,0.6904761904761905,1.0,1.0,0.731578947368421,0.5327510917030568,1.0,0.5,0.5063063063063064,0.9,0.4666666666666667
169,0.5238095238095237,1.0,0.3333333333333333,0.9473684210526315,0.6222707423580786,1.0,0.5,0.45945945945945954,0.0,0.28888888888888886
170,0.4285714285714286,1.0,1.0,0.6526315789473685,0.5305676855895196,0.0,0.0,0.4774774774774776,1.0,0.5555555555555556
171,0.04761904761904767,1.0,0.6666666666666667,0.6210526315789473,0.5240174672489083,0.0,1.0,0.8648648648648648,0.0,0.3333333333333333
172,0.7619047619047619,1.0,1.0,0.7368421052631579,0.47816593886462877,0.0,0.5,0.4774774774774776,1.0,0.5555555555555556
173,0.9285714285714286,1.0,0.6666666666666667,0.7368421052631579,0.5174672489082969,1.0,0.0,0.22522522522522526,0.0,0.1111111111111111
174,0.6666666666666667,1.0,0.3333333333333333,0.7657894736842105,0.36026200873362446,0.0,0.5,0.509009009009009,0.6,0.4688888888888889
175,0.5476190476190477,1.0,1.0,0.5263157894736842,0.4650655021834061,0.0,0.5,0.36936936936936937,0.0,0.1111111111111111
176,0.6190476190476191,1.0,1.0,1.0,0.6266375545851528,1.0,1.0,0.7297297297297297,1.0,0.5555555555555556
177,0.6904761904761905,1.0,1.0,0.6842105263157895,0.5633187772925764,1.0,1.0,0.5495495495495496,0.0,0.1111111111111111
178,0.5476190476190477,1.0,1.0,0.8421052631578947,0.5589519650655022,1.0,1.0,0.39639639639639646,1.0,0.3333333333333333
179,0.5952380952380951,1.0,1.0,0.6842105263157895,0.40611353711790393,1.0,1.0,0.6396396396396397,1.0,0.2222222222222222
180,0.5238095238095237,1.0,1.0,0.6421052631578947,0.5764192139737991,0.0,1.0,0.2792792792792793,0.0,0.1111111111111111
181,0.4761904761904763,1.0,0.6666666666666667,0.6684210526315789,0.32772925764192135,0.0,0.5,0.5495495495495496,0.6,0.4933333333333333
182,0.4761904761904763,1.0,1.0,0.631578947368421,0.49344978165938863,0.0,1.0,0.5225225225225226,1.0,0.4888888888888889
183,0.5,1.0,1.0,0.6842105263157895,0.4432314410480349,1.0,0.0,0.26126126126126126,0.0,0.4444444444444444
184,0.5238095238095237,1.0,1.0,0.6842105263157895,0.4519650655021834,0.0,0.5,0.2432432432432433,1.0,0.3333333333333333
185,0.6190476190476191,1.0,0.6666666666666667,0.77,0.6200873362445415,0.0,0.0,0.5342342342342344,0.8,0.528888888888889
186,0.6190476190476191,1.0,0.6666666666666667,0.631578947368421,0.7358078602620087,0.0,0.0,0.26126126126126126,1.0,0.1111111111111111
187,0.5476190476190477,1.0,0.6666666666666667,0.7894736842105263,0.47816593886462877,0.0,0.5,0.4414414414414415,1.0,0.1111111111111111
188,0.9285714285714286,1.0,1.0,0.8157894736842105,0.6768558951965065,0.0,0.0,0.3873873873873873,1.0,0.4444444444444444
189,0.7857142857142858,1.0,0.6666666666666667,0.7052631578947368,0.5545851528384279,1.0,0.0,0.7387387387387389,1.0,0.1111111111111111
190,0.38095238095238093,0.0,1.0,0.6,0.5633187772925764,1.0,1.0,0.2432432432432433,0.0,0.3333333333333333
191,0.6428571428571428,1.0,1.0,0.8421052631578947,0.5545851528384279,1.0,0.5,0.3513513513513513,1.0,0.7777777777777777
192,0.4285714285714286,1.0,1.0,0.7578947368421053,0.6550218340611353,1.0,0.5,0.5315315315315315,1.0,0.4444444444444444
193,0.6428571428571428,1.0,1.0,0.8315789473684211,0.37117903930131,0.0,0.5,0.6216216216216216,1.0,0.1111111111111111
194,0.26190476190476186,1.0,1.0,0.7052631578947368,0.6768558951965065,0.0,0.0,0.5135135135135135,0.0,0.1111111111111111
195,0.45238095238095233,0.0,1.0,0.6684210526315789,0.7270742358078602,1.0,0.5,0.7657657657657658,0.0,0.1111111111111111
196,0.6428571428571428,1.0,0.0,0.7336842105263158,0.3034934497816594,0.0,0.5,0.5405405405405405,0.6,0.44666666666666666
197,0.4761904761904763,1.0,1.0,0.6421052631578947,0.48689956331877726,1.0,0.5,0.2792792792792793,0.0,0.1111111111111111
198,0.5476190476190477,1.0,1.0,0.7078947368421052,0.8406113537117903,1.0,1.0,0.48018018018018027,0.5,0.3222222222222222
199,0.6428571428571428,1.0,0.3333333333333333,0.631578947368421,0.5545851528384279,0.0,1.0,0.21621621621621623,1.0,0.1111111111111111
