,f1,f2,f3,f4,f5,f6,f7,f8,f9,f10
0,0.0,0.0,0.0,0.5,0.5,0.0,0.5,0.5,0.5,1.0
1,1.0,0.0,0.0,0.5,0.5,0.0,1.0,1.0,1.0,0.5
2,1.0,0.0,0.0,1.0,0.5,1.0,0.5,0.0,0.0,1.0
3,0.0,1.0,0.0,0.5,0.5,1.0,0.0,1.0,0.0,0.5
4,1.0,0.0,0.0,0.5,0.5,0.0,0.5,0.0,1.0,0.5
5,1.0,0.0,0.0,1.0,1.0,0.5,1.0,1.0,0.0,0.0
6,0.0,0.0,1.0,0.0,1.0,0.0,1.0,1.0,1.0,0.5
7,0.0,0.0,0.5,0.5,1.0,0.5,0.0,0.0,0.5,1.0
8,1.0,1.0,1.0,0.5,0.0,1.0,0.0,0.0,0.0,1.0
9,1.0,0.5,0.0,0.0,1.0,0.5,0.5,0.0,1.0,0.5
10,0.0,0.0,0.5,0.0,0.5,1.0,0.5,0.0,1.0,0.0
11,0.0,0.5,0.5,1.0,1.0,1.0,0.5,0.0,1.0,0.0
12,0.0,0.5,0.5,0.5,1.0,0.0,1.0,0.5,1.0,0.0
13,1.0,0.5,0.5,0.0,0.5,0.5,0.5,1.0,0.0,0.0
14,0.0,1.0,1.0,0.5,1.0,0.0,1.0,0.5,0.5,1.0
15,1.0,0.5,1.0,0.0,1.0,0.5,0.5,0.5,1.0,0.0
16,0.0,0.0,0.0,0.0,0.0,0.5,1.0,1.0,0.0,0.5
17,0.0,1.0,1.0,0.5,0.0,0.5,0.5,0.0,1.0,1.0
18,1.0,0.5,0.0,1.0,0.0,1.0,0.0,1.0,0.0,0.0
19,0.0,0.0,0.0,0.0,0.0,0.5,0.0,0.5,0.5,1.0
20,0.0,0.0,0.0,1.0,0.5,1.0,1.0,0.5,0.0,0.5
21,0.0,0.5,0.0,0.5,0.0,0.5,1.0,0.5,0.0,0.0
22,1.0,0.0,0.5,0.0,0.5,1.0,0.5,1.0,0.5,0.0
23,1.0,0.0,0.0,0.5,0.5,0.5,1.0,0.0,1.0,0.0
24,0.0,0.5,1.0,1.0,0.0,1.0,0.5,0.5,0.0,0.5
25,1.0,0.0,1.0,0.5,0.0,1.0,1.0,1.0,1.0,0.5
26,1.0,0.0,1.0,1.0,1.0,0.0,1.0,1.0,0.0,0.5
27,0.0,1.0,0.5,0.0,0.0,1.0,1.0,1.0,1.0,1.0
28,1.0,0.5,0.5,0.5,0.0,0.0,0.5,0.0,0.5,1.0
29,0.0,0.5,0.5,0.0,1.0,0.0,0.5,0.5,0.0,1.0
30,1.0,0.5,1.0,0.0,0.0,0.5,0.0,0.5,0.5,0.5
31,0.0,0.5,0.0,1.0,1.0,1.0,0.5,0.5,0.5,1.0
32,0.0,0.5,0.0,0.0,0.5,1.0,0.0,0.5,0.0,0.0
33,1.0,1.0,1.0,0.0,0.5,1.0,0.0,0.0,1.0,0.0
34,0.0,0.0,0.0,1.0,1.0,0.5,0.0,0.5,0.5,0.5
35,1.0,0.5,1.0,1.0,0.0,1.0,1.0,0.0,0.5,1.0
36,1.0,0.0,1.0,1.0,0.0,0.0,0.0,1.0,0.0,1.0
37,0.0,0.0,1.0,0.5,0.0,0.5,0.0,0.0,1.0,1.0
38,1.0,0.5,1.0,0.0,0.5,1.0,0.5,1.0,0.5,1.0
39,1.0,0.0,1.0,1.0,0.5,0.5,1.0,1.0,1.0,0.5
40,0.0,1.0,0.0,0.0,0.5,0.5,0.5,0.0,0.5,0.5
41,1.0,1.0,0.0,0.5,0.5,1.0,0.0,1.0,1.0,1.0
42,0.0,0.0,1.0,0.5,0.5,1.0,0.0,0.0,0.0,0.5
43,0.0,1.0,1.0,1.0,1.0,1.0,1.0,0.0,0.0,0.5
44,1.0,0.5,0.0,0.0,0.5,0.5,0.0,0.0,1.0,1.0
45,1.0,0.0,1.0,0.5,1.0,1.0,1.0,0.5,0.5,0.0
46,1.0,0.5,0.0,0.5,1.0,0.0,0.5,0.0,0.5,1.0
47,0.0,0.0,1.0,0.0,0.0,0.5,0.5,0.0,0.0,0.5
48,0.0,1.0,1.0,0.5,0.5,0.0,0.0,0.5,0.5,0.0
49,1.0,1.0,0.5,0.0,0.5,0.0,0.0,0.5,1.0,0.0
50,0.0,0.5,0.5,0.5,0.0,1.0,1.0,0.0,0.5,1.0
51,0.0,0.0,1.0,0.5,0.5,0.0,0.5,0.5,0.5,0.5
52,0.0,0.0,0.5,0.0,0.5,1.0,0.5,0.5,0.0,0.0
53,1.0,0.0,1.0,0.0,0.5,0.0,1.0,1.0,1.0,0.0
54,1.0,1.0,0.0,0.5,0.0,1.0,1.0,0.5,0.5,0.5
55,0.0,0.0,0.0,0.0,0.5,0.5,0.0,1.0,0.5,0.0
56,0.0,1.0,0.0,0.5,1.0,0.5,0.5,0.5,0.0,1.0
57,1.0,0.0,1.0,0.5,0.5,0.5,0.5,1.0,1.0,1.0
58,1.0,1.0,0.0,0.0,0.5,0.5,0.0,0.5,1.0,1.0
59,1.0,0.5,0.5,0.5,0.5,0.5,0.0,0.5,1.0,1.0
60,1.0,0.5,0.5,0.0,0.0,1.0,0.0,0.0,0.5,0.0
61,0.0,1.0,1.0,0.5,0.5,1.0,0.0,1.0,0.5,1.0
62,1.0,0.0,0.0,0.0,0.5,1.0,1.0,0.0,0.5,0.0
63,0.0,0.5,1.0,1.0,1.0,1.0,1.0,0.0,0.5,0.5
64,0.0,0.5,0.0,1.0,0.5,0.5,0.5,0.0,0.0,0.5
65,0.0,1.0,0.5,0.5,1.0,1.0,0.0,0.5,1.0,0.0
66,0.0,0.5,1.0,0.5,0.5,1.0,1.0,1.0,0.5,1.0
67,0.0,0.5,0.0,1.0,0.0,0.5,0.0,0.0,0.0,1.0
68,0.0,0.0,0.0,0.5,0.5,0.0,0.0,0.5,1.0,1.0
69,1.0,0.0,0.0,1.0,0.0,1.0,1.0,1.0,0.0,0.0
70,1.0,0.5,0.0,0.0,1.0,0.5,0.0,0.0,1.0,0.0
71,0.0,0.0,0.0,1.0,1.0,1.0,0.0,1.0,1.0,0.0
72,1.0,0.0,0.0,1.0,0.0,1.0,1.0,0.5,0.0,0.0
73,0.0,0.5,1.0,0.0,1.0,0.5,0.0,0.5,1.0,0.0
74,1.0,1.0,0.5,0.5,1.0,1.0,0.0,0.0,1.0,0.5
75,0.0,0.0,1.0,0.5,0.5,1.0,0.5,0.5,0.0,0.0
76,1.0,1.0,0.0,0.0,1.0,0.5,1.0,0.5,1.0,0.5
77,1.0,1.0,0.0,0.0,0.0,0.0,0.5,1.0,0.0,0.0
78,1.0,1.0,1.0,0.5,1.0,0.5,1.0,1.0,0.5,0.5
79,1.0,1.0,0.0,0.5,1.0,0.0,1.0,1.0,1.0,1.0
80,1.0,1.0,1.0,1.0,0.0,1.0,1.0,0.0,0.0,1.0
81,0.0,0.0,0.0,0.5,1.0,0.5,1.0,0.0,0.5,0.5
82,1.0,0.0,0.0,1.0,0.0,0.0,0.5,0.5,1.0,0.5
83,0.0,0.5,0.0,0.5,0.5,0.5,0.5,0.5,1.0,1.0
84,1.0,1.0,0.0,1.0,0.5,0.0,1.0,0.5,0.0,0.5
85,0.0,0.5,1.0,0.0,0.5,0.0,1.0,1.0,0.5,0.0
86,1.0,0.5,1.0,0.0,0.5,0.5,1.0,0.0,0.0,0.5
87,0.0,1.0,1.0,1.0,0.5,1.0,0.5,0.0,0.5,0.5
88,0.0,0.5,0.5,0.0,1.0,1.0,0.0,1.0,0.0,1.0
89,0.0,0.5,0.5,1.0,0.0,0.0,0.5,1.0,0.5,1.0
90,1.0,0.5,0.5,0.0,0.0,1.0,0.5,0.0,0.0,0.5
91,0.0,1.0,0.0,0.5,1.0,1.0,0.5,1.0,0.5,0.0
92,0.0,1.0,0.0,0.0,0.5,0.0,0.0,0.0,0.5,0.0
93,1.0,0.0,0.0,0.5,0.5,1.0,1.0,0.0,0.5,0.0
94,1.0,1.0,0.5,0.0,1.0,0.0,0.0,0.5,0.5,0.0
95,0.0,0.0,0.0,0.5,0.0,1.0,0.5,0.0,1.0,1.0
96,1.0,0.0,0.5,1.0,0.0,0.0,0.0,1.0,0.5,0.5
97,0.0,0.5,0.0,0.0,0.0,0.5,0.0,0.5,0.5,0.5
98,0.0,0.5,0.5,0.0,1.0,0.0,0.0,1.0,0.0,1.0
99,1.0,0.5,1.0,1.0,0.0,0.0,1.0,1.0,0.0,0.5
100,1.0,0.0,0.0,1.0,1.0,0.0,0.5,0.0,0.0,0.5
101,1.0,0.0,1.0,0.0,0.0,0.0,0.5,1.0,1.0,1.0
102,1.0,1.0,1.0,0.5,0.0,0.0,0.0,1.0,0.5,0.0
103,0.0,0.0,1.0,1.0,1.0,0.0,0.5,0.5,0.0,0.5
104,1.0,0.0,0.5,0.0,0.5,0.5,0.0,0.5,0.0,0.0
105,0.0,0.5,0.5,1.0,0.5,0.0,0.5,0.0,0.0,0.5
106,0.0,0.0,0.0,0.5,0.0,1.0,0.0,0.0,0.0,0.5
107,0.0,0.0,0.5,0.0,0.5,1.0,0.5,1.0,0.0,0.0
108,0.0,1.0,0.0,0.0,1.0,1.0,0.5,0.0,0.0,0.0
109,1.0,0.5,0.0,1.0,0.0,1.0,0.5,1.0,1.0,0.5
110,1.0,0.5,1.0,0.0,0.5,0.0,0.0,0.5,0.0,1.0
111,1.0,0.0,0.5,1.0,0.5,0.5,0.0,0.0,0.0,1.0
112,1.0,0.0,0.5,1.0,0.0,0.0,0.5,0.0,0.5,0.0
113,0.0,1.0,0.5,1.0,1.0,1.0,1.0,1.0,0.5,0.0
114,0.0,1.0,0.0,1.0,0.0,0.5,1.0,0.5,0.0,0.0
115,1.0,0.0,0.5,1.0,0.5,0.0,0.5,0.0,1.0,1.0
116,1.0,0.0,1.0,1.0,0.5,1.0,1.0,1.0,0.0,0.0
117,0.0,0.0,1.0,0.5,1.0,0.0,0.0,1.0,1.0,0.5
118,0.0,0.5,0.5,0.5,1.0,1.0,1.0,0.5,0.0,0.0
119,1.0,0.0,1.0,1.0,0.0,1.0,0.5,1.0,0.5,0.0
120,1.0,0.0,0.0,1.0,0.5,0.5,1.0,1.0,1.0,0.5
121,1.0,1.0,0.5,0.0,0.0,0.5,0.0,0.0,0.5,0.5
122,0.0,0.5,0.0,0.0,0.5,1.0,1.0,0.0,0.0,0.0
123,0.0,0.0,1.0,1.0,1.0,1.0,1.0,1.0,0.0,0.0
124,1.0,1.0,0.0,0.0,0.5,0.5,0.5,0.0,1.0,0.0
125,1.0,1.0,0.0,0.0,0.0,0.5,1.0,1.0,1.0,1.0
126,0.0,1.0,0.0,1.0,0.5,0.0,0.5,1.0,0.0,0.5
127,0.0,0.5,0.0,0.5,0.5,1.0,1.0,0.0,0.0,0.0
128,1.0,0.5,0.5,1.0,1.0,0.5,0.5,1.0,0.5,0.5
129,1.0,0.0,0.0,0.0,0.5,0.0,1.0,1.0,0.5,1.0
130,1.0,0.5,1.0,0.0,1.0,0.0,1.0,0.5,0.5,0.0
131,0.0,0.0,0.5,0.0,1.0,0.5,0.0,1.0,0.5,0.0
132,1.0,1.0,0.5,0.0,0.0,0.0,1.0,0.0,0.0,0.0
133,0.0,0.5,0.5,1.0,1.0,1.0,0.5,0.5,0.0,0.0
134,0.0,1.0,0.5,1.0,0.0,0.5,0.0,0.0,0.5,0.5
135,1.0,0.0,1.0,0.0,0.5,0.5,0.0,0.0,0.0,0.5
136,0.0,0.5,0.0,0.5,0.5,1.0,0.0,1.0,0.0,0.0
137,0.0,1.0,0.0,0.0,0.5,1.0,1.0,1.0,0.5,1.0
138,1.0,0.5,1.0,1.0,1.0,0.0,0.0,1.0,1.0,0.0
139,1.0,0.0,0.0,0.0,0.0,0.5,0.0,0.0,0.0,1.0
140,1.0,1.0,0.5,0.5,0.5,0.0,0.5,0.0,1.0,0.5
141,1.0,0.5,0.5,1.0,0.5,0.0,1.0,0.5,1.0,0.5
142,1.0,0.0,0.5,0.0,0.5,1.0,0.5,1.0,1.0,0.0
143,1.0,0.0,0.5,0.5,0.5,1.0,0.0,0.0,1.0,1.0
144,0.0,0.0,0.5,0.5,1.0,0.5,1.0,1.0,0.5,1.0
145,0.0,0.5,1.0,1.0,0.5,1.0,1.0,0.0,0.5,0.0
146,0.0,1.0,0.5,0.0,0.5,1.0,0.5,0.5,1.0,0.5
147,1.0,0.0,0.0,1.0,1.0,0.5,1.0,1.0,0.0,0.5
148,1.0,0.0,0.0,1.0,0.0,0.5,0.0,0.5,0.5,0.0
149,1.0,0.5,0.0,1.0,0.0,1.0,0.0,0.5,0.0,0.0
150,0.0,0.0,0.0,0.5,0.5,0.0,0.5,0.0,0.5,0.0
151,1.0,0.5,0.5,1.0,0.5,0.5,0.0,1.0,0.0,0.0
152,0.0,0.5,1.0,1.0,0.0,1.0,1.0,1.0,0.0,1.0
153,1.0,0.5,0.0,0.0,0.5,0.5,1.0,0.5,0.0,0.0
154,0.0,1.0,1.0,0.0,1.0,1.0,0.0,0.5,0.5,0.5
155,1.0,1.0,1.0,0.0,0.5,1.0,0.5,1.0,1.0,1.0
156,1.0,0.5,0.0,1.0,1.0,0.0,0.0,0.5,0.0,1.0
157,1.0,0.5,1.0,0.5,0.0,0.0,1.0,1.0,0.0,0.0
158,0.0,0.0,1.0,1.0,0.0,0.0,0.5,1.0,0.5,0.5
159,0.0,0.5,1.0,1.0,0.0,1.0,1.0,0.5,1.0,1.0
160,0.0,1.0,0.5,1.0,1.0,1.0,0.0,0.0,0.0,0.5
161,0.0,0.5,0.0,0.5,0.5,0.5,0.0,0.0,0.0,1.0
162,0.0,1.0,1.0,0.5,1.0,1.0,0.0,1.0,1.0,0.0
163,0.0,0.5,0.5,0.0,0.5,0.5,0.5,1.0,1.0,0.0
164,0.0,0.5,0.0,0.5,0.0,1.0,0.5,0.0,0.5,0.0
165,0.0,0.0,1.0,0.0,1.0,1.0,0.5,0.0,0.0,0.0
166,1.0,0.0,0.0,0.0,0.5,1.0,1.0,1.0,1.0,0.0
167,1.0,0.5,0.5,0.0,0.0,0.0,0.0,0.5,1.0,0.0
168,1.0,1.0,0.0,0.5,1.0,1.0,1.0,1.0,1.0,1.0
169,1.0,1.0,0.0,0.5,0.5,0.5,1.0,0.0,1.0,1.0
170,1.0,0.0,1.0,1.0,0.5,0.5,0.5,0.5,0.5,0.0
171,1.0,1.0,0.0,0.0,0.5,0.5,0.0,1.0,0.5,0.5
172,1.0,1.0,0.0,0.0,0.0,1.0,0.0,0.0,0.5,1.0
173,0.0,0.0,0.0,0.5,0.5,1.0,0.5,0.5,0.0,1.0
174,0.0,0.5,0.0,1.0,1.0,0.0,1.0,0.0,1.0,0.0
175,0.0,0.5,1.0,1.0,1.0,0.5,1.0,1.0,0.0,1.0
176,1.0,0.5,0.5,0.5,1.0,0.0,0.0,1.0,0.0,0.5
177,1.0,0.0,0.0,0.5,1.0,0.5,1.0,1.0,0.0,1.0
178,1.0,0.0,0.5,1.0,1.0,0.5,0.5,0.0,0.5,0.0
179,1.0,0.0,0.0,1.0,1.0,0.0,0.0,0.5,0.5,1.0
180,1.0,0.5,0.5,0.5,1.0,0.0,1.0,0.5,1.0,0.5
181,1.0,0.0,0.0,0.0,1.0,1.0,0.5,1.0,1.0,0.5
182,0.0,1.0,0.0,1.0,1.0,0.5,0.5,0.0,0.5,0.5
183,0.0,0.0,0.0,0.5,1.0,0.5,0.0,0.5,0.0,0.0
184,1.0,0.5,0.0,0.5,0.0,0.5,0.5,0.0,1.0,0.0
185,0.0,0.5,1.0,1.0,1.0,0.5,0.5,1.0,0.5,0.5
186,1.0,1.0,0.0,0.0,0.0,1.0,0.5,0.5,1.0,1.0
187,1.0,0.5,0.5,1.0,1.0,1.0,0.0,0.0,1.0,0.5
188,1.0,1.0,1.0,0.0,0.5,0.0,0.5,1.0,1.0,1.0
189,0.0,0.0,0.5,0.0,1.0,0.5,0.0,1.0,0.0,0.5
190,1.0,1.0,0.0,0.5,0.0,0.0,1.0,0.5,0.0,1.0
191,1.0,1.0,0.5,0.0,1.0,0.5,0.5,1.0,1.0,0.5
192,0.0,0.0,1.0,1.0,1.0,1.0,0.0,0.0,1.0,1.0
193,1.0,0.5,1.0,0.5,0.0,0.0,0.0,0.5,0.0,0.5
194,1.0,1.0,1.0,1.0,0.5,0.0,0.0,0.0,0.0,0.0
195,0.0,0.5,0.0,0.5,0.5,0.0,0.0,1.0,0.0,1.0
196,1.0,0.0,0.5,0.0,0.5,1.0,0.5,0.5,1.0,0.0
197,1.0,0.0,0.0,0.0,0.5,0.5,0.5,1.0,1.0,0.5
198,1.0,0.5,0.5,0.5,1.0,1.0,0.5,0.0,0.0,1.0
199,0.0,1.0,0.5,1.0,0.5,0.5,1.0,0.5,1.0,0.0
