,col_1,col_2
0,1.0,0.0
1,0.9090909090909091,0.0
2,0.8181818181818181,0.0
3,0.7272727272727273,0.0
4,0.6363636363636364,0.0
5,0.5454545454545454,0.0
6,0.4545454545454545,0.0
7,0.3636363636363636,0.0
8,0.2727272727272727,0.0
9,0.18181818181818177,0.0
10,0.09090909090909088,0.0
11,0.0,0.0
12,1.0,0.11111111111111112
13,0.9090909090909091,0.11111111111111112
14,0.8181818181818181,0.11111111111111112
15,0.7272727272727273,0.11111111111111112
16,0.6363636363636364,0.11111111111111112
17,0.5454545454545454,0.11111111111111112
18,0.4545454545454545,0.11111111111111112
19,0.3636363636363636,0.11111111111111112
20,0.2727272727272727,0.11111111111111112
21,0.18181818181818177,0.11111111111111112
22,0.09090909090909088,0.11111111111111112
23,0.0,0.11111111111111112
24,1.0,0.22222222222222227
25,0.9090909090909091,0.22222222222222227
26,0.8181818181818181,0.22222222222222227
27,0.7272727272727273,0.22222222222222227
28,0.6363636363636364,0.22222222222222227
29,0.5454545454545454,0.22222222222222227
30,0.4545454545454545,0.22222222222222227
31,0.3636363636363636,0.22222222222222227
32,0.2727272727272727,0.22222222222222227
33,0.18181818181818177,0.22222222222222227
34,0.09090909090909088,0.22222222222222227
35,0.0,0.22222222222222227
36,1.0,0.33333333333333337
37,0.9090909090909091,0.33333333333333337
38,0.8181818181818181,0.33333333333333337
39,0.7272727272727273,0.33333333333333337
40,0.6363636363636364,0.33333333333333337
41,0.5454545454545454,0.33333333333333337
42,0.4545454545454545,0.33333333333333337
43,0.3636363636363636,0.33333333333333337
44,0.2727272727272727,0.33333333333333337
45,0.18181818181818177,0.33333333333333337
46,0.09090909090909088,0.33333333333333337
47,0.0,0.33333333333333337
48,1.0,0.4444444444444445
49,0.9090909090909091,0.4444444444444445
50,0.8181818181818181,0.4444444444444445
51,0.7272727272727273,0.4444444444444445
52,0.6363636363636364,0.4444444444444445
53,0.5454545454545454,0.4444444444444445
54,0.4545454545454545,0.4444444444444445
55,0.3636363636363636,0.4444444444444445
56,0.2727272727272727,0.4444444444444445
57,0.18181818181818177,0.4444444444444445
58,0.09090909090909088,0.4444444444444445
59,0.0,0.4444444444444445
60,1.0,0.5555555555555556
61,0.9090909090909091,0.5555555555555556
62,0.8181818181818181,0.5555555555555556
63,0.7272727272727273,0.5555555555555556
64,0.6363636363636364,0.5555555555555556
65,0.5454545454545454,0.5555555555555556
66,0.4545454545454545,0.5555555555555556
67,0.3636363636363636,0.5555555555555556
68,0.2727272727272727,0.5555555555555556
69,0.18181818181818177,0.5555555555555556
70,0.09090909090909088,0.5555555555555556
71,0.0,0.5555555555555556
72,1.0,0.6666666666666666
73,0.9090909090909091,0.6666666666666666
74,0.8181818181818181,0.6666666666666666
75,0.7272727272727273,0.6666666666666666
76,0.6363636363636364,0.6666666666666666
77,0.5454545454545454,0.6666666666666666
78,0.4545454545454545,0.6666666666666666
79,0.3636363636363636,0.6666666666666666
80,0.2727272727272727,0.6666666666666666
81,0.18181818181818177,0.6666666666666666
82,0.09090909090909088,0.6666666666666666
83,0.0,0.6666666666666666
84,1.0,0.7777777777777778
85,0.9090909090909091,0.7777777777777778
86,0.8181818181818181,0.7777777777777778
87,0.7272727272727273,0.7777777777777778
88,0.6363636363636364,0.7777777777777778
89,0.5454545454545454,0.7777777777777778
90,0.4545454545454545,0.7777777777777778
91,0.3636363636363636,0.7777777777777778
92,0.2727272727272727,0.7777777777777778
93,0.18181818181818177,0.7777777777777778
94,0.09090909090909088,0.7777777777777778
95,0.0,0.7777777777777778
96,1.0,0.8888888888888888
97,0.9090909090909091,0.8888888888888888
98,0.8181818181818181,0.8888888888888888
99,0.7272727272727273,0.8888888888888888
100,0.6363636363636364,0.8888888888888888
101,0.5454545454545454,0.8888888888888888
102,0.4545454545454545,0.8888888888888888
103,0.3636363636363636,0.8888888888888888
104,0.2727272727272727,0.8888888888888888
105,0.18181818181818177,0.8888888888888888
106,0.09090909090909088,0.8888888888888888
107,0.0,0.8888888888888888
108,1.0,1.0
109,0.9090909090909091,1.0
110,0.8181818181818181,1.0
111,0.7272727272727273,1.0
112,0.6363636363636364,1.0
113,0.5454545454545454,1.0
114,0.4545454545454545,1.0
115,0.3636363636363636,1.0
116,0.2727272727272727,1.0
117,0.18181818181818177,1.0
118,0.09090909090909088,1.0
119,0.0,1.0
