,User Id,Sports,Religious,Nature,Theatre,Shopping,Picnic
0,0.0,0.0,0.1764705882352941,0.10150375939849621,0.06493506493506496,0.09836065573770492,0.21656050955414008
1,0.4475806451612903,0.0,0.0784313725490196,0.09022556390977443,0.11038961038961043,0.1038251366120218,0.04458598726114649
2,0.6935483870967741,0.0,0.0,0.16917293233082709,0.18181818181818182,0.0,0.08917197452229297
3,0.7379032258064516,0.0,0.11764705882352944,0.09398496240601506,0.2337662337662338,0.14207650273224043,0.0
4,0.782258064516129,0.0,0.3137254901960785,0.007518796992481203,0.0,0.2459016393442623,0.15923566878980888
5,0.8266129032258064,0.043478260869565216,0.01307189542483661,0.2142857142857143,0.2207792207792208,0.010928961748633836,0.09554140127388533
6,0.8709677419354839,0.043478260869565216,0.09150326797385622,0.12406015037593987,0.1493506493506494,0.1256830601092896,0.05095541401273884
7,0.9153225806451613,0.043478260869565216,0.02614379084967322,0.20676691729323304,0.21428571428571436,0.02185792349726773,0.09554140127388533
8,0.9596774193548386,0.043478260869565216,0.09150326797385622,0.21052631578947367,0.03246753246753248,0.02185792349726773,0.20382165605095537
9,0.004032258064516129,0.043478260869565216,0.23529411764705882,0.09022556390977443,0.09740259740259744,0.13114754098360654,0.26751592356687903
10,0.04838709677419355,0.043478260869565216,0.3725490196078432,0.007518796992481203,0.03246753246753248,0.28961748633879775,0.21019108280254772
11,0.09274193548387097,0.043478260869565216,0.34640522875817,0.03007518796992481,0.025974025974025983,0.2841530054644808,0.20382165605095537
12,0.13709677419354838,0.043478260869565216,0.09150326797385622,0.11278195488721804,0.1493506493506494,0.13661202185792348,0.05095541401273884
13,0.1814516129032258,0.043478260869565216,0.281045751633987,0.007518796992481203,0.09740259740259744,0.28961748633879775,0.05095541401273884
14,0.22580645161290322,0.043478260869565216,0.08496732026143794,0.11278195488721804,0.14285714285714285,0.15300546448087426,0.05095541401273884
15,0.2701612903225806,0.043478260869565216,0.2091503267973856,0.10150375939849621,0.10389610389610393,0.13661202185792348,0.13375796178343946
16,0.31451612903225806,0.13043478260869565,0.05882352941176472,0.2969924812030075,0.28571428571428575,0.02185792349726773,0.15923566878980888
17,0.3588709677419355,0.13043478260869565,0.03921568627450983,0.2706766917293233,0.3181818181818182,0.03278688524590162,0.15286624203821653
18,0.4032258064516129,0.08695652173913043,0.22875816993464054,0.05639097744360899,0.3376623376623377,0.08196721311475408,0.07006369426751591
19,0.45161290322580644,0.13043478260869565,0.41830065359477125,0.11654135338345861,0.038961038961038974,0.34972677595628415,0.2611464968152867
20,0.4959677419354839,0.08695652173913043,0.281045751633987,0.11278195488721804,0.12987012987012986,0.1584699453551912,0.1847133757961783
21,0.5403225806451613,0.08695652173913043,0.35947712418300654,0.0,0.10389610389610393,0.3442622950819672,0.10828025477707004
22,0.5846774193548387,0.13043478260869565,0.12418300653594772,0.24812030075187969,0.09740259740259744,0.08743169398907102,0.2547770700636943
23,0.6290322580645161,0.08695652173913043,0.13725490196078433,0.26691729323308266,0.03246753246753248,0.04918032786885246,0.2611464968152867
24,0.6733870967741935,0.13043478260869565,0.2483660130718955,0.15789473684210525,0.14285714285714285,0.1584699453551912,0.19108280254777066
25,0.6774193548387096,0.13043478260869565,0.215686274509804,0.17669172932330823,0.19480519480519481,0.13114754098360654,0.19108280254777066
26,0.6814516129032258,0.13043478260869565,0.12418300653594772,0.30451127819548873,0.09740259740259744,0.02185792349726773,0.2547770700636943
27,0.6854838709677419,0.13043478260869565,0.5098039215686274,0.0037593984962406013,0.09740259740259744,0.366120218579235,0.28025477707006374
28,0.689516129032258,0.13043478260869565,0.1568627450980392,0.26691729323308266,0.06493506493506496,0.060109289617486295,0.2547770700636943
29,0.6975806451612903,0.13043478260869565,0.18954248366013077,0.15413533834586468,0.38311688311688313,0.21857923497267756,0.07006369426751591
30,0.7016129032258064,0.08695652173913043,0.006535947712418333,0.23684210526315785,0.33116883116883117,0.0054644808743168904,0.14649681528662417
31,0.7056451612903225,0.13043478260869565,0.12418300653594772,0.15413533834586468,0.2207792207792208,0.1693989071038251,0.1146496815286624
32,0.7096774193548387,0.08695652173913043,0.32679738562091504,0.0037593984962406013,0.17532467532467538,0.33879781420765026,0.10828025477707004
33,0.7137096774193549,0.08695652173913043,0.2483660130718955,0.06390977443609025,0.3181818181818182,0.1147540983606557,0.10191082802547768
34,0.717741935483871,0.08695652173913043,0.281045751633987,0.12030075187969924,0.10389610389610393,0.18579234972677594,0.32484076433121023
35,0.7217741935483871,0.08695652173913043,0.18954248366013077,0.12781954887218044,0.33116883116883117,0.2349726775956284,0.07643312101910826
36,0.7258064516129032,0.08695652173913043,0.2418300653594771,0.07518796992481203,0.34415584415584416,0.07103825136612019,0.06369426751592355
37,0.7298387096774194,0.13043478260869565,0.0980392156862745,0.2857142857142857,0.12987012987012986,0.03278688524590162,0.2547770700636943
38,0.7338709677419355,0.08695652173913043,0.2679738562091503,0.05263157894736842,0.33116883116883117,0.1038251366120218,0.06369426751592355
39,0.7419354838709677,0.08695652173913043,0.281045751633987,0.10150375939849621,0.09740259740259744,0.22950819672131145,0.1847133757961783
40,0.7459677419354839,0.13043478260869565,0.05882352941176472,0.24812030075187969,0.3181818181818182,0.07103825136612019,0.15286624203821653
41,0.75,0.13043478260869565,0.0980392156862745,0.19172932330827064,0.20129870129870137,0.16393442622950816,0.1146496815286624
42,0.7540322580645161,0.08695652173913043,0.2418300653594771,0.13909774436090228,0.11038961038961043,0.21311475409836061,0.3184713375796179
43,0.7580645161290323,0.08695652173913043,0.281045751633987,0.12406015037593987,0.12987012987012986,0.1912568306010929,0.19108280254777066
44,0.7620967741935484,0.13043478260869565,0.281045751633987,0.15789473684210525,0.12987012987012986,0.1584699453551912,0.3312101910828026
45,0.7661290322580645,0.13043478260869565,0.1568627450980392,0.2932330827067669,0.09740259740259744,0.016393442622950782,0.2547770700636943
46,0.7701612903225806,0.08695652173913043,0.4444444444444445,0.02631578947368421,0.06493506493506496,0.37704918032786877,0.2292993630573249
47,0.7741935483870968,0.08695652173913043,0.3333333333333333,0.03383458646616541,0.11038961038961043,0.3442622950819672,0.10828025477707004
48,0.7782258064516129,0.13043478260869565,0.2483660130718955,0.17669172932330823,0.12987012987012986,0.180327868852459,0.33757961783439494
49,0.7862903225806451,0.08695652173913043,0.1568627450980392,0.13157894736842102,0.18181818181818182,0.1584699453551912,0.1146496815286624
50,0.7903225806451613,0.5217391304347827,0.6405228758169934,0.02631578947368421,0.2922077922077922,0.8633879781420764,0.3694267515923567
51,0.7943548387096774,0.13043478260869565,0.281045751633987,0.13909774436090228,0.09740259740259744,0.21311475409836061,0.20382165605095537
52,0.7983870967741935,0.08695652173913043,0.18954248366013077,0.19172932330827064,0.05844155844155846,0.28961748633879775,0.15286624203821653
53,0.8024193548387096,0.08695652173913043,0.16993464052287582,0.15037593984962405,0.3376623376623377,0.21857923497267756,0.06369426751592355
54,0.8064516129032258,0.2608695652173913,0.28758169934640526,0.3308270676691729,0.19480519480519481,0.37158469945355194,0.197452229299363
55,0.8104838709677419,0.2608695652173913,0.3790849673202615,0.2142857142857143,0.19480519480519481,0.21311475409836061,0.5222929936305732
56,0.814516129032258,0.17391304347826086,0.3137254901960785,0.13909774436090228,0.4805194805194805,0.1584699453551912,0.1146496815286624
57,0.8185483870967741,0.2608695652173913,0.22222222222222227,0.24812030075187969,0.2792207792207792,0.24043715846994534,0.1847133757961783
58,0.8225806451612903,0.2608695652173913,0.5751633986928104,0.08270676691729323,0.12987012987012986,0.5081967213114753,0.36305732484076436
59,0.8306451612903225,0.17391304347826086,0.1568627450980392,0.2142857142857143,0.28571428571428575,0.21311475409836061,0.1719745222929936
60,0.8346774193548386,0.2608695652173913,0.4444444444444445,0.19548872180451127,0.22727272727272735,0.24043715846994534,0.36305732484076436
61,0.8387096774193548,0.2608695652173913,0.28758169934640526,0.2857142857142857,0.19480519480519481,0.4262295081967213,0.2420382165605096
62,0.842741935483871,0.2608695652173913,0.09150326797385622,0.3872180451127819,0.38311688311688313,0.07650273224043713,0.2292993630573249
63,0.8467741935483871,0.17391304347826086,0.22222222222222227,0.21052631578947367,0.5129870129870131,0.28961748633879775,0.1146496815286624
64,0.8508064516129032,0.2608695652173913,0.3790849673202615,0.2142857142857143,0.22727272727272735,0.2677595628415301,0.49044585987261147
65,0.8548387096774194,0.17391304347826086,0.25490196078431376,0.21052631578947367,0.4480519480519481,0.36065573770491804,0.1273885350318471
66,0.8588709677419355,0.17391304347826086,0.34640522875817,0.10150375939849621,0.577922077922078,0.13114754098360654,0.1146496815286624
67,0.8629032258064516,0.17391304347826086,0.34640522875817,0.2142857142857143,0.25974025974025977,0.21311475409836061,0.2993630573248408
68,0.8669354838709677,0.2608695652173913,0.3790849673202615,0.17669172932330823,0.22727272727272735,0.24043715846994534,0.49044585987261147
69,0.875,0.2608695652173913,0.3790849673202615,0.2142857142857143,0.2922077922077922,0.1584699453551912,0.4585987261146497
70,0.8790322580645161,0.2608695652173913,0.5751633986928104,0.02631578947368421,0.1623376623376624,0.48087431693989063,0.4267515923566879
71,0.8830645161290323,0.2608695652173913,0.18954248366013077,0.3421052631578947,0.3506493506493507,0.1038251366120218,0.30573248407643316
72,0.8870967741935484,0.2608695652173913,0.22222222222222227,0.37969924812030076,0.12987012987012986,0.07650273224043713,0.3312101910828026
73,0.8911290322580645,0.2608695652173913,0.1568627450980392,0.3609022556390977,0.38311688311688313,0.07650273224043713,0.2738853503184714
74,0.8951612903225806,0.2608695652173913,0.1568627450980392,0.37969924812030076,0.38311688311688313,0.04918032786885246,0.2420382165605096
75,0.8991935483870968,0.17391304347826086,0.4444444444444445,0.045112781954887216,0.27272727272727276,0.453551912568306,0.197452229299363
76,0.9032258064516129,0.17391304347826086,0.12418300653594772,0.37969924812030076,0.3506493506493507,0.04918032786885246,0.2420382165605096
77,0.907258064516129,0.17391304347826086,0.477124183006536,0.06015037593984962,0.19480519480519481,0.4262295081967213,0.1847133757961783
78,0.9112903225806451,0.17391304347826086,0.32026143790849676,0.19548872180451127,0.4480519480519481,0.07650273224043713,0.10828025477707004
79,0.9193548387096774,0.17391304347826086,0.48366013071895425,0.02631578947368421,0.1623376623376624,0.5081967213114753,0.1719745222929936
80,0.9233870967741935,0.17391304347826086,0.22222222222222227,0.2969924812030075,0.4480519480519481,0.2349726775956284,0.1273885350318471
81,0.9274193548387096,0.17391304347826086,0.411764705882353,0.045112781954887216,0.19480519480519481,0.49726775956284147,0.15923566878980888
82,0.9314516129032258,0.17391304347826086,0.4444444444444445,0.045112781954887216,0.25974025974025977,0.45901639344262296,0.1719745222929936
83,0.9354838709677419,0.2608695652173913,0.25490196078431376,0.3421052631578947,0.1623376623376624,0.07650273224043713,0.36305732484076436
84,0.939516129032258,0.17391304347826086,0.3137254901960785,0.13909774436090228,0.4805194805194805,0.1038251366120218,0.1146496815286624
85,0.9435483870967741,0.17391304347826086,0.3137254901960785,0.19548872180451127,0.32467532467532473,0.2240437158469945,0.2547770700636943
86,0.9475806451612903,0.2608695652173913,0.22222222222222227,0.3421052631578947,0.09740259740259744,0.13114754098360654,0.4585987261146497
87,0.9516129032258064,0.2608695652173913,0.477124183006536,0.045112781954887216,0.2207792207792208,0.53551912568306,0.1847133757961783
88,0.9556451612903225,0.17391304347826086,0.22222222222222227,0.2293233082706767,0.5324675324675325,0.26229508196721313,0.1273885350318471
89,0.9637096774193548,0.17391304347826086,0.05882352941176472,0.3609022556390977,0.42857142857142866,0.04918032786885246,0.2292993630573249
90,0.967741935483871,0.2608695652173913,0.607843137254902,0.06390977443609025,0.12987012987012986,0.5081967213114753,0.39490445859872614
91,0.9717741935483871,0.2608695652173913,0.28758169934640526,0.30451127819548873,0.1623376623376624,0.40983606557377045,0.2292993630573249
92,0.9758064516129032,0.2608695652173913,0.22222222222222227,0.21052631578947367,0.3506493506493507,0.2349726775956284,0.1847133757961783
93,0.9798387096774194,0.2608695652173913,0.22222222222222227,0.32330827067669177,0.19480519480519481,0.1038251366120218,0.39490445859872614
94,0.9838709677419355,0.17391304347826086,0.22222222222222227,0.21052631578947367,0.4805194805194805,0.26229508196721313,0.1273885350318471
95,0.9879032258064516,0.17391304347826086,0.32026143790849676,0.12030075187969924,0.5129870129870131,0.1038251366120218,0.14012738853503182
96,0.9919354838709677,0.2608695652173913,0.411764705882353,0.15789473684210525,0.1623376623376624,0.3224043715846994,0.4267515923566879
97,0.9959677419354839,0.17391304347826086,0.6405228758169934,0.045112781954887216,0.09740259740259744,0.48087431693989063,0.4267515923566879
98,1.0,0.2608695652173913,0.22222222222222227,0.32330827067669177,0.3506493506493507,0.07650273224043713,0.33757961783439494
99,0.008064516129032258,0.17391304347826086,0.3137254901960785,0.10150375939849621,0.5129870129870131,0.1584699453551912,0.1146496815286624
100,0.012096774193548387,0.2608695652173913,0.542483660130719,0.12030075187969924,0.1623376623376624,0.453551912568306,0.36305732484076436
101,0.016129032258064516,0.17391304347826086,0.18954248366013077,0.2293233082706767,0.3051948051948052,0.20218579234972672,0.1719745222929936
102,0.020161290322580645,0.2608695652173913,0.411764705882353,0.19548872180451127,0.1623376623376624,0.24043715846994534,0.554140127388535
103,0.024193548387096774,0.17391304347826086,0.12418300653594772,0.32330827067669177,0.3506493506493507,0.1584699453551912,0.2420382165605096
104,0.028225806451612902,0.17391304347826086,0.215686274509804,0.19172932330827064,0.2532467532467532,0.2677595628415301,0.1847133757961783
105,0.03225806451612903,0.2608695652173913,0.12418300653594772,0.3421052631578947,0.41558441558441567,0.1147540983606557,0.2292993630573249
106,0.03629032258064516,0.2608695652173913,0.4444444444444445,0.15789473684210525,0.25974025974025977,0.2677595628415301,0.5222929936305732
107,0.04032258064516129,0.17391304347826086,0.1568627450980392,0.30451127819548873,0.25974025974025977,0.13114754098360654,0.3312101910828026
108,0.04435483870967742,0.43478260869565216,0.42483660130718953,0.15789473684210525,0.6753246753246753,0.3224043715846994,0.197452229299363
109,0.05241935483870967,0.43478260869565216,0.477124183006536,0.2706766917293233,0.32467532467532473,0.34972677595628415,0.6815286624203821
110,0.056451612903225805,0.43478260869565216,0.28758169934640526,0.30451127819548873,0.6363636363636365,0.453551912568306,0.21656050955414008
111,0.06048387096774194,0.43478260869565216,0.35294117647058826,0.26691729323308266,0.6753246753246753,0.4262295081967213,0.17834394904458595
112,0.06451612903225806,0.5217391304347827,0.32026143790849676,0.5488721804511277,0.19480519480519481,0.13114754098360654,0.5859872611464968
113,0.06854838709677419,0.5217391304347827,0.411764705882353,0.3609022556390977,0.25974025974025977,0.53551912568306,0.3121019108280255
114,0.07258064516129031,0.5217391304347827,0.28758169934640526,0.4172932330827067,0.25974025974025977,0.24043715846994534,0.5859872611464968
115,0.07661290322580645,0.43478260869565216,0.542483660130719,0.19548872180451127,0.3896103896103897,0.43169398907103823,0.4585987261146497
116,0.08064516129032258,0.5217391304347827,0.738562091503268,0.06390977443609025,0.22727272727272735,0.7540983606557377,0.5222929936305732
117,0.0846774193548387,0.43478260869565216,0.1568627450980392,0.3984962406015037,0.6428571428571428,0.13114754098360654,0.3694267515923567
118,0.08870967741935484,0.43478260869565216,0.477124183006536,0.2706766917293233,0.32467532467532473,0.43169398907103823,0.5222929936305732
119,0.0967741935483871,0.43478260869565216,0.28758169934640526,0.31954887218045114,0.577922077922078,0.3442622950819672,0.24840764331210197
120,0.10080645161290322,0.43478260869565216,0.477124183006536,0.2894736842105263,0.5194805194805194,0.2677595628415301,0.5222929936305732
121,0.10483870967741934,0.43478260869565216,0.25490196078431376,0.4172932330827067,0.25974025974025977,0.1584699453551912,0.5222929936305732
122,0.10887096774193548,0.5217391304347827,0.20261437908496732,0.4548872180451128,0.5454545454545454,0.1584699453551912,0.3885350318471338
123,0.11290322580645161,0.5217391304347827,0.5555555555555556,0.12030075187969924,0.6428571428571428,0.4863387978142076,0.197452229299363
124,0.11693548387096774,0.43478260869565216,0.3790849673202615,0.2293233082706767,0.4805194805194805,0.34972677595628415,0.24840764331210197
125,0.12096774193548387,0.5217391304347827,0.5751633986928104,0.25187969924812026,0.3896103896103897,0.4043715846994535,0.6178343949044586
126,0.125,0.43478260869565216,0.5098039215686274,0.2631578947368421,0.48701298701298706,0.3224043715846994,0.37579617834394907
127,0.12903225806451613,0.5217391304347827,0.18954248366013077,0.5676691729323308,0.6103896103896105,0.1038251366120218,0.3694267515923567
128,0.13306451612903225,0.43478260869565216,0.22222222222222227,0.36842105263157887,0.4480519480519481,0.2950819672131147,0.2611464968152867
129,0.1411290322580645,0.43478260869565216,0.6405228758169934,0.06390977443609025,0.2922077922077922,0.6721311475409837,0.49044585987261147
130,0.14516129032258063,0.5217391304347827,0.542483660130719,0.2706766917293233,0.3896103896103897,0.4043715846994535,0.6815286624203821
131,0.14919354838709678,0.43478260869565216,0.25490196078431376,0.2857142857142857,0.577922077922078,0.3333333333333333,0.2611464968152867
132,0.1532258064516129,0.43478260869565216,0.18954248366013077,0.49248120300751874,0.4805194805194805,0.10928961748633875,0.3312101910828026
133,0.15725806451612903,0.43478260869565216,0.3006535947712418,0.2293233082706767,0.3506493506493507,0.2677595628415301,0.2292993630573249
134,0.16129032258064516,0.5217391304347827,0.22222222222222227,0.40977443609022557,0.6103896103896105,0.18579234972677594,0.35031847133757965
135,0.16532258064516128,0.43478260869565216,0.38562091503267976,0.3120300751879699,0.6428571428571428,0.39890710382513656,0.197452229299363
136,0.1693548387096774,0.43478260869565216,0.542483660130719,0.08270676691729323,0.35714285714285715,0.6830601092896174,0.2611464968152867
137,0.17338709677419353,0.5217391304347827,0.542483660130719,0.3270676691729323,0.4220779220779221,0.3224043715846994,0.4267515923566879
138,0.1774193548387097,0.43478260869565216,0.5098039215686274,0.2706766917293233,0.35714285714285715,0.3333333333333333,0.4140127388535032
139,0.18548387096774194,0.34782608695652173,0.3071895424836601,0.26691729323308266,0.3181818181818182,0.37704918032786877,0.3184713375796179
140,0.18951612903225806,0.43478260869565216,0.477124183006536,0.19548872180451127,0.2922077922077922,0.45901639344262296,0.5859872611464968
141,0.1935483870967742,0.34782608695652173,0.411764705882353,0.13909774436090228,0.7077922077922079,0.21311475409836061,0.17834394904458595
142,0.1975806451612903,0.43478260869565216,0.38562091503267976,0.3609022556390977,0.22727272727272735,0.453551912568306,0.3694267515923567
143,0.20161290322580644,0.34782608695652173,0.7516339869281046,0.045112781954887216,0.22727272727272735,0.6721311475409837,0.2292993630573249
144,0.20564516129032256,0.43478260869565216,0.281045751633987,0.26691729323308266,0.41558441558441567,0.4043715846994535,0.24840764331210197
145,0.2096774193548387,0.5217391304347827,0.607843137254902,0.17293233082706766,0.3896103896103897,0.6174863387978142,0.28025477707006374
146,0.21370967741935484,0.43478260869565216,0.25490196078431376,0.3984962406015037,0.19480519480519481,0.21311475409836061,0.6178343949044586
147,0.21774193548387097,0.34782608695652173,0.411764705882353,0.22180451127819545,0.6103896103896105,0.18579234972677594,0.2292993630573249
148,0.2217741935483871,0.43478260869565216,0.5751633986928104,0.12781954887218044,0.35714285714285715,0.5901639344262295,0.2611464968152867
149,0.22983870967741934,0.43478260869565216,0.18954248366013077,0.3984962406015037,0.577922077922078,0.1038251366120218,0.3694267515923567
150,0.23387096774193547,0.5217391304347827,0.22222222222222227,0.4736842105263158,0.5129870129870131,0.20218579234972672,0.35031847133757965
151,0.2379032258064516,0.5217391304347827,0.22222222222222227,0.43609022556390975,0.577922077922078,0.16393442622950816,0.3312101910828026
152,0.24193548387096775,0.5217391304347827,0.22222222222222227,0.4548872180451128,0.5454545454545454,0.1038251366120218,0.3121019108280255
153,0.24596774193548387,0.43478260869565216,0.35294117647058826,0.2932330827067669,0.7727272727272727,0.37158469945355194,0.197452229299363
154,0.25,0.34782608695652173,0.32026143790849676,0.26691729323308266,0.6103896103896105,0.4262295081967213,0.26751592356687903
155,0.2540322580645161,0.43478260869565216,0.281045751633987,0.2857142857142857,0.38311688311688313,0.37704918032786877,0.24840764331210197
156,0.25806451612903225,0.43478260869565216,0.5098039215686274,0.25187969924812026,0.2922077922077922,0.37704918032786877,0.7133757961783439
157,0.2620967741935484,0.5217391304347827,0.28758169934640526,0.4736842105263158,0.32467532467532473,0.1038251366120218,0.5222929936305732
158,0.2661290322580645,0.43478260869565216,0.6405228758169934,0.06390977443609025,0.2922077922077922,0.644808743169399,0.33757961783439494
159,0.27419354838709675,0.43478260869565216,0.411764705882353,0.23308270676691728,0.32467532467532473,0.37704918032786877,0.5222929936305732
160,0.2782258064516129,0.43478260869565216,0.673202614379085,0.08270676691729323,0.22727272727272735,0.6174863387978142,0.6178343949044586
161,0.282258064516129,0.8695652173913044,0.5816993464052287,0.4172932330827067,0.35714285714285715,0.8360655737704916,0.4968152866242038
162,0.28629032258064513,0.5217391304347827,0.738562091503268,0.17669172932330823,0.22727272727272735,0.5901639344262295,0.5222929936305732
163,0.29032258064516125,0.43478260869565216,0.25490196078431376,0.4736842105263158,0.19480519480519481,0.1584699453551912,0.5859872611464968
164,0.29435483870967744,0.43478260869565216,0.18954248366013077,0.49248120300751874,0.2922077922077922,0.1038251366120218,0.554140127388535
165,0.29838709677419356,0.43478260869565216,0.7712418300653596,0.06390977443609025,0.1623376623376624,0.8087431693989071,0.4585987261146497
166,0.3024193548387097,0.8695652173913044,0.5098039215686274,0.3984962406015037,0.8051948051948052,0.5901639344262295,0.4394904458598726
167,0.3064516129032258,0.8695652173913044,0.5163398692810457,0.5112781954887218,0.32467532467532473,0.2950819672131147,0.872611464968153
168,0.31048387096774194,0.6086956521739131,0.8366013071895426,0.08270676691729323,0.35714285714285715,0.8087431693989071,0.43312101910828027
169,0.3185483870967742,0.7826086956521738,0.607843137254902,0.3270676691729323,0.5194805194805194,0.4863387978142076,0.554140127388535
170,0.3225806451612903,0.7826086956521738,0.41830065359477125,0.5488721804511277,0.4220779220779221,0.34972677595628415,0.5859872611464968
171,0.32661290322580644,0.6956521739130435,0.35947712418300654,0.3984962406015037,0.5454545454545454,0.43169398907103823,0.4585987261146497
172,0.33064516129032256,0.7826086956521738,0.45751633986928103,0.5300751879699248,0.2922077922077922,0.53551912568306,0.49044585987261147
173,0.3346774193548387,0.7826086956521738,0.3137254901960785,0.5300751879699248,0.6753246753246753,0.2677595628415301,0.5031847133757962
174,0.3387096774193548,0.8695652173913044,0.6405228758169934,0.4586466165413533,0.45454545454545453,0.43169398907103823,0.5859872611464968
175,0.34274193548387094,0.7826086956521738,0.869281045751634,0.19548872180451127,0.6818181818181819,0.7814207650273224,0.5859872611464968
176,0.34677419354838707,0.6956521739130435,0.32026143790849676,0.5676691729323308,0.45454545454545453,0.24043715846994534,0.6178343949044586
177,0.3508064516129032,0.8695652173913044,0.5816993464052287,0.4736842105263158,0.5194805194805194,0.6174863387978142,0.5286624203821656
178,0.3548387096774194,0.8695652173913044,0.26143790849673204,0.5112781954887218,0.6753246753246753,0.3224043715846994,0.49044585987261147
179,0.3629032258064516,0.6956521739130435,0.738562091503268,0.12030075187969924,0.45454545454545453,0.7814207650273224,0.4968152866242038
180,0.36693548387096775,0.6956521739130435,0.2483660130718955,0.4736842105263158,0.7727272727272727,0.21311475409836061,0.5031847133757962
181,0.3709677419354839,0.6956521739130435,0.41830065359477125,0.3458646616541353,1.0,0.453551912568306,0.4267515923566879
182,0.375,0.8695652173913044,0.607843137254902,0.2706766917293233,0.9675324675324675,0.45901639344262296,0.4012738853503185
183,0.3790322580645161,0.7826086956521738,0.9019607843137256,0.15789473684210525,0.2922077922077922,0.8633879781420764,0.6178343949044586
184,0.38306451612903225,0.6956521739130435,0.32026143790849676,0.6616541353383458,0.2922077922077922,0.18579234972677594,0.6496815286624203
185,0.3870967741935484,0.6956521739130435,0.8366013071895426,0.15789473684210525,0.35714285714285715,0.7540983606557377,0.7133757961783439
186,0.3911290322580645,0.8695652173913044,0.45098039215686275,0.5488721804511277,0.5844155844155845,0.34972677595628415,0.6815286624203821
187,0.3951612903225806,0.7826086956521738,0.41830065359477125,0.5676691729323308,0.32467532467532473,0.18579234972677594,0.6178343949044586
188,0.39919354838709675,0.6956521739130435,0.32026143790849676,0.5300751879699248,0.6428571428571428,0.2677595628415301,0.5286624203821656
189,0.407258064516129,0.8695652173913044,0.673202614379085,0.3270676691729323,0.6168831168831168,0.5683060109289617,0.7770700636942675
190,0.41129032258064513,0.7826086956521738,0.7320261437908497,0.15789473684210525,0.551948051948052,0.8087431693989071,0.4713375796178344
191,0.41532258064516125,0.6956521739130435,0.5359477124183007,0.36466165413533835,0.5194805194805194,0.37704918032786877,0.5286624203821656
192,0.4193548387096774,0.6956521739130435,0.35294117647058826,0.5300751879699248,0.35714285714285715,0.2677595628415301,0.7133757961783439
193,0.42338709677419356,0.6956521739130435,0.32026143790849676,0.49248120300751874,0.4480519480519481,0.34972677595628415,0.43312101910828027
194,0.4274193548387097,0.7826086956521738,0.8366013071895426,0.13909774436090228,0.6168831168831168,0.8087431693989071,0.7770700636942675
195,0.4314516129032258,0.7826086956521738,0.41830065359477125,0.7180451127819548,0.2922077922077922,0.1584699453551912,0.7133757961783439
196,0.43548387096774194,0.8695652173913044,0.542483660130719,0.49248120300751874,0.35714285714285715,0.7267759562841529,0.5031847133757962
197,0.43951612903225806,0.8695652173913044,0.6405228758169934,0.36466165413533835,0.6168831168831168,0.540983606557377,0.554140127388535
198,0.4435483870967742,0.8695652173913044,0.41830065359477125,0.6052631578947368,0.45454545454545453,0.24043715846994534,0.7452229299363057
199,0.45564516129032256,0.8695652173913044,0.9019607843137256,0.2706766917293233,0.35714285714285715,0.7267759562841529,0.8089171974522292
200,0.4596774193548387,1.0,0.673202614379085,0.4022556390977443,0.45454545454545453,0.4863387978142076,1.0
201,0.4637096774193548,0.6956521739130435,0.41830065359477125,0.37969924812030076,0.7727272727272727,0.48087431693989063,0.4012738853503185
202,0.46774193548387094,0.8695652173913044,0.8758169934640523,0.12030075187969924,0.45454545454545453,1.0,0.4585987261146497
203,0.47177419354838707,0.6956521739130435,0.22222222222222227,0.5300751879699248,0.8376623376623378,0.16393442622950816,0.49044585987261147
204,0.4758064516129032,0.6956521739130435,0.8366013071895426,0.2894736842105263,0.2922077922077922,0.7267759562841529,0.6496815286624203
205,0.4798387096774193,0.6956521739130435,0.41830065359477125,0.4172932330827067,0.6753246753246753,0.53551912568306,0.4012738853503185
206,0.4838709677419355,0.6086956521739131,0.5359477124183007,0.15789473684210525,0.7727272727272727,0.3224043715846994,0.37579617834394907
207,0.4879032258064516,0.7826086956521738,0.281045751633987,0.49248120300751874,0.7727272727272727,0.21311475409836061,0.5031847133757962
208,0.49193548387096775,0.6086956521739131,0.5686274509803921,0.19548872180451127,0.7402597402597402,0.3224043715846994,0.4394904458598726
209,0.5,0.6956521739130435,0.673202614379085,0.08270676691729323,0.35714285714285715,0.7540983606557377,0.43312101910828027
210,0.5040322580645161,0.6956521739130435,0.5098039215686274,0.23308270676691728,0.7077922077922079,0.4043715846994535,0.4012738853503185
211,0.5080645161290323,0.8695652173913044,0.41830065359477125,0.6616541353383458,0.3896103896103897,0.2677595628415301,0.6815286624203821
212,0.5120967741935484,0.8695652173913044,0.8366013071895426,0.13909774436090228,0.35714285714285715,0.8360655737704916,0.4968152866242038
213,0.5161290322580645,0.6956521739130435,0.803921568627451,0.12030075187969924,0.25974025974025977,0.7814207650273224,0.6178343949044586
214,0.5201612903225806,0.7826086956521738,0.7712418300653596,0.13909774436090228,0.4220779220779221,0.7267759562841529,0.43312101910828027
215,0.5241935483870968,0.6956521739130435,0.215686274509804,0.5488721804511277,0.6753246753246753,0.18579234972677594,0.5031847133757962
216,0.5282258064516129,0.8695652173913044,0.6143790849673203,0.4548872180451128,0.48701298701298706,0.6721311475409837,0.5605095541401274
217,0.532258064516129,0.6956521739130435,0.9673202614379086,0.045112781954887216,0.19480519480519481,0.8360655737704916,0.5859872611464968
218,0.5362903225806451,0.7826086956521738,0.41830065359477125,0.5864661654135338,0.35714285714285715,0.37704918032786877,0.6815286624203821
219,0.5443548387096774,0.6956521739130435,0.41830065359477125,0.49248120300751874,0.35714285714285715,0.3224043715846994,0.7452229299363057
220,0.5483870967741935,0.6956521739130435,0.41830065359477125,0.4548872180451128,0.8051948051948052,0.4262295081967213,0.4012738853503185
221,0.5524193548387096,0.6956521739130435,0.5098039215686274,0.30827067669172925,0.8376623376623378,0.21311475409836061,0.4012738853503185
222,0.5564516129032258,0.6956521739130435,0.607843137254902,0.3834586466165414,0.45454545454545453,0.43169398907103823,0.7452229299363057
223,0.5604838709677419,0.6956521739130435,0.5098039215686274,0.4172932330827067,0.7402597402597402,0.453551912568306,0.4394904458598726
224,0.564516129032258,0.6956521739130435,0.6405228758169934,0.17669172932330823,0.5194805194805194,0.644808743169399,0.43312101910828027
225,0.5685483870967741,0.6956521739130435,0.215686274509804,0.6240601503759399,0.6753246753246753,0.13114754098360654,0.5031847133757962
226,0.5725806451612903,0.8695652173913044,0.45751633986928103,0.43609022556390975,0.6428571428571428,0.5136612021857923,0.4585987261146497
227,0.5766129032258064,0.8695652173913044,1.0,0.17669172932330823,0.2922077922077922,0.9453551912568305,0.7133757961783439
228,0.5806451612903225,0.6956521739130435,0.607843137254902,0.3270676691729323,0.3896103896103897,0.4863387978142076,0.9044585987261148
229,0.5887096774193549,0.8695652173913044,0.673202614379085,0.3458646616541353,0.5194805194805194,0.5136612021857923,0.8407643312101912
230,0.592741935483871,0.6956521739130435,0.6339869281045751,0.3458646616541353,0.45454545454545453,0.540983606557377,0.5286624203821656
231,0.5967741935483871,0.6956521739130435,0.9019607843137256,0.08270676691729323,0.32467532467532473,0.8907103825136611,0.6815286624203821
232,0.6008064516129032,1.0,0.7058823529411766,0.3834586466165414,0.6168831168831168,0.5683060109289617,0.5859872611464968
233,0.6048387096774194,1.0,0.35294117647058826,0.5864661654135338,0.7077922077922079,0.45901639344262296,0.5286624203821656
234,0.6088709677419355,1.0,0.5816993464052287,0.37969924812030076,0.8701298701298701,0.5901639344262295,0.46496815286624205
235,0.6129032258064516,1.0,0.22222222222222227,0.7330827067669172,0.7077922077922079,0.3224043715846994,0.5031847133757962
236,0.6169354838709677,1.0,0.803921568627451,0.13909774436090228,0.4220779220779221,1.0,0.6178343949044586
237,0.6209677419354839,0.2608695652173913,0.281045751633987,0.25187969924812026,0.25974025974025977,0.21311475409836061,0.49044585987261147
238,0.625,0.8695652173913044,0.48366013071895425,0.43609022556390975,0.9675324675324675,0.53551912568306,0.4012738853503185
239,0.6330645161290323,0.6956521739130435,0.41830065359477125,0.3984962406015037,0.7727272727272727,0.5901639344262295,0.4012738853503185
240,0.6370967741935484,0.7826086956521738,0.9019607843137256,0.15789473684210525,0.22727272727272735,0.9453551912568305,0.5859872611464968
241,0.6411290322580645,1.0,0.41830065359477125,0.6992481203007518,0.4220779220779221,0.2950819672131147,0.7452229299363057
242,0.6451612903225806,0.6956521739130435,0.28758169934640526,0.5112781954887218,0.577922077922078,0.2677595628415301,0.4968152866242038
243,0.6491935483870968,1.0,0.5163398692810457,0.9999999999999999,0.22727272727272735,0.21311475409836061,0.8089171974522292
244,0.6532258064516129,0.6956521739130435,0.5816993464052287,0.3609022556390977,0.45454545454545453,0.43169398907103823,0.6815286624203821
245,0.657258064516129,0.8695652173913044,0.41830065359477125,0.6616541353383458,0.2922077922077922,0.18579234972677594,0.6815286624203821
246,0.6612903225806451,0.7826086956521738,0.48366013071895425,0.4736842105263158,0.2922077922077922,0.5901639344262295,0.7197452229299363
247,0.6653225806451613,0.7826086956521738,0.542483660130719,0.36466165413533835,0.5194805194805194,0.5136612021857923,0.9681528662420383
248,0.6693548387096774,0.7826086956521738,0.607843137254902,0.36466165413533835,0.5194805194805194,0.5956284153005464,0.5222929936305732
