,f1,f2,f3,f4
0,0.5,0.0,0.0,0.3333333333333333
1,0.5,0.0,0.6666666666666667,0.3333333333333333
2,1.0,0.0,1.0,0.0
3,0.5,1.0,0.3333333333333333,0.3333333333333333
4,0.0,0.0,0.6666666666666667,1.0
5,0.0,0.0,0.6666666666666667,0.3333333333333333
6,1.0,0.0,0.6666666666666667,0.3333333333333333
7,1.0,1.0,0.3333333333333333,1.0
8,0.5,0.3333333333333333,0.0,0.0
9,1.0,0.3333333333333333,0.0,0.0
10,0.0,0.3333333333333333,0.0,0.0
11,0.5,0.3333333333333333,0.6666666666666667,1.0
12,0.0,0.0,0.3333333333333333,0.0
13,0.5,0.0,0.3333333333333333,0.3333333333333333
14,0.5,1.0,0.0,1.0
15,0.0,0.0,0.6666666666666667,0.6666666666666667
16,1.0,0.3333333333333333,0.0,0.3333333333333333
17,0.0,0.3333333333333333,0.0,0.0
18,1.0,0.6666666666666667,0.3333333333333333,0.0
19,1.0,0.0,0.6666666666666667,0.3333333333333333
20,0.0,0.3333333333333333,0.3333333333333333,0.0
21,1.0,0.3333333333333333,0.0,0.6666666666666667
22,0.5,0.0,0.3333333333333333,0.0
23,1.0,0.3333333333333333,0.0,0.6666666666666667
24,0.5,0.6666666666666667,0.3333333333333333,0.0
25,1.0,0.3333333333333333,0.3333333333333333,0.0
26,1.0,0.3333333333333333,0.0,0.6666666666666667
27,0.5,0.0,0.3333333333333333,0.3333333333333333
28,0.0,0.0,0.6666666666666667,0.3333333333333333
29,1.0,0.3333333333333333,0.0,0.0
30,0.0,1.0,0.0,0.0
31,0.5,0.3333333333333333,0.0,0.6666666666666667
32,0.0,0.3333333333333333,0.0,0.6666666666666667
33,0.0,0.0,0.0,0.3333333333333333
34,0.5,1.0,0.6666666666666667,0.0
35,1.0,0.0,0.3333333333333333,0.3333333333333333
36,0.0,0.0,0.3333333333333333,0.3333333333333333
37,1.0,0.3333333333333333,0.3333333333333333,0.0
38,0.0,0.3333333333333333,0.0,0.3333333333333333
39,1.0,1.0,0.6666666666666667,0.3333333333333333
40,0.5,0.3333333333333333,0.3333333333333333,0.0
41,0.5,0.3333333333333333,0.0,0.3333333333333333
42,1.0,0.3333333333333333,0.0,0.6666666666666667
43,1.0,0.3333333333333333,0.0,0.0
44,1.0,0.0,0.3333333333333333,0.0
45,0.0,0.3333333333333333,0.0,0.6666666666666667
46,0.5,0.0,0.0,0.3333333333333333
47,0.0,0.0,0.0,0.3333333333333333
48,0.0,0.3333333333333333,0.3333333333333333,0.6666666666666667
49,1.0,0.6666666666666667,0.0,0.0
50,1.0,0.6666666666666667,0.6666666666666667,0.0
51,1.0,0.3333333333333333,0.0,0.3333333333333333
52,1.0,0.3333333333333333,0.0,0.3333333333333333
53,1.0,0.0,0.3333333333333333,0.0
54,0.0,0.0,0.0,0.3333333333333333
55,0.5,0.0,0.6666666666666667,0.3333333333333333
56,0.5,0.3333333333333333,0.3333333333333333,0.0
57,0.5,0.0,0.3333333333333333,0.0
58,0.5,0.3333333333333333,0.0,0.6666666666666667
59,0.5,0.0,0.3333333333333333,0.3333333333333333
60,0.0,0.3333333333333333,1.0,0.3333333333333333
61,0.5,0.3333333333333333,0.0,0.3333333333333333
62,0.0,0.0,0.3333333333333333,1.0
63,0.0,0.6666666666666667,0.3333333333333333,0.0
64,0.5,1.0,1.0,0.3333333333333333
65,0.5,0.6666666666666667,0.3333333333333333,0.0
66,1.0,0.0,0.3333333333333333,0.3333333333333333
67,0.0,0.0,0.3333333333333333,0.3333333333333333
68,0.0,0.6666666666666667,0.3333333333333333,1.0
69,0.0,0.0,0.3333333333333333,0.3333333333333333
70,1.0,0.0,1.0,0.3333333333333333
71,0.5,0.0,0.6666666666666667,0.3333333333333333
72,0.0,0.0,0.6666666666666667,0.3333333333333333
73,1.0,0.0,0.6666666666666667,0.3333333333333333
74,0.0,0.3333333333333333,1.0,1.0
75,0.0,1.0,0.3333333333333333,0.0
76,0.5,0.0,0.3333333333333333,0.0
77,1.0,1.0,0.0,0.3333333333333333
78,0.5,0.3333333333333333,0.0,0.0
79,0.0,0.0,0.3333333333333333,0.0
80,0.5,0.3333333333333333,1.0,0.6666666666666667
81,1.0,0.0,0.3333333333333333,0.3333333333333333
82,0.0,0.0,0.6666666666666667,0.3333333333333333
83,0.0,0.3333333333333333,0.0,0.6666666666666667
84,0.0,1.0,1.0,0.0
85,1.0,0.6666666666666667,0.6666666666666667,0.3333333333333333
86,0.5,0.3333333333333333,0.0,0.6666666666666667
87,1.0,0.6666666666666667,0.3333333333333333,0.0
88,0.0,0.0,0.0,0.6666666666666667
89,0.5,0.3333333333333333,0.0,0.3333333333333333
90,0.5,0.3333333333333333,0.3333333333333333,0.0
91,0.5,0.6666666666666667,0.3333333333333333,0.6666666666666667
92,0.0,0.6666666666666667,0.3333333333333333,0.0
93,0.5,0.3333333333333333,0.0,0.3333333333333333
94,0.0,0.0,0.0,0.3333333333333333
95,1.0,0.3333333333333333,0.3333333333333333,0.0
96,1.0,0.3333333333333333,0.0,0.0
97,0.0,0.0,0.3333333333333333,0.0
98,1.0,0.0,1.0,1.0
99,1.0,0.6666666666666667,0.3333333333333333,0.0
100,0.5,0.6666666666666667,0.3333333333333333,0.0
101,0.5,0.0,0.6666666666666667,0.0
102,0.0,0.3333333333333333,0.0,0.3333333333333333
103,1.0,0.0,0.0,0.3333333333333333
104,0.5,0.3333333333333333,1.0,0.0
105,0.0,0.3333333333333333,0.3333333333333333,0.0
106,0.5,0.6666666666666667,0.3333333333333333,0.0
107,0.5,0.3333333333333333,0.0,1.0
108,0.0,1.0,0.3333333333333333,0.6666666666666667
109,0.5,0.3333333333333333,0.0,0.0
110,0.0,0.3333333333333333,0.0,0.0
111,0.5,0.3333333333333333,0.6666666666666667,0.3333333333333333
112,0.0,0.6666666666666667,0.3333333333333333,0.0
113,1.0,0.0,0.3333333333333333,0.0
114,1.0,0.0,0.0,0.3333333333333333
115,1.0,0.6666666666666667,0.0,1.0
116,0.5,0.6666666666666667,1.0,0.0
117,0.0,0.3333333333333333,0.6666666666666667,0.6666666666666667
118,1.0,0.6666666666666667,0.3333333333333333,0.3333333333333333
119,1.0,0.6666666666666667,1.0,0.3333333333333333
120,0.0,0.3333333333333333,0.3333333333333333,0.0
121,0.5,0.0,0.0,1.0
122,1.0,0.0,0.3333333333333333,0.3333333333333333
123,1.0,0.3333333333333333,0.3333333333333333,1.0
124,0.5,0.6666666666666667,0.0,0.6666666666666667
125,0.5,0.0,0.0,0.3333333333333333
126,1.0,1.0,0.0,0.6666666666666667
127,0.0,0.0,1.0,0.6666666666666667
128,0.5,0.0,0.3333333333333333,0.0
129,0.0,0.3333333333333333,0.0,0.3333333333333333
130,0.0,0.3333333333333333,0.3333333333333333,0.0
131,1.0,0.0,0.0,0.3333333333333333
