,f1,f2,f3,f4,f5,f6,f7,f8,f9,f10,f11,f12,f13,f14,f15,f16,f17,f18,f19,f20,f21,f22,f23,f24,f25,f26,f27,f28,f29,f30,f31
0,0.3333333333333333,0.0,0.40740740740740733,0.17857142857142883,0.28446771378708546,0.5256166982922201,0.4365384615384615,0.0,0.25,0.0,0.0,0.0,0.0,0.0,0.0,0.0,0.0,0.0,0.0,0.0,0.0,0.0,0.0,0.0,0.0,0.0,0.0,0.0,0.0,0.0,0.0
1,1.0,0.0,0.2962962962962963,0.4642857142857153,0.3647469458987782,0.40417457305502835,0.21923076923076923,0.14285714285714285,0.5,1.0,0.0,0.0,1.0,0.0,0.0,0.0,0.0,0.0,0.0,1.0,0.0,0.0,1.0,0.0,0.0,0.0,0.0,0.0,0.0,0.0,0.0
2,0.6666666666666666,0.6666666666666666,0.33333333333333326,0.35714285714285765,0.6108202443280977,0.6717267552182165,0.5903846153846155,0.0,0.25,0.0,0.0,0.0,1.0,1.0,0.0,1.0,0.0,1.0,0.0,0.0,1.0,0.0,1.0,0.0,0.0,0.0,0.0,0.0,0.0,0.0,0.0
3,0.3333333333333333,0.8888888888888888,0.2592592592592592,0.17857142857142883,0.055846422338568846,0.0,0.3326923076923077,0.0,0.25,0.0,0.0,0.0,0.0,0.0,0.0,0.0,0.0,0.0,0.0,0.0,0.0,0.0,1.0,0.0,0.0,0.0,0.0,0.0,0.0,0.0,0.0
4,0.3333333333333333,0.0,0.4444444444444444,0.4642857142857153,0.3019197207678882,0.24098671726755216,0.5134615384615384,0.14285714285714285,0.5,0.0,0.0,0.0,0.0,0.0,0.0,0.0,0.0,0.0,0.0,0.0,0.0,0.0,0.0,0.0,0.0,0.0,0.0,0.0,0.0,0.0,0.0
5,0.3333333333333333,0.7777777777777777,0.6296296296296295,1.0000000000000009,0.5636998254799301,0.7248576850094877,0.5634615384615385,0.2857142857142857,1.0,0.0,0.0,0.0,0.0,0.0,0.0,0.0,0.0,0.0,0.0,0.0,0.0,0.0,1.0,0.0,0.0,0.0,0.0,0.0,0.0,0.0,1.0
6,0.3333333333333333,0.0,0.33333333333333326,0.9285714285714288,0.6666666666666667,0.7931688804554078,0.4480769230769231,0.0,0.25,0.0,0.0,0.0,0.0,0.0,0.0,0.0,0.0,0.0,0.0,0.0,0.0,0.0,0.0,0.0,0.0,0.0,0.0,0.0,0.0,0.0,0.0
7,0.3333333333333333,0.8888888888888888,0.37037037037037024,0.5714285714285712,0.5549738219895286,0.715370018975332,0.5634615384615385,0.14285714285714285,0.25,0.0,0.0,0.0,1.0,0.0,0.0,0.0,0.0,1.0,0.0,0.0,0.0,0.0,0.0,0.0,0.0,0.0,0.0,0.0,0.0,0.0,0.0
8,0.6666666666666666,0.6666666666666666,0.18518518518518512,0.2857142857142865,0.24607329842931924,0.23149905123339654,0.5019230769230769,0.14285714285714285,1.0,0.0,0.0,0.0,0.0,0.0,0.0,1.0,0.0,0.0,0.0,0.0,0.0,0.0,0.0,0.0,0.0,0.0,0.0,0.0,1.0,0.0,0.0
9,0.6666666666666666,0.8888888888888888,0.11111111111111105,0.5714285714285712,0.7853403141361257,0.8273244781783682,0.4269230769230768,0.0,0.25,1.0,0.0,0.0,0.0,0.0,1.0,0.0,0.0,0.0,0.0,0.0,0.0,0.0,1.0,0.0,0.0,0.0,0.0,0.0,0.0,0.0,1.0
10,0.3333333333333333,0.0,0.2222222222222221,0.6428571428571432,0.4589877835951133,0.5351043643263758,0.3596153846153846,0.0,0.25,0.0,0.0,0.0,0.0,0.0,0.0,0.0,0.0,0.0,0.0,0.0,0.0,0.0,0.0,0.0,0.0,0.0,0.0,0.0,0.0,0.0,0.0
11,0.3333333333333333,0.0,0.40740740740740733,0.2857142857142865,0.19720767888307145,0.11954459203036061,0.3,0.0,0.25,1.0,0.0,0.0,0.0,0.0,0.0,0.0,0.0,1.0,0.0,0.0,0.0,0.0,0.0,0.0,0.0,0.0,0.0,0.0,0.0,0.0,0.0
12,0.6666666666666666,0.6666666666666666,0.7407407407407407,0.6428571428571432,0.5549738219895286,0.6717267552182165,0.4923076923076923,1.0,0.5,0.0,0.0,1.0,0.0,0.0,0.0,0.0,0.0,0.0,1.0,0.0,0.0,0.0,0.0,0.0,0.0,0.0,0.0,0.0,0.0,1.0,0.0
13,0.3333333333333333,0.8888888888888888,0.40740740740740733,0.4642857142857153,0.24607329842931924,0.3263757115749526,0.6557692307692307,0.14285714285714285,0.75,0.0,0.0,1.0,1.0,0.0,0.0,0.0,1.0,0.0,0.0,0.0,0.0,0.0,0.0,0.0,0.0,0.0,0.0,0.0,0.0,1.0,0.0
14,0.3333333333333333,0.6666666666666666,0.7037037037037035,0.75,0.5235602094240837,0.5692599620493357,0.5134615384615384,0.42857142857142855,0.75,0.0,0.0,0.0,1.0,0.0,0.0,1.0,0.0,1.0,0.0,0.0,0.0,0.0,1.0,0.0,0.0,0.0,0.0,0.0,1.0,0.0,0.0
15,0.0,0.0,0.37037037037037024,0.10714285714285765,0.15881326352530534,0.14611005692599632,0.31730769230769224,0.14285714285714285,0.0,0.0,0.0,0.0,0.0,0.0,0.0,0.0,0.0,0.0,0.0,0.0,0.0,0.0,0.0,0.0,0.0,0.0,0.0,0.0,0.0,0.0,0.0
16,0.3333333333333333,0.7777777777777777,0.9999999999999998,0.17857142857142883,0.49912739965095976,0.49146110056925996,0.2615384615384615,0.8571428571428571,1.0,0.0,0.0,0.0,1.0,0.0,0.0,0.0,0.0,0.0,1.0,0.0,0.0,0.0,0.0,0.0,0.0,0.0,0.0,0.0,0.0,0.0,0.0
17,0.6666666666666666,0.6666666666666666,0.40740740740740733,0.6428571428571432,0.5549738219895286,0.6470588235294119,0.3711538461538461,0.14285714285714285,0.75,0.0,0.0,0.0,1.0,0.0,0.0,0.0,0.0,0.0,0.0,0.0,1.0,0.0,1.0,0.0,0.0,0.0,0.0,0.0,0.0,0.0,1.0
18,0.6666666666666666,0.6666666666666666,0.11111111111111105,0.4642857142857153,0.3176265270506107,0.43074003795066407,0.5403846153846155,0.14285714285714285,0.75,0.0,0.0,0.0,1.0,0.0,1.0,0.0,0.0,0.0,0.0,0.0,0.0,0.0,1.0,0.0,0.0,0.0,0.0,0.0,1.0,0.0,0.0
19,0.0,0.1111111111111111,0.9999999999999998,0.6428571428571432,0.268760907504363,0.3092979127134725,0.31730769230769224,0.2857142857142857,0.0,0.0,0.0,0.0,0.0,0.0,0.0,0.0,0.0,0.0,0.0,0.0,0.0,0.0,0.0,0.0,0.0,0.0,0.0,0.0,0.0,0.0,0.0
20,0.6666666666666666,0.0,0.4814814814814814,0.5714285714285712,0.3647469458987782,0.47438330170777987,0.5134615384615384,0.14285714285714285,0.75,0.0,0.0,0.0,0.0,0.0,0.0,0.0,0.0,0.0,0.0,0.0,0.0,1.0,1.0,0.0,0.0,0.0,0.0,0.0,1.0,0.0,0.0
21,0.3333333333333333,0.0,0.40740740740740733,0.17857142857142883,0.10994764397905754,0.17267552182163182,0.4634615384615384,0.0,0.25,0.0,1.0,0.0,0.0,0.0,0.0,0.0,0.0,0.0,0.0,0.0,1.0,0.0,0.0,0.0,0.0,0.0,0.0,0.0,0.0,0.0,0.0
22,0.3333333333333333,0.0,0.2962962962962963,0.35714285714285765,0.30890052356020936,0.25806451612903225,0.3826923076923076,0.0,0.25,0.0,0.0,0.0,0.0,0.0,0.0,0.0,0.0,0.0,0.0,0.0,0.0,0.0,0.0,0.0,0.0,0.0,0.0,0.0,0.0,0.0,0.0
23,0.6666666666666666,0.6666666666666666,0.2222222222222221,0.2857142857142865,0.33333333333333326,0.5692599620493357,0.4365384615384615,0.0,0.25,0.0,0.0,0.0,1.0,0.0,0.0,0.0,0.0,0.0,0.0,0.0,0.0,0.0,0.0,0.0,0.0,0.0,0.0,0.0,1.0,0.0,0.0
24,0.6666666666666666,0.7777777777777777,0.6296296296296295,0.17857142857142883,0.5462478184991273,0.5351043643263758,0.4923076923076923,0.7142857142857142,0.75,0.0,0.0,1.0,0.0,0.0,0.0,1.0,0.0,0.0,1.0,0.0,1.0,0.0,1.0,0.0,0.0,0.0,0.0,0.0,0.0,0.0,0.0
25,0.3333333333333333,0.8888888888888888,0.11111111111111105,0.4642857142857153,0.6108202443280977,0.6470588235294119,0.1865384615384615,0.0,0.25,0.0,0.0,0.0,0.0,1.0,0.0,0.0,0.0,0.0,1.0,0.0,0.0,0.0,1.0,0.0,0.0,0.0,0.0,1.0,0.0,0.0,0.0
26,0.3333333333333333,0.0,0.37037037037037024,0.8214285714285721,0.24607329842931924,0.23149905123339654,0.2615384615384615,0.14285714285714285,0.75,1.0,0.0,0.0,0.0,0.0,0.0,0.0,0.0,0.0,0.0,0.0,1.0,0.0,1.0,0.0,1.0,0.0,0.0,1.0,0.0,0.0,0.0
27,0.3333333333333333,0.0,0.5555555555555556,0.5714285714285712,0.4275741710296683,0.47438330170777987,0.3826923076923076,0.5714285714285714,0.0,0.0,0.0,0.0,0.0,0.0,0.0,0.0,0.0,0.0,0.0,0.0,0.0,0.0,0.0,0.0,0.0,0.0,0.0,0.0,0.0,0.0,0.0
28,0.3333333333333333,0.0,0.14814814814814814,0.6428571428571432,0.6178010471204187,0.8614800759013284,0.4365384615384615,0.0,0.0,0.0,0.0,0.0,0.0,0.0,0.0,0.0,0.0,0.0,0.0,0.0,0.0,0.0,0.0,0.0,0.0,0.0,0.0,0.0,0.0,0.0,0.0
29,0.6666666666666666,0.7777777777777777,0.40740740740740733,0.6428571428571432,0.5549738219895286,0.7931688804554078,0.40961538461538455,0.14285714285714285,0.5,0.0,0.0,0.0,0.0,0.0,0.0,0.0,0.0,1.0,1.0,1.0,1.0,1.0,1.0,0.0,0.0,0.0,0.0,0.0,0.0,0.0,0.0
30,0.3333333333333333,0.8888888888888888,0.4814814814814814,0.75,0.32460732984293184,0.4478178368121444,0.4480769230769231,0.0,0.25,0.0,0.0,0.0,0.0,0.0,0.0,0.0,0.0,0.0,0.0,0.0,0.0,0.0,0.0,0.0,0.0,0.0,0.0,0.0,1.0,0.0,0.0
31,0.3333333333333333,0.0,0.2222222222222221,0.4642857142857153,0.34904013961605584,0.42125237191650844,0.4269230769230768,0.0,0.0,0.0,0.0,0.0,0.0,0.0,0.0,0.0,0.0,0.0,1.0,1.0,1.0,1.0,1.0,0.0,0.0,0.0,0.0,0.0,1.0,1.0,0.0
32,0.0,0.0,0.5185185185185184,0.35714285714285765,0.5235602094240837,0.5256166982922201,0.4365384615384615,0.0,0.0,0.0,0.0,0.0,0.0,0.0,0.0,0.0,0.0,0.0,0.0,0.0,0.0,0.0,0.0,0.0,0.0,0.0,0.0,0.0,0.0,0.0,0.0
33,0.3333333333333333,0.8888888888888888,0.4444444444444444,0.6428571428571432,0.22164048865619534,0.36242884250474394,0.38846153846153847,0.14285714285714285,0.5,0.0,0.0,0.0,1.0,0.0,0.0,0.0,0.0,0.0,0.0,0.0,0.0,0.0,0.0,0.0,0.0,0.0,0.0,0.0,0.0,1.0,0.0
34,0.6666666666666666,0.2222222222222222,0.5555555555555556,0.4642857142857153,0.22164048865619534,0.2922201138519924,0.5134615384615384,0.14285714285714285,0.5,1.0,0.0,0.0,0.0,0.0,0.0,0.0,0.0,0.0,0.0,0.0,0.0,0.0,0.0,0.0,0.0,0.0,0.0,0.0,1.0,0.0,0.0
35,0.6666666666666666,0.5555555555555556,0.40740740740740733,1.0000000000000009,0.5462478184991273,0.698292220113852,0.6000000000000001,0.0,0.25,0.0,0.0,0.0,1.0,0.0,0.0,0.0,0.0,0.0,0.0,0.0,0.0,0.0,0.0,0.0,0.0,0.0,0.0,0.0,1.0,0.0,0.0
36,0.3333333333333333,0.8888888888888888,0.2222222222222221,0.4642857142857153,0.4275741710296683,0.49146110056925996,0.3596153846153846,0.0,0.25,0.0,0.0,0.0,1.0,0.0,0.0,0.0,0.0,0.0,0.0,0.0,0.0,0.0,0.0,0.0,0.0,0.0,0.0,0.0,0.0,0.0,0.0
37,0.6666666666666666,0.2222222222222222,0.33333333333333326,0.9285714285714288,0.4432809773123909,0.42125237191650844,0.4038461538461538,0.14285714285714285,0.5,0.0,0.0,0.0,0.0,0.0,1.0,0.0,0.0,1.0,1.0,1.0,0.0,0.0,1.0,0.0,0.0,0.0,0.0,0.0,1.0,0.0,0.0
38,0.6666666666666666,0.8888888888888888,0.4814814814814814,0.10714285714285765,0.3019197207678882,0.36242884250474394,0.6288461538461536,0.2857142857142857,1.0,0.0,0.0,0.0,0.0,0.0,0.0,0.0,0.0,0.0,0.0,0.0,0.0,0.0,0.0,0.0,0.0,0.0,0.0,0.0,0.0,0.0,0.0
39,0.3333333333333333,0.8888888888888888,0.4444444444444444,0.35714285714285765,0.30890052356020936,0.28462998102466797,0.5019230769230769,0.0,0.25,0.0,0.0,1.0,1.0,0.0,0.0,0.0,0.0,0.0,1.0,0.0,1.0,0.0,0.0,0.0,0.0,0.0,0.0,0.0,0.0,0.0,0.0
40,1.0,0.6666666666666666,0.6296296296296295,0.4642857142857153,0.1657940663176265,0.3700189753320682,0.4480769230769231,0.7142857142857142,0.75,1.0,0.0,1.0,0.0,0.0,0.0,0.0,0.0,1.0,0.0,0.0,1.0,0.0,0.0,0.0,0.0,1.0,0.0,0.0,0.0,0.0,0.0
41,1.0,0.5555555555555556,0.40740740740740733,0.5714285714285712,0.3019197207678882,0.30170777988614805,0.4269230769230768,0.0,0.25,0.0,0.0,0.0,1.0,1.0,0.0,0.0,1.0,1.0,0.0,0.0,1.0,0.0,1.0,0.0,0.0,0.0,0.0,0.0,0.0,1.0,1.0
42,0.6666666666666666,0.7777777777777777,0.8148148148148147,0.5714285714285712,0.3961605584642234,0.42125237191650844,0.4480769230769231,0.2857142857142857,0.5,0.0,0.0,0.0,0.0,1.0,0.0,1.0,0.0,0.0,0.0,0.0,0.0,0.0,0.0,0.0,0.0,0.0,0.0,0.0,0.0,1.0,0.0
43,1.0,0.7777777777777777,0.5925925925925926,0.4642857142857153,0.3891797556719021,0.5692599620493357,0.42115384615384616,0.14285714285714285,0.0,0.0,0.0,1.0,0.0,0.0,1.0,0.0,0.0,0.0,0.0,0.0,0.0,0.0,0.0,0.0,0.0,0.0,0.0,0.0,0.0,0.0,0.0
44,0.3333333333333333,0.0,0.33333333333333326,0.35714285714285765,0.4205933682373473,0.5692599620493357,0.44230769230769224,0.0,0.0,0.0,0.0,0.0,0.0,0.0,0.0,0.0,0.0,0.0,0.0,0.0,0.0,0.0,0.0,0.0,0.0,0.0,0.0,0.0,0.0,0.0,0.0
45,1.0,0.5555555555555556,0.33333333333333326,0.6428571428571432,0.33333333333333326,0.4990512333965844,0.5019230769230769,0.0,0.0,0.0,0.0,0.0,1.0,0.0,1.0,0.0,0.0,0.0,0.0,1.0,1.0,0.0,1.0,0.0,0.0,0.0,0.0,0.0,1.0,0.0,0.0
46,0.3333333333333333,0.0,0.2962962962962963,0.17857142857142883,0.3019197207678882,0.42125237191650844,0.4365384615384615,0.0,0.25,0.0,0.0,0.0,0.0,0.0,0.0,0.0,0.0,0.0,0.0,0.0,0.0,0.0,0.0,0.0,0.0,0.0,0.0,0.0,0.0,0.0,0.0
47,0.6666666666666666,0.3333333333333333,0.5925925925925926,0.4642857142857153,0.1657940663176265,0.1631878557874762,0.10384615384615387,0.0,0.25,1.0,0.0,0.0,0.0,0.0,0.0,1.0,0.0,1.0,0.0,0.0,0.0,0.0,0.0,0.0,0.0,0.0,0.0,0.0,0.0,0.0,0.0
48,0.3333333333333333,0.8888888888888888,0.8148148148148147,0.4642857142857153,0.6666666666666667,0.7931688804554078,0.4807692307692308,0.14285714285714285,0.75,0.0,0.0,0.0,1.0,0.0,0.0,0.0,0.0,0.0,1.0,0.0,1.0,0.0,0.0,0.0,0.0,0.0,0.0,0.0,0.0,0.0,0.0
49,0.6666666666666666,0.6666666666666666,0.2962962962962963,0.6428571428571432,1.0,0.9146110056925996,0.31730769230769224,0.14285714285714285,0.5,0.0,0.0,0.0,1.0,0.0,0.0,1.0,0.0,0.0,0.0,0.0,0.0,0.0,0.0,0.0,0.0,0.0,0.0,0.0,1.0,0.0,1.0
50,0.3333333333333333,0.4444444444444444,0.8888888888888888,0.8214285714285721,0.5951134380453751,0.7931688804554078,0.45384615384615384,0.0,0.25,0.0,0.0,0.0,1.0,0.0,0.0,0.0,0.0,1.0,0.0,0.0,0.0,0.0,0.0,0.0,0.0,0.0,0.0,0.0,0.0,1.0,0.0
51,0.6666666666666666,0.6666666666666666,0.6296296296296295,0.8214285714285721,0.4834205933682374,0.5256166982922201,0.4961538461538461,0.14285714285714285,1.0,0.0,0.0,0.0,0.0,0.0,0.0,0.0,0.0,0.0,0.0,0.0,0.0,0.0,0.0,0.0,0.0,0.0,0.0,0.0,1.0,1.0,1.0
52,0.6666666666666666,0.4444444444444444,0.5555555555555556,0.17857142857142883,0.22164048865619534,0.1897533206831119,0.2846153846153846,0.14285714285714285,0.75,0.0,1.0,1.0,0.0,1.0,0.0,0.0,0.0,1.0,0.0,1.0,1.0,1.0,1.0,0.0,0.0,0.0,0.0,0.0,1.0,0.0,0.0
53,0.6666666666666666,0.3333333333333333,0.33333333333333326,0.35714285714285765,0.33333333333333326,0.21442125237191645,0.0,0.0,0.25,0.0,0.0,0.0,1.0,0.0,1.0,0.0,0.0,0.0,0.0,0.0,0.0,0.0,0.0,0.0,0.0,0.0,0.0,0.0,0.0,0.0,0.0
54,0.3333333333333333,0.0,0.33333333333333326,1.0000000000000009,0.539267015706806,0.5692599620493357,0.44230769230769224,0.0,0.25,0.0,0.0,0.0,0.0,0.0,0.0,0.0,0.0,0.0,0.0,0.0,0.0,0.0,0.0,0.0,0.0,0.0,0.0,0.0,0.0,0.0,0.0
55,0.6666666666666666,0.6666666666666666,0.5185185185185184,0.2857142857142865,0.1657940663176265,0.1366223908918407,0.5249999999999999,0.2857142857142857,0.75,0.0,0.0,0.0,0.0,0.0,0.0,1.0,0.0,0.0,0.0,0.0,0.0,0.0,0.0,0.0,0.0,0.0,0.0,0.0,1.0,0.0,0.0
56,0.3333333333333333,0.0,0.33333333333333326,1.0000000000000009,0.3647469458987782,0.40417457305502835,0.36538461538461536,0.42857142857142855,0.5,0.0,0.0,0.0,0.0,0.0,0.0,0.0,0.0,0.0,0.0,0.0,0.0,0.0,0.0,0.0,0.0,0.0,0.0,0.0,0.0,0.0,0.0
57,0.6666666666666666,0.7777777777777777,0.4444444444444444,0.8214285714285721,0.3804537521815008,0.4573055028463,0.3596153846153846,0.14285714285714285,0.5,1.0,0.0,0.0,1.0,0.0,0.0,1.0,0.0,0.0,1.0,0.0,1.0,0.0,0.0,0.0,0.0,1.0,1.0,0.0,0.0,1.0,0.0
58,0.6666666666666666,0.4444444444444444,0.5555555555555556,0.35714285714285765,0.3804537521815008,0.5426944971537002,0.3384615384615384,0.14285714285714285,0.5,0.0,1.0,0.0,0.0,0.0,0.0,1.0,0.0,0.0,0.0,0.0,0.0,0.0,0.0,0.0,0.0,0.0,0.0,0.0,1.0,0.0,0.0
59,0.6666666666666666,0.3333333333333333,0.6296296296296295,0.5714285714285712,0.4921465968586387,0.6717267552182165,0.3,0.2857142857142857,0.75,1.0,0.0,0.0,1.0,1.0,1.0,1.0,0.0,0.0,0.0,0.0,1.0,0.0,0.0,0.0,0.0,0.0,0.0,0.0,1.0,1.0,1.0
60,0.3333333333333333,0.0,0.2962962962962963,0.2857142857142865,0.10994764397905754,0.017077798861480198,0.2288461538461538,0.0,0.25,0.0,0.0,0.0,0.0,0.0,0.0,0.0,0.0,0.0,0.0,0.0,0.0,0.0,0.0,0.0,0.0,0.0,0.0,0.0,0.0,0.0,0.0
61,0.3333333333333333,0.0,0.11111111111111105,0.4642857142857153,0.4432809773123909,0.5256166982922201,0.4596153846153846,0.0,0.25,0.0,0.0,0.0,0.0,0.0,0.0,0.0,0.0,0.0,0.0,0.0,0.0,0.0,0.0,0.0,0.0,0.0,0.0,0.0,0.0,0.0,0.0
62,0.6666666666666666,1.0,0.4814814814814814,0.2857142857142865,0.1657940663176265,0.206831119544592,0.2846153846153846,0.14285714285714285,0.5,0.0,0.0,0.0,1.0,0.0,0.0,0.0,0.0,1.0,0.0,0.0,0.0,0.0,1.0,0.0,0.0,0.0,0.0,0.0,1.0,0.0,0.0
63,0.3333333333333333,0.0,0.33333333333333326,0.10714285714285765,0.13438045375218144,0.14611005692599632,0.38846153846153847,0.14285714285714285,1.0,0.0,0.0,0.0,0.0,0.0,0.0,0.0,1.0,0.0,0.0,0.0,1.0,0.0,0.0,0.0,0.0,0.0,0.0,0.0,0.0,0.0,0.0
64,0.3333333333333333,0.5555555555555556,0.2592592592592592,0.75,0.26178010471204183,0.3263757115749526,0.3826923076923076,0.0,0.25,0.0,0.0,0.0,0.0,0.0,0.0,1.0,0.0,0.0,0.0,1.0,1.0,0.0,0.0,0.0,0.0,0.0,0.0,0.0,0.0,0.0,0.0
65,0.6666666666666666,0.5555555555555556,0.5185185185185184,0.35714285714285765,0.3891797556719021,0.5085388994307398,0.42115384615384616,0.14285714285714285,0.75,0.0,0.0,0.0,1.0,0.0,1.0,0.0,0.0,0.0,0.0,0.0,1.0,0.0,0.0,0.0,0.0,0.0,0.0,0.0,0.0,0.0,0.0
66,1.0,0.2222222222222222,0.5555555555555556,0.6428571428571432,0.8952879581151831,0.9563567362428842,0.5249999999999999,0.14285714285714285,0.75,0.0,1.0,0.0,0.0,0.0,0.0,0.0,0.0,1.0,0.0,0.0,0.0,1.0,0.0,0.0,0.0,0.0,0.0,0.0,0.0,0.0,0.0
67,0.6666666666666666,0.4444444444444444,0.2592592592592592,0.8214285714285721,0.41186736474694574,0.5351043643263758,0.40961538461538455,0.0,0.25,1.0,1.0,0.0,0.0,0.0,0.0,1.0,0.0,1.0,1.0,1.0,1.0,0.0,0.0,0.0,0.0,0.0,0.0,0.0,1.0,0.0,0.0
68,0.6666666666666666,0.5555555555555556,0.5925925925925926,0.5714285714285712,0.4921465968586387,0.6641366223908918,0.2288461538461538,0.0,0.25,0.0,0.0,0.0,1.0,0.0,0.0,0.0,0.0,0.0,0.0,0.0,0.0,0.0,1.0,0.0,0.0,0.0,0.0,0.0,0.0,0.0,0.0
69,0.3333333333333333,0.0,0.5185185185185184,0.35714285714285765,0.3891797556719021,0.3187855787476279,0.4269230769230768,0.42857142857142855,0.5,0.0,0.0,0.0,0.0,0.0,0.0,0.0,0.0,0.0,0.0,0.0,0.0,0.0,0.0,0.0,0.0,0.0,0.0,0.0,0.0,0.0,0.0
70,0.3333333333333333,0.0,0.4814814814814814,0.6428571428571432,0.3891797556719021,0.49146110056925996,0.5134615384615384,0.0,0.25,0.0,0.0,0.0,0.0,0.0,0.0,0.0,0.0,0.0,0.0,0.0,0.0,0.0,0.0,0.0,0.0,0.0,0.0,0.0,0.0,0.0,0.0
71,1.0,0.6666666666666666,0.6296296296296295,0.4642857142857153,0.1657940663176265,0.06072106261859589,0.15769230769230763,0.42857142857142855,0.75,0.0,0.0,1.0,1.0,0.0,0.0,0.0,0.0,0.0,1.0,0.0,0.0,0.0,0.0,0.0,0.0,0.0,0.0,0.0,1.0,1.0,0.0
72,0.3333333333333333,0.7777777777777777,0.2222222222222221,0.2857142857142865,0.5078534031413611,0.6204933586337762,0.42115384615384616,0.0,0.25,0.0,0.0,0.0,0.0,0.0,0.0,0.0,0.0,1.0,0.0,0.0,0.0,0.0,0.0,0.0,0.0,0.0,0.0,0.0,0.0,0.0,0.0
73,0.6666666666666666,0.5555555555555556,0.33333333333333326,0.10714285714285765,0.20593368237347287,0.3092979127134725,0.323076923076923,0.0,0.25,0.0,0.0,0.0,1.0,0.0,0.0,0.0,0.0,1.0,0.0,0.0,0.0,0.0,0.0,0.0,0.0,0.0,0.0,0.0,0.0,0.0,0.0
74,0.6666666666666666,0.5555555555555556,0.40740740740740733,0.6428571428571432,0.3019197207678882,0.3795066413662238,0.5903846153846155,0.2857142857142857,1.0,0.0,0.0,0.0,1.0,0.0,1.0,0.0,0.0,1.0,0.0,1.0,0.0,1.0,1.0,0.0,0.0,0.0,0.0,0.0,1.0,0.0,0.0
75,0.3333333333333333,0.0,0.40740740740740733,0.9285714285714288,0.33333333333333326,0.34535104364326386,0.3826923076923076,0.14285714285714285,0.5,0.0,0.0,0.0,0.0,0.0,0.0,0.0,0.0,0.0,1.0,0.0,0.0,0.0,0.0,0.0,0.0,0.0,0.0,0.0,0.0,0.0,0.0
76,0.6666666666666666,0.7777777777777777,0.40740740740740733,0.4642857142857153,0.4677137870855148,0.6299810246679316,0.551923076923077,0.0,0.25,0.0,0.0,0.0,0.0,0.0,0.0,0.0,0.0,0.0,0.0,0.0,1.0,0.0,0.0,0.0,0.0,0.0,0.0,0.0,0.0,0.0,0.0
77,1.0,0.0,0.4814814814814814,0.6428571428571432,0.33333333333333326,0.6717267552182165,0.5403846153846155,0.0,0.25,0.0,0.0,0.0,1.0,0.0,0.0,1.0,0.0,1.0,1.0,0.0,0.0,1.0,1.0,0.0,0.0,0.0,0.0,0.0,1.0,1.0,0.0
78,0.6666666666666666,0.0,0.7777777777777777,0.9285714285714288,0.6579406631762652,0.7590132827324478,0.4923076923076923,0.14285714285714285,0.75,0.0,0.0,0.0,1.0,0.0,0.0,1.0,0.0,1.0,1.0,1.0,1.0,1.0,1.0,0.0,0.0,0.0,0.0,0.0,0.0,0.0,0.0
79,0.6666666666666666,0.7777777777777777,0.5185185185185184,0.2857142857142865,0.6509598603839442,0.5939278937381403,0.29423076923076913,0.0,0.25,0.0,0.0,0.0,0.0,0.0,0.0,1.0,0.0,1.0,0.0,1.0,0.0,0.0,0.0,0.0,0.0,0.0,0.0,1.0,0.0,0.0,0.0
80,0.3333333333333333,0.7777777777777777,0.2962962962962963,0.6428571428571432,0.1657940663176265,0.08538899430740032,0.3384615384615384,0.14285714285714285,0.75,0.0,0.0,0.0,1.0,0.0,0.0,0.0,0.0,0.0,0.0,0.0,1.0,0.0,1.0,0.0,0.0,0.0,0.0,0.0,1.0,0.0,0.0
81,1.0,0.8888888888888888,0.14814814814814814,0.8214285714285721,0.33333333333333326,0.5161290322580645,0.5019230769230769,0.2857142857142857,0.5,0.0,1.0,1.0,1.0,0.0,1.0,0.0,0.0,0.0,1.0,0.0,0.0,1.0,0.0,0.0,0.0,0.0,0.0,0.0,0.0,0.0,0.0
82,1.0,0.7777777777777777,0.5555555555555556,0.9285714285714288,0.4432809773123909,0.6299810246679316,0.4865384615384614,0.0,1.0,1.0,0.0,0.0,1.0,0.0,0.0,1.0,0.0,0.0,0.0,1.0,0.0,0.0,0.0,0.0,0.0,0.0,0.0,0.0,1.0,0.0,0.0
83,0.6666666666666666,0.6666666666666666,0.33333333333333326,0.4642857142857153,0.20593368237347287,0.22390891840607208,0.4692307692307692,0.14285714285714285,0.5,0.0,0.0,1.0,1.0,0.0,1.0,0.0,0.0,1.0,1.0,1.0,1.0,0.0,0.0,0.0,0.0,0.0,0.0,0.0,0.0,0.0,0.0
84,0.3333333333333333,0.0,0.33333333333333326,0.8214285714285721,0.3804537521815008,0.3358633776091082,0.4038461538461538,0.0,0.25,0.0,0.0,0.0,0.0,0.0,0.0,0.0,0.0,1.0,0.0,0.0,0.0,0.0,0.0,0.0,0.0,0.0,0.0,0.0,0.0,0.0,0.0
85,0.3333333333333333,0.0,0.5555555555555556,0.2857142857142865,0.1657940663176265,0.22390891840607208,0.39807692307692305,0.14285714285714285,0.5,0.0,0.0,0.0,0.0,0.0,0.0,0.0,0.0,0.0,0.0,0.0,0.0,0.0,0.0,0.0,0.0,0.0,0.0,0.0,0.0,0.0,0.0
86,0.6666666666666666,0.5555555555555556,0.37037037037037024,0.6428571428571432,0.2146596858638743,0.25806451612903225,0.4365384615384615,0.14285714285714285,0.5,0.0,0.0,0.0,1.0,0.0,0.0,0.0,0.0,0.0,0.0,1.0,0.0,0.0,0.0,0.0,0.0,0.0,0.0,0.0,0.0,0.0,0.0
87,1.0,0.7777777777777777,0.2962962962962963,0.2857142857142865,0.4275741710296683,0.7248576850094877,0.596153846153846,0.0,0.25,0.0,0.0,0.0,1.0,0.0,0.0,0.0,0.0,0.0,1.0,1.0,1.0,1.0,1.0,0.0,0.0,0.0,0.0,0.0,1.0,0.0,0.0
88,1.0,0.3333333333333333,0.6666666666666665,0.5714285714285712,0.4432809773123909,0.4478178368121444,0.3557692307692308,0.14285714285714285,0.75,1.0,0.0,0.0,1.0,0.0,0.0,1.0,0.0,1.0,0.0,0.0,0.0,0.0,1.0,0.0,0.0,0.0,0.0,0.0,1.0,0.0,0.0
89,0.3333333333333333,0.0,0.5925925925925926,0.17857142857142883,0.24607329842931924,0.11195445920303615,0.2519230769230769,0.2857142857142857,0.5,0.0,0.0,0.0,0.0,0.0,0.0,0.0,0.0,0.0,0.0,0.0,0.0,0.0,0.0,0.0,0.0,0.0,0.0,0.0,0.0,0.0,0.0
90,0.6666666666666666,0.7777777777777777,0.2222222222222221,0.10714285714285765,0.4432809773123909,0.3092979127134725,0.36538461538461536,0.2857142857142857,0.5,0.0,0.0,0.0,0.0,0.0,0.0,0.0,0.0,0.0,0.0,0.0,0.0,0.0,0.0,0.0,0.0,0.0,0.0,0.0,0.0,0.0,0.0
91,0.3333333333333333,0.0,0.4444444444444444,1.0000000000000009,0.5235602094240837,0.6717267552182165,0.9403846153846154,0.0,0.0,0.0,0.0,0.0,0.0,0.0,0.0,0.0,0.0,1.0,0.0,0.0,0.0,0.0,0.0,0.0,0.0,0.0,0.0,0.0,0.0,0.0,0.0
92,0.3333333333333333,0.5555555555555556,0.37037037037037024,0.4642857142857153,0.5235602094240837,0.5521821631878558,0.4038461538461538,0.0,0.25,0.0,0.0,0.0,1.0,0.0,0.0,0.0,0.0,0.0,0.0,0.0,0.0,0.0,0.0,0.0,0.0,0.0,0.0,0.0,0.0,1.0,0.0
93,1.0,0.2222222222222222,0.7037037037037035,0.5714285714285712,0.49912739965095976,0.6299810246679316,0.5903846153846155,0.42857142857142855,0.5,1.0,0.0,0.0,0.0,0.0,0.0,0.0,0.0,0.0,0.0,0.0,0.0,0.0,0.0,0.0,0.0,0.0,0.0,0.0,0.0,1.0,0.0
94,0.6666666666666666,0.6666666666666666,0.40740740740740733,0.8214285714285721,0.4834205933682374,0.3965844402277041,0.4365384615384615,0.14285714285714285,1.0,0.0,0.0,0.0,0.0,0.0,0.0,0.0,0.0,1.0,0.0,0.0,0.0,0.0,0.0,0.0,0.0,0.0,0.0,0.0,0.0,0.0,0.0
95,0.0,0.0,0.18518518518518512,0.35714285714285765,0.3891797556719021,0.42125237191650844,0.4153846153846154,0.0,0.0,0.0,0.0,0.0,0.0,0.0,0.0,0.0,0.0,0.0,0.0,0.0,0.0,0.0,0.0,0.0,0.0,0.0,0.0,0.0,0.0,0.0,0.0
96,0.6666666666666666,0.0,0.4814814814814814,0.75,0.8883071553228619,0.8956356736242883,0.29038461538461535,0.0,0.25,0.0,0.0,0.0,1.0,0.0,0.0,0.0,0.0,0.0,0.0,0.0,1.0,0.0,1.0,0.0,0.0,0.0,0.0,0.0,0.0,0.0,0.0
97,0.6666666666666666,0.0,0.40740740740740733,0.8214285714285721,0.738219895287958,0.7931688804554078,0.06538461538461537,0.0,0.0,1.0,0.0,0.0,1.0,0.0,0.0,1.0,0.0,1.0,1.0,1.0,1.0,1.0,1.0,0.0,0.0,0.0,0.0,0.0,1.0,0.0,0.0
98,0.6666666666666666,0.6666666666666666,0.2592592592592592,0.4642857142857153,0.4432809773123909,0.6717267552182165,0.5403846153846155,0.2857142857142857,0.75,0.0,0.0,1.0,0.0,0.0,0.0,0.0,0.0,0.0,0.0,0.0,0.0,0.0,0.0,0.0,0.0,0.0,0.0,0.0,1.0,0.0,0.0
99,0.6666666666666666,0.4444444444444444,0.40740740740740733,0.10714285714285765,0.09424083769633507,0.11954459203036061,0.5249999999999999,0.0,0.25,0.0,0.0,0.0,0.0,0.0,0.0,1.0,0.0,0.0,0.0,0.0,0.0,0.0,0.0,0.0,0.0,0.0,0.0,0.0,0.0,1.0,0.0
100,0.3333333333333333,0.8888888888888888,0.2222222222222221,0.2857142857142865,0.28446771378708546,0.3795066413662238,0.5076923076923077,0.0,0.25,0.0,0.0,0.0,1.0,0.0,1.0,0.0,0.0,0.0,0.0,0.0,0.0,0.0,0.0,0.0,0.0,0.0,0.0,0.0,0.0,1.0,0.0
101,0.3333333333333333,0.7777777777777777,0.11111111111111105,0.4642857142857153,0.4275741710296683,0.4573055028463,0.2615384615384615,0.14285714285714285,0.0,0.0,0.0,0.0,0.0,0.0,0.0,0.0,0.0,0.0,0.0,0.0,0.0,0.0,0.0,0.0,0.0,0.0,0.0,0.0,0.0,0.0,0.0
102,0.6666666666666666,0.6666666666666666,0.2592592592592592,0.17857142857142883,0.2774869109947643,0.3358633776091082,0.3269230769230768,0.0,0.25,0.0,1.0,0.0,0.0,0.0,0.0,1.0,0.0,0.0,0.0,0.0,0.0,0.0,0.0,0.0,0.0,0.0,0.0,0.0,1.0,0.0,1.0
103,0.0,0.0,0.18518518518518512,0.5714285714285712,0.268760907504363,0.49146110056925996,0.3269230769230768,0.0,0.0,0.0,0.0,0.0,0.0,0.0,0.0,0.0,0.0,0.0,0.0,0.0,0.0,0.0,0.0,0.0,0.0,0.0,0.0,0.0,0.0,0.0,0.0
104,0.3333333333333333,0.0,0.37037037037037024,0.6428571428571432,0.41186736474694574,0.3700189753320682,0.4038461538461538,0.0,0.25,0.0,0.0,0.0,0.0,0.0,0.0,0.0,0.0,0.0,0.0,0.0,0.0,0.0,0.0,0.0,0.0,0.0,0.0,0.0,0.0,0.0,0.0
105,0.6666666666666666,0.4444444444444444,0.2962962962962963,0.35714285714285765,0.6666666666666667,0.7590132827324478,0.3269230769230768,0.14285714285714285,0.25,0.0,0.0,0.0,1.0,0.0,0.0,0.0,0.0,0.0,0.0,1.0,0.0,0.0,0.0,0.0,0.0,0.0,0.0,0.0,0.0,1.0,0.0
106,0.3333333333333333,0.5555555555555556,0.2592592592592592,0.4642857142857153,0.6335078534031413,0.6717267552182165,0.3499999999999999,0.0,0.25,0.0,0.0,0.0,0.0,0.0,0.0,1.0,0.0,0.0,0.0,0.0,0.0,0.0,0.0,0.0,0.0,0.0,0.0,1.0,0.0,0.0,0.0
107,0.6666666666666666,0.6666666666666666,0.2592592592592592,0.75,0.1657940663176265,0.11954459203036061,0.3711538461538461,0.42857142857142855,0.75,0.0,0.0,0.0,1.0,0.0,0.0,0.0,0.0,0.0,1.0,0.0,0.0,0.0,0.0,0.0,0.0,0.0,0.0,0.0,1.0,0.0,0.0
108,0.3333333333333333,0.8888888888888888,0.6296296296296295,0.5714285714285712,0.24607329842931924,0.18026565464895627,0.27307692307692305,0.0,0.25,0.0,0.0,0.0,0.0,0.0,0.0,1.0,0.0,1.0,0.0,0.0,0.0,0.0,0.0,0.0,0.0,0.0,0.0,0.0,0.0,0.0,0.0
109,0.6666666666666666,0.6666666666666666,0.40740740740740733,0.35714285714285765,0.268760907504363,0.3358633776091082,0.3442307692307692,0.14285714285714285,0.5,0.0,0.0,0.0,1.0,0.0,0.0,0.0,0.0,0.0,0.0,0.0,0.0,0.0,0.0,1.0,0.0,0.0,0.0,0.0,0.0,0.0,0.0
110,0.3333333333333333,0.0,0.37037037037037024,0.5714285714285712,0.3560209424083769,0.28462998102466797,0.2615384615384615,0.0,0.25,0.0,0.0,0.0,0.0,0.0,0.0,0.0,0.0,0.0,0.0,0.0,0.0,0.0,0.0,0.0,0.0,0.0,0.0,0.0,0.0,0.0,0.0
111,0.0,0.1111111111111111,0.14814814814814814,0.35714285714285765,0.23734729493891782,0.46489563567362424,0.4365384615384615,0.0,0.0,0.0,0.0,0.0,0.0,0.0,0.0,0.0,0.0,0.0,0.0,0.0,0.0,0.0,0.0,0.0,0.0,0.0,0.0,0.0,0.0,0.0,0.0
112,0.3333333333333333,0.0,0.2222222222222221,0.4642857142857153,0.6666666666666667,0.586337760910816,0.3826923076923076,0.0,0.25,0.0,0.0,0.0,0.0,0.0,0.0,0.0,0.0,0.0,0.0,0.0,0.0,0.0,0.0,0.0,0.0,0.0,0.0,0.0,0.0,0.0,0.0
113,0.3333333333333333,0.0,0.2962962962962963,0.4642857142857153,0.3176265270506107,0.4573055028463,0.27307692307692305,0.0,0.25,0.0,0.0,0.0,0.0,0.0,0.0,0.0,0.0,0.0,0.0,0.0,0.0,0.0,0.0,0.0,0.0,0.0,0.0,0.0,0.0,0.0,0.0
114,0.6666666666666666,0.7777777777777777,0.18518518518518512,0.4642857142857153,0.2774869109947643,0.3965844402277041,0.4807692307692308,0.0,0.25,0.0,0.0,0.0,1.0,0.0,0.0,0.0,1.0,0.0,0.0,0.0,1.0,0.0,1.0,0.0,0.0,0.0,0.0,0.0,0.0,1.0,0.0
115,0.3333333333333333,0.4444444444444444,0.14814814814814814,0.6428571428571432,0.33333333333333326,0.43074003795066407,0.29423076923076913,0.14285714285714285,0.25,0.0,0.0,1.0,0.0,0.0,0.0,0.0,0.0,0.0,0.0,0.0,0.0,0.0,0.0,0.0,0.0,0.0,0.0,0.0,0.0,0.0,0.0
116,0.6666666666666666,0.8888888888888888,0.5555555555555556,0.10714285714285765,0.26178010471204183,0.36242884250474394,0.5576923076923077,0.14285714285714285,0.75,0.0,0.0,1.0,0.0,0.0,1.0,0.0,0.0,0.0,1.0,0.0,1.0,0.0,0.0,0.0,0.0,0.0,0.0,0.0,1.0,0.0,0.0
117,0.3333333333333333,0.0,0.40740740740740733,0.4642857142857153,0.33333333333333326,0.3529411764705883,0.5403846153846155,0.0,0.0,0.0,0.0,0.0,0.0,0.0,0.0,0.0,0.0,0.0,0.0,0.0,0.0,0.0,0.0,0.0,0.0,0.0,0.0,0.0,0.0,0.0,1.0
118,0.3333333333333333,0.0,0.33333333333333326,0.35714285714285765,0.3891797556719021,0.5161290322580645,0.4153846153846154,0.0,0.25,0.0,0.0,0.0,0.0,0.0,0.0,0.0,0.0,0.0,0.0,0.0,0.0,0.0,0.0,0.0,0.0,0.0,0.0,0.0,0.0,0.0,0.0
119,0.3333333333333333,0.6666666666666666,0.4814814814814814,0.4642857142857153,0.1500872600349039,0.2504743833017078,0.36538461538461536,0.14285714285714285,0.75,0.0,0.0,0.0,0.0,0.0,0.0,1.0,0.0,1.0,0.0,0.0,0.0,0.0,0.0,0.0,0.0,0.0,0.0,0.0,0.0,0.0,0.0
120,0.0,0.0,0.03703703703703698,0.5714285714285712,0.3891797556719021,0.3529411764705883,0.4038461538461538,0.0,0.0,0.0,0.0,0.0,0.0,0.0,0.0,0.0,0.0,0.0,0.0,0.0,0.0,0.0,0.0,0.0,0.0,0.0,0.0,0.0,0.0,0.0,0.0
121,0.3333333333333333,0.0,0.5185185185185184,0.5714285714285712,0.28446771378708546,0.3795066413662238,0.4807692307692308,0.0,0.25,0.0,0.0,0.0,0.0,0.0,0.0,0.0,0.0,0.0,0.0,0.0,0.0,0.0,0.0,0.0,0.0,0.0,0.0,0.0,0.0,0.0,0.0
122,1.0,0.6666666666666666,0.37037037037037024,0.35714285714285765,0.3647469458987782,0.42125237191650844,0.5403846153846155,0.14285714285714285,0.5,0.0,0.0,0.0,0.0,0.0,0.0,1.0,0.0,1.0,0.0,1.0,0.0,0.0,0.0,0.0,0.0,0.0,0.0,1.0,1.0,0.0,0.0
123,0.6666666666666666,0.3333333333333333,0.07407407407407396,0.17857142857142883,0.17452006980802792,0.27514231499051234,0.3269230769230768,0.0,0.0,0.0,0.0,1.0,0.0,0.0,0.0,1.0,0.0,0.0,0.0,1.0,0.0,0.0,0.0,0.0,1.0,1.0,1.0,0.0,0.0,0.0,0.0
124,0.3333333333333333,0.7777777777777777,0.2962962962962963,0.6428571428571432,0.6823734729493891,0.6812144212523719,0.4807692307692308,0.0,0.25,0.0,0.0,0.0,0.0,0.0,0.0,1.0,0.0,0.0,0.0,0.0,0.0,0.0,0.0,0.0,0.0,0.0,0.0,0.0,0.0,1.0,0.0
125,0.3333333333333333,0.0,0.40740740740740733,0.5714285714285712,0.6020942408376964,0.6204933586337762,0.3596153846153846,0.0,0.25,0.0,0.0,0.0,0.0,0.0,0.0,0.0,0.0,0.0,0.0,0.0,0.0,0.0,0.0,0.0,0.0,0.0,0.0,0.0,0.0,0.0,0.0
126,0.3333333333333333,0.0,0.18518518518518512,0.5714285714285712,0.3560209424083769,0.43074003795066407,0.3384615384615384,0.14285714285714285,0.25,0.0,0.0,0.0,0.0,0.0,1.0,0.0,0.0,0.0,0.0,0.0,0.0,0.0,0.0,0.0,0.0,0.0,0.0,0.0,0.0,0.0,0.0
127,0.6666666666666666,0.2222222222222222,0.37037037037037024,0.75,0.28446771378708546,0.46489563567362424,0.5076923076923077,0.0,0.25,0.0,0.0,0.0,1.0,0.0,0.0,1.0,0.0,0.0,0.0,1.0,1.0,0.0,1.0,0.0,0.0,0.0,0.0,0.0,0.0,0.0,0.0
128,0.3333333333333333,0.3333333333333333,0.33333333333333326,0.5714285714285712,0.41186736474694574,0.4990512333965844,0.3384615384615384,0.0,0.25,0.0,0.0,0.0,0.0,0.0,0.0,1.0,0.0,0.0,0.0,0.0,0.0,0.0,0.0,0.0,0.0,0.0,0.0,0.0,1.0,1.0,1.0
129,1.0,0.3333333333333333,0.7407407407407407,0.5714285714285712,0.5462478184991273,0.47438330170777987,0.4692307692307692,0.2857142857142857,0.5,0.0,0.0,0.0,0.0,0.0,0.0,0.0,1.0,0.0,0.0,0.0,0.0,1.0,0.0,0.0,0.0,0.0,0.0,0.0,0.0,0.0,0.0
130,0.0,0.0,0.4814814814814814,0.8214285714285721,0.6980802792321117,0.9734345351043643,0.3384615384615384,0.14285714285714285,0.0,0.0,0.0,0.0,0.0,0.0,0.0,0.0,0.0,0.0,0.0,0.0,0.0,0.0,0.0,0.0,0.0,0.0,0.0,0.0,0.0,0.0,0.0
131,1.0,0.4444444444444444,0.37037037037037024,0.5714285714285712,0.7207678883071553,0.8197343453510437,0.39807692307692305,0.0,0.25,0.0,0.0,0.0,0.0,0.0,0.0,0.0,0.0,0.0,0.0,0.0,0.0,0.0,0.0,0.0,0.0,0.0,0.0,0.0,0.0,0.0,1.0
132,0.3333333333333333,0.6666666666666666,0.2592592592592592,0.5714285714285712,0.3891797556719021,0.5768500948766604,0.2519230769230769,0.0,0.25,1.0,1.0,0.0,0.0,0.0,0.0,0.0,0.0,0.0,0.0,0.0,0.0,0.0,0.0,0.0,0.0,0.0,0.0,0.0,1.0,0.0,0.0
133,0.3333333333333333,0.7777777777777777,0.9999999999999998,0.10714285714285765,0.10994764397905754,0.024667931688804656,0.2288461538461538,0.7142857142857142,0.5,1.0,0.0,0.0,0.0,0.0,0.0,0.0,0.0,1.0,0.0,0.0,0.0,0.0,0.0,0.0,0.0,0.0,0.0,0.0,1.0,0.0,0.0
134,0.3333333333333333,0.8888888888888888,0.2222222222222221,0.4642857142857153,0.3891797556719021,0.49146110056925996,0.42115384615384616,0.0,0.25,0.0,0.0,0.0,0.0,0.0,0.0,0.0,0.0,0.0,0.0,0.0,0.0,0.0,0.0,0.0,0.0,0.0,0.0,0.0,0.0,1.0,0.0
135,0.6666666666666666,0.4444444444444444,0.18518518518518512,0.17857142857142883,0.3891797556719021,0.5256166982922201,0.4923076923076923,0.0,0.0,0.0,0.0,0.0,1.0,0.0,0.0,0.0,0.0,0.0,0.0,0.0,0.0,0.0,1.0,0.0,1.0,0.0,0.0,0.0,0.0,0.0,0.0
136,0.3333333333333333,0.0,0.33333333333333326,0.5714285714285712,0.3176265270506107,0.43074003795066407,0.3826923076923076,0.0,0.0,0.0,0.0,0.0,0.0,0.0,0.0,0.0,0.0,0.0,0.0,0.0,0.0,0.0,0.0,0.0,0.0,0.0,0.0,0.0,0.0,0.0,0.0
137,0.3333333333333333,0.5555555555555556,0.6666666666666665,0.6428571428571432,0.03141361256544495,0.14611005692599632,0.4596153846153846,0.0,0.25,1.0,0.0,0.0,0.0,0.0,0.0,0.0,0.0,0.0,1.0,0.0,0.0,1.0,0.0,0.0,0.0,0.0,1.0,0.0,1.0,0.0,0.0
138,0.3333333333333333,0.6666666666666666,0.6666666666666665,0.6428571428571432,0.4432809773123909,0.6717267552182165,0.5346153846153845,0.0,0.25,0.0,0.0,0.0,1.0,0.0,0.0,0.0,0.0,0.0,1.0,0.0,0.0,0.0,0.0,0.0,0.0,0.0,0.0,0.0,0.0,0.0,0.0
139,1.0,0.3333333333333333,0.5185185185185184,0.5714285714285712,0.34904013961605584,0.34535104364326386,0.3384615384615384,0.14285714285714285,0.75,1.0,0.0,0.0,0.0,0.0,0.0,0.0,0.0,0.0,0.0,0.0,0.0,0.0,0.0,0.0,0.0,0.0,0.0,0.0,0.0,0.0,0.0
140,0.6666666666666666,0.8888888888888888,0.4444444444444444,0.6428571428571432,0.33333333333333326,0.42125237191650844,0.4923076923076923,0.0,0.25,0.0,0.0,0.0,1.0,0.0,0.0,1.0,0.0,1.0,1.0,0.0,1.0,0.0,0.0,0.0,0.0,0.0,0.0,0.0,1.0,0.0,0.0
141,1.0,0.3333333333333333,0.18518518518518512,0.17857142857142883,0.10994764397905754,0.07779886148007586,0.16346153846153844,0.14285714285714285,0.75,0.0,0.0,0.0,0.0,0.0,0.0,0.0,0.0,1.0,0.0,0.0,1.0,0.0,1.0,0.0,1.0,0.0,0.0,1.0,1.0,1.0,1.0
142,0.6666666666666666,0.6666666666666666,0.11111111111111105,0.5714285714285712,0.1902268760907504,0.18026565464895627,0.4153846153846154,0.0,0.0,0.0,0.0,0.0,0.0,0.0,0.0,0.0,0.0,0.0,1.0,0.0,0.0,0.0,0.0,0.0,0.0,0.0,0.0,1.0,0.0,1.0,0.0
143,0.6666666666666666,0.7777777777777777,0.40740740740740733,0.35714285714285765,0.2530541012216404,0.3529411764705883,0.4634615384615384,0.0,0.25,0.0,0.0,0.0,1.0,0.0,0.0,1.0,0.0,1.0,0.0,0.0,0.0,0.0,1.0,0.0,0.0,0.0,0.0,0.0,0.0,0.0,0.0
144,0.3333333333333333,0.7777777777777777,0.2222222222222221,0.2857142857142865,0.24607329842931924,0.3358633776091082,0.4596153846153846,0.0,0.25,0.0,0.0,0.0,0.0,0.0,0.0,1.0,0.0,0.0,0.0,0.0,0.0,0.0,0.0,0.0,0.0,0.0,0.0,0.0,1.0,0.0,0.0
145,0.6666666666666666,0.4444444444444444,0.2222222222222221,0.17857142857142883,0.22164048865619534,0.3965844402277041,0.4923076923076923,0.0,0.25,0.0,0.0,0.0,0.0,0.0,0.0,1.0,0.0,0.0,0.0,0.0,1.0,0.0,1.0,0.0,0.0,0.0,0.0,0.0,1.0,0.0,0.0
146,0.3333333333333333,0.5555555555555556,0.2222222222222221,0.75,0.49912739965095976,0.7590132827324478,0.3499999999999999,0.0,0.25,0.0,0.0,0.0,0.0,0.0,1.0,1.0,0.0,0.0,1.0,1.0,1.0,0.0,1.0,0.0,0.0,0.0,0.0,0.0,0.0,0.0,0.0
147,0.3333333333333333,0.0,0.40740740740740733,0.6428571428571432,0.22164048865619534,0.43074003795066407,0.4692307692307692,0.0,0.5,0.0,0.0,0.0,0.0,0.0,0.0,0.0,0.0,0.0,0.0,0.0,0.0,0.0,0.0,0.0,0.0,0.0,0.0,0.0,0.0,0.0,0.0
148,0.3333333333333333,0.8888888888888888,0.2222222222222221,0.2857142857142865,0.26178010471204183,0.17267552182163182,0.2615384615384615,0.0,0.25,0.0,0.0,0.0,0.0,0.0,0.0,1.0,0.0,0.0,0.0,0.0,0.0,0.0,0.0,0.0,0.0,0.0,0.0,0.0,0.0,0.0,0.0
149,0.6666666666666666,0.7777777777777777,0.2592592592592592,0.0,0.10994764397905754,0.206831119544592,0.3442307692307692,0.0,0.25,0.0,0.0,0.0,1.0,0.0,0.0,0.0,0.0,0.0,0.0,0.0,1.0,0.0,1.0,0.0,0.0,0.0,0.0,1.0,0.0,0.0,0.0
150,1.0,0.7777777777777777,0.8888888888888888,0.10714285714285765,0.22164048865619534,0.48197343453510433,0.37692307692307686,0.5714285714285714,0.5,0.0,0.0,0.0,0.0,0.0,1.0,0.0,0.0,0.0,0.0,0.0,0.0,0.0,0.0,0.0,0.0,0.0,0.0,0.0,1.0,0.0,0.0
151,0.6666666666666666,0.6666666666666666,0.4444444444444444,0.5714285714285712,0.3891797556719021,0.4573055028463,0.40961538461538455,0.0,0.25,0.0,0.0,0.0,0.0,0.0,1.0,0.0,0.0,0.0,0.0,0.0,0.0,0.0,0.0,0.0,0.0,1.0,0.0,1.0,1.0,0.0,0.0
152,0.3333333333333333,0.0,0.33333333333333326,0.35714285714285765,0.3804537521815008,0.48197343453510433,0.4365384615384615,0.0,0.25,0.0,0.0,0.0,0.0,0.0,0.0,0.0,0.0,0.0,0.0,0.0,0.0,0.0,0.0,0.0,0.0,0.0,0.0,0.0,0.0,0.0,0.0
153,0.3333333333333333,0.4444444444444444,0.33333333333333326,0.5714285714285712,0.4589877835951133,0.5256166982922201,0.3442307692307692,0.0,0.25,1.0,0.0,0.0,0.0,0.0,0.0,0.0,0.0,0.0,0.0,0.0,0.0,0.0,0.0,0.0,0.0,0.0,0.0,0.0,0.0,1.0,0.0
154,0.3333333333333333,0.7777777777777777,0.14814814814814814,0.2857142857142865,0.2530541012216404,0.19734345351043658,0.29423076923076913,0.0,0.25,0.0,0.0,0.0,1.0,0.0,0.0,0.0,0.0,0.0,0.0,0.0,0.0,0.0,0.0,0.0,0.0,0.0,0.0,0.0,0.0,0.0,1.0
155,0.3333333333333333,0.0,0.2592592592592592,0.4642857142857153,0.5078534031413611,0.4990512333965844,0.1865384615384615,0.0,0.0,0.0,0.0,0.0,0.0,0.0,0.0,0.0,0.0,0.0,0.0,0.0,0.0,0.0,0.0,0.0,0.0,0.0,0.0,0.0,0.0,0.0,0.0
156,1.0,0.8888888888888888,0.4444444444444444,0.2857142857142865,0.3891797556719021,0.49146110056925996,0.5576923076923077,0.0,0.25,0.0,0.0,1.0,0.0,0.0,0.0,0.0,0.0,0.0,1.0,0.0,0.0,0.0,0.0,0.0,0.0,0.0,0.0,0.0,0.0,0.0,0.0
157,1.0,0.2222222222222222,0.7407407407407407,0.9285714285714288,0.5951134380453751,0.7931688804554078,1.0,0.42857142857142855,0.75,1.0,0.0,0.0,1.0,0.0,0.0,0.0,0.0,0.0,0.0,1.0,0.0,0.0,0.0,0.0,0.0,0.0,0.0,0.0,0.0,1.0,0.0
158,0.0,0.0,0.33333333333333326,0.6428571428571432,0.7923211169284465,0.7495256166982922,0.4923076923076923,0.0,0.0,0.0,0.0,0.0,0.0,0.0,0.0,0.0,0.0,0.0,0.0,0.0,0.0,0.0,0.0,0.0,0.0,0.0,0.0,0.0,0.0,0.0,0.0
159,0.3333333333333333,0.0,0.7407407407407407,0.2857142857142865,0.24607329842931924,0.22390891840607208,0.4923076923076923,0.0,0.25,0.0,0.0,0.0,0.0,0.0,0.0,1.0,0.0,0.0,1.0,0.0,0.0,0.0,0.0,0.0,0.0,0.0,0.0,0.0,0.0,0.0,0.0
160,0.3333333333333333,0.0,0.2222222222222221,0.17857142857142883,0.3647469458987782,0.3795066413662238,0.3596153846153846,0.0,0.25,0.0,0.0,0.0,0.0,0.0,0.0,0.0,0.0,0.0,0.0,0.0,0.0,0.0,0.0,0.0,0.0,0.0,0.0,0.0,0.0,0.0,0.0
161,1.0,0.7777777777777777,0.2222222222222221,0.75,0.2774869109947643,0.5161290322580645,0.5076923076923077,0.14285714285714285,0.5,0.0,0.0,0.0,0.0,0.0,0.0,1.0,0.0,1.0,1.0,1.0,1.0,0.0,1.0,0.0,0.0,0.0,0.0,0.0,1.0,0.0,0.0
162,1.0,1.0,0.8518518518518519,0.17857142857142883,0.09424083769633507,0.25806451612903225,0.4153846153846154,0.14285714285714285,1.0,1.0,0.0,0.0,0.0,0.0,0.0,0.0,0.0,0.0,0.0,0.0,0.0,0.0,0.0,0.0,0.0,0.0,0.0,0.0,0.0,0.0,0.0
163,0.3333333333333333,0.0,0.6296296296296295,0.9285714285714288,0.28446771378708546,0.2922201138519924,0.4480769230769231,0.14285714285714285,0.75,0.0,0.0,0.0,1.0,0.0,0.0,1.0,0.0,1.0,0.0,0.0,0.0,0.0,0.0,0.0,0.0,0.0,0.0,0.0,1.0,0.0,0.0
164,1.0,0.8888888888888888,0.0,0.2857142857142865,0.17452006980802792,0.17267552182163182,0.3115384615384616,0.0,0.25,1.0,0.0,0.0,0.0,0.0,1.0,0.0,0.0,1.0,0.0,0.0,0.0,0.0,0.0,0.0,0.0,0.0,0.0,0.0,0.0,0.0,0.0
165,0.6666666666666666,0.6666666666666666,0.2962962962962963,0.35714285714285765,0.3891797556719021,1.0,0.4807692307692308,0.0,0.25,0.0,0.0,0.0,1.0,0.0,0.0,0.0,0.0,1.0,0.0,0.0,0.0,0.0,0.0,0.0,0.0,0.0,0.0,0.0,0.0,0.0,0.0
166,0.6666666666666666,0.7777777777777777,0.14814814814814814,0.10714285714285765,0.19720767888307145,0.3092979127134725,0.4365384615384615,0.0,0.0,0.0,0.0,0.0,1.0,0.0,1.0,0.0,0.0,0.0,0.0,0.0,0.0,0.0,0.0,0.0,0.0,0.0,0.0,0.0,1.0,1.0,0.0
167,0.6666666666666666,0.8888888888888888,0.37037037037037024,0.4642857142857153,0.3717277486910995,0.47438330170777987,0.31730769230769224,0.14285714285714285,0.75,0.0,0.0,0.0,0.0,0.0,1.0,0.0,0.0,1.0,0.0,1.0,0.0,0.0,0.0,0.0,0.0,0.0,0.0,0.0,0.0,0.0,0.0
168,0.6666666666666666,0.5555555555555556,0.2592592592592592,0.10714285714285765,0.268760907504363,0.30170777988614805,0.4365384615384615,0.0,0.25,0.0,0.0,0.0,1.0,1.0,0.0,0.0,0.0,0.0,0.0,0.0,0.0,0.0,0.0,0.0,0.0,0.0,0.0,0.0,0.0,1.0,0.0
169,0.0,0.0,0.14814814814814814,0.2857142857142865,0.33333333333333326,0.3358633776091082,0.3826923076923076,0.14285714285714285,0.5,0.0,0.0,0.0,0.0,0.0,0.0,0.0,0.0,0.0,0.0,0.0,0.0,0.0,0.0,0.0,0.0,0.0,0.0,0.0,0.0,0.0,0.0
170,0.3333333333333333,0.0,0.2962962962962963,0.75,0.33333333333333326,0.2675521821631879,0.4807692307692308,0.0,0.25,0.0,0.0,0.0,0.0,0.0,0.0,0.0,0.0,0.0,0.0,0.0,0.0,0.0,0.0,0.0,0.0,0.0,0.0,0.0,0.0,0.0,0.0
171,1.0,0.0,0.7777777777777777,0.5714285714285712,0.2774869109947643,0.24098671726755216,0.3384615384615384,0.0,0.25,0.0,1.0,0.0,0.0,0.0,0.0,0.0,0.0,1.0,0.0,0.0,0.0,0.0,0.0,0.0,0.0,0.0,0.0,0.0,1.0,0.0,1.0
172,0.0,0.0,0.2222222222222221,0.2857142857142865,0.22164048865619534,0.3092979127134725,0.3711538461538461,0.0,0.25,0.0,0.0,0.0,0.0,0.0,0.0,0.0,0.0,0.0,0.0,0.0,0.0,0.0,0.0,0.0,0.0,0.0,0.0,0.0,0.0,0.0,0.0
173,0.0,0.0,0.5555555555555556,0.17857142857142883,0.0,0.017077798861480198,0.2846153846153846,0.0,0.25,0.0,0.0,0.0,0.0,0.0,0.0,0.0,0.0,0.0,0.0,0.0,0.0,0.0,0.0,0.0,0.0,0.0,0.0,0.0,0.0,0.0,0.0
174,0.0,0.0,0.9999999999999998,0.8214285714285721,0.2931937172774868,0.34535104364326386,0.42115384615384616,0.5714285714285714,0.5,0.0,0.0,0.0,0.0,0.0,0.0,0.0,0.0,0.0,0.0,0.0,0.0,0.0,0.0,0.0,0.0,0.0,0.0,0.0,0.0,0.0,0.0
175,0.3333333333333333,0.0,0.7037037037037035,0.5714285714285712,0.22164048865619534,0.2504743833017078,0.3557692307692308,0.0,0.25,0.0,0.0,0.0,0.0,1.0,0.0,0.0,0.0,0.0,0.0,0.0,0.0,0.0,0.0,0.0,0.0,0.0,0.0,0.0,0.0,1.0,0.0
176,1.0,0.3333333333333333,0.40740740740740733,0.5714285714285712,0.49912739965095976,0.698292220113852,0.38846153846153847,0.14285714285714285,0.75,0.0,0.0,0.0,1.0,0.0,0.0,0.0,0.0,0.0,1.0,0.0,0.0,0.0,0.0,0.0,0.0,0.0,0.0,0.0,1.0,1.0,0.0
177,0.3333333333333333,0.7777777777777777,0.11111111111111105,0.10714285714285765,0.2774869109947643,0.2504743833017078,0.4692307692307692,0.0,0.0,0.0,0.0,0.0,0.0,1.0,0.0,0.0,0.0,0.0,0.0,0.0,0.0,0.0,0.0,0.0,0.0,0.0,0.0,0.0,0.0,1.0,0.0
178,1.0,0.6666666666666666,0.8888888888888888,0.17857142857142883,0.7766143106457242,0.698292220113852,0.4365384615384615,0.14285714285714285,0.5,1.0,0.0,0.0,0.0,0.0,0.0,0.0,0.0,0.0,0.0,0.0,0.0,0.0,0.0,0.0,0.0,0.0,0.0,0.0,0.0,0.0,0.0
179,0.3333333333333333,0.0,0.37037037037037024,0.17857142857142883,0.24607329842931924,0.3700189753320682,0.4153846153846154,0.14285714285714285,0.5,0.0,0.0,0.0,0.0,0.0,0.0,0.0,0.0,0.0,0.0,0.0,0.0,1.0,0.0,0.0,0.0,0.0,0.0,1.0,0.0,0.0,0.0
