,STG,SCG,STR,LPR,PEG
0,0.0,0.0,0.0,0.0,0.0
1,0.08080808080808081,0.08888888888888889,0.10526315789473684,0.24242424242424243,0.9677419354838709
2,0.06060606060606061,0.06666666666666667,0.05263157894736842,0.25252525252525254,0.3548387096774194
3,0.10101010101010102,0.11111111111111112,0.15789473684210525,0.6565656565656567,0.3225806451612903
4,0.08080808080808081,0.08888888888888889,0.08421052631578947,0.98989898989899,0.25806451612903225
5,0.09090909090909091,0.16666666666666666,0.42105263157894735,0.10101010101010102,0.7096774193548387
6,0.10101010101010102,0.11111111111111112,0.4526315789473684,0.29292929292929293,0.6021505376344086
7,0.15151515151515152,0.022222222222222223,0.35789473684210527,0.4040404040404041,0.01075268817204301
8,0.20202020202020204,0.15555555555555559,0.3684210526315789,0.7272727272727273,0.26881720430107525
9,0.0,0.0,0.5263157894736842,0.20202020202020204,0.9139784946236559
10,0.18181818181818182,0.2,0.5789473684210527,0.30303030303030304,0.8709677419354839
11,0.06060606060606061,0.06666666666666667,0.5368421052631579,0.41414141414141414,0.3225806451612903
12,0.10101010101010102,0.11111111111111112,0.5473684210526316,0.787878787878788,0.3655913978494624
13,0.10101010101010102,0.11111111111111112,0.7368421052631579,0.15151515151515152,0.9677419354838709
14,0.20202020202020204,0.22222222222222224,0.7368421052631579,0.30303030303030304,0.6451612903225806
15,0.12121212121212122,0.13333333333333333,0.7894736842105263,0.35353535353535354,0.8602150537634409
16,0.05050505050505051,0.07777777777777779,0.7368421052631579,0.010101010101010102,0.053763440860215055
17,0.10101010101010102,0.2777777777777778,0.10526315789473684,0.08080808080808081,0.3548387096774194
18,0.15151515151515152,0.35555555555555557,0.05263157894736842,0.27272727272727276,0.31182795698924726
19,0.20202020202020204,0.3222222222222222,0.2631578947368421,0.494949494949495,0.6021505376344086
20,0.12121212121212122,0.31111111111111117,0.21052631578947367,0.787878787878788,0.21505376344086022
21,0.18181818181818182,0.3333333333333333,0.3894736842105263,0.12121212121212122,0.7096774193548387
22,0.10101010101010102,0.30000000000000004,0.32631578947368417,0.29292929292929293,0.6989247311827956
23,0.18181818181818182,0.34444444444444444,0.3368421052631579,0.42424242424242425,0.3010752688172043
24,0.06060606060606061,0.3222222222222222,0.3684210526315789,0.7676767676767677,0.26881720430107525
25,0.09090909090909091,0.3333333333333333,0.7157894736842105,0.18181818181818182,0.9139784946236559
26,0.04040404040404041,0.31111111111111117,0.5789473684210527,0.25252525252525254,0.10752688172043011
27,0.09090909090909091,0.2833333333333333,0.631578947368421,0.4545454545454546,0.26881720430107525
28,0.08080808080808081,0.36111111111111116,0.6526315789473683,0.9494949494949495,0.6021505376344086
29,0.15151515151515152,0.3055555555555556,0.8421052631578947,0.21212121212121213,0.8709677419354839
30,0.12121212121212122,0.27222222222222225,0.7894736842105263,0.31313131313131315,0.6344086021505375
31,0.15151515151515152,0.3277777777777778,0.7894736842105263,0.6565656565656567,0.25806451612903225
32,0.10101010101010102,0.28444444444444444,0.7368421052631579,0.7676767676767677,0.17204301075268816
33,0.18181818181818182,0.35555555555555557,0.042105263157894736,0.19191919191919193,0.8817204301075268
34,0.20202020202020204,0.5,0.2947368421052632,0.31313131313131315,0.8387096774193548
35,0.06060606060606061,0.3888888888888889,0.1263157894736842,0.43434343434343436,0.31182795698924726
36,0.10101010101010102,0.4666666666666667,0.23157894736842105,0.7272727272727273,0.27956989247311825
37,0.18181818181818182,0.4444444444444445,0.3368421052631579,0.08080808080808081,0.3548387096774194
38,0.09090909090909091,0.3666666666666667,0.32631578947368417,0.26262626262626265,0.0
39,0.19191919191919193,0.4222222222222222,0.39999999999999997,0.494949494949495,0.48387096774193544
40,0.020202020202020204,0.3666666666666667,0.3789473684210526,0.7676767676767677,0.10752688172043011
41,0.20202020202020204,0.5444444444444445,0.631578947368421,0.20202020202020204,0.8387096774193548
42,0.14141414141414144,0.5444444444444445,0.5789473684210527,0.29292929292929293,0.6451612903225806
43,0.18181818181818182,0.3666666666666667,0.6421052631578947,0.6464646464646465,0.26881720430107525
44,0.11616161616161617,0.3888888888888889,0.6842105263157895,0.27272727272727276,0.04301075268817204
45,0.17171717171717174,0.4,0.8421052631578947,0.14141414141414144,0.7096774193548387
46,0.10101010101010102,0.43333333333333335,0.7894736842105263,0.31313131313131315,0.6666666666666666
47,0.13131313131313133,0.43333333333333335,0.894736842105263,0.38383838383838387,0.8279569892473118
48,0.18181818181818182,0.3777777777777778,0.7473684210526315,0.7171717171717171,0.9677419354838709
49,0.09090909090909091,0.5666666666666667,0.021052631578947368,0.18181818181818182,0.7204301075268817
50,0.06060606060606061,0.5555555555555556,0.09473684210526315,0.2828282828282829,0.26881720430107525
51,0.23232323232323235,0.7777777777777778,0.19999999999999998,0.5151515151515152,0.48387096774193544
52,0.09090909090909091,0.6111111111111112,0.1263157894736842,0.787878787878788,0.053763440860215055
53,0.24242424242424243,0.8333333333333334,0.3368421052631579,0.18181818181818182,0.9247311827956989
54,0.18181818181818182,0.8,0.3894736842105263,0.29292929292929293,0.5913978494623656
55,0.10101010101010102,0.6666666666666666,0.34736842105263155,0.42424242424242425,0.27956989247311825
56,0.20202020202020204,0.5777777777777778,0.3789473684210526,0.8484848484848485,0.26881720430107525
57,0.09090909090909091,0.6666666666666666,0.6947368421052631,0.19191919191919193,0.6344086021505375
58,0.18181818181818182,0.5666666666666667,0.6105263157894736,0.33333333333333337,0.8817204301075268
59,0.08080808080808081,0.6444444444444444,0.631578947368421,0.6464646464646465,0.10752688172043011
60,0.09090909090909091,0.6777777777777778,0.5578947368421052,0.7575757575757576,0.01075268817204301
61,0.06060606060606061,0.8555555555555556,0.7578947368421052,0.19191919191919193,0.6021505376344086
62,0.15151515151515152,0.8777777777777779,0.8210526315789474,0.30303030303030304,0.5483870967741935
63,0.20202020202020204,0.7555555555555556,0.7684210526315789,0.48484848484848486,0.3010752688172043
64,0.24242424242424243,0.6444444444444444,0.7999999999999999,0.8080808080808082,0.3010752688172043
65,0.25252525252525254,0.11111111111111112,0.03157894736842105,0.09090909090909091,0.16129032258064516
66,0.32323232323232326,0.22222222222222224,0.0631578947368421,0.26262626262626265,0.25806451612903225
67,0.29292929292929293,0.06666666666666667,0.19999999999999998,0.5555555555555557,0.5483870967741935
68,0.2828282828282829,0.11111111111111112,0.1263157894736842,0.2828282828282829,0.3440860215053763
69,0.30303030303030304,0.08888888888888889,0.42105263157894735,0.020202020202020204,0.7204301075268817
70,0.27272727272727276,0.13333333333333333,0.3894736842105263,0.29292929292929293,0.6236559139784945
71,0.31313131313131315,0.11111111111111112,0.431578947368421,0.42424242424242425,0.8064516129032258
72,0.29292929292929293,0.16666666666666666,0.34736842105263155,0.6666666666666667,0.08602150537634408
73,0.30303030303030304,0.22222222222222224,0.5473684210526316,0.30303030303030304,0.5698924731182795
74,0.2828282828282829,0.17777777777777778,0.7263157894736841,0.33333333333333337,0.8387096774193548
75,0.2575757575757576,0.2,0.5263157894736842,0.4040404040404041,0.10752688172043011
76,0.26767676767676774,0.06666666666666667,0.5999999999999999,0.7575757575757576,0.10752688172043011
77,0.27777777777777785,0.11111111111111112,0.7578947368421052,0.10101010101010102,0.3225806451612903
78,0.2474747474747475,0.11111111111111112,0.7473684210526315,0.26262626262626265,0.21505376344086022
79,0.29797979797979796,0.22222222222222224,0.9052631578947368,0.4444444444444445,0.3010752688172043
80,0.32323232323232326,0.13333333333333333,0.8315789473684211,0.7676767676767677,0.25806451612903225
81,0.29797979797979796,0.2777777777777778,0.2736842105263158,0.12121212121212122,0.7204301075268817
82,0.31818181818181823,0.35555555555555557,0.3052631578947368,0.29292929292929293,0.6666666666666666
83,0.25252525252525254,0.3222222222222222,0.15789473684210525,0.48484848484848486,0.27956989247311825
84,0.27272727272727276,0.11111111111111112,0.10526315789473684,0.7070707070707071,0.26881720430107525
85,0.2505050505050505,0.3333333333333333,0.32631578947368417,0.20202020202020204,0.03225806451612903
86,0.32828282828282834,0.2777777777777778,0.39999999999999997,0.31313131313131315,0.8494623655913979
87,0.27272727272727276,0.34444444444444444,0.3368421052631579,0.41414141414141414,0.3010752688172043
88,0.29292929292929293,0.3222222222222222,0.42105263157894735,0.787878787878788,0.1935483870967742
89,0.29292929292929293,0.3333333333333333,0.5473684210526316,0.09090909090909091,0.7204301075268817
90,0.2606060606060606,0.31111111111111117,0.6736842105263158,0.29292929292929293,0.6021505376344086
91,0.32323232323232326,0.2833333333333333,0.5789473684210527,0.787878787878788,0.3655913978494624
92,0.25353535353535356,0.29444444444444445,0.5999999999999999,0.6060606060606061,0.0967741935483871
93,0.2909090909090909,0.34444444444444444,0.8315789473684211,0.23232323232323235,0.25806451612903225
94,0.3262626262626263,0.35555555555555557,0.9368421052631578,0.32323232323232326,0.8602150537634409
95,0.2575757575757576,0.3388888888888889,0.9052631578947368,0.6262626262626263,0.16129032258064516
96,0.29797979797979796,0.2777777777777778,0.7684210526315789,0.7777777777777779,0.2043010752688172
97,0.2606060606060606,0.2777777777777778,0.31052631578947365,0.33333333333333337,0.8279569892473118
98,0.29292929292929293,0.2777777777777778,0.3052631578947368,0.29292929292929293,0.6129032258064515
99,0.24545454545454545,0.30000000000000004,0.08421052631578947,0.42424242424242425,0.31182795698924726
100,0.27272727272727276,0.31111111111111117,0.1894736842105263,0.48484848484848486,0.27956989247311825
101,0.302020202020202,0.35555555555555557,0.32631578947368417,0.33333333333333337,0.9354838709677419
102,0.30303030303030304,0.30000000000000004,0.32631578947368417,0.31313131313131315,0.5806451612903226
103,0.2474747474747475,0.2888888888888889,0.39999999999999997,0.494949494949495,0.2903225806451613
104,0.29797979797979796,0.3222222222222222,0.32631578947368417,0.7676767676767677,0.10752688172043011
105,0.29292929292929293,0.3333333333333333,0.5894736842105264,0.25252525252525254,0.7204301075268817
106,0.26262626262626265,0.31111111111111117,0.631578947368421,0.29292929292929293,0.6344086021505375
107,0.30808080808080807,0.2833333333333333,0.6631578947368421,0.4040404040404041,0.5806451612903226
108,0.32323232323232326,0.30000000000000004,0.5473684210526316,0.8181818181818183,0.3225806451612903
109,0.302020202020202,0.3277777777777778,0.8421052631578947,0.37373737373737376,0.9032258064516128
110,0.2787878787878788,0.2833333333333333,0.8526315789473684,0.27272727272727276,0.3548387096774194
111,0.2606060606060606,0.34444444444444444,0.9263157894736842,0.4040404040404041,0.3225806451612903
112,0.32323232323232326,0.31111111111111117,0.7578947368421052,0.8989898989898991,0.6236559139784945
113,0.33232323232323235,0.6111111111111112,0.021052631578947368,0.4040404040404041,0.8494623655913979
114,0.29797979797979796,0.6555555555555556,0.3052631578947368,0.31313131313131315,0.5913978494623656
115,0.28787878787878785,0.7111111111111111,0.1894736842105263,0.6161616161616161,0.48387096774193544
116,0.26767676767676774,0.6666666666666666,0.2947368421052632,0.6666666666666667,0.07526881720430108
117,0.31818181818181823,0.7666666666666666,0.2947368421052632,0.8080808080808082,0.7526881720430106
118,0.2828282828282829,0.8666666666666667,0.4631578947368421,0.17171717171717174,0.7096774193548387
119,0.32828282828282834,0.6777777777777778,0.4842105263157895,0.32323232323232326,0.8709677419354839
120,0.2828282828282829,0.7222222222222223,0.42105263157894735,0.6565656565656567,0.13978494623655913
121,0.2575757575757576,0.8333333333333334,0.3684210526315789,0.7272727272727273,0.26881720430107525
122,0.30808080808080807,0.6111111111111112,0.5263157894736842,0.11111111111111112,0.35806451612903223
123,0.30303030303030304,0.9444444444444444,0.5684210526315789,0.25252525252525254,0.8924731182795698
124,0.32828282828282834,1.0,0.5473684210526316,0.494949494949495,0.8172043010752688
125,0.3151515151515152,0.888888888888889,0.7052631578947368,0.9292929292929294,0.5376344086021505
126,0.302020202020202,0.7777777777777778,0.9999999999999999,0.22222222222222224,0.7096774193548387
127,0.26767676767676774,0.8444444444444444,0.8421052631578947,0.2828282828282829,0.3010752688172043
128,0.2575757575757576,0.8,0.7578947368421052,0.6363636363636365,0.15053763440860216
129,0.29797979797979796,0.6666666666666666,0.7578947368421052,0.888888888888889,0.3010752688172043
130,0.393939393939394,0.05555555555555556,0.021052631578947368,0.06060606060606061,0.3655913978494624
131,0.4040404040404041,0.2,0.2736842105263158,0.26262626262626265,0.7204301075268817
132,0.4545454545454546,0.044444444444444446,0.1894736842105263,0.5555555555555557,0.07526881720430108
133,0.48484848484848486,0.13333333333333333,0.2947368421052632,0.7070707070707071,0.7634408602150536
134,0.4040404040404041,0.13333333333333333,0.431578947368421,0.10101010101010102,0.6989247311827956
135,0.41414141414141414,0.2,0.34736842105263155,0.31313131313131315,0.5376344086021505
136,0.38383838383838387,0.11111111111111112,0.42105263157894735,0.48484848484848486,0.27956989247311825
137,0.37373737373737376,0.06666666666666667,0.3368421052631579,0.787878787878788,0.10752688172043011
138,0.41414141414141414,0.1,0.6105263157894736,0.18181818181818182,0.6236559139784945
139,0.38383838383838387,0.011111111111111112,0.5578947368421052,0.27272727272727276,0.3225806451612903
140,0.33333333333333337,0.044444444444444446,0.5263157894736842,0.5555555555555557,0.10752688172043011
141,0.42424242424242425,0.16666666666666666,0.6947368421052631,0.787878787878788,0.43010752688172044
142,0.4444444444444445,0.08888888888888889,0.8421052631578947,0.22222222222222224,0.6021505376344086
143,0.393939393939394,0.16666666666666666,0.8526315789473684,0.22222222222222224,0.31182795698924726
144,0.42424242424242425,0.23333333333333334,0.9157894736842105,0.5656565656565657,0.5161290322580645
145,0.4646464646464647,0.22222222222222224,0.7999999999999999,0.9595959595959596,0.6989247311827956
146,0.3686868686868687,0.27,0.19999999999999998,0.24242424242424243,0.3763440860215053
147,0.33333333333333337,0.30000000000000004,0.21052631578947367,0.33333333333333337,0.10752688172043011
148,0.34848484848484845,0.3322222222222222,0.10526315789473684,0.6464646464646465,0.13978494623655913
149,0.48484848484848486,0.3333333333333333,0.15789473684210525,0.6565656565656567,0.8279569892473118
150,0.494949494949495,0.27222222222222225,0.39999999999999997,0.14141414141414144,0.9247311827956989
151,0.33737373737373744,0.3277777777777778,0.34736842105263155,0.32323232323232326,0.3225806451612903
152,0.36363636363636365,0.3222222222222222,0.3894736842105263,0.48484848484848486,0.13978494623655913
153,0.393939393939394,0.2888888888888889,0.4105263157894737,0.7777777777777779,0.15053763440860216
154,0.43434343434343436,0.3388888888888889,0.5368421052631579,0.09090909090909091,0.6881720430107526
155,0.4444444444444445,0.35555555555555557,0.5789473684210527,0.33333333333333337,0.5591397849462365
156,0.4545454545454546,0.3322222222222222,0.6631578947368421,0.36363636363636365,0.5483870967741935
157,0.5,0.3066666666666667,0.6105263157894736,0.7777777777777779,0.8924731182795698
158,0.4696969696969698,0.2866666666666667,0.7684210526315789,0.18181818181818182,0.6344086021505375
159,0.4797979797979798,0.35555555555555557,0.8315789473684211,0.31313131313131315,0.5806451612903226
160,0.3515151515151515,0.3655555555555556,0.8736842105263157,0.6161616161616161,0.1935483870967742
161,0.38888888888888895,0.2888888888888889,0.7999999999999999,0.8484848484848485,0.3225806451612903
162,0.44949494949494956,0.43333333333333335,0.021052631578947368,0.24242424242424243,0.9462365591397849
163,0.43434343434343436,0.5,0.28421052631578947,0.27272727272727276,0.9569892473118279
164,0.33333333333333337,0.3777777777777778,0.10526315789473684,0.494949494949495,0.12903225806451613
165,0.4040404040404041,0.3666666666666667,0.1263157894736842,0.30303030303030304,0.9677419354838709
166,0.3434343434343435,0.4444444444444445,0.39999999999999997,0.20202020202020204,0.6559139784946236
167,0.38383838383838387,0.4,0.4842105263157895,0.494949494949495,0.8387096774193548
168,0.35353535353535354,0.4222222222222222,0.3368421052631579,0.6060606060606061,0.17204301075268816
169,0.41414141414141414,0.5444444444444445,0.35789473684210527,0.21212121212121213,0.989247311827957
170,0.42424242424242425,0.4,0.6631578947368421,0.04040404040404041,0.26881720430107525
171,0.43434343434343436,0.4222222222222222,0.6526315789473683,0.33333333333333337,0.5268817204301075
172,0.4444444444444445,0.3666666666666667,0.6210526315789473,0.5353535353535355,0.9139784946236559
173,0.4040404040404041,0.4666666666666667,0.6105263157894736,0.7575757575757576,0.17204301075268816
174,0.4646464646464647,0.48888888888888893,0.9368421052631578,0.12121212121212122,0.7096774193548387
175,0.38383838383838387,0.43333333333333335,0.8315789473684211,0.33333333333333337,0.3225806451612903
176,0.393939393939394,0.4666666666666667,0.8736842105263157,0.6565656565656567,0.2043010752688172
177,0.494949494949495,0.3777777777777778,0.9263157894736842,0.7575757575757576,0.7634408602150536
178,0.4646464646464647,0.7111111111111111,0.23157894736842105,0.22222222222222224,0.6451612903225806
179,0.4444444444444445,0.6111111111111112,0.11578947368421053,0.26262626262626265,0.8924731182795698
180,0.3686868686868687,0.7555555555555556,0.10526315789473684,0.6363636363636365,0.1935483870967742
181,0.4545454545454546,0.7222222222222223,0.19999999999999998,1.0,0.5913978494623656
182,0.4646464646464647,0.8666666666666667,0.39999999999999997,0.24242424242424243,0.9569892473118279
183,0.37373737373737376,0.6111111111111112,0.431578947368421,0.29292929292929293,0.3225806451612903
184,0.38383838383838387,0.6555555555555556,0.32631578947368417,0.6262626262626263,0.21505376344086022
185,0.494949494949495,0.7111111111111111,0.35789473684210527,0.787878787878788,0.2258064516129032
186,0.5,0.9111111111111111,0.7052631578947368,0.010101010101010102,1.0
187,0.4444444444444445,0.7666666666666666,0.6421052631578947,0.29292929292929293,0.6129032258064515
188,0.3686868686868687,0.6333333333333333,0.6210526315789473,0.5555555555555557,0.26881720430107525
189,0.494949494949495,1.0,0.5473684210526316,0.9090909090909092,0.5053763440860215
190,0.44949494949494956,0.7777777777777778,0.863157894736842,0.16161616161616163,0.6881720430107526
191,0.42424242424242425,0.7777777777777778,0.7578947368421052,0.30303030303030304,0.8602150537634409
192,0.37373737373737376,0.6666666666666666,0.8105263157894737,0.4040404040404041,0.5376344086021505
193,0.4040404040404041,0.6777777777777778,0.7473684210526315,0.888888888888889,0.7204301075268817
194,0.6060606060606061,0.15555555555555559,0.23157894736842105,0.11111111111111112,0.7096774193548387
195,0.5555555555555557,0.11111111111111112,0.28421052631578947,0.25252525252525254,0.31182795698924726
196,0.686868686868687,0.2111111111111111,0.19999999999999998,0.48484848484848486,0.10752688172043011
197,0.7373737373737373,0.22222222222222224,0.0736842105263158,0.7272727272727273,0.27956989247311825
198,0.787878787878788,0.16666666666666666,0.39999999999999997,0.18181818181818182,0.6774193548387096
199,0.5555555555555557,0.11111111111111112,0.35789473684210527,0.30303030303030304,0.10752688172043011
200,0.5959595959595959,0.2,0.32631578947368417,0.5555555555555557,0.0967741935483871
201,0.6464646464646465,0.1,0.34736842105263155,0.6565656565656567,0.5376344086021505
202,0.6060606060606061,0.2111111111111111,0.5789473684210527,0.08080808080808081,0.10752688172043011
203,0.6969696969696969,0.022222222222222223,0.6526315789473683,0.30303030303030304,0.31182795698924726
204,0.787878787878788,0.23333333333333334,0.7157894736842105,0.6565656565656567,0.8064516129032258
205,0.6262626262626263,0.15555555555555559,0.5473684210526316,0.8181818181818183,0.16129032258064516
206,0.7070707070707071,0.2,0.9263157894736842,0.09090909090909091,0.7096774193548387
207,0.7575757575757576,0.016666666666666666,0.8210526315789474,0.31313131313131315,0.5698924731182795
208,0.5555555555555557,0.1888888888888889,0.7473684210526315,0.48484848484848486,0.11827956989247311
209,0.8585858585858586,0.05555555555555556,0.9578947368421052,0.8080808080808082,0.7311827956989247
210,0.787878787878788,0.30000000000000004,0.1368421052631579,0.14141414141414144,0.6666666666666666
211,0.8080808080808082,0.3222222222222222,0.0631578947368421,0.31313131313131315,0.5483870967741935
212,0.9090909090909092,0.2888888888888889,0.19999999999999998,0.5858585858585859,0.8494623655913979
213,0.7676767676767677,0.2866666666666667,0.0736842105263158,0.8383838383838383,0.3655913978494624
214,0.7272727272727273,0.35555555555555557,0.5052631578947367,0.20202020202020204,0.6451612903225806
215,0.6060606060606061,0.2788888888888889,0.4105263157894737,0.29292929292929293,0.3225806451612903
216,0.5252525252525253,0.32,0.3368421052631579,0.5050505050505051,0.3225806451612903
217,0.6060606060606061,0.34444444444444444,0.32631578947368417,0.8787878787878788,0.6236559139784945
218,0.5151515151515152,0.2833333333333333,0.5789473684210527,0.17171717171717174,0.6881720430107526
219,0.5858585858585859,0.3277777777777778,0.6526315789473683,0.2828282828282829,0.3225806451612903
220,0.6161616161616161,0.2866666666666667,0.5894736842105264,0.6262626262626263,0.25806451612903225
221,0.7777777777777779,0.2966666666666667,0.6210526315789473,0.787878787878788,0.3010752688172043
222,0.7979797979797981,0.31111111111111117,0.9263157894736842,0.20202020202020204,0.7096774193548387
223,0.686868686868687,0.30000000000000004,0.8210526315789474,0.31313131313131315,0.6129032258064515
224,0.5858585858585859,0.3322222222222222,0.7684210526315789,0.6363636363636365,0.2258064516129032
225,0.7777777777777779,0.3222222222222222,0.7789473684210526,0.8282828282828283,0.7311827956989247
226,0.7171717171717171,0.5277777777777778,0.1368421052631579,0.23232323232323235,0.6344086021505375
227,0.5858585858585859,0.38666666666666666,0.0631578947368421,0.29292929292929293,0.3333333333333333
228,0.888888888888889,0.3722222222222223,0.19999999999999998,0.5555555555555557,0.8387096774193548
229,1.0,0.5444444444444445,0.0736842105263158,0.7070707070707071,0.7419354838709676
230,0.7373737373737373,0.4777777777777778,0.3368421052631579,0.12121212121212122,0.6989247311827956
231,0.6161616161616161,0.3666666666666667,0.3789473684210526,0.2828282828282829,0.3010752688172043
232,0.5151515151515152,0.4444444444444445,0.42105263157894735,0.5959595959595959,0.24731182795698925
233,0.8383838383838383,0.48888888888888893,0.5157894736842105,0.9191919191919193,0.7096774193548387
234,0.6666666666666667,0.4222222222222222,0.5789473684210527,0.15151515151515152,0.6666666666666666
235,0.5858585858585859,0.3888888888888889,0.5368421052631579,0.27272727272727276,0.3225806451612903
236,0.5282828282828284,0.45555555555555555,0.5789473684210527,0.6060606060606061,0.23655913978494622
237,0.6666666666666667,0.4,0.5894736842105264,0.4040404040404041,0.8924731182795698
238,0.6262626262626263,0.41111111111111115,0.8526315789473684,0.13131313131313133,0.6881720430107526
239,0.5252525252525253,0.48888888888888893,0.863157894736842,0.30303030303030304,0.5591397849462365
240,0.5050505050505051,0.4444444444444445,0.7684210526315789,0.6262626262626263,0.21505376344086022
241,0.7171717171717171,0.5111111111111112,0.9999999999999999,0.787878787878788,0.9247311827956989
242,0.6464646464646465,0.6111111111111112,0.15789473684210525,0.18181818181818182,0.6774193548387096
243,0.5252525252525253,0.9444444444444444,0.0631578947368421,0.27272727272727276,0.26881720430107525
244,0.6262626262626263,0.6888888888888889,0.2526315789473684,0.6565656565656567,0.26881720430107525
245,0.9191919191919193,0.6444444444444444,0.2736842105263158,0.8989898989898991,0.9462365591397849
246,0.6262626262626263,0.7444444444444446,0.4105263157894737,0.10101010101010102,0.7096774193548387
247,0.5858585858585859,0.6444444444444444,0.32631578947368417,0.29292929292929293,0.31182795698924726
248,0.8989898989898991,0.7555555555555556,0.5157894736842105,0.6565656565656567,0.9677419354838709
249,0.7272727272727273,0.6666666666666666,0.47368421052631576,0.7979797979797981,0.48387096774193544
250,0.686868686868687,0.7000000000000001,0.6842105263157895,0.09090909090909091,0.7096774193548387
251,0.5656565656565657,0.6666666666666666,0.631578947368421,0.31313131313131315,0.5376344086021505
252,0.5454545454545455,0.5666666666666667,0.5789473684210527,0.6464646464646465,0.2043010752688172
253,0.6161616161616161,0.8666666666666667,0.7263157894736841,0.9292929292929294,0.6236559139784945
254,0.787878787878788,0.6777777777777778,0.7473684210526315,0.19191919191919193,0.6451612903225806
255,0.5454545454545455,0.9111111111111111,0.7473684210526315,0.29292929292929293,0.8279569892473118
256,0.5050505050505051,0.8333333333333334,0.8526315789473684,0.6161616161616161,0.27956989247311825
257,0.6666666666666667,1.0,0.7999999999999999,0.8787878787878788,0.7956989247311828
