,f1,f2,f3,f4,f5,f6,f7,f8,f9,f10,f11,f12,f13,f14,f15,f16,f17,f18,f19,f20,f21,f22,f23,f24,f25,f26,f27,f28,f29,f30,f31,f32,f33,f34,f35
0,1.0,0.0,1.0,0.5,0.0,0.3333333333333333,0.3333333333333333,0.5,0.0,0.0,1.0,1.0,0.0,1.0,1.0,0.0,0.0,0.0,1.0,1.0,1.0,0.3333333333333333,1.0,1.0,0.0,0.0,0.0,0.0,1.0,0.0,0.0,0.0,0.0,0.0,0.0
1,0.6666666666666666,0.0,1.0,0.5,0.0,0.6666666666666666,0.0,1.0,0.5,0.5,1.0,1.0,0.0,1.0,1.0,0.0,0.0,0.0,1.0,0.0,1.0,0.3333333333333333,1.0,1.0,0.0,0.0,0.0,0.0,1.0,0.0,0.0,0.0,0.0,0.0,0.0
2,0.5,0.0,1.0,0.5,0.0,0.3333333333333333,0.0,1.0,0.5,1.0,1.0,1.0,0.0,1.0,1.0,0.0,0.0,0.0,1.0,0.0,1.0,0.0,1.0,1.0,0.0,0.0,0.0,0.0,1.0,0.0,0.0,0.0,0.0,0.0,0.0
3,0.5,0.0,1.0,0.5,0.0,0.3333333333333333,0.0,1.0,0.0,0.5,1.0,1.0,0.0,1.0,1.0,0.0,0.0,0.0,1.0,0.0,1.0,0.0,1.0,1.0,0.0,0.0,0.0,0.0,1.0,0.0,0.0,0.0,0.0,0.0,0.0
4,1.0,0.0,1.0,0.5,0.0,0.6666666666666666,0.0,0.5,0.0,1.0,1.0,1.0,0.0,1.0,1.0,0.0,0.0,0.0,1.0,0.0,1.0,0.3333333333333333,1.0,1.0,0.0,0.0,0.0,0.0,1.0,0.0,0.0,0.0,0.0,0.0,0.0
5,0.8333333333333333,0.0,1.0,0.5,0.0,1.0,0.0,0.5,0.0,0.5,1.0,1.0,0.0,1.0,1.0,0.0,0.0,0.0,1.0,0.0,1.0,0.0,1.0,1.0,0.0,0.0,0.0,0.0,1.0,0.0,0.0,0.0,0.0,0.0,0.0
6,0.8333333333333333,0.0,1.0,0.5,0.0,0.6666666666666666,0.0,0.5,0.5,0.0,1.0,1.0,0.0,1.0,1.0,0.0,0.0,0.0,1.0,1.0,1.0,0.3333333333333333,1.0,1.0,0.0,0.0,0.0,0.0,1.0,0.0,0.0,0.0,0.0,0.0,0.0
7,0.6666666666666666,0.0,1.0,0.5,1.0,0.3333333333333333,0.0,0.5,0.0,1.0,1.0,1.0,0.0,1.0,1.0,0.0,0.0,0.0,1.0,0.0,1.0,0.3333333333333333,1.0,1.0,0.0,0.0,0.0,0.0,1.0,0.0,0.0,0.0,0.0,0.0,0.0
8,1.0,0.0,1.0,0.5,0.0,1.0,0.0,0.5,0.5,0.5,1.0,1.0,0.0,1.0,1.0,0.0,0.0,0.0,1.0,0.0,1.0,0.3333333333333333,1.0,1.0,0.0,0.0,0.0,0.0,1.0,0.0,0.0,0.0,0.0,0.0,0.0
9,0.6666666666666666,0.0,1.0,0.5,0.0,0.6666666666666666,0.0,1.0,0.0,1.0,1.0,1.0,0.0,1.0,1.0,0.0,0.0,0.0,1.0,0.0,1.0,0.3333333333333333,1.0,1.0,0.0,0.0,0.0,0.0,1.0,0.0,0.0,0.0,0.0,0.0,0.0
10,1.0,0.0,0.0,1.0,0.0,0.3333333333333333,1.0,0.5,0.5,0.0,1.0,1.0,0.0,1.0,1.0,0.0,0.0,0.0,1.0,0.0,0.0,1.0,0.0,0.0,0.0,1.0,1.0,0.0,1.0,0.0,0.0,0.0,0.0,0.0,0.0
11,0.6666666666666666,0.0,0.0,0.5,1.0,0.3333333333333333,1.0,0.5,0.5,0.5,1.0,1.0,0.0,1.0,1.0,0.0,0.0,0.0,1.0,1.0,0.0,1.0,0.0,0.0,0.0,1.0,1.0,0.0,1.0,0.0,0.0,0.0,0.0,0.0,0.0
12,0.5,0.0,0.0,0.5,0.0,0.3333333333333333,0.6666666666666666,0.5,0.0,0.0,1.0,1.0,0.0,1.0,1.0,0.0,0.0,0.0,1.0,0.0,0.0,1.0,0.0,0.0,0.0,1.0,1.0,0.0,1.0,0.0,0.0,0.0,0.0,0.0,0.0
13,1.0,0.0,0.0,0.5,1.0,1.0,1.0,0.5,0.5,0.0,1.0,1.0,0.0,1.0,1.0,0.0,0.0,0.0,1.0,0.0,0.0,1.0,0.0,0.0,0.0,1.0,1.0,0.0,1.0,0.0,0.0,0.0,0.0,0.0,0.0
14,1.0,0.0,0.0,1.0,0.0,0.3333333333333333,1.0,0.5,0.5,0.5,1.0,1.0,0.0,1.0,1.0,0.0,0.0,0.0,1.0,0.0,0.0,1.0,0.0,0.0,0.0,1.0,1.0,0.0,1.0,0.0,0.0,0.0,0.0,0.0,0.0
15,0.8333333333333333,0.0,0.0,1.0,1.0,1.0,1.0,0.5,0.5,1.0,1.0,1.0,0.0,1.0,1.0,0.0,0.0,0.0,1.0,0.0,0.0,1.0,0.0,0.0,0.0,1.0,1.0,0.0,1.0,0.0,0.0,0.0,0.0,0.0,0.0
16,1.0,0.0,0.0,1.0,1.0,0.0,0.6666666666666666,0.5,0.0,0.0,1.0,1.0,0.0,1.0,1.0,0.0,0.0,0.0,1.0,1.0,0.0,1.0,0.0,0.0,0.0,1.0,1.0,0.0,1.0,0.0,0.0,0.0,0.0,0.0,0.0
17,0.6666666666666666,0.0,0.0,0.5,0.0,0.6666666666666666,0.6666666666666666,0.5,0.0,0.5,1.0,1.0,0.0,1.0,1.0,0.0,0.0,0.0,1.0,0.0,0.0,1.0,0.0,0.0,0.0,1.0,1.0,0.0,1.0,0.0,0.0,0.0,0.0,0.0,0.0
18,0.5,0.0,0.0,1.0,0.0,0.6666666666666666,0.6666666666666666,0.5,0.0,1.0,1.0,1.0,0.0,1.0,1.0,0.0,0.0,0.0,1.0,0.0,0.0,1.0,0.0,0.0,0.0,1.0,1.0,0.0,1.0,0.0,0.0,0.0,0.0,0.0,0.0
19,0.8333333333333333,0.0,0.0,1.0,1.0,0.6666666666666666,0.6666666666666666,0.5,0.0,1.0,1.0,1.0,0.0,1.0,1.0,0.0,0.0,0.0,1.0,0.0,0.0,1.0,0.0,0.0,0.0,1.0,1.0,0.0,1.0,0.0,0.0,0.0,0.0,0.0,0.0
20,0.16666666666666666,1.0,1.0,0.0,0.0,0.6666666666666666,0.3333333333333333,1.0,0.0,1.0,1.0,0.0,0.0,1.0,1.0,0.0,0.0,0.0,1.0,0.0,0.3333333333333333,0.3333333333333333,0.0,1.0,1.0,0.0,0.0,1.0,1.0,0.0,0.0,0.0,0.0,0.0,0.0
21,0.16666666666666666,1.0,1.0,0.0,0.0,0.3333333333333333,0.3333333333333333,1.0,0.0,0.5,1.0,0.0,0.0,1.0,1.0,0.0,0.0,0.0,1.0,0.0,0.3333333333333333,0.3333333333333333,0.0,1.0,0.0,0.0,0.0,1.0,1.0,0.0,0.0,0.0,0.0,0.0,0.0
22,0.5,0.0,1.0,0.0,1.0,1.0,0.3333333333333333,1.0,0.0,0.5,1.0,0.0,0.0,1.0,1.0,0.0,0.0,0.0,1.0,1.0,0.3333333333333333,0.3333333333333333,0.0,1.0,1.0,0.0,0.0,1.0,1.0,0.0,0.0,0.0,0.0,0.0,0.0
23,0.0,1.0,1.0,0.0,0.0,0.0,0.3333333333333333,0.5,0.5,1.0,1.0,0.0,0.0,1.0,1.0,0.0,0.0,0.0,1.0,0.0,0.3333333333333333,0.3333333333333333,0.0,1.0,0.0,0.0,0.0,1.0,1.0,0.0,0.0,0.0,0.0,0.0,0.0
24,0.0,1.0,1.0,0.0,0.0,0.3333333333333333,0.3333333333333333,1.0,0.5,1.0,1.0,0.0,0.0,1.0,1.0,0.0,0.0,0.0,1.0,0.0,0.3333333333333333,0.3333333333333333,0.0,1.0,0.0,0.0,0.0,1.0,1.0,0.0,0.0,0.0,0.0,0.0,0.0
25,0.16666666666666666,1.0,1.0,0.0,0.0,1.0,0.3333333333333333,1.0,0.0,1.0,1.0,0.0,0.0,1.0,1.0,0.0,0.0,0.0,1.0,0.0,0.3333333333333333,0.3333333333333333,0.0,1.0,0.0,0.0,0.0,1.0,1.0,0.0,0.0,0.0,0.0,0.0,0.0
26,0.16666666666666666,1.0,1.0,0.0,0.0,0.0,0.3333333333333333,0.5,0.0,0.5,1.0,0.0,0.0,1.0,1.0,0.0,0.0,0.0,1.0,0.0,0.3333333333333333,0.3333333333333333,0.0,1.0,0.0,0.0,0.0,1.0,1.0,0.0,0.0,0.0,0.0,0.0,0.0
27,0.3333333333333333,1.0,1.0,0.0,0.0,0.6666666666666666,0.3333333333333333,0.5,0.0,0.5,1.0,0.0,0.0,1.0,1.0,0.0,0.0,0.0,1.0,0.0,0.3333333333333333,0.3333333333333333,0.0,1.0,0.0,0.0,0.0,1.0,1.0,0.0,0.0,0.0,0.0,0.0,0.0
28,0.16666666666666666,1.0,1.0,0.0,0.0,0.3333333333333333,0.3333333333333333,1.0,0.0,1.0,1.0,0.0,0.0,1.0,1.0,0.0,0.0,0.0,1.0,0.0,0.3333333333333333,0.3333333333333333,0.0,1.0,0.0,0.0,0.0,1.0,1.0,0.0,0.0,0.0,0.0,0.0,0.0
29,0.3333333333333333,1.0,1.0,0.0,0.0,0.3333333333333333,0.3333333333333333,1.0,0.0,1.0,1.0,0.0,0.0,1.0,1.0,0.0,0.0,0.0,1.0,0.0,0.3333333333333333,0.3333333333333333,0.0,1.0,0.0,0.0,0.0,1.0,1.0,0.0,0.0,0.0,0.0,0.0,0.0
30,0.0,1.0,1.0,0.5,1.0,0.3333333333333333,0.3333333333333333,0.5,0.0,0.0,1.0,1.0,0.0,1.0,1.0,0.0,0.0,0.0,1.0,0.0,0.3333333333333333,0.6666666666666666,0.0,1.0,0.0,0.0,0.0,1.0,1.0,0.0,0.0,0.0,0.0,0.0,0.0
31,0.16666666666666666,1.0,1.0,0.5,0.2,1.0,0.3333333333333333,0.75,0.2,0.5,1.0,1.0,0.0,1.0,1.0,0.0,0.0,0.0,1.0,0.2,0.6666666666666666,0.6666666666666666,0.0,0.0,0.0,0.0,0.0,0.7999999999999999,0.9,0.1,0.0,0.1,0.0,0.0,0.5
32,0.3333333333333333,1.0,1.0,1.0,0.0,0.6666666666666666,0.3333333333333333,0.75,0.3,0.7,1.0,1.0,0.1,0.9,0.95,0.1,0.1,0.0,1.0,0.0,1.0,0.6666666666666666,0.4,0.0,0.0,0.0,0.0,0.43333333333333335,0.475,0.4,0.0,0.1,0.3,0.0,0.5
33,0.16666666666666666,1.0,1.0,0.0,0.0,0.6666666666666666,0.3333333333333333,1.0,0.5,0.5,1.0,1.0,0.0,1.0,1.0,0.0,0.0,0.0,1.0,0.0,0.6666666666666666,0.6666666666666666,0.0,0.0,0.0,0.0,0.0,1.0,1.0,0.0,0.0,0.0,0.0,0.0,0.0
34,0.3333333333333333,1.0,1.0,1.0,0.2,0.6666666666666666,0.3333333333333333,0.8,0.2,0.55,1.0,1.0,0.0,1.0,1.0,0.0,0.1,0.0,1.0,0.1,0.6666666666666666,0.6666666666666666,0.1,0.0,0.0,0.0,0.0,0.7,0.8,0.4,0.0,0.1,0.3,0.0,0.5
35,0.5,1.0,1.0,0.5,0.1,0.6666666666666666,0.3333333333333333,0.7,0.2,0.75,1.0,1.0,0.0,1.0,1.0,0.0,0.1,0.0,1.0,0.0,1.0,0.6666666666666666,0.5,0.0,0.0,0.0,0.0,0.4666666666666666,0.525,0.2,0.0,0.0,0.2,0.0,0.5
36,0.0,1.0,0.5,0.5,0.0,0.3333333333333333,0.3333333333333333,0.5,0.0,0.0,1.0,1.0,0.0,1.0,1.0,0.0,0.0,0.0,1.0,0.0,0.3333333333333333,0.6666666666666666,0.0,0.0,0.0,0.0,0.0,1.0,1.0,0.0,0.0,0.0,0.0,0.0,0.0
37,0.5,1.0,1.0,0.0,0.0,0.6666666666666666,0.3333333333333333,1.0,0.5,0.5,1.0,1.0,0.0,1.0,1.0,0.0,0.0,0.0,1.0,0.0,0.6666666666666666,0.6666666666666666,0.0,0.0,0.0,0.0,0.0,1.0,1.0,0.0,0.0,0.0,0.0,0.0,0.0
38,0.3333333333333333,1.0,0.5,0.5,0.2,0.0,0.3333333333333333,0.85,0.25,0.35,1.0,1.0,0.0,1.0,1.0,0.0,0.0,0.0,1.0,0.0,0.6666666666666666,0.6666666666666666,0.0,0.0,0.0,0.0,0.0,0.7999999999999999,0.8,0.1,0.0,0.1,0.0,0.0,0.5
39,0.3333333333333333,1.0,1.0,0.0,0.0,0.3333333333333333,0.3333333333333333,1.0,0.0,0.5,1.0,1.0,0.0,1.0,1.0,0.0,0.0,0.0,1.0,0.0,0.3333333333333333,0.6666666666666666,0.0,0.0,0.0,0.0,0.0,1.0,1.0,0.0,0.0,0.0,0.0,0.0,0.0
40,0.3333333333333333,1.0,1.0,0.5,0.1,0.3333333333333333,0.3333333333333333,0.95,0.35,0.45,1.0,1.0,0.0,1.0,1.0,0.0,0.0,0.0,1.0,0.0,0.6666666666666666,0.6666666666666666,0.0,0.0,0.0,0.0,0.0,0.9,0.9,0.1,0.0,0.1,0.0,0.0,0.5
41,0.16666666666666666,1.0,1.0,0.5,0.2,0.3333333333333333,0.3333333333333333,0.8,0.2,0.35,1.0,1.0,0.0,1.0,1.0,0.0,0.1,0.0,1.0,0.0,0.3333333333333333,0.6666666666666666,0.0,0.0,0.0,0.0,0.0,1.0,0.9,0.1,0.0,0.1,0.0,0.0,0.5
42,0.0,1.0,1.0,0.5,0.0,1.0,0.3333333333333333,0.5,0.0,0.0,1.0,1.0,0.0,1.0,1.0,0.0,0.0,0.0,1.0,0.0,0.3333333333333333,0.6666666666666666,0.0,0.0,0.0,0.0,0.0,1.0,1.0,0.0,0.0,0.0,0.0,0.0,0.0
43,0.0,1.0,0.5,0.5,1.0,0.6666666666666666,0.3333333333333333,1.0,0.5,0.0,1.0,1.0,0.0,1.0,1.0,0.0,0.0,0.0,1.0,1.0,0.6666666666666666,0.6666666666666666,0.0,1.0,0.0,0.0,0.0,1.0,1.0,0.0,0.0,0.0,0.0,0.0,0.0
44,0.5,1.0,1.0,0.0,0.0,0.3333333333333333,0.3333333333333333,1.0,0.5,0.0,1.0,1.0,0.0,1.0,1.0,0.0,0.0,0.0,1.0,0.0,0.6666666666666666,0.6666666666666666,0.0,0.0,0.0,0.0,0.0,1.0,1.0,0.0,0.0,0.0,0.0,0.0,0.0
45,0.3333333333333333,1.0,1.0,1.0,0.2,1.0,0.3333333333333333,0.7,0.15,0.65,1.0,1.0,0.3,0.7,0.85,0.1,0.1,0.0,1.0,0.1,1.0,0.6666666666666666,0.5,0.0,0.0,0.0,0.0,0.5333333333333333,0.525,0.2,0.1,0.1,0.1,0.0,0.5
46,0.0,1.0,1.0,0.5,0.0,0.6666666666666666,0.3333333333333333,0.5,0.0,0.5,1.0,1.0,0.0,1.0,1.0,0.0,0.0,0.0,1.0,0.0,0.3333333333333333,0.6666666666666666,0.0,0.0,0.0,0.0,0.0,1.0,1.0,0.0,0.0,0.0,0.0,0.0,0.0
47,0.3333333333333333,1.0,0.5,1.0,0.3,0.6666666666666666,0.3333333333333333,0.9,0.3,0.45,1.0,1.0,0.0,1.0,1.0,0.0,0.0,0.0,1.0,0.2,0.6666666666666666,0.6666666666666666,0.0,0.0,0.0,0.0,0.0,0.8666666666666667,0.9,0.2,0.0,0.1,0.1,0.0,0.5
48,0.3333333333333333,1.0,1.0,0.5,1.0,0.3333333333333333,0.3333333333333333,1.0,0.0,1.0,1.0,1.0,0.0,1.0,1.0,0.0,0.0,0.0,1.0,0.0,0.3333333333333333,0.6666666666666666,0.0,1.0,0.0,0.0,0.0,1.0,1.0,0.0,0.0,0.0,0.0,0.0,0.0
49,0.0,1.0,1.0,0.5,0.0,1.0,0.3333333333333333,0.5,0.0,1.0,1.0,1.0,0.0,1.0,1.0,0.0,0.0,0.0,1.0,0.0,0.3333333333333333,0.6666666666666666,0.0,0.0,0.0,0.0,0.0,1.0,1.0,0.0,0.0,0.0,0.0,0.0,0.0
50,0.16666666666666666,1.0,1.0,0.5,0.0,0.0,0.3333333333333333,1.0,0.5,0.5,1.0,1.0,0.0,1.0,1.0,0.0,0.0,0.0,1.0,0.0,0.6666666666666666,0.6666666666666666,0.0,0.0,0.0,0.0,0.0,1.0,1.0,0.0,0.0,0.0,0.0,0.0,0.0
51,0.16666666666666666,1.0,1.0,0.5,0.2,0.0,0.3333333333333333,0.8,0.15,0.35,1.0,1.0,0.0,1.0,1.0,0.0,0.0,0.0,1.0,0.0,0.3333333333333333,0.6666666666666666,0.0,0.0,0.0,0.0,0.0,0.9,0.9,0.1,0.0,0.1,0.0,0.0,0.5
52,0.5,1.0,1.0,0.5,0.1,0.3333333333333333,0.3333333333333333,0.75,0.35,0.5,1.0,1.0,0.0,1.0,1.0,0.0,0.1,0.0,1.0,0.0,1.0,0.6666666666666666,0.2,0.0,0.0,0.0,0.0,0.6333333333333333,0.8,0.2,0.0,0.1,0.2,0.0,0.5
53,0.3333333333333333,1.0,1.0,0.5,0.1,0.3333333333333333,0.3333333333333333,0.95,0.35,0.45,1.0,1.0,0.0,1.0,1.0,0.0,0.0,0.0,1.0,0.0,1.0,0.6666666666666666,0.0,0.0,0.0,0.0,0.0,0.9,0.9,0.1,0.0,0.1,0.0,0.0,0.5
54,0.5,1.0,1.0,1.0,0.2,0.6666666666666666,0.3333333333333333,0.7,0.2,0.7,1.0,1.0,0.0,1.0,1.0,0.1,0.1,0.0,1.0,0.0,0.6666666666666666,0.6666666666666666,0.4,0.0,0.0,0.0,0.0,0.6333333333333333,0.525,0.3,0.0,0.0,0.3,0.0,0.5
55,0.16666666666666666,1.0,1.0,0.5,1.0,1.0,0.3333333333333333,1.0,0.0,0.5,1.0,1.0,0.0,1.0,1.0,0.0,0.0,0.0,1.0,1.0,0.3333333333333333,0.6666666666666666,0.0,1.0,0.0,0.0,0.0,1.0,1.0,0.0,0.0,0.0,0.0,0.0,0.0
56,0.5,1.0,0.5,0.5,0.2,1.0,0.3333333333333333,0.95,0.25,0.4,1.0,1.0,0.0,1.0,1.0,0.0,0.0,0.0,1.0,0.1,0.6666666666666666,0.6666666666666666,0.2,0.0,0.0,0.0,0.0,0.8333333333333333,0.9,0.0,0.0,0.1,0.0,0.0,0.5
57,0.3333333333333333,1.0,1.0,1.0,0.2,0.3333333333333333,0.3333333333333333,0.9,0.3,0.35,1.0,1.0,0.0,1.0,1.0,0.0,0.1,0.0,1.0,0.0,0.6666666666666666,0.6666666666666666,0.0,0.0,0.0,0.0,0.0,0.7666666666666666,0.8,0.2,0.0,0.1,0.1,0.0,0.5
58,0.5,1.0,0.5,1.0,0.3,0.6666666666666666,0.3333333333333333,0.9,0.2,0.55,1.0,1.0,0.0,1.0,1.0,0.0,0.0,0.0,1.0,0.0,0.6666666666666666,0.6666666666666666,0.3,0.0,0.0,0.0,0.0,0.6666666666666666,0.85,0.2,0.0,0.1,0.2,0.0,0.5
59,0.16666666666666666,1.0,1.0,1.0,0.3,0.3333333333333333,0.3333333333333333,0.75,0.15,0.35,1.0,1.0,0.0,1.0,1.0,0.0,0.1,0.0,1.0,0.1,0.3333333333333333,0.6666666666666666,0.0,0.0,0.0,0.0,0.0,0.9,0.9,0.1,0.0,0.1,0.0,0.0,0.5
60,0.3333333333333333,1.0,1.0,1.0,0.3,1.0,0.3333333333333333,0.8,0.25,0.55,1.0,1.0,0.0,1.0,1.0,0.0,0.0,0.0,1.0,0.2,0.6666666666666666,0.6666666666666666,0.0,0.0,0.0,0.0,0.0,0.9,0.9,0.1,0.0,0.1,0.0,0.0,0.5
61,0.5,1.0,0.5,0.5,0.3,0.0,0.3333333333333333,0.85,0.35,0.55,1.0,1.0,0.0,1.0,1.0,0.0,0.0,0.0,1.0,0.0,1.0,0.6666666666666666,0.2,0.0,0.0,0.0,0.0,0.7333333333333334,0.85,0.0,0.0,0.1,0.0,0.0,0.5
62,0.3333333333333333,1.0,1.0,0.0,0.0,0.3333333333333333,0.3333333333333333,1.0,0.0,0.0,1.0,1.0,0.0,1.0,1.0,0.0,0.0,0.0,1.0,0.0,0.3333333333333333,0.6666666666666666,0.0,0.0,0.0,0.0,0.0,1.0,1.0,0.0,0.0,0.0,0.0,0.0,0.0
63,0.5,1.0,0.5,0.5,0.2,0.3333333333333333,0.3333333333333333,0.95,0.25,0.65,1.0,1.0,0.0,1.0,1.0,0.0,0.0,0.0,1.0,0.0,1.0,0.6666666666666666,0.4,0.0,0.0,0.0,0.0,0.6666666666666666,0.95,0.2,0.2,0.0,0.1,0.0,0.5
64,0.3333333333333333,1.0,1.0,1.0,0.3,0.3333333333333333,0.3333333333333333,0.75,0.15,0.3,1.0,1.0,0.0,1.0,1.0,0.0,0.1,0.0,1.0,0.0,0.3333333333333333,0.6666666666666666,0.0,0.0,0.0,0.0,0.0,0.7666666666666666,0.8,0.2,0.0,0.1,0.1,0.0,0.5
65,0.16666666666666666,1.0,1.0,0.0,0.0,0.0,0.3333333333333333,1.0,0.5,0.0,1.0,1.0,0.0,1.0,1.0,0.0,0.0,0.0,1.0,0.0,0.6666666666666666,0.6666666666666666,0.0,0.0,0.0,0.0,0.0,1.0,1.0,0.0,0.0,0.0,0.0,0.0,0.0
66,0.5,1.0,1.0,0.5,0.1,0.6666666666666666,0.3333333333333333,0.85,0.2,0.65,1.0,1.0,0.0,1.0,1.0,0.0,0.1,0.0,1.0,0.0,0.6666666666666666,0.6666666666666666,0.2,0.0,0.0,0.0,0.0,0.7333333333333334,0.725,0.2,0.0,0.0,0.2,0.0,0.5
67,0.5,1.0,1.0,0.5,0.2,1.0,0.3333333333333333,0.6,0.15,0.75,1.0,1.0,0.3,0.7,0.85,0.1,0.1,0.0,1.0,0.0,1.0,0.6666666666666666,0.6,0.0,0.0,0.0,0.0,0.4666666666666666,0.6,0.3,0.0,0.0,0.3,0.0,0.5
68,0.5,1.0,0.5,0.0,0.0,0.6666666666666666,0.3333333333333333,1.0,0.5,1.0,1.0,1.0,0.0,1.0,1.0,0.0,0.0,0.0,1.0,0.0,0.6666666666666666,0.6666666666666666,0.0,0.0,0.0,0.0,0.0,1.0,1.0,0.0,0.0,0.0,0.0,0.0,0.0
69,0.5,1.0,1.0,1.0,0.1,0.6666666666666666,0.3333333333333333,0.65,0.2,0.5,1.0,1.0,0.2,0.8,0.9,0.1,0.1,0.0,1.0,0.0,1.0,0.6666666666666666,0.3,0.0,0.0,0.0,0.0,0.4666666666666666,0.45,0.4,0.0,0.0,0.4,0.0,0.5
70,0.6666666666666666,0.0,0.0,0.5,0.0,0.3333333333333333,1.0,0.5,0.5,1.0,0.0,1.0,0.0,1.0,1.0,0.0,0.0,0.0,1.0,0.0,0.0,0.0,0.0,0.0,0.0,0.5,0.0,0.0,0.0,0.0,0.0,0.0,0.0,0.0,0.0
71,0.6666666666666666,0.0,0.0,0.5,0.0,0.3333333333333333,1.0,0.5,0.5,1.0,0.0,1.0,0.0,1.0,1.0,0.0,0.0,0.0,1.0,0.0,0.0,0.0,0.0,0.0,0.0,0.5,0.0,0.0,0.0,0.0,0.0,0.0,0.0,0.0,0.0
72,0.5,1.0,0.0,0.0,0.0,1.0,0.0,0.5,0.5,1.0,1.0,0.0,0.0,1.0,1.0,0.0,0.0,0.0,1.0,0.0,0.0,1.0,0.0,0.0,0.0,0.5,0.0,0.0,1.0,0.0,0.0,0.0,0.0,0.0,0.0
73,0.8333333333333333,0.0,0.0,1.0,0.0,0.3333333333333333,1.0,0.5,0.5,1.0,0.0,1.0,0.0,1.0,1.0,0.0,0.0,0.0,1.0,0.0,0.0,0.0,0.0,0.0,0.0,0.5,0.0,0.0,0.0,0.0,0.0,0.0,0.0,0.0,0.0
74,0.8333333333333333,0.0,0.0,1.0,0.0,0.6666666666666666,1.0,0.5,0.5,0.5,0.0,1.0,0.0,1.0,1.0,0.0,0.0,0.0,1.0,0.0,0.0,0.0,0.0,0.0,0.0,0.5,0.0,0.0,0.0,0.0,0.0,0.0,0.0,0.0,0.0
75,0.6666666666666666,0.0,0.0,0.5,0.0,1.0,0.6666666666666666,0.5,0.0,0.5,0.0,1.0,0.0,1.0,1.0,0.0,0.0,0.0,1.0,0.0,0.0,0.0,0.0,0.0,0.0,0.5,0.0,0.0,0.0,0.0,0.0,0.0,0.0,0.0,0.0
76,0.8333333333333333,0.0,0.0,0.5,1.0,1.0,1.0,0.5,0.0,1.0,1.0,1.0,1.0,0.0,0.5,0.0,0.0,0.0,1.0,1.0,0.0,1.0,0.0,0.0,0.0,0.5,0.0,0.0,1.0,0.0,0.0,0.0,0.0,0.0,0.0
77,1.0,0.0,0.5,0.5,1.0,0.6666666666666666,0.0,0.5,0.5,0.0,1.0,0.0,0.0,1.0,0.5,0.0,0.0,0.0,1.0,1.0,0.0,1.0,0.0,0.0,0.0,0.5,0.0,0.0,1.0,0.0,0.0,0.0,0.0,0.0,0.0
78,0.8333333333333333,1.0,0.0,0.0,0.0,1.0,0.6666666666666666,0.5,0.0,0.0,1.0,1.0,0.0,1.0,1.0,0.0,0.0,0.0,1.0,1.0,0.0,1.0,0.0,0.0,0.0,0.5,0.0,0.0,1.0,0.0,0.0,0.0,0.0,0.0,0.0
79,0.8333333333333333,1.0,0.0,0.5,0.0,0.3333333333333333,1.0,0.5,0.5,0.0,1.0,1.0,1.0,0.0,0.5,0.0,0.0,0.0,1.0,1.0,0.0,1.0,0.0,0.0,0.0,0.5,0.0,0.0,1.0,0.0,0.0,0.0,0.0,0.0,0.0
80,0.6666666666666666,0.0,0.5,0.0,1.0,0.6666666666666666,1.0,0.5,0.5,1.0,1.0,0.0,0.0,1.0,1.0,0.0,0.0,0.0,1.0,1.0,0.0,1.0,0.0,0.0,0.0,0.5,0.0,0.0,1.0,0.0,0.0,0.0,0.0,0.0,0.0
81,0.6666666666666666,1.0,0.0,0.0,0.0,1.0,0.6666666666666666,0.5,0.5,0.5,1.0,1.0,1.0,0.0,0.5,0.0,0.0,0.0,1.0,1.0,0.0,1.0,0.0,0.0,0.0,0.5,0.0,0.0,1.0,0.0,0.0,0.0,0.0,0.0,0.0
82,0.6666666666666666,0.0,0.0,0.5,0.0,0.6666666666666666,0.0,0.5,0.5,0.0,0.0,1.0,0.0,1.0,1.0,0.0,0.0,0.0,1.0,0.0,0.0,0.0,0.0,0.0,0.0,0.5,0.0,0.0,0.0,0.0,0.0,0.0,0.0,0.0,0.0
83,0.5,1.0,0.0,0.0,0.0,0.6666666666666666,0.0,1.0,0.0,0.5,1.0,1.0,1.0,0.0,0.5,0.0,0.0,0.0,1.0,0.0,0.0,1.0,0.0,0.0,0.0,0.5,0.0,0.0,1.0,0.0,0.0,0.0,0.0,0.0,0.0
84,0.8333333333333333,0.0,0.0,0.5,0.0,1.0,0.6666666666666666,0.5,0.0,0.5,0.0,1.0,0.0,1.0,1.0,0.0,0.0,0.0,1.0,0.0,0.0,0.0,0.0,0.0,0.0,0.5,0.0,0.0,0.0,0.0,0.0,0.0,0.0,0.0,0.0
85,0.6666666666666666,0.0,0.0,0.5,0.0,1.0,1.0,0.5,0.5,0.0,0.0,1.0,0.0,1.0,1.0,0.0,0.0,0.0,1.0,0.0,0.0,0.0,0.0,0.0,0.0,0.5,0.0,0.0,0.0,0.0,0.0,0.0,0.0,0.0,0.0
86,0.6666666666666666,0.0,0.0,0.5,0.0,1.0,0.6666666666666666,0.5,0.0,1.0,0.0,1.0,0.0,1.0,1.0,0.0,0.0,0.0,1.0,0.0,0.0,0.0,0.0,0.0,0.0,0.5,0.0,0.0,0.0,0.0,0.0,0.0,0.0,0.0,0.0
87,0.6666666666666666,0.0,0.0,0.5,0.0,0.3333333333333333,0.6666666666666666,0.5,0.5,1.0,0.0,1.0,0.0,1.0,1.0,0.0,0.0,0.0,1.0,0.0,0.0,0.0,0.0,0.0,0.0,0.5,0.0,0.0,0.0,0.0,0.0,0.0,0.0,0.0,0.0
88,0.6666666666666666,0.0,0.0,0.5,0.0,0.3333333333333333,0.6666666666666666,0.5,0.0,0.0,0.0,1.0,0.0,1.0,1.0,0.0,0.0,0.0,1.0,0.0,0.0,0.0,0.0,0.0,0.0,0.5,0.0,0.0,0.0,0.0,0.0,0.0,0.0,0.0,0.0
89,0.5,0.0,0.0,0.5,0.0,1.0,0.6666666666666666,0.5,0.0,0.0,0.0,1.0,0.0,1.0,1.0,0.0,0.0,0.0,1.0,0.0,0.0,0.0,0.0,0.0,0.0,0.5,0.0,0.0,0.0,0.0,0.0,0.0,0.0,0.0,0.0
90,0.8333333333333333,0.0,0.0,0.5,1.0,1.0,1.0,0.5,0.0,0.5,0.0,1.0,0.0,1.0,1.0,0.0,0.0,0.5,0.0,0.0,0.0,0.0,0.0,0.0,0.0,0.0,0.0,0.0,0.0,0.0,0.0,0.0,0.0,0.0,0.0
91,1.0,0.0,0.5,0.0,1.0,0.0,0.0,0.0,0.5,1.0,0.0,1.0,0.0,1.0,1.0,0.0,0.0,0.5,0.0,0.0,0.0,0.0,0.0,0.0,0.0,0.0,0.0,0.0,0.0,0.0,0.0,0.0,0.0,0.0,0.0
92,0.16666666666666666,1.0,0.0,0.5,0.0,1.0,1.0,0.5,1.0,0.0,0.0,1.0,0.0,1.0,1.0,0.0,0.0,0.5,0.0,0.0,0.0,0.0,0.0,0.0,0.0,0.0,0.0,0.0,0.0,0.0,0.0,0.0,0.0,0.0,0.0
93,1.0,1.0,0.5,0.0,0.0,0.6666666666666666,0.6666666666666666,0.0,0.5,1.0,0.0,1.0,0.0,1.0,1.0,0.0,0.0,0.5,0.0,0.0,0.0,0.0,0.0,0.0,0.0,0.0,0.0,0.0,0.0,0.0,0.0,0.0,0.0,0.0,0.0
94,0.6666666666666666,1.0,0.5,0.0,0.0,0.6666666666666666,0.6666666666666666,0.0,1.0,0.0,0.0,1.0,0.0,1.0,1.0,0.0,0.0,0.5,0.0,0.0,0.0,0.0,0.0,0.0,0.0,0.0,0.0,0.0,0.0,0.0,0.0,0.0,0.0,0.0,0.0
95,1.0,0.0,0.0,0.5,1.0,0.3333333333333333,0.3333333333333333,0.5,0.0,1.0,0.0,1.0,0.0,1.0,1.0,0.0,0.0,0.5,0.0,0.0,0.0,0.0,0.0,0.0,0.0,0.0,0.0,0.0,0.0,0.0,0.0,0.0,0.0,0.0,0.0
96,0.3333333333333333,1.0,0.5,0.0,0.0,0.6666666666666666,0.6666666666666666,0.0,0.0,0.5,0.0,1.0,0.0,1.0,1.0,0.0,0.0,0.5,0.0,0.0,0.0,0.0,0.0,0.0,0.0,0.0,0.0,0.0,0.0,0.0,0.0,0.0,0.0,0.0,0.0
97,1.0,1.0,0.0,0.5,0.0,0.3333333333333333,0.3333333333333333,0.5,0.5,1.0,0.0,1.0,0.0,1.0,1.0,0.0,0.0,0.5,0.0,0.0,0.0,0.0,0.0,0.0,0.0,0.0,0.0,0.0,0.0,0.0,0.0,0.0,0.0,0.0,0.0
98,0.8333333333333333,1.0,0.0,0.5,0.0,0.3333333333333333,0.3333333333333333,0.5,0.0,0.5,0.0,1.0,0.0,1.0,1.0,0.0,0.0,0.5,0.0,0.0,0.0,0.0,0.0,0.0,0.0,0.0,0.0,0.0,0.0,0.0,0.0,0.0,0.0,0.0,0.0
99,0.16666666666666666,1.0,0.0,0.5,0.0,0.3333333333333333,0.3333333333333333,0.5,1.0,0.0,0.0,1.0,0.0,1.0,1.0,0.0,0.0,0.5,0.0,0.0,0.0,0.0,0.0,0.0,0.0,0.0,0.0,0.0,0.0,0.0,0.0,0.0,0.0,0.0,0.0
100,1.0,0.0,1.0,0.0,1.0,0.6666666666666666,0.3333333333333333,0.0,0.5,1.0,0.0,1.0,1.0,0.0,0.5,0.0,1.0,1.0,0.0,0.0,0.0,0.0,0.0,0.0,0.0,0.0,0.0,0.0,0.0,1.0,1.0,0.0,0.0,0.0,0.0
101,0.3333333333333333,0.0,1.0,0.5,1.0,0.3333333333333333,0.3333333333333333,0.5,0.5,1.0,0.0,1.0,1.0,0.0,0.5,0.0,1.0,1.0,0.0,0.0,0.0,0.0,0.0,0.0,0.0,0.0,0.0,0.0,0.0,1.0,1.0,0.0,0.0,0.0,0.0
102,0.16666666666666666,0.0,1.0,0.5,1.0,1.0,0.6666666666666666,0.5,0.0,0.5,0.0,1.0,0.5,0.0,0.5,0.0,0.0,1.0,0.0,0.0,0.0,0.0,0.0,0.0,0.0,0.0,0.0,0.0,0.0,1.0,1.0,0.0,0.0,0.0,0.0
103,0.6666666666666666,1.0,1.0,1.0,0.0,0.6666666666666666,0.6666666666666666,0.5,0.0,0.5,0.0,1.0,0.5,0.0,0.5,0.0,1.0,1.0,0.0,0.0,0.0,0.0,0.0,0.0,0.0,0.0,0.0,0.0,0.0,1.0,1.0,0.0,0.0,0.0,0.0
104,0.16666666666666666,0.0,1.0,0.0,1.0,0.0,0.0,0.5,0.0,0.5,0.0,1.0,0.5,0.0,0.5,0.0,0.0,1.0,0.0,0.0,0.0,0.0,0.0,0.0,0.0,0.0,0.0,0.0,0.0,1.0,1.0,0.0,0.0,0.0,0.0
105,0.3333333333333333,1.0,1.0,0.0,0.0,1.0,0.0,0.5,0.0,0.5,0.0,1.0,0.5,0.0,0.5,0.0,0.0,1.0,0.0,0.0,0.0,0.0,0.0,0.0,0.0,0.0,0.0,0.0,0.0,1.0,1.0,0.0,0.0,0.0,0.0
106,0.3333333333333333,1.0,1.0,0.5,0.0,0.6666666666666666,0.0,0.5,0.0,0.5,0.0,1.0,1.0,0.0,0.5,0.0,0.0,1.0,0.0,0.0,0.0,0.0,0.0,0.0,0.0,0.0,0.0,0.0,0.0,1.0,1.0,0.0,0.0,0.0,0.0
107,0.6666666666666666,1.0,1.0,1.0,0.0,0.6666666666666666,0.3333333333333333,0.0,0.5,1.0,0.0,1.0,0.5,0.0,0.5,0.0,0.0,1.0,0.0,0.0,0.0,0.0,0.0,0.0,0.0,0.0,0.0,0.0,0.0,1.0,1.0,0.0,0.0,0.0,0.0
108,0.6666666666666666,1.0,1.0,0.0,0.0,0.3333333333333333,0.6666666666666666,0.5,0.0,0.5,0.0,1.0,1.0,0.0,0.5,0.0,0.0,1.0,0.0,0.0,0.0,0.0,0.0,0.0,0.0,0.0,0.0,0.0,0.0,1.0,1.0,0.0,0.0,0.0,0.0
109,0.8333333333333333,1.0,1.0,0.5,0.0,1.0,0.6666666666666666,0.5,0.0,0.5,0.0,1.0,0.5,0.0,0.5,0.0,0.0,1.0,0.0,0.0,0.0,0.0,0.0,0.0,0.0,0.0,0.0,0.0,0.0,1.0,1.0,0.0,0.0,0.0,0.0
110,0.16666666666666666,1.0,1.0,1.0,1.0,1.0,1.0,0.5,0.0,1.0,1.0,1.0,1.0,0.0,0.5,0.0,0.0,0.0,0.0,0.0,0.0,0.0,0.0,0.0,0.0,0.0,0.0,0.0,0.0,0.0,0.0,0.0,0.0,0.0,0.0
111,0.3333333333333333,0.0,1.0,0.5,0.0,0.6666666666666666,1.0,0.5,0.5,0.5,0.0,1.0,1.0,0.0,0.5,0.0,0.0,0.0,0.0,0.0,0.0,0.0,0.0,0.0,0.0,0.0,0.0,0.0,0.0,0.0,0.0,0.0,0.0,0.0,0.0
112,0.3333333333333333,0.0,1.0,0.5,0.0,0.6666666666666666,1.0,0.5,0.5,0.0,0.0,1.0,1.0,0.0,0.5,1.0,0.0,0.0,0.0,0.0,0.0,0.0,0.0,0.0,0.0,0.0,0.0,0.0,0.0,0.0,0.0,0.0,0.0,0.0,0.0
113,0.3333333333333333,0.0,1.0,0.5,0.0,0.3333333333333333,0.0,0.5,1.0,0.0,0.0,1.0,1.0,0.0,0.5,1.0,0.0,0.0,0.0,0.0,0.0,0.0,0.0,0.0,0.0,0.0,0.0,0.0,0.0,0.0,0.0,0.0,0.0,0.0,0.0
114,0.16666666666666666,1.0,1.0,1.0,1.0,1.0,1.0,0.5,0.5,0.5,1.0,1.0,1.0,0.0,0.5,0.0,0.0,0.0,0.0,0.0,0.0,0.0,0.0,0.0,0.0,0.0,0.0,0.0,0.0,0.0,0.0,0.0,0.0,0.0,0.0
115,0.16666666666666666,1.0,1.0,0.5,0.0,0.6666666666666666,1.0,0.5,0.0,1.0,0.0,1.0,1.0,0.0,0.5,1.0,0.0,0.0,0.0,0.0,0.0,0.0,0.0,0.0,0.0,0.0,0.0,0.0,0.0,0.0,0.0,0.0,0.0,0.0,0.0
116,0.0,1.0,1.0,1.0,1.0,1.0,1.0,0.5,1.0,0.5,0.0,1.0,1.0,0.0,0.5,0.0,0.0,0.0,0.0,0.0,0.0,0.0,0.0,0.0,0.0,0.0,0.0,0.0,0.0,0.0,0.0,0.0,0.0,0.0,0.0
117,0.3333333333333333,0.0,1.0,0.5,0.0,0.6666666666666666,1.0,0.5,0.0,0.0,0.0,1.0,1.0,0.0,0.5,1.0,0.0,0.0,0.0,0.0,0.0,0.0,0.0,0.0,0.0,0.0,0.0,0.0,0.0,0.0,0.0,0.0,0.0,0.0,0.0
118,0.16666666666666666,0.0,1.0,0.5,0.0,0.6666666666666666,1.0,0.5,0.5,0.5,0.0,1.0,1.0,0.0,0.5,1.0,0.0,0.0,0.0,0.0,0.0,0.0,0.0,0.0,0.0,0.0,0.0,0.0,0.0,0.0,0.0,0.0,0.0,0.0,0.0
119,0.3333333333333333,1.0,1.0,0.5,0.0,1.0,1.0,0.5,0.0,1.0,0.0,1.0,1.0,0.0,0.5,1.0,0.0,0.0,0.0,0.0,0.0,0.0,0.0,0.0,0.0,0.0,0.0,0.0,0.0,0.0,0.0,0.0,0.0,0.0,0.0
120,0.8333333333333333,0.0,1.0,0.5,0.0,0.6666666666666666,0.6666666666666666,0.5,0.0,0.5,0.0,1.0,1.0,0.0,0.5,0.0,0.0,0.0,1.0,0.0,1.0,0.3333333333333333,1.0,0.0,0.0,0.0,0.0,0.0,0.0,0.0,0.0,0.0,0.0,0.0,0.0
121,0.16666666666666666,1.0,1.0,0.5,0.0,1.0,1.0,0.5,0.5,1.0,0.0,1.0,1.0,0.0,0.5,1.0,0.0,0.0,0.0,0.0,0.0,0.0,0.0,0.0,0.0,0.0,0.0,0.0,0.0,0.0,0.0,0.0,0.0,0.0,0.0
122,0.16666666666666666,0.0,1.0,0.5,0.0,1.0,1.0,0.5,1.0,0.0,0.0,1.0,1.0,0.0,0.5,1.0,0.0,0.0,0.0,0.0,0.0,0.0,0.0,0.0,0.0,0.0,0.0,0.0,0.0,0.0,0.0,0.0,0.0,0.0,0.0
123,0.6666666666666666,0.0,1.0,0.5,0.0,0.3333333333333333,1.0,0.5,0.0,0.0,0.0,1.0,1.0,0.0,0.5,1.0,0.0,0.0,1.0,0.0,1.0,0.3333333333333333,1.0,0.0,0.0,0.0,0.0,0.0,0.0,0.0,0.0,0.0,0.0,0.0,0.0
124,0.16666666666666666,0.0,1.0,0.5,0.0,0.6666666666666666,1.0,0.5,0.0,0.5,0.0,1.0,1.0,0.0,0.5,1.0,0.0,0.0,0.0,0.0,0.0,0.0,0.0,0.0,0.0,0.0,0.0,0.0,0.0,0.0,0.0,0.0,0.0,0.0,0.0
125,0.6666666666666666,1.0,1.0,0.5,0.0,1.0,1.0,0.5,0.0,1.0,0.0,1.0,1.0,0.0,0.5,0.0,0.0,0.0,1.0,0.0,1.0,0.3333333333333333,1.0,0.0,0.0,0.0,0.0,0.0,0.0,0.0,0.0,0.0,0.0,0.0,0.0
126,0.3333333333333333,0.0,1.0,0.5,0.0,1.0,1.0,0.5,0.0,0.0,0.0,1.0,1.0,0.0,0.5,1.0,0.0,0.0,0.0,0.0,0.0,0.0,0.0,0.0,0.0,0.0,0.0,0.0,0.0,0.0,0.0,0.0,0.0,0.0,0.0
127,0.0,1.0,0.5,0.5,1.0,0.6666666666666666,0.6666666666666666,0.0,1.0,0.5,1.0,1.0,1.0,0.0,0.5,0.0,0.0,0.0,0.0,0.0,0.0,0.0,0.0,0.0,0.0,0.0,0.0,0.0,0.0,0.0,0.0,0.0,0.0,0.0,0.0
128,0.16666666666666666,1.0,0.5,0.5,1.0,0.6666666666666666,0.0,0.0,0.0,1.0,0.0,1.0,1.0,0.0,0.5,0.0,0.0,0.0,0.0,0.0,0.0,0.0,0.0,0.0,0.0,0.0,0.0,0.0,0.0,0.0,0.0,0.0,0.0,0.0,0.0
129,0.16666666666666666,1.0,1.0,0.5,0.0,0.3333333333333333,0.0,0.5,1.0,1.0,0.0,1.0,1.0,0.0,0.5,1.0,0.0,0.0,0.0,0.0,0.0,0.0,0.0,0.0,0.0,0.0,0.0,0.0,0.0,0.0,0.0,0.0,0.0,0.0,0.0
130,0.16666666666666666,0.0,1.0,0.5,0.0,0.3333333333333333,1.0,0.5,0.0,0.0,0.0,1.0,1.0,0.0,0.5,0.0,0.0,0.0,1.0,0.0,1.0,0.3333333333333333,1.0,0.0,0.0,0.0,0.0,0.0,0.0,0.0,0.0,0.0,0.0,0.0,0.0
131,0.3333333333333333,0.0,1.0,0.5,0.0,1.0,1.0,0.5,0.5,0.5,0.0,1.0,1.0,0.0,0.5,1.0,0.0,0.0,0.0,0.0,0.0,0.0,0.0,0.0,0.0,0.0,0.0,0.0,0.0,0.0,0.0,0.0,0.0,0.0,0.0
132,0.5,0.0,1.0,0.5,0.0,0.6666666666666666,1.0,1.0,1.0,0.5,0.0,1.0,1.0,0.0,0.5,0.0,0.0,0.0,1.0,0.0,0.0,1.0,1.0,1.0,0.0,0.0,0.0,0.0,0.0,0.0,0.0,0.0,0.0,0.0,0.0
133,0.3333333333333333,1.0,1.0,1.0,1.0,1.0,0.3333333333333333,0.5,0.5,0.0,1.0,1.0,1.0,0.0,0.5,0.0,0.0,0.0,0.0,0.0,0.0,0.0,0.0,0.0,0.0,0.0,0.0,0.0,0.0,0.0,0.0,0.0,0.0,0.0,0.0
134,0.16666666666666666,0.0,1.0,0.5,0.0,0.6666666666666666,1.0,0.5,1.0,0.0,0.0,1.0,1.0,0.0,0.5,1.0,0.0,0.0,0.0,0.0,0.0,0.0,0.0,0.0,0.0,0.0,0.0,0.0,0.0,0.0,0.0,0.0,0.0,0.0,0.0
135,0.16666666666666666,1.0,1.0,0.5,0.0,0.6666666666666666,1.0,0.5,0.0,1.0,0.0,1.0,1.0,0.0,0.5,1.0,0.0,0.0,0.0,0.0,0.0,0.0,0.0,0.0,0.0,0.0,0.0,0.0,0.0,0.0,0.0,0.0,0.0,0.0,0.0
136,0.8333333333333333,0.0,1.0,0.5,0.0,0.3333333333333333,1.0,0.5,0.0,0.0,0.0,1.0,1.0,0.0,0.5,1.0,0.0,0.0,1.0,0.0,1.0,0.3333333333333333,1.0,0.0,0.0,0.0,0.0,0.0,0.0,0.0,0.0,0.0,0.0,0.0,0.0
137,0.6666666666666666,1.0,0.5,0.5,1.0,0.6666666666666666,0.6666666666666666,0.0,0.0,1.0,0.0,1.0,1.0,0.0,0.5,0.0,0.0,0.0,1.0,0.0,1.0,0.3333333333333333,1.0,0.0,0.0,0.0,0.0,0.0,0.25,0.0,0.0,0.0,0.0,0.0,0.0
138,0.5,1.0,1.0,0.5,0.0,0.3333333333333333,1.0,0.5,0.0,1.0,0.0,1.0,1.0,0.0,0.5,1.0,0.0,0.0,1.0,0.0,1.0,0.3333333333333333,1.0,0.0,0.0,0.0,0.0,0.0,0.0,0.0,0.0,0.0,0.0,0.0,0.0
139,0.16666666666666666,0.0,1.0,0.5,0.0,1.0,1.0,0.5,0.0,0.0,0.0,1.0,1.0,0.0,0.5,0.0,0.0,0.0,0.0,0.0,0.0,0.0,0.0,0.0,0.0,0.0,0.0,0.0,0.0,0.0,0.0,0.0,0.0,0.0,0.0
140,0.6666666666666666,0.0,1.0,0.5,0.0,0.6666666666666666,1.0,1.0,0.5,0.5,0.0,1.0,1.0,0.0,0.5,0.0,0.0,0.0,1.0,0.0,0.0,1.0,1.0,1.0,0.0,0.0,0.0,0.0,0.0,0.0,0.0,0.0,0.0,0.0,0.0
141,0.3333333333333333,1.0,1.0,0.5,0.0,0.6666666666666666,1.0,0.5,0.0,1.0,0.0,1.0,1.0,0.0,0.5,0.0,0.0,0.0,0.0,0.0,0.0,0.0,0.0,0.0,0.0,0.0,0.0,0.0,0.0,0.0,0.0,0.0,0.0,0.0,0.0
142,0.3333333333333333,1.0,0.5,0.5,1.0,0.0,0.0,0.5,0.5,0.0,0.0,1.0,1.0,0.0,0.5,0.0,0.0,0.0,0.0,0.0,0.0,0.0,0.0,0.0,0.0,0.0,0.0,0.0,0.0,0.0,0.0,0.0,0.0,0.0,0.0
143,0.5,1.0,1.0,0.5,0.0,1.0,0.3333333333333333,0.5,0.0,1.0,0.0,1.0,1.0,0.0,0.5,0.0,0.0,0.0,1.0,0.0,1.0,0.3333333333333333,1.0,0.0,0.0,0.0,0.0,0.0,0.0,0.0,0.0,0.0,0.0,0.0,0.0
144,0.5,0.0,1.0,0.5,0.0,1.0,1.0,1.0,1.0,0.0,0.0,1.0,1.0,0.0,0.5,0.0,0.0,0.0,1.0,0.0,0.0,1.0,1.0,1.0,0.0,0.0,0.0,0.0,0.0,0.0,0.0,0.0,0.0,0.0,0.0
145,0.3333333333333333,0.0,1.0,0.5,0.0,0.6666666666666666,0.6666666666666666,0.5,0.0,0.5,0.0,1.0,1.0,0.0,0.5,0.0,0.0,0.0,1.0,0.0,1.0,0.3333333333333333,1.0,0.0,0.0,0.0,0.0,0.0,0.0,0.0,0.0,0.0,0.0,0.0,0.0
146,0.5,0.0,1.0,0.5,0.0,1.0,0.3333333333333333,0.5,0.0,0.0,0.0,1.0,1.0,0.0,0.5,1.0,0.0,0.0,0.0,0.0,0.0,0.0,0.0,0.0,0.0,0.0,0.0,0.0,0.0,0.0,0.0,0.0,0.0,0.0,0.0
147,0.5,1.0,1.0,0.5,0.0,1.0,0.3333333333333333,0.5,0.0,1.0,0.0,1.0,1.0,0.0,0.5,1.0,0.0,0.0,1.0,0.0,1.0,0.3333333333333333,1.0,0.0,0.0,0.0,0.0,0.0,0.0,0.0,0.0,0.0,0.0,0.0,0.0
148,0.3333333333333333,1.0,1.0,0.5,0.0,1.0,1.0,1.0,1.0,1.0,0.0,1.0,1.0,0.0,0.5,1.0,0.0,0.0,0.0,0.0,0.0,0.0,0.0,0.0,0.0,0.0,0.0,0.0,0.0,0.0,0.0,0.0,0.0,0.0,0.0
149,0.8333333333333333,1.0,1.0,0.5,0.0,1.0,1.0,1.0,0.0,1.0,0.0,1.0,1.0,0.0,0.5,0.0,0.0,0.0,1.0,0.0,0.0,1.0,1.0,1.0,0.0,0.0,0.0,0.0,0.0,0.0,0.0,0.0,0.0,0.0,0.0
150,0.8333333333333333,0.0,1.0,0.5,1.0,1.0,1.0,0.5,0.5,0.0,0.0,1.0,1.0,0.0,0.0,1.0,0.0,0.0,0.0,0.0,0.0,0.0,0.0,0.0,0.0,0.0,0.0,0.0,0.0,0.0,0.0,0.0,0.0,0.0,0.0
151,0.6666666666666666,0.0,1.0,1.0,1.0,0.6666666666666666,1.0,0.5,0.5,0.5,0.0,1.0,1.0,0.0,0.0,1.0,0.0,0.0,0.0,0.0,0.0,0.0,0.0,0.0,0.0,0.0,0.0,0.0,0.0,0.0,0.0,0.0,0.0,0.0,0.0
152,0.3333333333333333,0.0,0.5,0.5,0.0,0.0,0.0,0.0,0.0,0.0,0.0,1.0,0.5,0.0,0.0,0.0,0.0,0.0,0.0,0.0,0.0,0.0,0.0,0.0,0.0,0.0,0.0,0.0,0.0,0.0,0.0,0.0,0.0,0.0,0.0
153,0.5,0.0,0.5,0.5,0.0,0.3333333333333333,0.6666666666666666,0.0,0.0,0.0,0.0,1.0,0.5,0.0,0.0,1.0,0.0,0.0,0.0,0.0,0.0,0.0,0.0,0.0,0.0,0.0,0.0,0.0,0.0,0.0,0.0,0.0,0.0,0.0,0.0
154,0.5,0.0,0.5,0.5,0.0,1.0,0.6666666666666666,0.0,0.0,0.0,0.0,1.0,0.5,0.0,0.0,1.0,1.0,0.0,0.0,0.0,0.0,0.0,0.0,0.0,0.0,0.0,0.0,0.0,0.0,0.0,0.0,0.0,0.0,0.0,0.0
155,0.5,0.0,1.0,0.5,1.0,0.6666666666666666,0.3333333333333333,0.5,0.5,0.0,0.0,1.0,1.0,0.0,0.0,1.0,0.0,0.0,0.0,0.0,0.0,0.0,0.0,0.0,0.0,0.0,0.0,0.0,0.0,0.0,0.0,0.0,0.0,0.0,0.0
156,0.5,0.0,0.5,0.5,0.0,0.3333333333333333,0.0,0.0,0.0,0.5,0.0,1.0,0.5,0.0,0.0,1.0,0.0,0.0,0.0,0.0,0.0,0.0,0.0,0.0,0.0,0.0,0.0,0.0,0.0,0.0,0.0,0.0,0.0,0.0,0.0
157,0.6666666666666666,0.0,1.0,0.5,1.0,0.0,1.0,0.5,0.5,0.5,0.0,1.0,1.0,0.0,0.0,1.0,0.0,0.0,0.0,0.0,0.0,0.0,0.0,0.0,0.0,0.0,0.0,0.0,0.0,0.0,0.0,0.0,0.0,0.0,0.0
158,0.3333333333333333,0.0,0.5,0.5,0.0,1.0,0.3333333333333333,0.0,0.0,0.0,0.0,1.0,0.5,0.0,0.0,1.0,0.0,0.0,0.0,0.0,0.0,0.0,0.0,0.0,0.0,0.0,0.0,0.0,0.0,0.0,0.0,0.0,0.0,0.0,0.0
159,0.6666666666666666,1.0,1.0,1.0,1.0,0.6666666666666666,0.3333333333333333,0.5,0.5,1.0,0.0,1.0,1.0,0.0,0.0,1.0,0.0,0.0,0.0,0.0,0.0,0.0,0.0,0.0,0.0,0.0,0.0,0.0,0.0,0.0,0.0,0.0,0.0,0.0,0.0
160,0.3333333333333333,1.0,0.5,1.0,0.0,0.6666666666666666,0.6666666666666666,0.0,0.0,1.0,0.0,1.0,0.5,0.5,0.0,0.0,0.0,0.0,0.0,0.0,0.0,0.0,0.0,0.0,0.0,0.0,0.0,0.0,0.0,0.0,0.0,0.0,0.0,0.0,1.0
161,0.5,0.0,1.0,0.0,1.0,0.6666666666666666,1.0,0.5,0.5,0.5,1.0,1.0,1.0,0.5,0.0,1.0,0.0,0.0,0.0,0.0,0.0,0.0,0.0,0.0,0.0,0.0,0.0,0.0,0.0,1.0,1.0,1.0,0.0,0.0,0.0
162,0.3333333333333333,0.0,0.5,0.0,0.0,0.0,0.0,0.0,0.0,0.0,0.0,1.0,0.5,0.5,0.0,0.0,0.0,0.0,0.0,0.0,0.0,0.0,0.0,0.0,0.0,0.0,0.0,0.0,0.0,0.0,0.0,0.0,0.0,0.0,0.0
163,0.6666666666666666,1.0,1.0,0.5,0.0,1.0,0.0,0.5,0.0,1.0,0.0,1.0,0.5,0.0,0.0,1.0,1.0,0.0,0.0,0.0,0.0,0.0,0.0,0.0,0.0,0.0,0.0,0.0,0.0,0.0,0.0,0.0,1.0,0.0,0.5
164,0.5,0.0,1.0,0.5,1.0,0.3333333333333333,0.3333333333333333,0.5,0.0,0.5,0.0,1.0,0.5,0.5,0.0,1.0,0.0,0.0,0.0,0.0,0.0,0.0,0.0,0.0,0.0,0.0,0.0,0.0,0.0,1.0,1.0,1.0,1.0,0.0,0.5
165,0.5,1.0,0.5,0.0,0.0,0.6666666666666666,0.0,0.0,0.0,1.0,0.0,1.0,1.0,0.5,0.0,0.0,0.0,0.0,0.0,0.0,0.0,0.0,0.0,0.0,0.0,0.0,0.0,0.0,0.0,0.0,0.0,0.0,0.0,0.0,0.5
166,0.5,0.0,0.5,0.5,1.0,0.6666666666666666,1.0,0.0,0.0,0.5,1.0,1.0,0.5,0.5,0.0,1.0,0.0,0.0,0.0,0.0,0.0,0.0,0.0,0.0,0.0,0.0,0.0,0.0,0.0,1.0,1.0,1.0,1.0,0.0,0.0
167,0.5,1.0,1.0,0.5,0.0,0.0,0.6666666666666666,0.5,0.0,1.0,0.0,1.0,0.5,0.5,0.0,1.0,0.0,0.0,0.0,0.0,0.0,0.0,0.0,0.0,0.0,0.0,0.0,0.0,0.0,0.0,0.0,0.0,1.0,0.0,0.5
168,0.6666666666666666,0.0,0.5,0.5,1.0,0.3333333333333333,1.0,0.0,0.0,0.5,0.0,1.0,0.5,0.5,0.0,1.0,0.0,0.0,0.0,0.0,0.0,0.0,0.0,0.0,0.0,0.0,0.0,0.0,0.0,1.0,1.0,1.0,1.0,0.0,0.0
169,0.8333333333333333,1.0,0.5,0.5,0.0,0.6666666666666666,0.0,0.0,0.5,1.0,0.0,1.0,0.5,0.5,0.0,1.0,0.0,0.0,0.0,0.0,0.0,0.0,0.0,0.0,0.0,0.0,0.0,0.0,0.0,0.0,0.0,0.0,0.0,0.0,0.5
170,1.0,0.0,1.0,0.0,1.0,0.6666666666666666,0.6666666666666666,0.0,0.0,0.0,0.0,0.0,0.0,1.0,1.0,0.0,0.0,0.0,1.0,1.0,0.0,1.0,0.0,0.0,0.0,0.0,0.0,0.3333333333333333,0.25,1.0,0.0,1.0,0.0,0.0,0.0
171,1.0,0.0,1.0,0.0,0.0,0.6666666666666666,0.6666666666666666,0.0,0.5,0.5,0.0,1.0,1.0,0.0,0.0,0.0,0.0,0.0,1.0,0.0,0.0,1.0,0.0,0.0,0.0,0.0,0.0,0.3333333333333333,0.25,1.0,0.0,1.0,0.0,0.0,0.0
172,0.6666666666666666,0.0,1.0,0.5,1.0,0.3333333333333333,0.3333333333333333,0.0,0.5,1.0,0.0,0.0,0.0,1.0,1.0,0.0,0.0,0.0,0.0,0.0,0.0,1.0,0.0,0.0,0.0,0.0,0.0,0.0,0.0,1.0,0.0,1.0,0.0,0.0,0.0
173,0.6666666666666666,0.0,1.0,0.5,1.0,0.0,0.0,0.0,0.0,0.5,0.0,1.0,1.0,0.0,0.0,0.0,0.0,0.0,0.0,1.0,0.0,1.0,0.0,0.0,0.0,0.0,0.0,0.0,0.0,1.0,0.0,1.0,0.0,0.0,0.0
174,0.6666666666666666,0.0,1.0,0.0,0.0,0.0,0.0,0.0,0.0,1.0,0.0,1.0,1.0,0.0,0.0,0.0,0.0,0.0,0.0,0.0,0.0,1.0,0.0,0.0,0.0,0.0,0.0,0.0,0.0,1.0,0.0,1.0,0.0,0.0,0.0
175,1.0,0.0,1.0,1.0,0.0,0.6666666666666666,0.6666666666666666,0.0,0.0,0.5,0.0,1.0,1.0,0.0,0.0,0.0,0.0,0.0,1.0,0.0,0.0,1.0,0.0,0.0,0.0,0.0,0.0,0.3333333333333333,0.25,1.0,0.0,1.0,0.0,0.0,0.0
176,0.5,0.0,1.0,0.0,1.0,0.0,0.0,0.0,0.0,0.5,0.0,0.0,0.0,1.0,1.0,0.0,0.0,0.0,0.0,1.0,0.0,1.0,0.0,0.0,0.0,0.0,0.0,0.0,0.0,1.0,0.0,1.0,0.0,0.0,0.0
177,0.5,0.0,1.0,0.5,1.0,1.0,1.0,0.0,0.5,0.5,0.0,0.0,0.0,1.0,1.0,0.0,0.0,0.0,0.0,0.0,0.0,1.0,0.0,0.0,0.0,0.0,0.0,0.0,0.0,1.0,0.0,1.0,0.0,0.0,0.0
178,0.8333333333333333,0.0,1.0,0.5,0.0,0.3333333333333333,0.3333333333333333,0.0,0.0,0.0,0.0,1.0,1.0,0.0,0.0,0.0,0.0,0.0,1.0,0.0,0.0,1.0,0.0,0.0,0.0,0.0,0.0,0.3333333333333333,0.25,1.0,0.0,1.0,0.0,0.0,0.0
179,0.6666666666666666,0.0,1.0,0.5,0.0,0.0,0.0,0.0,0.5,0.5,0.0,0.0,0.0,1.0,1.0,0.0,0.0,0.0,1.0,0.0,0.0,1.0,0.0,0.0,0.0,0.0,0.0,0.0,0.0,1.0,0.0,1.0,0.0,0.0,0.0
180,0.8333333333333333,1.0,1.0,0.5,0.0,1.0,1.0,0.5,0.5,0.0,0.0,0.0,0.0,1.0,1.0,0.0,0.0,0.0,1.0,0.0,1.0,0.6666666666666666,0.0,0.0,0.0,0.0,0.0,0.3333333333333333,0.5,0.0,0.0,0.0,0.0,0.0,0.0
181,0.8333333333333333,1.0,1.0,1.0,1.0,0.6666666666666666,0.6666666666666666,0.0,0.5,1.0,0.0,1.0,0.0,1.0,1.0,0.0,0.0,0.0,1.0,0.0,1.0,0.3333333333333333,1.0,1.0,0.0,0.0,0.0,0.3333333333333333,0.5,1.0,1.0,1.0,0.0,1.0,0.0
182,1.0,0.0,1.0,0.5,0.0,0.3333333333333333,0.3333333333333333,0.5,0.5,0.5,0.0,0.0,0.0,1.0,1.0,0.0,0.0,0.0,1.0,0.0,1.0,0.6666666666666666,1.0,0.0,0.0,0.0,0.0,0.3333333333333333,0.5,1.0,1.0,0.0,1.0,1.0,0.0
183,0.3333333333333333,1.0,1.0,1.0,1.0,0.0,0.0,0.5,0.0,0.0,1.0,1.0,0.0,1.0,1.0,0.0,0.0,0.0,1.0,0.0,0.6666666666666666,0.3333333333333333,0.0,1.0,0.0,0.0,0.0,0.0,0.0,0.0,0.0,0.0,0.0,0.0,0.0
184,0.5,0.0,1.0,0.5,0.0,1.0,1.0,0.5,0.0,0.0,1.0,1.0,0.0,1.0,1.0,0.0,0.0,0.0,1.0,0.0,1.0,0.6666666666666666,1.0,1.0,0.0,0.0,0.0,0.3333333333333333,0.5,1.0,1.0,1.0,0.0,0.0,0.0
185,0.6666666666666666,1.0,1.0,1.0,1.0,0.6666666666666666,0.6666666666666666,0.5,0.0,0.5,1.0,1.0,0.0,1.0,1.0,0.0,0.0,0.0,1.0,0.0,1.0,0.3333333333333333,1.0,1.0,0.0,0.0,0.0,0.3333333333333333,0.5,0.0,0.0,0.0,0.0,0.0,0.0
186,1.0,0.0,1.0,0.5,0.0,0.6666666666666666,0.6666666666666666,0.5,0.0,0.5,0.0,0.0,0.0,1.0,1.0,0.0,0.0,0.0,1.0,0.0,1.0,0.6666666666666666,1.0,0.0,0.0,0.0,0.0,0.3333333333333333,0.5,1.0,1.0,0.0,1.0,1.0,0.0
187,0.16666666666666666,0.0,1.0,0.5,0.0,0.3333333333333333,0.3333333333333333,0.5,0.5,0.5,1.0,1.0,0.0,1.0,1.0,0.0,0.0,0.0,1.0,0.0,0.6666666666666666,0.6666666666666666,0.0,1.0,0.0,0.0,0.0,0.0,0.0,1.0,0.0,1.0,0.0,0.0,0.0
188,1.0,1.0,1.0,0.5,0.0,0.6666666666666666,0.6666666666666666,0.5,0.5,0.5,0.0,0.0,0.0,1.0,1.0,0.0,0.0,0.0,1.0,0.0,1.0,0.6666666666666666,1.0,0.0,0.0,0.0,0.0,0.3333333333333333,0.5,1.0,1.0,0.0,1.0,1.0,0.0
189,0.8333333333333333,0.0,1.0,0.5,0.0,0.3333333333333333,0.3333333333333333,0.5,1.0,1.0,1.0,1.0,0.0,1.0,1.0,0.0,0.0,0.0,1.0,0.0,1.0,0.6666666666666666,1.0,1.0,0.0,0.0,0.0,0.3333333333333333,0.5,1.0,1.0,1.0,0.0,0.0,0.0
190,0.8333333333333333,1.0,1.0,1.0,1.0,1.0,1.0,0.0,0.5,1.0,1.0,1.0,0.0,1.0,1.0,0.0,0.0,0.0,1.0,1.0,1.0,0.6666666666666666,1.0,1.0,0.0,0.0,0.0,0.3333333333333333,0.5,0.0,0.0,0.0,0.0,0.0,0.0
191,0.0,0.0,1.0,0.5,0.0,1.0,1.0,0.5,0.5,1.0,1.0,1.0,0.0,1.0,1.0,0.0,0.0,0.0,1.0,0.0,0.6666666666666666,0.6666666666666666,0.0,1.0,0.0,0.0,0.0,0.0,0.0,1.0,1.0,0.0,1.0,0.0,0.0
192,1.0,0.0,1.0,0.5,0.0,0.6666666666666666,0.6666666666666666,0.0,0.0,0.0,1.0,1.0,0.0,1.0,1.0,0.0,0.0,0.0,1.0,0.0,1.0,0.3333333333333333,1.0,1.0,0.0,0.0,0.0,0.3333333333333333,0.5,1.0,0.0,1.0,1.0,1.0,0.0
193,0.8333333333333333,1.0,1.0,0.5,0.0,0.3333333333333333,0.3333333333333333,0.5,0.0,0.5,0.0,0.0,0.0,1.0,1.0,0.0,0.0,0.0,1.0,0.0,1.0,0.6666666666666666,0.0,0.0,0.0,0.0,0.0,0.3333333333333333,0.5,1.0,1.0,0.0,1.0,1.0,0.0
194,0.8333333333333333,0.0,1.0,0.5,0.0,0.6666666666666666,0.6666666666666666,0.5,0.0,1.0,0.0,0.0,0.0,1.0,1.0,0.0,0.0,0.0,1.0,0.0,1.0,0.6666666666666666,1.0,0.0,0.0,0.0,0.0,0.3333333333333333,0.5,0.0,0.0,0.0,0.0,0.0,0.0
195,1.0,1.0,1.0,1.0,1.0,0.0,0.0,0.5,0.0,0.5,0.0,1.0,0.0,1.0,1.0,0.0,0.0,0.0,1.0,0.0,1.0,0.3333333333333333,1.0,1.0,0.0,0.0,0.0,0.3333333333333333,0.5,0.0,0.0,0.0,0.0,0.0,0.0
196,0.8333333333333333,0.0,1.0,0.5,0.0,0.3333333333333333,0.3333333333333333,0.5,0.0,0.0,0.0,0.0,0.0,1.0,1.0,0.0,0.0,0.0,1.0,0.0,1.0,0.6666666666666666,1.0,0.0,0.0,0.0,0.0,0.3333333333333333,0.5,1.0,1.0,0.0,1.0,1.0,0.0
197,1.0,1.0,1.0,1.0,1.0,1.0,1.0,0.0,1.0,0.5,0.0,1.0,0.0,1.0,1.0,0.0,0.0,0.0,1.0,1.0,1.0,0.6666666666666666,1.0,1.0,0.0,0.0,0.0,0.3333333333333333,0.5,0.0,0.0,0.0,0.0,0.0,0.0
198,0.8333333333333333,1.0,1.0,0.5,0.0,1.0,1.0,0.5,0.0,0.5,0.0,0.0,0.0,1.0,1.0,0.0,0.0,0.0,1.0,0.0,1.0,0.6666666666666666,0.0,0.0,0.0,0.0,0.0,0.3333333333333333,0.5,1.0,1.0,0.0,1.0,1.0,0.0
199,0.8333333333333333,1.0,1.0,0.5,0.0,0.6666666666666666,0.6666666666666666,0.5,0.5,0.5,0.0,0.0,0.0,1.0,1.0,0.0,0.0,0.0,1.0,0.0,1.0,0.6666666666666666,0.0,0.0,0.0,0.0,0.0,0.3333333333333333,0.5,1.0,1.0,0.0,1.0,1.0,0.0
200,0.5,1.0,0.5,0.5,0.0,0.0,0.6666666666666666,0.0,0.0,1.0,0.0,1.0,1.0,0.0,0.5,0.0,0.0,0.0,0.0,0.0,0.0,0.0,0.0,0.0,0.0,0.0,0.0,0.0,0.0,0.0,0.0,0.0,0.0,0.0,0.0
201,0.5,0.0,0.0,0.5,1.0,0.0,0.6666666666666666,0.0,0.0,0.5,0.0,1.0,1.0,0.0,0.5,0.0,1.0,0.0,0.0,0.0,0.0,0.0,0.0,0.0,0.0,0.0,0.0,0.0,0.0,0.0,0.0,0.0,0.0,0.0,0.0
202,0.5,1.0,0.5,0.5,0.0,0.0,0.0,0.0,0.0,0.0,0.0,1.0,1.0,0.0,0.5,0.0,0.0,0.0,0.0,0.0,0.0,0.0,0.0,0.0,0.0,0.0,0.0,0.0,0.0,0.0,0.0,0.0,0.0,0.0,0.0
203,0.5,0.0,0.0,0.5,1.0,0.6666666666666666,0.0,0.0,0.0,0.0,0.0,1.0,1.0,0.0,0.5,0.0,0.0,0.0,0.0,0.0,0.0,0.0,0.0,0.0,0.0,0.0,0.0,0.0,0.0,0.0,0.0,0.0,0.0,0.0,0.0
204,0.5,1.0,0.5,1.0,0.0,1.0,0.6666666666666666,0.0,0.5,0.5,0.0,1.0,1.0,0.0,0.5,1.0,1.0,0.0,0.0,0.0,0.0,0.0,0.0,0.0,0.0,0.0,0.0,0.0,0.0,0.0,0.0,0.0,0.0,0.0,0.0
205,0.3333333333333333,0.0,0.0,0.5,1.0,0.0,1.0,0.0,1.0,1.0,0.0,1.0,1.0,0.0,0.5,0.0,0.0,0.0,0.0,0.0,0.0,0.0,0.0,0.0,0.0,0.0,0.0,0.0,0.0,0.0,0.0,0.0,0.0,0.0,0.0
206,0.16666666666666666,0.0,0.0,1.0,1.0,1.0,0.6666666666666666,0.5,0.5,0.5,0.0,1.0,1.0,0.0,0.5,1.0,1.0,0.0,0.0,0.0,0.0,0.0,0.0,0.0,0.0,0.0,0.0,0.0,0.0,0.0,0.0,0.0,0.0,0.0,0.0
207,0.3333333333333333,1.0,0.5,0.5,0.0,0.6666666666666666,0.6666666666666666,0.5,0.5,0.5,0.0,1.0,1.0,0.0,0.5,0.0,1.0,0.0,0.0,0.0,0.0,0.0,0.0,0.0,0.0,0.0,0.0,0.0,0.0,0.0,0.0,0.0,0.0,0.0,0.0
208,0.3333333333333333,0.0,0.0,1.0,1.0,1.0,0.0,0.5,0.5,0.0,1.0,1.0,1.0,0.0,0.5,1.0,0.0,0.0,0.0,0.0,0.0,0.0,0.0,0.0,0.0,0.0,0.0,0.0,0.0,0.0,0.0,0.0,0.0,0.0,0.0
209,0.3333333333333333,1.0,0.5,1.0,0.0,1.0,1.0,0.0,1.0,1.0,0.0,1.0,1.0,0.0,0.5,1.0,0.0,0.0,0.0,0.0,0.0,0.0,0.0,0.0,0.0,0.0,0.0,0.0,0.0,0.0,0.0,0.0,0.0,0.0,0.0
210,0.6666666666666666,1.0,1.0,0.5,0.0,0.3333333333333333,0.3333333333333333,0.5,0.5,1.0,0.0,1.0,1.0,0.0,0.5,0.0,0.0,0.0,0.0,0.0,0.0,0.0,0.0,0.0,0.0,0.0,0.0,0.0,0.0,0.0,0.0,0.0,0.0,0.0,0.0
211,0.6666666666666666,0.0,0.5,0.5,0.0,1.0,1.0,0.5,0.0,0.5,0.0,1.0,1.0,0.0,0.5,0.0,0.0,0.0,0.0,0.0,0.0,0.0,0.0,0.0,0.0,0.0,0.0,0.0,0.0,0.0,0.0,0.0,0.0,0.0,0.0
212,0.5,0.0,1.0,0.5,0.0,0.0,0.0,0.5,0.0,0.5,0.0,1.0,1.0,0.0,0.5,0.0,0.0,0.0,0.0,0.0,0.0,0.0,0.0,0.0,0.0,0.0,0.0,0.0,0.0,0.0,0.0,0.0,0.0,0.0,0.0
213,1.0,0.0,1.0,1.0,0.0,1.0,1.0,0.0,0.5,0.5,0.0,1.0,1.0,0.0,0.5,0.0,0.0,0.0,0.0,0.0,0.0,0.0,0.0,0.0,0.0,0.0,0.0,0.0,0.0,0.0,0.0,0.0,0.0,0.0,0.0
214,1.0,0.0,0.5,0.5,1.0,0.6666666666666666,0.6666666666666666,0.0,1.0,1.0,0.0,1.0,1.0,0.0,0.5,0.0,0.0,0.0,0.0,0.0,0.0,0.0,0.0,0.0,0.0,0.0,0.0,0.0,0.0,1.0,0.0,1.0,0.0,0.0,0.0
215,0.8333333333333333,0.0,1.0,1.0,0.0,1.0,1.0,0.5,0.0,0.5,0.0,1.0,1.0,0.0,0.5,0.0,0.0,0.0,0.0,0.0,0.0,0.0,0.0,0.0,0.0,0.0,0.0,0.0,0.0,0.0,0.0,0.0,0.0,0.0,0.0
216,1.0,0.0,0.5,0.5,0.0,1.0,1.0,0.0,0.5,0.5,0.0,1.0,1.0,0.0,0.5,0.0,0.0,0.0,0.0,0.0,0.0,0.0,0.0,0.0,0.0,0.0,0.0,0.0,0.0,0.0,0.0,0.0,0.0,0.0,0.0
217,0.8333333333333333,1.0,1.0,1.0,0.0,1.0,0.3333333333333333,0.0,0.0,1.0,0.0,1.0,1.0,0.0,0.5,0.0,0.0,0.0,0.0,0.0,0.0,0.0,0.0,0.0,0.0,0.0,0.0,0.0,0.0,0.0,0.0,0.0,0.0,0.0,0.0
218,1.0,0.0,1.0,1.0,0.0,1.0,1.0,0.0,0.5,0.5,0.0,1.0,1.0,0.0,0.5,0.0,0.0,0.0,0.0,0.0,0.0,0.0,0.0,0.0,0.0,0.0,0.0,0.0,0.0,0.0,0.0,0.0,0.0,0.0,0.0
219,1.0,0.0,1.0,1.0,0.0,1.0,0.6666666666666666,0.5,0.5,0.0,0.0,1.0,1.0,0.0,0.5,0.0,0.0,0.0,0.0,0.0,0.0,0.0,0.0,0.0,0.0,0.0,0.0,0.0,0.0,0.0,0.0,0.0,0.0,0.0,0.0
220,0.8333333333333333,0.0,1.0,1.0,0.0,0.6666666666666666,1.0,0.0,0.0,0.5,0.0,1.0,1.0,0.0,0.5,0.0,0.0,0.0,0.0,0.0,0.0,0.0,0.0,0.0,0.0,0.0,0.0,0.0,0.0,0.0,0.0,0.0,0.0,0.0,0.0
221,0.6666666666666666,1.0,1.0,0.5,0.0,1.0,0.0,0.5,0.5,1.0,0.0,1.0,1.0,0.0,0.5,0.0,0.0,0.0,0.0,0.0,0.0,0.0,0.0,0.0,0.0,0.0,0.0,0.0,0.0,0.0,0.0,0.0,0.0,0.0,0.0
222,1.0,0.0,1.0,0.5,0.0,0.3333333333333333,0.3333333333333333,0.0,0.5,0.0,0.0,1.0,1.0,0.0,0.5,1.0,0.0,0.0,0.0,0.0,0.0,0.0,0.0,0.0,0.0,0.0,0.0,0.0,0.0,0.0,0.0,0.0,0.0,0.0,0.0
223,0.8333333333333333,0.0,1.0,1.0,0.0,0.6666666666666666,0.6666666666666666,0.5,0.0,0.0,0.0,1.0,1.0,0.0,0.5,0.0,0.0,0.0,0.0,0.0,0.0,0.0,0.0,0.0,0.0,0.0,0.0,0.0,0.0,0.0,0.0,0.0,0.0,0.0,0.0
224,0.8333333333333333,1.0,1.0,0.5,0.0,0.0,0.0,0.0,0.0,1.0,0.0,1.0,1.0,0.0,0.5,0.0,0.0,0.0,0.0,0.0,0.0,0.0,0.0,0.0,0.0,0.0,0.0,0.0,0.0,0.0,0.0,0.0,0.0,0.0,0.0
225,0.6666666666666666,0.0,1.0,0.5,0.0,0.6666666666666666,0.6666666666666666,0.0,0.0,0.5,0.0,1.0,1.0,0.0,0.5,0.0,0.0,0.0,0.0,0.0,0.0,0.0,0.0,0.0,0.0,0.0,0.0,0.0,0.0,0.0,0.0,0.0,0.0,0.0,0.0
226,0.6666666666666666,0.0,1.0,0.5,0.0,0.3333333333333333,0.3333333333333333,0.5,0.5,0.5,0.0,1.0,1.0,0.0,0.5,1.0,0.0,0.0,0.0,0.0,0.0,0.0,0.0,0.0,0.0,0.0,0.0,0.0,0.0,0.0,0.0,0.0,0.0,0.0,0.0
227,0.8333333333333333,0.0,1.0,0.5,0.0,0.6666666666666666,0.3333333333333333,0.0,0.0,0.0,0.0,1.0,1.0,0.0,0.5,0.0,0.0,0.0,0.0,0.0,0.0,0.0,0.0,0.0,0.0,0.0,0.0,0.0,0.0,0.0,0.0,0.0,0.0,0.0,0.0
228,1.0,0.0,1.0,1.0,0.0,1.0,0.6666666666666666,0.0,0.5,0.0,0.0,1.0,1.0,0.0,0.5,0.0,0.0,0.0,0.0,0.0,0.0,0.0,0.0,0.0,0.0,0.0,0.0,0.0,0.0,0.0,0.0,0.0,0.0,0.0,0.0
229,1.0,1.0,1.0,1.0,0.0,0.3333333333333333,0.3333333333333333,0.0,0.5,1.0,0.0,1.0,1.0,0.0,0.5,0.0,0.0,0.0,0.0,0.0,0.0,0.0,0.0,0.0,0.0,0.0,0.0,0.0,0.0,0.0,0.0,0.0,0.0,0.0,0.0
230,0.8333333333333333,1.0,1.0,1.0,0.0,1.0,0.3333333333333333,0.5,0.0,1.0,0.0,1.0,1.0,0.0,0.5,0.0,0.0,0.0,0.0,0.0,0.0,0.0,0.0,0.0,0.0,0.0,0.0,0.0,0.0,0.0,0.0,0.0,0.0,0.0,0.0
231,0.8333333333333333,1.0,1.0,1.0,0.0,1.0,1.0,0.5,0.5,0.5,0.0,1.0,1.0,0.0,0.5,0.0,0.0,0.0,0.0,0.0,0.0,0.0,0.0,0.0,0.0,0.0,0.0,0.0,0.0,0.0,0.0,0.0,0.0,0.0,0.0
232,0.6666666666666666,1.0,1.0,0.5,0.0,0.6666666666666666,0.3333333333333333,0.0,0.0,1.0,0.0,1.0,1.0,0.0,0.5,1.0,0.0,0.0,0.0,0.0,0.0,0.0,0.0,0.0,0.0,0.0,0.0,0.0,0.0,0.0,0.0,0.0,0.0,0.0,0.0
233,1.0,1.0,0.5,1.0,0.0,0.6666666666666666,0.6666666666666666,0.0,1.0,0.0,0.0,1.0,1.0,0.0,0.5,0.0,0.0,0.0,0.0,0.0,0.0,0.0,0.0,0.0,0.0,0.0,0.0,0.0,0.0,1.0,0.0,1.0,0.0,0.0,0.0
234,0.6666666666666666,1.0,1.0,0.5,0.0,0.3333333333333333,0.6666666666666666,0.5,0.5,1.0,0.0,1.0,1.0,0.0,0.5,0.0,0.0,0.0,0.0,0.0,0.0,0.0,0.0,0.0,0.0,0.0,0.0,0.0,0.0,0.0,0.0,0.0,0.0,0.0,0.0
235,1.0,1.0,1.0,1.0,0.0,0.6666666666666666,0.3333333333333333,0.0,0.5,1.0,0.0,1.0,1.0,0.0,0.5,0.0,0.0,0.0,0.0,0.0,0.0,0.0,0.0,0.0,0.0,0.0,0.0,0.0,0.0,0.0,0.0,0.0,0.0,0.0,0.0
236,0.6666666666666666,1.0,1.0,0.5,0.0,0.0,1.0,0.0,0.0,1.0,0.0,1.0,1.0,0.0,0.5,0.0,0.0,0.0,0.0,0.0,0.0,0.0,0.0,0.0,0.0,0.0,0.0,0.0,0.0,0.0,0.0,0.0,0.0,0.0,0.0
237,0.6666666666666666,0.0,1.0,1.0,0.0,1.0,1.0,0.5,0.0,0.0,0.0,1.0,1.0,0.0,0.5,0.0,0.0,0.0,0.0,0.0,0.0,0.0,0.0,0.0,0.0,0.0,0.0,0.0,0.0,0.0,0.0,0.0,0.0,0.0,0.0
238,0.8333333333333333,0.0,1.0,1.0,0.0,0.6666666666666666,1.0,0.5,0.0,0.5,0.0,1.0,1.0,0.0,0.5,0.0,0.0,0.0,0.0,0.0,0.0,0.0,0.0,0.0,0.0,0.0,0.0,0.0,0.0,0.0,0.0,0.0,0.0,0.0,0.0
239,0.5,0.0,1.0,0.5,0.0,0.0,0.0,0.5,0.0,0.0,0.0,1.0,1.0,0.0,0.5,0.0,0.0,0.0,0.0,0.0,0.0,0.0,0.0,0.0,0.0,0.0,0.0,0.0,0.0,0.0,0.0,0.0,0.0,0.0,0.0
240,0.8333333333333333,0.0,1.0,0.5,0.0,0.3333333333333333,0.6666666666666666,0.0,0.5,0.0,0.0,1.0,1.0,0.0,0.5,1.0,0.0,0.0,0.0,0.0,0.0,0.0,0.0,0.0,0.0,0.0,0.0,0.0,0.0,0.0,0.0,0.0,0.0,0.0,0.0
241,0.8333333333333333,0.0,1.0,1.0,0.0,0.3333333333333333,0.3333333333333333,0.0,0.5,0.5,0.0,1.0,1.0,0.0,0.5,0.0,0.0,0.0,0.0,0.0,0.0,0.0,0.0,0.0,0.0,0.0,0.0,0.0,0.0,0.0,0.0,0.0,0.0,0.0,0.0
242,0.6666666666666666,0.0,1.0,1.0,0.0,0.3333333333333333,0.3333333333333333,0.5,0.0,1.0,0.0,1.0,1.0,0.0,0.5,0.0,0.0,0.0,0.0,0.0,0.0,0.0,0.0,0.0,0.0,0.0,0.0,0.0,0.0,0.0,0.0,0.0,0.0,0.0,0.0
243,0.8333333333333333,1.0,1.0,0.5,0.0,1.0,1.0,0.0,0.5,1.0,0.0,1.0,1.0,0.0,0.5,1.0,0.0,0.0,0.0,0.0,0.0,0.0,0.0,0.0,0.0,0.0,0.0,0.0,0.0,0.0,0.0,0.0,0.0,0.0,0.0
244,1.0,0.0,1.0,0.5,0.0,0.6666666666666666,0.3333333333333333,0.0,0.0,0.5,0.0,1.0,1.0,0.0,0.5,1.0,0.0,0.0,0.0,0.0,0.0,0.0,0.0,0.0,0.0,0.0,0.0,0.0,0.0,0.0,0.0,0.0,0.0,0.0,0.0
245,0.8333333333333333,0.0,1.0,0.5,0.0,0.0,1.0,0.0,0.0,0.0,0.0,1.0,1.0,0.0,0.5,0.0,0.0,0.0,0.0,0.0,0.0,0.0,0.0,0.0,0.0,0.0,0.0,0.0,0.0,0.0,0.0,0.0,0.0,0.0,0.0
246,1.0,0.0,1.0,0.5,0.0,0.0,1.0,0.0,0.0,0.5,0.0,1.0,1.0,0.0,0.5,0.0,0.0,0.0,0.0,0.0,0.0,0.0,0.0,0.0,0.0,0.0,0.0,0.0,0.0,0.0,0.0,0.0,0.0,0.0,0.0
247,0.8333333333333333,1.0,1.0,1.0,0.0,0.6666666666666666,0.3333333333333333,0.5,0.0,1.0,0.0,1.0,1.0,0.0,0.5,0.0,0.0,0.0,0.0,0.0,0.0,0.0,0.0,0.0,0.0,0.0,0.0,0.0,0.0,0.0,0.0,0.0,0.0,0.0,0.0
248,0.8333333333333333,0.0,1.0,0.5,0.0,1.0,0.0,0.0,0.5,0.0,0.0,1.0,1.0,0.0,0.5,1.0,0.0,0.0,0.0,0.0,0.0,0.0,0.0,0.0,0.0,0.0,0.0,0.0,0.0,0.0,0.0,0.0,0.0,0.0,0.0
249,1.0,0.0,1.0,0.5,0.0,0.3333333333333333,0.6666666666666666,0.0,0.5,0.5,0.0,1.0,1.0,0.0,0.5,1.0,0.0,0.0,0.0,0.0,0.0,0.0,0.0,0.0,0.0,0.0,0.0,0.0,0.0,0.0,0.0,0.0,0.0,0.0,0.0
250,1.0,0.0,0.5,1.0,0.0,1.0,1.0,0.0,0.0,0.0,0.0,1.0,1.0,0.0,0.5,0.0,0.0,0.0,1.0,0.0,1.0,0.6666666666666666,1.0,1.0,0.0,0.0,0.0,0.3333333333333333,0.5,1.0,0.0,0.0,0.0,0.0,0.0
251,0.6666666666666666,0.0,0.5,1.0,0.0,0.3333333333333333,0.3333333333333333,0.0,0.5,0.5,0.0,1.0,1.0,0.0,0.5,0.0,0.0,0.0,0.0,0.0,0.0,0.0,0.0,0.0,0.0,0.0,0.0,0.0,0.0,0.0,0.0,0.0,0.0,0.0,0.0
252,0.8333333333333333,0.0,0.5,0.5,0.0,0.6666666666666666,0.3333333333333333,0.0,0.0,0.0,0.0,1.0,1.0,0.0,0.5,0.0,0.0,0.0,1.0,0.0,1.0,0.3333333333333333,0.0,1.0,0.0,0.0,0.0,0.0,0.0,0.0,0.0,0.0,0.0,0.0,0.0
253,0.8333333333333333,1.0,1.0,0.5,0.0,1.0,0.6666666666666666,0.0,0.0,1.0,0.0,1.0,1.0,0.0,0.5,0.0,0.0,0.0,0.0,0.0,0.0,0.0,0.0,0.0,0.0,0.0,0.0,0.0,0.0,0.0,0.0,0.0,0.0,0.0,0.0
254,1.0,1.0,1.0,1.0,0.0,1.0,1.0,0.0,0.5,1.0,0.0,1.0,1.0,0.0,0.5,0.0,0.0,0.0,1.0,0.0,1.0,0.6666666666666666,0.0,1.0,0.0,0.0,0.0,0.3333333333333333,0.25,0.0,0.0,0.0,0.0,0.0,0.0
255,0.6666666666666666,0.0,0.5,0.5,0.0,1.0,1.0,0.5,0.5,0.0,0.0,1.0,1.0,0.0,0.5,0.0,0.0,0.0,0.0,0.0,0.0,0.0,0.0,0.0,0.0,0.0,0.0,0.0,0.0,0.0,0.0,0.0,0.0,0.0,0.0
256,0.5,0.0,1.0,0.5,0.0,0.6666666666666666,1.0,0.0,0.5,0.5,0.0,1.0,1.0,0.0,0.5,0.0,0.0,0.0,1.0,0.0,1.0,0.6666666666666666,0.0,1.0,0.0,0.0,0.0,0.3333333333333333,0.25,0.0,0.0,0.0,0.0,0.0,0.0
257,0.8333333333333333,0.0,1.0,1.0,0.0,0.6666666666666666,0.6666666666666666,0.0,0.0,0.5,0.0,1.0,1.0,0.0,0.5,0.0,0.0,0.0,1.0,0.0,1.0,0.6666666666666666,0.0,1.0,0.0,0.0,0.0,0.3333333333333333,0.25,0.0,0.0,0.0,0.0,0.0,0.0
258,0.8333333333333333,0.0,1.0,0.5,0.0,0.3333333333333333,0.3333333333333333,0.5,0.5,0.0,0.0,1.0,1.0,0.0,0.5,0.0,0.0,0.0,0.0,0.0,0.0,0.0,0.0,0.0,0.0,0.0,0.0,0.0,0.0,0.0,0.0,0.0,0.0,0.0,0.0
259,0.8333333333333333,0.0,1.0,1.0,0.0,0.6666666666666666,1.0,0.0,0.5,0.5,0.0,1.0,1.0,0.0,0.5,0.0,0.0,0.0,1.0,0.0,1.0,0.6666666666666666,0.0,1.0,0.0,0.0,0.0,0.3333333333333333,0.25,0.0,0.0,0.0,0.0,0.0,0.0
260,0.8333333333333333,0.0,1.0,0.5,0.0,0.0,0.3333333333333333,0.0,0.5,0.5,0.0,1.0,1.0,0.0,0.5,0.0,0.0,0.0,1.0,0.0,1.0,0.6666666666666666,0.0,1.0,0.0,0.0,0.0,0.3333333333333333,0.25,0.0,0.0,0.0,0.0,0.0,0.0
261,0.6666666666666666,0.0,1.0,0.5,0.0,0.6666666666666666,1.0,0.0,0.5,0.0,0.0,1.0,1.0,0.0,0.5,0.0,0.0,0.0,0.0,0.0,0.0,0.0,0.0,0.0,0.0,0.0,0.0,0.0,0.0,0.0,0.0,0.0,0.0,0.0,0.0
262,0.6666666666666666,0.0,1.0,1.0,0.0,0.3333333333333333,0.3333333333333333,0.5,0.5,0.0,0.0,1.0,1.0,0.0,0.5,0.0,0.0,0.0,1.0,0.0,1.0,0.6666666666666666,0.0,1.0,0.0,0.0,0.0,0.3333333333333333,0.25,0.0,0.0,0.0,0.0,0.0,0.0
263,0.6666666666666666,0.0,1.0,0.5,0.0,0.6666666666666666,0.3333333333333333,0.5,0.5,0.5,0.0,1.0,1.0,0.0,0.5,0.0,0.0,0.0,1.0,0.0,1.0,0.3333333333333333,0.0,1.0,0.0,0.0,0.0,0.3333333333333333,0.25,0.0,0.0,0.0,0.0,0.0,0.0
264,0.5,1.0,1.0,0.5,0.0,1.0,0.6666666666666666,0.5,0.0,1.0,0.0,1.0,1.0,0.0,0.5,0.0,0.0,0.0,1.0,0.0,1.0,0.6666666666666666,0.0,1.0,0.0,0.0,0.0,0.3333333333333333,0.25,0.0,0.0,0.0,0.0,0.0,0.0
265,0.8333333333333333,0.0,1.0,0.5,0.0,1.0,0.0,0.5,0.0,0.5,0.0,1.0,1.0,0.0,0.5,0.0,0.0,0.0,1.0,0.0,1.0,0.3333333333333333,0.0,1.0,0.0,0.0,0.0,0.3333333333333333,0.25,0.0,0.0,0.0,0.0,0.0,0.0
266,0.8333333333333333,0.0,1.0,1.0,0.0,0.3333333333333333,0.3333333333333333,0.0,0.5,0.0,0.0,1.0,1.0,0.0,0.5,0.0,0.0,0.0,1.0,0.0,1.0,0.6666666666666666,0.0,1.0,0.0,0.0,0.0,0.3333333333333333,0.25,0.0,0.0,0.0,0.0,0.0,0.0
267,0.6666666666666666,0.0,1.0,1.0,0.0,0.3333333333333333,0.6666666666666666,0.5,0.0,0.0,0.0,1.0,1.0,0.0,0.5,0.0,0.0,0.0,1.0,0.0,1.0,0.6666666666666666,0.0,1.0,0.0,0.0,0.0,0.3333333333333333,0.25,0.0,0.0,0.0,0.0,0.0,0.0
268,0.8333333333333333,0.0,1.0,1.0,0.0,0.6666666666666666,0.3333333333333333,0.0,0.5,0.5,0.0,1.0,1.0,0.0,0.5,0.0,0.0,0.0,1.0,0.0,1.0,0.6666666666666666,0.0,1.0,0.0,0.0,0.0,0.3333333333333333,0.25,0.0,0.0,0.0,0.0,0.0,0.0
269,0.8333333333333333,0.0,1.0,0.5,0.0,1.0,0.0,0.5,0.0,0.0,0.0,1.0,1.0,0.0,0.5,0.0,0.0,0.0,1.0,0.0,1.0,0.3333333333333333,0.0,1.0,0.0,0.0,0.0,0.3333333333333333,0.25,0.0,0.0,0.0,0.0,0.0,0.0
270,0.5,0.0,1.0,0.5,0.0,0.3333333333333333,0.6666666666666666,0.5,0.0,0.5,0.0,1.0,1.0,0.0,0.5,0.0,0.0,0.0,0.0,0.0,0.0,0.0,0.0,0.0,0.0,0.0,0.0,0.0,0.0,0.0,0.0,0.0,0.0,0.0,0.0
271,1.0,0.0,0.5,1.0,0.0,1.0,1.0,0.0,0.5,0.0,0.0,1.0,1.0,0.0,0.5,0.0,0.0,0.0,1.0,0.0,1.0,0.6666666666666666,1.0,0.0,0.0,0.0,0.0,0.3333333333333333,0.5,1.0,0.0,1.0,1.0,1.0,0.0
272,0.8333333333333333,0.0,0.5,0.5,0.0,0.3333333333333333,1.0,0.5,1.0,0.0,0.0,1.0,1.0,0.0,0.5,0.0,0.0,0.0,1.0,0.0,1.0,0.0,1.0,0.0,0.0,0.0,0.0,0.3333333333333333,0.25,0.0,0.0,0.0,0.0,0.0,0.0
273,0.8333333333333333,0.0,1.0,0.5,0.0,1.0,0.6666666666666666,0.5,0.0,0.0,0.0,1.0,1.0,0.0,0.5,0.0,0.0,0.0,1.0,0.0,1.0,0.3333333333333333,0.0,1.0,0.0,0.0,0.0,0.3333333333333333,0.25,0.0,0.0,0.0,0.0,0.0,0.0
274,0.8333333333333333,1.0,1.0,0.5,0.0,1.0,1.0,0.0,0.5,1.0,0.0,1.0,1.0,0.0,0.5,0.0,0.0,0.0,0.0,0.0,0.0,0.0,0.0,0.0,0.0,0.0,0.0,0.0,0.0,0.0,0.0,0.0,0.0,0.0,0.0
275,0.5,1.0,1.0,0.5,0.0,1.0,0.0,0.5,0.0,1.0,0.0,1.0,1.0,0.0,0.5,0.0,0.0,0.0,0.0,0.0,0.0,0.0,0.0,0.0,0.0,0.0,0.0,0.0,0.0,0.0,0.0,0.0,0.0,0.0,0.0
276,1.0,1.0,1.0,1.0,0.0,1.0,0.3333333333333333,0.0,0.5,1.0,0.0,1.0,1.0,0.0,0.5,0.0,0.0,0.0,1.0,0.0,1.0,0.6666666666666666,0.0,1.0,0.0,0.0,0.0,0.3333333333333333,0.25,0.0,0.0,0.0,0.0,0.0,0.0
277,0.6666666666666666,0.0,1.0,0.5,0.0,0.3333333333333333,0.6666666666666666,0.5,0.0,0.5,0.0,1.0,1.0,0.0,0.5,0.0,0.0,0.0,0.0,0.0,0.0,0.0,0.0,0.0,0.0,0.0,0.0,0.0,0.0,0.0,0.0,0.0,0.0,0.0,0.0
278,0.6666666666666666,0.0,1.0,1.0,0.0,0.3333333333333333,0.0,0.5,0.0,0.0,0.0,1.0,1.0,0.0,0.5,0.0,0.0,0.0,1.0,0.0,1.0,0.6666666666666666,0.0,1.0,0.0,0.0,0.0,0.3333333333333333,0.25,0.0,0.0,0.0,0.0,0.0,0.0
279,1.0,1.0,1.0,1.0,0.0,1.0,0.0,0.0,0.0,1.0,0.0,1.0,1.0,0.0,0.5,0.0,0.0,0.0,1.0,0.0,1.0,0.6666666666666666,0.0,1.0,0.0,0.0,0.0,0.3333333333333333,0.25,0.0,0.0,0.0,0.0,0.0,0.0
280,0.8333333333333333,1.0,1.0,1.0,0.0,1.0,1.0,0.0,0.5,1.0,0.0,1.0,1.0,0.0,0.5,0.0,0.0,0.0,1.0,0.0,1.0,0.6666666666666666,0.0,1.0,0.0,0.0,0.0,0.3333333333333333,0.25,0.0,0.0,0.0,0.0,0.0,0.0
281,0.6666666666666666,0.0,1.0,0.5,0.0,0.0,0.3333333333333333,0.5,0.5,0.0,0.0,1.0,1.0,0.0,0.5,0.0,0.0,0.0,0.0,0.0,0.0,0.0,0.0,0.0,0.0,0.0,0.0,0.0,0.0,0.0,0.0,0.0,0.0,0.0,0.0
282,0.6666666666666666,0.0,1.0,0.5,0.0,0.6666666666666666,1.0,0.5,0.5,0.5,0.0,1.0,1.0,0.0,0.5,0.0,0.0,0.0,1.0,0.0,1.0,0.3333333333333333,0.0,1.0,0.0,0.0,0.0,0.3333333333333333,0.25,0.0,0.0,0.0,0.0,0.0,0.0
283,0.6666666666666666,1.0,0.5,1.0,0.0,0.3333333333333333,0.3333333333333333,0.0,1.0,1.0,1.0,1.0,1.0,0.0,0.5,0.0,0.0,0.0,0.0,0.0,0.0,0.0,0.0,0.0,0.0,0.0,0.0,0.0,0.0,0.0,0.0,0.0,0.0,0.0,0.0
284,0.6666666666666666,0.0,1.0,0.5,0.0,0.6666666666666666,0.0,0.0,0.0,0.5,0.0,1.0,1.0,0.0,0.5,0.0,0.0,0.0,0.0,0.0,0.0,0.0,0.0,0.0,0.0,0.0,0.0,0.0,0.0,0.0,0.0,0.0,0.0,0.0,0.0
285,0.8333333333333333,1.0,1.0,0.5,0.0,0.3333333333333333,0.6666666666666666,0.5,0.0,1.0,0.0,1.0,1.0,0.0,0.5,0.0,0.0,0.0,0.0,0.0,0.0,0.0,0.0,0.0,0.0,0.0,0.0,0.0,0.0,0.0,0.0,0.0,0.0,0.0,0.0
286,0.6666666666666666,0.0,1.0,1.0,0.0,0.3333333333333333,1.0,0.5,0.5,0.0,0.0,1.0,1.0,0.0,0.5,0.0,0.0,0.0,1.0,0.0,1.0,0.6666666666666666,0.0,1.0,0.0,0.0,0.0,0.3333333333333333,0.25,0.0,0.0,0.0,0.0,0.0,0.0
287,0.8333333333333333,0.0,1.0,0.5,0.0,0.3333333333333333,0.6666666666666666,0.0,0.0,0.0,0.0,1.0,1.0,0.0,0.5,0.0,0.0,0.0,1.0,0.0,1.0,0.6666666666666666,0.0,1.0,0.0,0.0,0.0,0.3333333333333333,0.25,0.0,0.0,0.0,0.0,0.0,0.0
288,0.8333333333333333,0.0,1.0,1.0,0.0,0.6666666666666666,0.0,0.0,0.0,0.5,0.0,1.0,1.0,0.0,0.5,0.0,0.0,0.0,1.0,0.0,1.0,0.6666666666666666,0.0,1.0,0.0,0.0,0.0,0.3333333333333333,0.25,0.0,0.0,0.0,0.0,0.0,0.0
289,0.8333333333333333,1.0,1.0,0.5,0.0,0.6666666666666666,1.0,0.0,0.5,1.0,0.0,1.0,1.0,0.0,0.5,0.0,0.0,0.0,1.0,0.0,1.0,0.6666666666666666,0.0,1.0,0.0,0.0,0.0,0.3333333333333333,0.25,0.0,0.0,0.0,0.0,0.0,0.0
290,0.8333333333333333,0.0,1.0,1.0,0.1,1.0,1.0,0.3,0.25,0.0,0.0,0.0,1.0,0.0,0.45,0.1,0.0,0.0,1.0,0.0,0.0,0.0,1.0,0.0,0.0,0.0,0.0,0.3333333333333333,0.5,0.0,1.0,1.0,1.0,1.0,0.0
291,1.0,0.0,1.0,1.0,0.1,0.6666666666666666,1.0,0.2,0.35,0.5,0.0,0.0,0.95,0.05,0.45,0.0,0.0,0.0,1.0,0.0,0.0,0.0,1.0,0.0,0.0,0.0,0.0,0.3333333333333333,0.5,1.0,1.0,1.0,1.0,1.0,0.0
292,0.8333333333333333,0.0,1.0,1.0,0.1,1.0,1.0,0.35,0.2,0.0,0.0,0.0,0.95,0.0,0.45,0.1,0.0,0.1,1.0,0.0,0.0,0.0,1.0,0.0,0.0,0.0,0.0,0.3333333333333333,0.5,1.0,1.0,1.0,1.0,1.0,0.0
293,0.16666666666666666,1.0,0.5,1.0,0.3,1.0,0.0,0.35,0.25,1.0,0.0,0.0,0.85,0.05,0.4,0.3,0.1,0.3,1.0,0.0,0.0,0.0,1.0,0.0,0.0,0.0,0.0,0.3333333333333333,0.5,0.0,1.0,1.0,1.0,1.0,0.1
294,0.8333333333333333,0.3,1.0,1.0,0.3,0.6666666666666666,1.0,0.3,0.25,0.3,0.0,0.0,0.75,0.15,0.45,0.1,0.1,0.1,1.0,0.0,0.0,0.0,1.0,0.0,0.0,0.0,0.0,0.3333333333333333,0.5,1.0,1.0,1.0,1.0,1.0,0.0
295,0.8333333333333333,0.0,1.0,1.0,0.3,0.6666666666666666,1.0,0.3,0.25,0.0,0.0,0.0,0.9,0.05,0.35,0.2,0.1,0.1,1.0,0.0,0.0,0.0,1.0,0.0,0.0,0.0,0.0,0.3333333333333333,0.5,1.0,1.0,1.0,1.0,1.0,0.0
296,0.3333333333333333,1.0,0.95,0.9,0.2,0.6666666666666666,0.3333333333333333,0.8,0.2,0.65,1.0,1.0,0.05,0.95,0.9,0.0,0.1,0.0,0.0,0.0,0.7666666666666666,0.6666666666666666,0.1,0.0,0.0,0.0,0.0,0.6666666666666666,0.75,1.0,0.0,0.2,1.0,0.1,1.0
297,0.5,1.0,0.9,0.8,0.3,1.0,0.6666666666666666,0.45,0.15,0.55,1.0,1.0,0.15,0.85,0.85,0.0,0.1,0.0,0.0,0.1,0.8333333333333333,0.6666666666666666,0.2,0.0,0.0,0.0,0.0,0.6666666666666666,0.45,1.0,0.0,0.2,1.0,0.0,1.0
298,0.6666666666666666,0.7,0.9,0.8,0.3,1.0,0.6666666666666666,0.4,0.3,0.4,1.0,1.0,0.2,0.8,0.9,0.0,0.1,0.0,0.0,0.2,0.5666666666666667,0.4666666666666666,0.7,0.0,0.0,0.0,0.0,0.6666666666666666,0.5,1.0,0.0,0.5,1.0,0.4,1.0
299,0.5,1.0,0.85,0.75,0.2,0.6666666666666666,0.3333333333333333,0.65,0.15,0.55,1.0,1.0,0.05,0.95,0.9,0.1,0.1,0.0,0.0,0.0,0.8666666666666667,0.6666666666666666,0.1,0.0,0.0,0.0,0.0,0.6666666666666666,0.55,1.0,0.0,0.1,1.0,0.0,1.0
300,0.5,1.0,0.85,0.75,0.2,0.6666666666666666,0.3333333333333333,0.65,0.15,0.55,1.0,1.0,0.05,0.95,0.9,0.1,0.1,0.0,0.0,0.0,0.8666666666666667,0.6666666666666666,0.1,0.0,0.0,0.0,0.0,0.6666666666666666,0.55,1.0,0.0,0.1,1.0,0.0,1.0
301,0.6666666666666666,1.0,0.85,0.65,0.2,0.6666666666666666,0.3333333333333333,0.55,0.35,0.7,1.0,1.0,0.2,0.75,0.75,0.2,0.2,0.0,0.0,0.0,0.7666666666666666,0.6,0.2,0.0,0.0,0.0,0.0,0.6666666666666666,0.35,1.0,0.0,0.3,1.0,0.0,1.0
302,0.3333333333333333,1.0,1.0,0.7,0.2,0.5666666666666667,0.39999999999999997,0.5,0.25,0.4,1.0,1.0,0.0,1.0,1.0,0.0,1.0,0.0,0.7,0.1,0.7999999999999999,0.6666666666666666,0.0,0.0,0.0,0.0,0.0,0.6,0.1,0.6,0.0,0.0,0.6,0.0,0.65
303,0.16666666666666666,1.0,1.0,0.0,0.1,0.3333333333333333,0.0,0.85,0.1,0.5,1.0,1.0,1.0,0.5,0.5,0.0,1.0,0.0,1.0,0.0,0.4666666666666666,0.6,0.0,0.2,0.0,0.0,0.0,1.0,1.0,0.0,0.0,0.0,0.0,0.0,0.5
304,0.0,1.0,0.95,0.0,0.1,0.0,1.0,0.8,0.25,0.5,1.0,1.0,0.0,1.0,1.0,0.0,1.0,0.0,1.0,0.0,0.39999999999999997,0.5,0.0,0.6,0.0,0.0,0.0,1.0,1.0,0.0,0.0,0.0,0.0,0.0,0.5
305,0.16666666666666666,1.0,0.95,0.0,0.1,0.0,0.0,0.9,0.15,0.6,1.0,1.0,0.0,1.0,1.0,0.0,1.0,0.0,1.0,0.0,0.43333333333333335,0.5333333333333333,0.0,0.4,0.0,0.0,0.0,1.0,1.0,0.0,0.0,0.0,0.0,0.0,0.5
306,0.16666666666666666,1.0,1.0,0.0,0.2,0.3333333333333333,1.0,0.9,0.15,0.5,1.0,1.0,1.0,0.5,0.5,0.0,1.0,0.0,1.0,0.0,0.43333333333333335,0.6,0.0,0.2,0.0,0.0,0.0,1.0,1.0,0.0,0.0,0.0,0.0,0.0,0.5
