,f1,f2,f3,f4,f5,f6,f7,f8,f9
0,0.19255748639634898,0.0,0.7058823529411764,0.0,0.4166666666666667,0.225,0.5112107623318384,0.32432432432432434,0.0
1,0.33298227137089703,0.0,0.7254901960784312,0.0,0.6166666666666667,0.15000000000000002,0.39910313901345285,0.32432432432432434,0.35
2,0.2803229770054415,0.0,0.392156862745098,0.0,0.4166666666666667,0.1,0.24663677130044837,0.32432432432432434,0.0
3,1.0,0.0,0.4901960784313726,0.0,0.405,0.30155,0.5118834080717488,0.3783783783783784,0.22499999999999998
4,0.33298227137089703,1.0,0.43137254901960786,0.0,0.25,0.55,0.7690582959641256,0.43243243243243246,0.625
5,0.4558539582236265,0.0,0.6470588235294117,0.0,0.4166666666666667,0.125,0.44618834080717473,0.2702702702702703,0.0
6,0.22766368263998596,0.0,0.5294117647058822,0.0,0.3666666666666667,0.775,0.6973094170403585,0.5540540540540541,0.4375
7,0.8771283131472706,0.0,0.4901960784313726,0.0,0.5333333333333333,0.2,0.6569506726457398,0.32432432432432434,0.0
8,0.33298227137089703,0.0,0.21568627450980393,0.0,0.55,0.0,0.6210762331838563,0.3783783783783784,0.06999999999999995
9,0.438300860101808,0.0,0.37254901960784315,0.0,0.2166666666666667,0.325,0.4865470852017938,0.3648648648648649,0.09499999999999997
10,0.17500438827453046,1.0,0.8235294117647058,0.0,0.2,0.4,0.4282511210762332,0.43243243243243246,0.4
11,0.9122345093909076,0.0,0.5294117647058822,0.012987012987012988,0.7333333333333333,0.225,0.2869955156950673,0.3783783783783784,0.06999999999999995
12,0.9122345093909076,0.0,0.7450980392156863,0.0,0.5333333333333333,0.15000000000000002,0.37668161434977576,0.32432432432432434,0.0
13,0.7718097244163596,0.0,0.4901960784313726,0.0,0.23333333333333334,0.25,0.31614349775784756,0.32432432432432434,0.0
14,0.008249956117254697,1.0,0.5294117647058822,0.0,0.18333333333333335,0.5750000000000001,0.780269058295964,0.26135135135135135,0.665
15,0.42074776197998953,0.0,0.392156862745098,0.012987012987012988,0.4,0.30157500000000004,0.4417040358744394,0.32432432432432434,0.0
16,0.008249956117254697,1.0,0.6666666666666667,0.012987012987012988,0.4166666666666667,0.275,0.5224215246636771,0.43243243243243246,0.31999999999999995
17,0.008249956117254697,1.0,0.5397843137254903,0.012987012987012988,0.10000000000000002,0.5,0.6457399103139013,0.5945945945945946,0.5
18,0.38564156573635255,1.0,0.607843137254902,0.0,0.13333333333333333,0.42500000000000004,0.7845291479820627,0.16216216216216217,0.16649999999999998
19,0.017026505178163946,1.0,0.607843137254902,0.012987012987012988,0.35000000000000003,0.375,0.6905829596412555,0.6756756756756758,0.625
20,0.012638230647709322,1.0,0.6666666666666667,0.0,0.23333333333333334,0.30000000000000004,0.6883408071748877,0.472972972972973,0.3125
21,0.012638230647709322,1.0,0.9803921568627452,0.012987012987012988,0.2833333333333333,0.47500000000000003,0.7040358744394618,0.31972972972972974,0.18999999999999995
22,0.008249956117254697,1.0,0.7450980392156863,0.0,0.3666666666666667,0.318325,0.8385650224215245,0.14864864864864866,0.25
23,0.08723889766543796,1.0,0.7058823529411764,0.0,0.2666666666666667,0.0,0.5224215246636771,0.16216216216216217,0.0
24,0.8420221169036336,0.0,0.5686274509803921,0.0,0.30000000000000004,0.14750000000000002,0.2600896860986547,0.21621621621621623,0.05500000000000005
25,0.5085132525890821,0.0,0.37254901960784315,0.0,0.48333333333333334,0.17500000000000002,0.3430493273542601,0.21621621621621623,0.3335
26,0.5085132525890821,0.0,0.0,0.0,0.48333333333333334,0.125,0.4147982062780269,0.32432432432432434,0.0
27,0.5085132525890821,0.0,0.392156862745098,0.0,0.45633333333333337,0.17500000000000002,0.4937219730941703,0.0,0.0
28,0.003861681586800071,1.0,0.784313725490196,0.0,0.2791666666666667,0.3840825,0.6085201793721974,0.32297297297297295,0.0
29,0.6313849394418115,0.0,0.392156862745098,0.012987012987012988,0.3333333333333333,0.10500000000000001,0.41255605381165916,0.32432432432432434,0.28
30,0.017026505178163946,1.0,0.588235294117647,0.0,0.23333333333333334,0.28850000000000003,0.6121076233183856,0.21621621621621623,0.0
31,0.017026505178163946,1.0,0.33333333333333326,0.012987012987012988,0.2666666666666667,0.43,0.672645739910314,0.32432432432432434,0.08499999999999996
32,0.05213270142180095,1.0,0.5901960784313725,0.0,0.2675,0.30000000000000004,0.5798206278026904,0.10810810810810811,1.0
33,0.47340705634544505,0.0,0.23529411764705876,0.0,0.65,0.128,0.17488789237668168,0.2702702702702703,0.0
34,0.613831841319993,0.0,0.5490196078431373,0.0,0.38666666666666666,0.25,0.43228699551569505,0.32432432432432434,0.08499999999999996
35,0.4558539582236265,0.0,0.5098039215686274,0.0,0.9999999999999999,0.3275,0.3923766816143498,0.2972972972972973,0.3125
36,0.2803229770054415,0.0,0.5490196078431373,0.012987012987012988,0.275,0.26799999999999996,0.6704035874439461,0.08108108108108109,0.0
37,0.017026505178163946,1.0,0.588235294117647,0.0,0.08333333333333334,0.5900000000000001,0.7114349775784753,0.5270270270270271,0.575
38,0.33298227137089703,0.0,0.6470588235294117,0.0,0.8333333333333334,0.20800000000000002,0.34977578475336324,0.35135135135135137,0.33499999999999996
39,0.5436194488327191,0.0,0.8823529411764706,0.0,0.6666666666666666,0.135,0.45739910313901344,0.26532432432432435,0.0
40,0.5611725469545376,0.0,0.37254901960784315,0.0,0.5666666666666667,0.23250000000000004,0.29372197309417036,0.24324324324324326,0.11099999999999999
41,0.2803229770054415,0.0,0.6862745098039216,0.012987012987012988,0.4333333333333334,0.11750000000000001,0.4865470852017938,0.5405405405405406,0.5
42,0.7015973319290856,0.0,0.8627450980392157,0.0,0.23333333333333334,0.4375,0.43721973094170385,0.2972972972972973,0.15000000000000002
43,0.8069159206599966,0.0,0.41176470588235303,0.0,0.5333333333333333,0.21275,0.2847533632286995,0.32432432432432434,0.0
44,0.03457960329998245,1.0,0.6274509803921569,0.012987012987012988,0.7166666666666667,0.225,0.3677130044843049,0.41891891891891897,0.22499999999999998
45,0.6489380375636301,0.0,0.5686274509803921,0.0,0.13333333333333333,0.20875,0.5441704035874436,0.2702702702702703,0.5
46,0.3417588204318063,1.0,0.9019607843137254,0.0,0.18333333333333335,0.2635,0.5495515695067265,0.1891891891891892,0.125
47,0.3505353694927155,1.0,0.47058823529411753,0.0,0.03333333333333334,0.5325000000000001,0.890134529147982,0.40540540540540543,0.15500000000000003
48,0.003861681586800071,1.0,0.5490196078431373,0.012987012987012988,0.3266666666666666,0.40549999999999997,0.5695067264573989,0.5675675675675677,0.6499999999999999
49,0.34483061260312453,0.4,0.5725490196078431,1.0,0.3516666666666667,0.3805,0.6170403587443943,0.30629729729729727,0.14474999999999993
50,0.03457960329998245,1.0,0.41176470588235303,0.012987012987012988,0.05,0.35000000000000003,0.6008968609865469,0.36081081081081084,0.38849999999999996
51,0.12234509390907497,1.0,0.5098039215686274,0.012987012987012988,0.4333333333333334,0.28950000000000004,0.5645739910313899,0.1891891891891892,0.25
52,0.17500438827453046,0.0,0.43137254901960786,0.0,0.38333333333333336,0.37000000000000005,0.6591928251121074,0.43243243243243246,0.18999999999999995
53,0.21011058451816747,0.0,0.4509803921568627,0.0,0.48333333333333334,0.23500000000000001,0.2623318385650225,0.32432432432432434,0.0
54,0.017026505178163946,1.0,0.4901960784313726,0.0,0.0,0.6150000000000001,0.7466367713004484,1.0,1.0
55,0.17500438827453046,0.0,0.607843137254902,0.0,0.4666666666666667,0.39,0.8587443946188341,0.32432432432432434,0.0
56,0.7893628225381781,0.0,0.5490196078431373,0.0,0.23333333333333334,0.325,0.5044843049327355,0.2972972972972973,0.040000000000000036
57,0.38564156573635255,0.0,0.43137254901960786,0.0,0.2,0.4650000000000001,0.45964125560538116,0.2791891891891892,0.18500000000000005
58,0.9297876075127262,0.0,0.6862745098039216,0.0,0.15000000000000002,0.24500000000000002,0.6681614349775783,0.5675675675675677,0.6499999999999999
59,0.6664911356854486,0.0,0.6470588235294117,0.0,0.4666666666666667,0.20350000000000001,0.46860986547085204,0.32432432432432434,0.08350000000000002
60,0.4558539582236265,0.0,0.8627450980392157,0.0,0.2666666666666667,0.29750000000000004,0.6345291479820628,0.22972972972972971,0.025000000000000022
61,0.15745129015271195,0.0,0.7450980392156863,0.0,0.18333333333333335,0.26675,0.9999999999999999,0.39648648648648654,0.19499999999999995
62,0.4558539582236265,0.0,0.7254901960784312,0.0,0.29500000000000004,0.30000000000000004,0.6053811659192824,0.2972972972972973,0.08999999999999997
63,0.008249956117254697,1.0,0.47058823529411753,0.0,0.2,0.41,0.591928251121076,0.4278378378378378,0.18500000000000005
64,0.21011058451816747,0.0,0.6274509803921569,0.012987012987012988,0.16666666666666669,0.2575,0.5291479820627801,0.24324324324324326,0.0
65,0.8595752150254521,0.0,0.3137254901960784,0.0,0.25,0.33,0.6591928251121074,0.24324324324324326,0.0
66,0.012638230647709322,1.0,0.2941176470588235,0.0,0.2166666666666667,0.28500000000000003,0.5448430493273543,0.21621621621621623,0.75
67,0.8595752150254521,0.0,0.6862745098039216,0.012987012987012988,0.4,0.2425,0.7286995515695066,0.0945945945945946,0.050000000000000044
68,0.8244690187818151,0.0,0.588235294117647,0.0,0.5833333333333333,0.22000000000000003,0.7757847533632286,0.2702702702702703,0.0
69,0.7191504300509041,0.0,0.8431372549019607,0.0,0.08333333333333334,0.4025000000000001,0.7399103139013453,0.3154054054054054,0.1835
70,0.003861681586800071,1.0,1.0,0.0,0.35833333333333334,0.305,0.6457399103139013,0.5945945945945946,0.5900000000000001
71,0.578725645076356,0.0,0.41176470588235303,0.0,0.4,0.275,0.538116591928251,0.24324324324324326,0.0
72,0.5085132525890821,0.0,0.4901960784313726,0.0,0.18333333333333335,0.255,0.44618834080717473,0.35135135135135137,0.33499999999999996
73,0.7191504300509041,0.0,0.47058823529411753,0.0,0.4666666666666667,0.1875,0.5448430493273543,0.2972972972972973,0.040000000000000036
74,0.4558539582236265,0.0,0.2941176470588235,0.0,0.08333333333333334,0.7525000000000001,0.8139013452914797,0.5270270270270271,0.6950000000000001
75,0.262769878883623,0.0,0.37254901960784315,0.0,0.34500000000000003,0.4475,0.4977578475336323,0.3918918918918919,0.08999999999999997
76,0.003861681586800071,1.0,0.6470588235294117,0.0,0.35000000000000003,0.5425,0.5672645739910313,0.35135135135135137,0.07499999999999996
77,0.0,1.0,0.6049588235294119,0.0,0.4166666666666667,0.485,0.5493273542600895,0.5135135135135135,0.55
78,0.21011058451816747,0.0,0.5686274509803921,0.0,0.3166666666666667,0.1775,0.5067264573991032,0.32432432432432434,0.0
79,0.5611725469545376,0.0,0.5490196078431373,0.0,0.3166666666666667,0.125,0.6457399103139013,0.16216216216216217,0.0
80,0.5611725469545376,0.0,0.588235294117647,0.0,0.08333333333333334,0.5900000000000001,0.991031390134529,0.2702702702702703,0.04500000000000004
81,0.47340705634544505,0.0,0.37254901960784315,0.012987012987012988,0.10000000000000002,0.42000000000000004,0.41255605381165916,0.43243243243243246,0.25
82,0.40319466385817104,0.0,0.5294117647058822,0.0,0.4,0.15000000000000002,0.48430493273542596,0.24324324324324326,0.0
83,0.012638230647709322,1.0,0.8431372549019607,0.0,0.06666666666666668,0.25,0.4753363228699552,0.35135135135135137,0.18000000000000005
84,0.012638230647709322,1.0,0.5098039215686274,0.0,0.21833333333333332,0.45199999999999996,0.6139013452914798,0.7027027027027027,0.665
85,0.5962787431981745,0.0,0.33333333333333326,0.0,0.2166666666666667,0.625,0.8721973094170402,0.2567567567567568,0.07499999999999996
86,0.017026505178163946,1.0,0.7450980392156863,0.0,0.06666666666666668,0.37000000000000005,0.4080717488789236,0.3648648648648649,0.20499999999999996
87,0.368088467614534,1.0,0.6862745098039216,0.012987012987012988,0.25,0.48,0.6569506726457398,0.24324324324324326,0.0
88,0.9648938037563631,0.0,0.392156862745098,0.0,0.45000000000000007,0.1375,0.48430493273542596,0.5405405405405406,0.41500000000000004
89,0.262769878883623,1.0,0.4901960784313726,0.0,0.2833333333333333,0.2175,0.5022421524663675,0.31081081081081086,0.020000000000000018
90,0.008249956117254697,1.0,0.6274509803921569,0.0,0.2416666666666667,0.28250000000000003,0.6367713004484304,0.2972972972972973,0.0
91,0.613831841319993,0.0,0.5686274509803921,0.0,0.48333333333333334,0.165,0.45739910313901344,0.32432432432432434,0.135
92,0.9297876075127262,0.0,0.47058823529411753,0.0,0.5566666666666666,0.2275,0.38565022421524664,0.1891891891891892,0.0
93,0.578725645076356,0.0,0.21568627450980393,0.0,0.4366666666666667,0.41250000000000003,0.6816143497757848,0.2883783783783784,0.030000000000000027
94,0.578725645076356,1.0,0.5098039215686274,0.0,0.3166666666666667,0.23500000000000001,0.3811659192825111,0.36945945945945946,0.20999999999999996
95,0.578725645076356,0.0,0.5490196078431373,0.0,0.4,0.13999999999999999,0.3475336322869955,0.43243243243243246,0.25
96,0.7015973319290856,1.0,0.7647058823529411,0.0,0.3166666666666667,0.12,0.5022421524663675,0.28378378378378377,0.020000000000000018
97,0.578725645076356,0.0,0.47058823529411753,0.0,0.8166666666666667,0.2275,0.24663677130044837,0.43243243243243246,0.25
98,0.08723889766543796,1.0,0.588235294117647,0.012987012987012988,0.25,0.21250000000000002,0.7062780269058294,0.3783783783783784,0.22499999999999998
99,0.06968579954361946,1.0,0.4509803921568627,0.0,0.2666666666666667,0.7225,0.9887892376681614,0.6508108108108108,0.5049999999999999
100,0.5436194488327191,0.0,0.3529411764705883,0.0,0.2666666666666667,0.26575,0.531390134529148,0.21621621621621623,0.0
101,0.578725645076356,0.0,0.607843137254902,0.0,0.3166666666666667,0.22425000000000006,0.4282511210762332,0.2702702702702703,0.0
102,0.38564156573635255,0.0,0.6862745098039216,0.0,0.6166666666666667,0.0,0.4999999999999999,0.21621621621621623,0.0
103,0.438300860101808,0.0,0.5294117647058822,0.0,0.4133333333333334,0.29500000000000004,0.5717488789237667,0.24324324324324326,0.0
104,0.021414779708618572,1.0,0.5490196078431373,0.0,0.48333333333333334,0.17250000000000001,0.26905829596412556,0.4367567567567568,0.255
105,0.42074776197998953,0.0,0.47058823529411753,0.0,0.2666666666666667,0.35750000000000004,0.7107623318385651,0.31081081081081086,0.25
106,0.438300860101808,0.0,0.43137254901960786,0.0,0.36333333333333334,0.2425,0.4417040358744394,0.24324324324324326,0.0
107,0.42074776197998953,0.0,0.43137254901960786,0.0,0.043333333333333335,0.17500000000000002,0.4035874439461883,0.31081081081081086,0.11499999999999999
108,0.012638230647709322,1.0,0.8431372549019607,0.0,0.3666666666666667,1.0,0.8766816143497757,0.32432432432432434,0.19999999999999996
109,0.05213270142180095,1.0,0.5294117647058822,0.0,0.4166666666666667,0.19,0.47085201793721965,0.32432432432432434,0.0
110,0.47340705634544505,0.0,0.5294117647058822,0.0,0.35000000000000003,0.3025,0.358744394618834,0.24324324324324326,0.0
111,0.22766368263998596,0.0,0.607843137254902,0.0,0.38333333333333336,0.34,0.46188340807174877,0.5405405405405406,0.6000000000000001
112,0.6313849394418115,0.0,0.5098039215686274,0.0,0.4333333333333334,0.225,0.39013452914798197,0.2702702702702703,0.0
113,0.438300860101808,0.0,0.47058823529411753,0.012987012987012988,0.65,0.22999999999999998,0.6816143497757848,0.2702702702702703,0.0
114,0.47340705634544505,0.0,0.43137254901960786,0.0,0.4666666666666667,0.23500000000000001,0.5493273542600895,0.1891891891891892,0.0
115,0.5962787431981745,0.0,0.5294117647058822,0.012987012987012988,0.30000000000000004,0.7225,0.9663677130044842,0.472972972972973,0.475
116,0.6489380375636301,0.0,0.5392156862745099,0.0,0.4166666666666667,0.0,0.46188340807174877,0.1891891891891892,0.0
117,0.5962787431981745,0.0,0.37254901960784315,0.0,0.7,0.23250000000000004,0.5538116591928252,0.21621621621621623,0.0
118,0.49096015446726354,1.0,0.5294117647058822,0.012987012987012988,0.38333333333333336,0.7150000000000001,0.7937219730941704,0.5270270270270271,0.475
119,0.49096015446726354,0.0,0.476470588235294,0.0,0.3666666666666667,0.47750000000000004,0.7107623318385651,0.2702702702702703,0.09999999999999998
120,0.29787607512726,0.0,0.5686274509803921,0.0,0.23333333333333334,0.165,0.4147982062780269,0.32432432432432434,0.135
121,0.6664911356854486,0.0,0.43137254901960786,0.012987012987012988,0.18333333333333335,0.0,0.0,0.3918918918918919,0.1875
122,0.5436194488327191,0.0,0.5098039215686274,0.0,0.2833333333333333,0.0,0.48430493273542596,0.24324324324324326,0.1875
123,0.21011058451816747,0.0,0.5098039215686274,0.012987012987012988,0.30000000000000004,0.33,0.6098654708520178,0.45945945945945954,0.365
124,0.6313849394418115,0.0,0.2549019607843137,0.0,0.23333333333333334,0.30000000000000004,0.3004484304932735,0.21621621621621623,0.0
125,0.29787607512726,0.0,0.5784313725490196,0.0,0.13333333333333333,0.17,0.591928251121076,0.2972972972972973,0.040000000000000036
126,0.368088467614534,0.0,0.5098039215686274,0.0,0.2166666666666667,0.6375000000000001,0.6367713004484304,0.32432432432432434,0.135
127,0.13112164296998421,1.0,0.5686274509803921,0.0,0.38333333333333336,0.3225,0.538116591928251,0.2702702702702703,0.0
128,0.7191504300509041,0.0,0.5686274509803921,0.0,0.45000000000000007,0.135,0.7062780269058294,0.24324324324324326,0.050000000000000044
129,0.6313849394418115,0.0,0.6666666666666667,0.0,0.3166666666666667,0.17500000000000002,0.6121076233183856,0.33783783783783783,0.10499999999999998
130,0.38564156573635255,0.0,0.43137254901960786,0.0,0.2166666666666667,0.4025000000000001,0.45739910313901344,0.35135135135135137,0.18000000000000005
131,0.3505353694927155,0.0,0.5294117647058822,0.0,0.23333333333333334,0.0,0.491031390134529,0.3648648648648649,0.20450000000000002
