,f1,f2,f3,f4,f5,f6,f7,f8,f9
0,0.5042735042735043,0.3846153846153847,0.3310104529616725,0.4579020979020979,1.0,0.5538461538461539,0.3324968632371394,0.6603709491133909,0.7551020408163265
1,0.36752136752136755,0.00032051282051282057,0.23902439024390243,0.6117482517482518,0.0,0.6461538461538463,0.4444792973651193,0.013995515999728243,0.9795918367346939
2,0.14529914529914545,0.0025641025641025645,0.17421602787456447,0.7144055944055945,1.0,0.6000000000000001,0.45294855708908416,0.025884910659691555,0.6326530612244898
3,0.5897435897435899,0.24038461538461542,0.37839721254355396,0.8752447552447553,1.0,0.5846153846153848,0.5423462986198242,0.16482097968612,0.8775510204081634
4,0.28205128205128216,0.43589743589743596,0.17560975609756097,0.5885314685314685,1.0,0.7230769230769232,0.35414052697616055,0.3895645084584551,0.693877551020408
5,0.2649572649572651,0.19871794871794876,0.3825783972125435,0.8243356643356643,1.0,0.7538461538461538,0.5040777917189461,0.09606630885250357,0.6122448979591837
6,0.3504273504273505,0.12980769230769232,0.1672473867595819,0.2646153846153846,0.0,0.7076923076923078,0.1916562107904642,0.017800122290916504,0.46938775510204084
7,0.11111111111111116,0.13076923076923078,0.25156794425087103,0.21986013986013983,1.0,0.7538461538461538,0.263801756587202,0.04565527549425912,0.8775510204081634
8,0.11111111111111116,0.0,0.19860627177700346,0.35412587412587415,1.0,0.5538461538461539,0.31869510664993733,0.01691691011617637,0.28571428571428575
9,0.2649572649572651,0.0,0.33588850174216023,0.6774825174825175,1.0,0.8615384615384616,0.4833751568381431,0.0,0.7755102040816326
10,0.8974358974358976,0.19230769230769235,0.13728222996515682,0.7141258741258742,0.0,0.9076923076923078,0.379861982434128,0.3808682655071676,0.9183673469387754
11,0.28205128205128216,0.451923076923077,0.2411149825783972,0.43776223776223777,1.0,0.8,0.2631744040150565,0.0,0.510204081632653
12,0.14529914529914545,0.0,0.0627177700348432,0.09258741258741257,0.0,0.7076923076923078,0.21549560853199506,0.0,0.04081632653061229
13,0.2649572649572651,0.0,0.06202090592334496,0.29286713286713284,0.0,0.5538461538461539,0.28011292346298616,0.006590121611522522,0.0
14,0.09401709401709413,0.30929487179487186,0.09128919860627178,0.2925874125874126,1.0,0.6307692307692307,0.27697616060225855,0.004619879067871459,0.7755102040816326
15,0.1367521367521367,0.049038461538461545,0.10174216027874565,0.6212587412587413,1.0,0.33846153846153854,0.35100376411543294,0.20402201236497045,0.6326530612244898
16,0.16239316239316248,0.24038461538461542,1.0,0.4268531468531469,0.0,0.7230769230769232,0.3328105395232121,0.23432298389836267,0.693877551020408
17,0.3846153846153848,0.33653846153846156,0.5094076655052264,0.8005594405594405,1.0,1.0000000000000002,0.5655583437892095,0.09436782390108024,0.7755102040816326
18,0.4871794871794872,0.08333333333333334,0.45156794425087105,0.7644755244755245,1.0,0.7384615384615385,0.45796737766624857,0.3619811128473402,0.9591836734693877
19,0.19658119658119655,0.4487179487179488,0.36585365853658536,0.8173426573426574,1.0,0.4923076923076923,0.48274780426599756,0.0,0.8979591836734695
20,0.042735042735042805,0.051602564102564114,0.0529616724738676,0.15608391608391606,0.0,0.9384615384615385,0.19510664993726484,0.09083497520211971,0.10204081632653061
21,0.2649572649572651,0.25320512820512825,0.13031358885017424,0.5527272727272727,1.0,0.5846153846153848,0.3594730238393978,0.17467219240437531,0.5918367346938775
22,0.41880341880341887,0.009615384615384616,0.3763066202090592,0.7622377622377623,1.0,0.7538461538461538,0.31179422835633636,0.0,0.7142857142857144
23,0.3162393162393162,0.019230769230769232,0.19721254355400697,0.6131468531468531,0.0,0.6307692307692307,0.4391468005018821,0.009919152116312249,0.8775510204081634
24,0.3504273504273505,0.5833333333333334,0.23414634146341462,0.49342657342657337,0.0,0.7384615384615385,0.3604140526976161,0.0,0.7142857142857144
25,0.19658119658119655,0.12820512820512822,0.797212543554007,0.6867132867132867,1.0,0.6307692307692307,0.26756587202007537,0.013995515999728243,0.5510204081632653
26,0.14529914529914545,0.19230769230769235,0.6041811846689896,0.7599999999999999,0.0,0.7230769230769232,0.7559598494353825,0.0,0.6734693877551021
27,0.37606837606837606,0.2916666666666667,0.2968641114982578,0.5820979020979021,0.0,0.7076923076923078,0.1963613550815559,0.14674909980297576,0.9387755102040816
28,0.36752136752136755,0.1310897435897436,0.3184668989547038,0.6897902097902098,1.0,0.7230769230769232,0.4620451693851945,0.037706365921597935,0.8367346938775511
29,0.3846153846153848,0.0,0.3930313588850174,0.5300699300699301,0.0,0.7230769230769232,0.4193851944792974,0.05591412460085604,0.9795918367346939
30,0.2991452991452992,0.08076923076923077,0.2069686411149826,0.5283916083916084,0.0,0.5846153846153848,0.22459222082810543,0.0,0.6122448979591837
31,0.4871794871794872,0.032692307692307694,0.37282229965156793,0.4794405594405594,0.0,0.8153846153846154,0.23306148055207027,0.16978055574427608,0.6326530612244898
32,0.17948717948717952,0.21153846153846156,0.3205574912891986,0.8170629370629372,1.0,0.6153846153846154,0.4193851944792974,0.08526394456145119,0.8979591836734695
33,0.2136752136752138,0.280448717948718,0.3867595818815331,0.7630769230769232,0.0,0.5538461538461539,0.48776662484316197,0.0,0.5306122448979591
34,0.40170940170940184,0.1762820512820513,0.4264808362369337,0.5194405594405594,0.0,0.6615384615384616,0.47490589711417824,0.02445818330049596,0.6734693877551021
35,0.17948717948717952,0.13653846153846155,0.2411149825783972,0.1762237762237762,0.0,0.676923076923077,0.15025094102885822,0.33283511108091585,0.2653061224489796
36,0.3333333333333335,0.125,0.4418118466898954,0.5121678321678322,0.0,0.5230769230769232,0.3971141781681305,0.24981316665534345,0.3469387755102041
37,0.07692307692307698,0.14871794871794872,0.248780487804878,0.6634965034965036,0.0,0.5384615384615385,0.5081555834378921,0.10340376384265236,0.6326530612244898
38,0.24786324786324787,0.0,0.12822299651567942,0.36055944055944056,1.0,0.8769230769230771,0.31869510664993733,0.0,0.28571428571428575
39,0.2991452991452992,0.358974358974359,0.3365853658536585,0.7023776223776225,1.0,0.953846153846154,0.4071518193224593,0.15585297914260482,0.8775510204081634
40,0.14529914529914545,0.008974358974358977,0.33588850174216023,0.7541258741258742,1.0,0.7230769230769232,0.5106649937264744,0.0,0.5306122448979591
41,0.36752136752136755,0.0012820512820512823,0.1672473867595819,0.47188811188811186,0.0,0.26153846153846155,0.2838770388958595,0.03165975949453088,0.3061224489795918
42,0.16239316239316248,0.0,0.00627177700348433,0.25958041958041955,0.0,0.5230769230769232,0.2336888331242158,0.0,0.0
43,0.24786324786324787,0.08365384615384616,0.12125435540069689,0.4545454545454545,1.0,0.5846153846153848,0.36355081555834384,0.09083497520211971,0.7346938775510203
44,0.11111111111111116,0.0,0.14006968641114986,0.08391608391608393,0.0,0.6307692307692307,1.0,0.0,0.04081632653061229
45,0.23076923076923084,0.14903846153846156,0.16236933797909409,0.4475524475524475,0.0,0.7538461538461538,0.2587829360100377,0.003464909300903594,0.6734693877551021
46,0.5213675213675215,0.23717948717948723,0.5275261324041812,0.5009790209790209,1.0,0.7846153846153847,0.345357590966123,0.03981248726136287,0.8775510204081634
47,0.1282051282051283,0.06121794871794872,0.45853658536585357,0.5513286713286714,1.0,0.6000000000000001,0.48023839397741547,0.02445818330049596,0.3673469387755102
48,0.11111111111111116,0.0,0.06689895470383274,0.11972027972027968,0.0,0.6307692307692307,0.1715809284818069,0.26482777362592563,0.020408163265306145
49,0.2136752136752138,0.1217948717948718,0.20209059233449472,0.7006993006993006,0.0,0.676923076923077,0.4965495608531996,0.0,0.3061224489795918
50,0.17948717948717952,0.0,0.33240418118466897,0.6758041958041958,1.0,0.5076923076923077,0.4488707653701381,0.027923092601399555,0.5510204081632653
51,0.28205128205128216,0.08012820512820513,0.18675958188153308,0.6758041958041958,0.0,0.6000000000000001,0.3917816813048935,0.160744615802704,0.693877551020408
52,0.4358974358974359,0.02884615384615385,0.5672473867595819,0.6570629370629371,0.0,0.6615384615384616,0.4372647427854455,0.0025137577281065288,0.5510204081632653
53,0.28205128205128216,0.258974358974359,0.039721254355400706,0.30097902097902096,1.0,0.6615384615384616,0.24937264742785442,0.45281608804945994,0.32653061224489793
54,0.4700854700854702,0.09615384615384617,0.05853658536585367,0.5820979020979021,0.0,0.7230769230769232,0.28889585947302393,0.36687274950743937,0.7755102040816326
55,0.4358974358974359,0.19198717948717953,0.4885017421602787,0.72,0.0,0.4923076923076923,0.3723337515683815,0.681568041307154,0.6734693877551021
56,0.14529914529914545,0.0,0.14006968641114986,0.2637762237762238,0.0,0.5538461538461539,0.2863864491844416,0.021876486174332497,0.2653061224489796
57,0.2136752136752138,0.16346153846153846,0.13797909407665504,0.5527272727272727,0.0,0.6461538461538463,0.33939774153074026,0.08383721720225559,0.46938775510204084
58,0.017094017094017144,0.0009615384615384616,0.22508710801393728,0.3418181818181819,0.0,0.5384615384615385,0.2584692597239649,0.017800122290916504,0.06122448979591838
59,0.170940170940171,0.025641025641025647,0.3003484320557491,0.34153846153846157,1.0,0.5230769230769232,0.24498117942283576,0.0,0.9387755102040816
60,0.3504273504273505,0.008974358974358977,0.05714285714285715,0.3997202797202798,0.0,0.676923076923077,0.2807402760351318,0.019906243630681435,0.3673469387755102
61,0.3162393162393162,0.03685897435897436,0.2864111498257839,0.591048951048951,1.0,0.7384615384615385,0.3434755332496863,0.015897819145322373,0.5918367346938775
62,0.4358974358974359,0.32371794871794873,0.25993031358885016,0.5009790209790209,1.0,0.8,0.36104140526976164,0.16665534343365718,0.8571428571428572
63,0.3333333333333335,0.014423076923076926,0.23135888501742158,0.492027972027972,0.0,0.43076923076923074,0.39303638644918454,0.06848291324138868,0.46938775510204084
64,0.24786324786324787,0.0,0.05853658536585367,0.10377622377622372,0.0,0.676923076923077,0.2311794228356337,0.013995515999728243,0.04081632653061229
65,0.2991452991452992,0.23589743589743595,0.08432055749128921,0.5977622377622378,1.0,0.7384615384615385,0.3230865746549561,0.4192540254093349,0.7959183673469388
66,0.19658119658119655,0.15448717948717952,0.15749128919860628,0.40167832167832174,1.0,0.5384615384615385,0.4325595984943538,0.057204973163937765,0.3061224489795918
67,0.09401709401709413,0.013141025641025641,0.0627177700348432,0.09930069930069926,0.0,0.4000000000000001,0.2314930991217064,0.14253685712344588,0.24489795918367346
68,0.14529914529914545,0.14294871794871797,0.43832752613240417,0.6262937062937063,1.0,0.5384615384615385,0.4488707653701381,0.0754806712412528,0.3673469387755102
69,0.17948717948717952,0.0,0.16655052264808362,0.26181818181818184,0.0,0.8307692307692309,0.19949811794228361,0.0,0.3469387755102041
70,0.14529914529914545,0.0,0.18745644599303135,0.1507692307692308,0.0,0.5846153846153848,0.13958594730238388,0.004076363883415993,0.0
71,0.24786324786324787,0.055128205128205134,0.11707317073170732,0.10181818181818184,0.0,0.8461538461538463,0.0975533249686324,0.07541273184319587,0.22448979591836732
72,0.24786324786324787,0.1794871794871795,0.16655052264808362,0.5051748251748253,0.0,0.6923076923076923,0.34692597239648687,0.2934981996059515,0.42857142857142855
73,0.2136752136752138,0.0028846153846153848,0.28222996515679444,0.18265734265734265,1.0,0.5692307692307692,0.09567126725219571,0.03145594130036008,0.10204081632653061
74,0.23076923076923084,0.012820512820512824,0.36167247386759577,0.5485314685314686,0.0,0.7846153846153847,0.4127979924717691,0.0754806712412528,0.38775510204081637
75,0.2991452991452992,0.0,0.21881533101045297,0.2987412587412588,0.0,0.6000000000000001,0.21831869510664997,0.08737006590121611,0.510204081632653
76,0.28205128205128216,0.0,0.34285714285714286,0.6741258741258741,0.0,0.5538461538461539,0.4535759096612297,0.0,0.8163265306122449
77,0.3333333333333335,0.019230769230769232,0.31916376306620203,0.7454545454545455,1.0,0.6923076923076923,0.3917816813048935,0.0,0.8163265306122449
78,0.5726495726495728,0.14423076923076925,0.3972125435540069,0.6078321678321679,0.0,0.4615384615384616,0.29956085319949816,0.16563625246280317,0.8367346938775511
79,0.05982905982905984,0.012820512820512824,0.3435540069686411,0.45258741258741264,1.0,0.676923076923077,0.3456712672521957,0.4891636660099192,0.48979591836734687
80,0.11111111111111116,0.09615384615384617,0.42229965156794425,0.44475524475524475,1.0,0.6461538461538463,0.24749058971141785,0.0,0.6122448979591837
81,0.3333333333333335,0.26089743589743597,0.2752613240418118,1.0,0.0,0.6153846153846154,0.9730238393977415,0.043685032950608056,0.7755102040816326
82,0.40170940170940184,0.15384615384615385,0.35609756097560974,0.8338461538461537,1.0,0.7692307692307694,0.33688833124215817,0.005978667029010123,0.8163265306122449
83,0.40170940170940184,0.3910256410256411,0.19581881533101042,0.7667132867132866,0.0,0.676923076923077,0.36637390213299875,0.09783273320198384,0.8571428571428572
84,0.23076923076923084,0.0,0.1010452961672474,0.17930069930069928,1.0,0.7692307692307694,0.18977415307402762,0.0,0.04081632653061229
85,0.24786324786324787,0.017948717948717954,0.1616724738675958,0.6746853146853147,0.0,0.5538461538461539,0.4021329987452949,0.2264420137237584,0.6122448979591837
86,0.2136752136752138,0.33653846153846156,0.2445993031358885,0.29622377622377616,0.0,0.8307692307692309,0.14648682559598497,0.0,0.693877551020408
87,0.3333333333333335,0.0,0.2857142857142857,0.575944055944056,1.0,0.43076923076923074,0.4118569636135508,0.008492424757116653,0.46938775510204084
88,0.2136752136752138,0.02884615384615385,0.3247386759581881,0.30881118881118885,1.0,0.6461538461538463,0.22710163111668763,0.0,0.5306122448979591
89,0.17948717948717952,0.023076923076923078,0.2132404181184669,0.7172027972027973,0.0,0.3230769230769231,0.42785445420326224,0.0,0.8163265306122449
90,0.1282051282051283,0.03301282051282052,0.1289198606271777,0.11496503496503493,0.0,0.4923076923076923,0.2161229611041406,0.011889394659963312,0.12244897959183676
91,0.16239316239316248,0.11858974358974361,0.21184668989547034,0.9208391608391608,0.0,0.7384615384615385,0.49780426599749067,0.0,1.0
92,0.35897435897435903,0.014743589743589747,0.09895470383275261,0.45118881118881127,0.0,0.7538461538461538,0.4538895859473025,0.10483049120184795,0.28571428571428575
93,0.14529914529914545,0.12820512820512822,0.2069686411149826,0.3418181818181819,0.0,0.6307692307692307,0.3277917189460477,0.05659351858142537,0.693877551020408
94,0.7948717948717949,0.054487179487179495,0.37212543554006966,0.7532867132867134,0.0,0.5230769230769232,0.48494353826850695,0.0012908485630817312,0.8367346938775511
95,0.28205128205128216,0.09615384615384617,0.2362369337979094,0.45678321678321676,0.0,0.6615384615384616,0.18318695106649935,0.06556151912494056,0.9591836734693877
96,0.3162393162393162,0.06923076923076925,0.2731707317073171,0.506013986013986,1.0,0.4000000000000001,0.35633626097867005,0.19220055710306405,0.28571428571428575
97,0.2991452991452992,0.0,0.2801393728222996,0.5829370629370629,1.0,0.5538461538461539,0.4043287327478043,0.009987091514369183,0.48979591836734687
98,0.17948717948717952,0.10256410256410259,0.7205574912891987,0.8005594405594405,1.0,0.6461538461538463,0.38801756587202013,0.0,0.7346938775510203
99,0.5384615384615385,0.3846153846153847,0.20418118466898955,0.3594405594405594,0.0,0.5846153846153848,0.27415307402760364,0.1341803111624431,0.48979591836734687
100,0.2991452991452992,0.25641025641025644,0.4787456445993031,0.47748251748251747,1.0,0.5846153846153848,0.2506273525721456,0.018887152659827433,0.7142857142857144
101,0.5555555555555556,0.0022435897435897443,0.21254355400696862,0.6307692307692307,0.0,0.6153846153846154,0.4287954830614807,0.0,0.24489795918367346
102,0.14529914529914545,0.0,0.23414634146341462,0.6539860139860141,1.0,0.6000000000000001,0.5483061480552069,0.02656430464026089,0.6326530612244898
103,0.23076923076923084,0.013461538461538462,0.2522648083623693,0.5577622377622378,0.0,0.43076923076923074,0.5103513174404015,0.07018139819281201,0.32653061224489793
104,0.14529914529914545,0.04807692307692309,0.30662020905923343,0.5342657342657343,0.0,0.7846153846153847,0.4369510664993727,0.02642842584414702,0.28571428571428575
105,0.4871794871794872,0.1153846153846154,0.13867595818815331,0.6537062937062937,0.0,0.7692307692307694,0.3745294855708909,0.7337454990148787,1.0
106,0.05982905982905984,0.04807692307692309,0.23344947735191635,0.5104895104895104,0.0,0.8153846153846154,0.23808030112923467,0.14674909980297576,0.9387755102040816
107,0.5897435897435899,0.2435897435897436,0.3149825783972125,0.8696503496503496,1.0,0.4461538461538462,0.7123588456712671,0.041918608601127796,0.7959183673469388
108,0.14529914529914545,0.032051282051282055,0.3331010452961672,0.42965034965034965,0.0,0.7538461538461538,0.2754077791718947,0.05238127590189551,0.5510204081632653
109,0.19658119658119655,0.0,0.14355400696864112,0.29622377622377616,0.0,0.5538461538461539,0.23023839397741536,0.0,0.06122448979591838
110,0.11111111111111116,0.0,0.48989547038327524,0.41678321678321684,0.0,0.8153846153846154,0.33908406524466755,0.01691691011617637,0.020408163265306145
111,0.5726495726495728,0.2884615384615385,0.5261324041811847,0.4962237762237762,1.0,0.8615384615384616,0.3601003764115433,0.03145594130036008,0.7959183673469388
112,0.28205128205128216,0.06410256410256411,0.18675958188153308,0.22237762237762235,0.0,0.6000000000000001,0.19855708908406527,0.013995515999728243,0.4489795918367347
113,0.6239316239316239,0.0,0.521254355400697,0.7932867132867133,1.0,0.33846153846153854,0.33155583437892094,0.0,0.9387755102040816
114,0.1282051282051283,1.0,0.15261324041811847,0.23076923076923075,0.0,0.5230769230769232,0.1474278544542032,0.33331068686731435,0.8979591836734695
115,0.23076923076923084,0.0,0.6689895470383276,0.7012587412587412,1.0,0.5076923076923077,0.43005018820577173,0.09959915755146409,0.6734693877551021
116,0.3333333333333335,0.14423076923076925,0.25156794425087103,0.31524475524475526,0.0,0.7692307692307694,0.2261606022584693,0.15007813030776548,0.3469387755102041
117,0.45299145299145316,0.022435897435897436,0.3435540069686411,0.5107692307692308,0.0,0.0,0.18506900878293614,0.0,0.5510204081632653
118,0.41880341880341887,0.1121794871794872,0.41881533101045293,0.5216783216783217,1.0,0.5692307692307692,0.2713299874529486,0.1595217066376792,0.9387755102040816
119,0.24786324786324787,0.0,0.20487804878048776,0.5261538461538462,0.0,0.8461538461538463,0.41781681304893353,0.004619879067871459,0.24489795918367346
120,0.23076923076923084,0.06410256410256411,0.3588850174216027,0.40755244755244757,0.0,0.8153846153846154,0.2559598494353827,0.080372307901352,0.9183673469387754
121,0.16239316239316248,0.04487179487179487,0.36724738675958185,0.384055944055944,0.0,0.7230769230769232,0.3497490589711419,0.05781642774645017,0.2653061224489796
122,0.16239316239316248,0.0,0.2808362369337979,0.5423776223776223,0.0,0.7846153846153847,0.36104140526976164,0.08315782322168626,0.3673469387755102
123,0.3162393162393162,0.14423076923076925,0.13031358885017424,0.6537062937062937,0.0,0.6461538461538463,0.31618569636135513,0.1691011617637068,0.8367346938775511
124,0.44444444444444464,0.25,0.2076655052264808,0.5311888111888112,0.0,0.6307692307692307,0.35163111668757846,0.1836401929478905,0.6122448979591837
125,0.18803418803418803,0.27564102564102566,0.7101045296167248,0.7983216783216783,1.0,0.8769230769230771,0.5784190715181932,0.0,0.8979591836734695
126,0.40170940170940184,0.1294871794871795,0.20975609756097563,0.3902097902097903,0.0,0.7230769230769232,0.41028858218318703,0.011889394659963312,0.2653061224489796
127,0.2991452991452992,0.12692307692307694,0.12404181184668987,0.6584615384615385,1.0,0.5692307692307692,0.6185696361355082,0.1257558258033834,0.46938775510204084
128,0.28205128205128216,0.2820512820512821,0.4480836236933798,0.5622377622377622,0.0,0.33846153846153854,0.46235884567126734,0.20055710306406685,0.9183673469387754
129,0.4358974358974359,0.39038461538461544,0.2132404181184669,0.8696503496503496,1.0,0.7692307692307694,0.6232747804265997,0.02833072898974115,1.0
130,0.4871794871794872,0.43269230769230776,0.28292682926829266,0.6727272727272727,0.0,0.6307692307692307,0.31649937264742783,0.14606970582240641,0.9591836734693877
131,0.2649572649572651,0.06410256410256411,0.14634146341463417,0.8013986013986014,0.0,0.4923076923076923,0.525094102885822,0.5422922752904409,0.8775510204081634
132,0.28205128205128216,0.04807692307692309,0.19163763066202089,0.41370629370629375,0.0,0.43076923076923074,0.3136762860727729,0.0754806712412528,0.3061224489795918
133,0.3504273504273505,0.2384615384615385,0.316376306620209,0.7616783216783216,0.0,0.5230769230769232,0.45765370138017564,0.1648889190841769,0.7959183673469388
134,0.28205128205128216,0.19230769230769235,0.1616724738675958,0.6072727272727273,0.0,0.8,0.3572772898368884,0.3947958421088389,0.510204081632653
135,0.17948717948717952,0.13397435897435897,0.5623693379790942,0.6302097902097902,1.0,0.47692307692307695,0.2932873274780427,0.13139479584210884,0.7551020408163265
136,0.1282051282051283,0.08653846153846155,0.18885017421602784,0.18965034965034963,0.0,0.6461538461538463,0.201693851944793,0.1257558258033834,0.3469387755102041
137,0.23076923076923084,0.016025641025641028,0.18954703832752612,0.16979020979020978,1.0,0.8153846153846154,0.20545796737766625,0.1544262517834092,0.2653061224489796
138,0.16239316239316248,0.0,0.18815331010452963,0.15384615384615383,0.0,0.5846153846153848,0.18255959849435383,0.003464909300903594,0.10204081632653061
139,0.19658119658119655,0.0,0.2069686411149826,0.8282517482517484,1.0,0.7076923076923078,0.5686951066499373,0.06515388273659896,0.7959183673469388
140,0.5042735042735043,0.4487179487179488,0.34285714285714286,0.8497902097902097,0.0,0.6923076923076923,0.6013174404015056,0.023914668116040493,0.7959183673469388
141,0.24786324786324787,0.0891025641025641,0.27247386759581876,0.07412587412587415,1.0,0.7692307692307694,0.14429109159347558,0.11869012840546232,0.20408163265306128
142,0.23076923076923084,0.08974358974358974,0.3170731707317073,0.21118881118881114,0.0,0.7846153846153847,0.32214554579673776,0.003464909300903594,0.46938775510204084
143,0.24786324786324787,0.14423076923076925,0.3400696864111498,0.8584615384615384,0.0,0.7384615384615385,0.5178795483061482,0.21944425572389428,0.8775510204081634
144,0.06837606837606847,0.038461538461538464,0.359581881533101,0.62993006993007,0.0,0.5230769230769232,0.31430363864491845,0.07106461036755216,0.510204081632653
145,0.36752136752136755,0.0,0.19930313588850174,0.33510489510489505,0.0,0.6615384615384616,0.23212045169385204,0.03261091106732794,0.510204081632653
146,0.14529914529914545,0.03365384615384616,0.1519163763066202,0.17454545454545453,1.0,0.5076923076923077,0.23180677540777922,0.11108091582308582,0.32653061224489793
147,0.2991452991452992,0.1108974358974359,0.3763066202090592,0.7135664335664336,1.0,0.4615384615384616,0.44008782936010044,0.021265031591820097,0.5714285714285714
148,0.2991452991452992,0.04807692307692309,0.3540069686411149,0.5538461538461539,0.0,0.6307692307692307,0.46047678795483066,0.09851212718255316,0.3673469387755102
149,0.19658119658119655,0.49679487179487186,0.28362369337979093,0.48447552447552444,0.0,0.5076923076923077,0.26725219573400255,0.0,0.9387755102040816
150,0.40170940170940184,0.19230769230769235,0.38397212543554005,0.5518881118881118,0.0,0.5384615384615385,0.3136762860727729,0.0,0.8163265306122449
151,0.23076923076923084,0.21153846153846156,0.18118466898954705,0.39076923076923076,0.0,0.6461538461538463,0.29642409033877043,0.0,0.7551020408163265
152,0.17948717948717952,0.008974358974358977,0.22369337979094078,0.37006993006993005,0.0,0.7384615384615385,0.3428481806775408,0.0,0.18367346938775514
153,0.05982905982905984,0.0,0.12264808362369341,0.12391608391608391,0.0,0.6153846153846154,0.24811794228356338,0.006454242815408655,0.10204081632653061
154,0.19658119658119655,0.09743589743589745,0.26620209059233446,0.35748251748251747,1.0,0.7230769230769232,0.22208281053952333,1.0,0.5306122448979591
155,0.3162393162393162,0.2820512820512821,0.1491289198606272,0.43832167832167834,1.0,0.7692307692307694,0.270702634880803,0.8154765948773695,0.8163265306122449
156,0.22222222222222232,0.0,0.1275261324041812,0.25062937062937063,0.0,0.4461538461538462,0.22992471769134265,0.0069977579998641215,0.04081632653061229
157,0.6239316239316239,0.3028846153846154,0.28919860627177696,0.8055944055944055,0.0,0.6461538461538463,0.5021957340025096,0.4062096609824037,0.7755102040816326
158,0.17948717948717952,0.0,0.14425087108013934,0.4690909090909091,0.0,0.5076923076923077,0.34849435382685073,0.0,0.46938775510204084
159,0.36752136752136755,0.21634615384615388,0.31149825783972124,0.6453146853146853,0.0,0.6153846153846154,0.3425345043914681,0.17820504110333582,0.5714285714285714
160,0.2136752136752138,0.0576923076923077,0.3651567944250871,0.36279720279720284,0.0,0.8,0.31712672521957336,0.004687818465928391,0.32653061224489793
161,0.9145299145299146,0.8782051282051283,0.1491289198606272,0.5563636363636364,0.0,0.8153846153846154,0.3999372647427855,0.22467558937427815,0.9591836734693877
162,0.3162393162393162,0.0,0.11846689895470384,0.28811188811188804,0.0,0.4461538461538462,0.2340025094102886,0.0,0.020408163265306145
163,0.40170940170940184,0.0,0.19930313588850174,0.2942657342657343,0.0,0.8769230769230771,0.16624843161856967,0.0,0.12244897959183676
164,0.17948717948717952,0.0,0.14634146341463417,0.26741258741258744,0.0,0.4615384615384616,0.23306148055207027,0.0,0.020408163265306145
165,0.2649572649572651,0.2243589743589744,0.15470383275261324,0.46209790209790214,0.0,0.9846153846153847,0.280426599749059,0.15721176710374346,0.693877551020408
166,0.07692307692307698,0.3897435897435898,0.2794425087108014,0.6103496503496503,0.0,0.47692307692307695,0.3902132998745295,0.14674909980297576,0.8163265306122449
167,0.5042735042735043,0.048717948717948725,0.49756097560975604,0.6310489510489511,1.0,0.6307692307692307,0.3503764115432874,0.08737006590121611,0.5714285714285714
168,0.2136752136752138,0.017307692307692312,0.23763066202090588,0.40251748251748254,1.0,0.4923076923076923,0.35414052697616055,0.0,0.20408163265306128
169,0.5213675213675215,0.16987179487179488,0.4857142857142857,0.7507692307692307,1.0,0.6923076923076923,0.6700125470514431,0.05591412460085604,0.6734693877551021
170,0.7948717948717949,0.08173076923076923,0.41184668989547035,0.7591608391608392,1.0,0.8615384615384616,0.4589084065244668,0.0,0.5306122448979591
171,0.14529914529914545,0.024038461538461543,0.11149825783972127,0.37790209790209794,0.0,0.7076923076923078,0.3061480552070264,0.0,0.3469387755102041
172,0.19658119658119655,0.0,0.26550522648083624,0.7823776223776224,0.0,0.5538461538461539,0.3572772898368884,0.06291188260072016,0.653061224489796
173,0.5042735042735043,0.0,0.10034843205574913,0.7753846153846154,0.0,0.5384615384615385,0.4745922208281054,0.0069977579998641215,0.9387755102040816
174,0.23076923076923084,0.0,0.10662020905923343,0.6324475524475525,1.0,0.6153846153846154,0.23055207026348817,0.009307697533799852,0.9591836734693877
175,0.17948717948717952,0.12820512820512822,0.2968641114982578,0.5916083916083916,1.0,0.4923076923076923,0.37076537013801764,0.0,0.9387755102040816
176,0.2649572649572651,0.06410256410256411,0.11986062717770037,0.4148251748251749,1.0,0.5692307692307692,0.41562107904642415,0.06291188260072016,0.4489795918367347
177,0.16239316239316248,0.0,0.10034843205574913,0.2774825174825175,0.0,0.5076923076923077,0.17126725219573408,0.0,0.04081632653061229
178,0.23076923076923084,0.0012820512820512823,0.5045296167247387,0.5994405594405595,0.0,0.8,0.36198243412798,0.07969291392078266,0.18367346938775514
179,0.05982905982905984,0.48076923076923084,0.2738675958188153,0.7806993006993007,0.0,0.43076923076923074,0.41593475533249696,0.09783273320198384,0.8367346938775511
180,0.5555555555555556,0.0,0.2320557491289198,0.7700699300699302,0.0,0.4923076923076923,0.4843161856963614,0.09015558122155037,0.8367346938775511
181,0.4358974358974359,0.0,0.3540069686411149,0.9597202797202797,1.0,0.5846153846153848,0.8042659974905899,0.0,0.7346938775510203
182,0.5897435897435899,0.13461538461538464,0.2571428571428571,0.8030769230769231,1.0,0.5692307692307692,0.3902132998745295,0.05380800326109111,0.9183673469387754
183,0.4700854700854702,0.12820512820512822,0.07456445993031359,0.35636363636363644,1.0,0.5692307692307692,0.21267252195734004,0.18866770840410355,0.48979591836734687
184,0.1282051282051283,0.25641025641025644,0.40069686411149824,0.6173426573426574,1.0,0.43076923076923074,0.3776662484316186,0.27814389564508457,0.6734693877551021
185,0.17948717948717952,0.14102564102564105,0.15331010452961674,0.13566433566433564,1.0,0.7076923076923078,0.22710163111668763,0.0,0.3673469387755102
186,0.41880341880341887,0.6410256410256411,0.37770034843205574,0.7916083916083916,0.0,0.6153846153846154,0.444792973651192,0.05659351858142537,0.9795918367346939
187,0.23931623931623935,0.06891025641025642,0.29198606271777,0.5826573426573427,0.0,0.6000000000000001,0.33626097867001264,0.013995515999728243,0.48979591836734687
188,0.28205128205128216,0.15384615384615385,0.39024390243902435,0.6475524475524476,1.0,0.6461538461538463,0.31461731493099127,0.160744615802704,0.9795918367346939
189,0.2136752136752138,0.0,0.34843205574912894,0.6243356643356643,1.0,0.6615384615384616,0.3353199498117943,0.07826618656158706,1.0
190,0.3504273504273505,0.0,0.19094076655052267,0.5297902097902097,0.0,0.5384615384615385,0.3033249686323715,0.03566818397988994,0.510204081632653
191,0.23076923076923084,0.022435897435897436,0.2731707317073171,0.8581818181818182,1.0,0.9076923076923078,0.6662484316185695,0.020993273999592364,0.693877551020408
192,0.008547008547008628,0.012820512820512824,0.16933797909407666,0.29314685314685307,1.0,0.6615384615384616,0.2788582183186951,0.013995515999728243,0.48979591836734687
193,0.24786324786324787,0.0,0.27247386759581876,0.5381818181818182,0.0,0.9076923076923078,0.4930991217063991,0.09993885454174876,0.163265306122449
194,0.3162393162393162,0.001602564102564103,0.12613240418118465,0.10097902097902098,0.0,0.5076923076923077,0.21706398996235893,0.0,0.06122448979591838
195,0.3162393162393162,0.0,0.06829268292682926,0.1420979020979021,1.0,0.6307692307692307,0.22929736511919713,0.055234730620286714,0.12244897959183676
196,0.23076923076923084,0.0,0.14703832752613238,0.38685314685314687,0.0,0.6307692307692307,0.3428481806775408,0.003464909300903594,0.04081632653061229
197,0.5213675213675215,0.0935897435897436,0.1846689895470383,0.6878321678321678,0.0,0.7538461538461538,0.5297992471769135,0.1257558258033834,0.5510204081632653
198,0.5042735042735043,0.09615384615384617,0.5721254355400697,0.5518881118881118,1.0,0.4000000000000001,0.4250313676286073,0.09783273320198384,0.7959183673469388
199,0.40170940170940184,0.0,0.2564459930313589,0.4937062937062937,0.0,0.5692307692307692,0.33124215809284824,0.02737957741694409,0.24489795918367346
200,0.19658119658119655,0.005128205128205129,0.10174216027874565,0.27776223776223785,0.0,0.8,0.30991217063989956,0.5089340308444867,0.163265306122449
201,0.2991452991452992,0.10096153846153848,0.2362369337979094,0.37706293706293703,1.0,0.7076923076923078,0.32685069008782947,0.32040220123649704,0.32653061224489793
202,0.28205128205128216,0.08814102564102565,0.3156794425087108,0.5434965034965036,0.0,0.676923076923077,0.4758469259723966,0.05659351858142537,0.3673469387755102
203,0.23076923076923084,0.0233974358974359,0.20836236933797908,0.46937062937062934,0.0,0.6307692307692307,0.2857590966122961,0.13044364426931176,1.0
204,0.17948717948717952,0.10256410256410259,0.18188153310104527,0.4405594405594405,1.0,0.4923076923076923,0.32183186951066506,0.24573680277192744,0.8775510204081634
205,0.4358974358974359,0.09615384615384617,0.25505226480836235,0.6867132867132867,0.0,0.43076923076923074,0.4592220828105396,0.030776547319790747,0.510204081632653
206,0.5213675213675215,0.0,0.2864111498257839,0.49958041958041965,1.0,0.7846153846153847,0.3767252195734004,0.025884910659691555,0.06122448979591838
207,0.19658119658119655,0.12820512820512822,0.3951219512195122,0.6741258741258741,1.0,0.6307692307692307,0.4297365119196989,0.2276649228887832,0.9183673469387754
208,0.2991452991452992,0.1858974358974359,0.34285714285714286,0.5820979020979021,0.0,0.8,0.345357590966123,0.09783273320198384,0.8979591836734695
209,0.2991452991452992,0.2820512820512821,0.22857142857142854,0.7074125874125875,1.0,0.6000000000000001,0.525094102885822,0.2333718323255656,0.9183673469387754
210,0.28205128205128216,0.001602564102564103,0.4912891986062717,0.5932867132867132,0.0,0.5384615384615385,0.3820577164366374,0.0,0.9183673469387754
211,0.17948717948717952,0.032051282051282055,0.3414634146341463,0.7851748251748253,1.0,0.8615384615384616,0.5197616060225847,0.10829540050275155,0.510204081632653
212,0.1282051282051283,0.09615384615384617,0.14425087108013934,0.6593006993006992,0.0,0.43076923076923074,0.28011292346298616,0.005842788232896257,0.5918367346938775
213,0.2649572649572651,0.0,0.0,0.40979020979020986,0.0,0.7538461538461538,0.37797992471769143,0.0,0.7755102040816326
214,0.28205128205128216,0.0,0.09895470383275261,0.40195804195804197,0.0,0.676923076923077,0.24309912170639897,0.009307697533799852,0.06122448979591838
215,0.5042735042735043,0.24903846153846157,0.4940766550522648,0.7848951048951048,0.0,0.7846153846153847,0.5159974905897113,0.0,0.9591836734693877
216,0.6752136752136753,0.01666666666666667,0.22648083623693382,0.2696503496503496,0.0,0.6461538461538463,0.2465495608531995,0.10034649093009036,0.6122448979591837
217,0.19658119658119655,0.025961538461538466,0.36097560975609755,0.1362237762237762,0.0,0.33846153846153854,0.21235884567126723,0.07126842856172294,0.22448979591836732
218,0.11111111111111116,0.0,0.27804878048780485,0.0825174825174825,0.0,0.2,0.24780426599749067,0.0,0.20408163265306128
219,0.9145299145299146,0.23717948717948723,0.4480836236933798,0.7074125874125875,0.0,0.5692307692307692,0.4052697616060226,0.05333242747469257,0.8571428571428572
220,0.3162393162393162,0.0,0.1505226480836237,0.14713286713286713,0.0,0.6307692307692307,0.17503136762860733,0.0,0.020408163265306145
221,0.5384615384615385,0.016025641025641028,0.4160278745644599,0.9202797202797204,1.0,0.5230769230769232,0.8488080301129235,0.025884910659691555,0.6326530612244898
222,0.36752136752136755,0.07692307692307693,0.4982578397212544,0.8075524475524476,0.0,0.5076923076923077,0.397741530740276,0.09083497520211971,0.9183673469387754
223,0.2991452991452992,0.24038461538461542,0.44668989547038324,0.5958041958041957,1.0,0.5692307692307692,0.3234002509410289,0.0,0.6122448979591837
224,0.2649572649572651,0.23333333333333336,0.1770034843205575,0.15636363636363634,0.0,0.7230769230769232,0.14993726474278551,0.013995515999728243,0.8367346938775511
225,0.35897435897435903,0.16153846153846155,0.27038327526132405,0.4713286713286713,0.0,0.6923076923076923,0.3133626097867002,0.12718255316257898,0.5510204081632653
226,0.09401709401709413,0.14294871794871797,0.4320557491289198,0.5457342657342658,1.0,0.8615384615384616,0.3949184441656211,0.0,0.3469387755102041
227,0.28205128205128216,0.32051282051282054,0.19581881533101042,0.7826573426573427,0.0,0.4461538461538462,0.4275407779171894,0.19566546640396767,0.7551020408163265
228,0.3162393162393162,0.06410256410256411,0.28780487804878047,0.6897902097902098,1.0,0.5538461538461539,0.39366373902133006,0.013995515999728243,1.0
229,0.7435897435897436,0.0,0.31289198606271773,0.7188811188811188,1.0,0.8923076923076925,0.44824341279799246,0.05034309396018751,0.7142857142857144
230,0.07692307692307698,0.07532051282051283,0.16585365853658535,0.5588811188811189,1.0,0.6307692307692307,0.3569636135508156,0.7459745906651267,0.8775510204081634
231,0.2991452991452992,0.42307692307692313,0.4320557491289198,0.8170629370629372,0.0,0.5384615384615385,0.454516938519448,0.0,0.9591836734693877
232,0.24786324786324787,0.0560897435897436,0.3121951219512195,0.7720279720279721,0.0,0.6153846153846154,0.4617314930991218,0.0,0.8775510204081634
233,0.17948717948717952,0.0,0.19372822299651565,0.4993006993006993,0.0,0.6615384615384616,0.3030112923462987,0.0,0.3061224489795918
234,0.3162393162393162,0.0,0.15749128919860628,0.5857342657342658,0.0,0.7230769230769232,0.3450439146800502,0.6023507031727698,0.28571428571428575
235,0.24786324786324787,0.576923076923077,0.2195121951219512,0.5787412587412587,0.0,0.6307692307692307,0.3996235884567128,0.0,0.7346938775510203
236,0.2136752136752138,0.1762820512820513,0.19512195121951215,0.7667132867132866,0.0,0.6461538461538463,0.4438519447929738,0.021604728582104764,0.9387755102040816
237,0.6410256410256412,0.18461538461538463,0.27247386759581876,0.5415384615384616,1.0,0.5076923076923077,0.3952321204516939,0.13207418982267818,0.8571428571428572
238,0.17948717948717952,0.0,0.3142857142857143,0.3586013986013986,0.0,0.676923076923077,0.2641154328732748,0.09525103607582036,0.24489795918367346
239,0.19658119658119655,0.0,0.156794425087108,0.08111888111888113,0.0,0.7076923076923078,0.2509410288582183,0.0,0.020408163265306145
240,0.3333333333333335,0.16666666666666669,0.18118466898954705,0.62993006993007,0.0,0.8769230769230771,0.3949184441656211,0.1370337658808343,0.6122448979591837
241,0.23076923076923084,0.19230769230769235,0.2362369337979094,0.45426573426573424,1.0,0.5692307692307692,0.3547678795483063,0.0,0.653061224489796
242,0.7606837606837609,0.13397435897435897,0.28362369337979093,0.506013986013986,0.0,0.4923076923076923,0.3572772898368884,0.5628779129016916,0.5306122448979591
243,0.36752136752136755,0.024358974358974363,0.6655052264808362,0.8089510489510489,0.0,0.7692307692307694,0.6163739021329988,0.0,0.8163265306122449
244,0.2136752136752138,0.14743589743589744,0.4473867595818815,0.7062937062937062,1.0,0.676923076923077,0.43820577164366387,0.0025137577281065288,0.9183673469387754
245,0.23076923076923084,0.0,0.11498257839721253,0.4794405594405594,0.0,0.4923076923076923,0.2161229611041406,0.04443236632923432,0.8571428571428572
246,0.2991452991452992,0.012820512820512824,0.20418118466898955,0.40167832167832174,1.0,0.7692307692307694,0.2383939774153075,0.0,0.8367346938775511
247,0.4871794871794872,0.12820512820512822,0.22299651567944245,0.6117482517482518,1.0,0.4461538461538462,0.32653701380175665,0.0,0.9183673469387754
248,0.5042735042735043,0.019230769230769232,0.41533101045296167,0.6654545454545455,0.0,0.35384615384615387,0.34441656210790467,0.009647394524084515,1.0
249,0.19658119658119655,0.19230769230769235,0.29477351916376304,0.7351048951048952,1.0,0.7846153846153847,0.46016311166875795,0.05170188192132618,0.8775510204081634
250,0.4871794871794872,0.19775641025641028,0.49756097560975604,0.6716083916083916,0.0,0.5076923076923077,0.4121706398996236,0.6292547048033155,0.6734693877551021
251,0.23076923076923084,0.0,0.37351916376306615,0.14349650349650347,0.0,0.676923076923077,0.26474278544542035,0.0,0.04081632653061229
252,0.5555555555555556,0.09615384615384617,0.1979094076655052,0.5597202797202797,0.0,0.4923076923076923,0.19322459222082816,0.0,0.9795918367346939
253,0.3846153846153848,0.24038461538461542,0.43414634146341463,0.5367832167832168,1.0,0.6461538461538463,0.24498117942283576,0.003464909300903594,0.5510204081632653
254,0.512820512820513,0.2884615384615385,0.2557491289198606,0.2355244755244755,1.0,0.6923076923076923,0.28419071518193234,0.2934981996059515,0.6326530612244898
255,0.5384615384615385,0.4173076923076923,0.36794425087108007,0.6332867132867133,1.0,0.5230769230769232,0.25250941028858226,0.2515795910048237,0.7959183673469388
256,0.3846153846153848,0.16282051282051285,0.42160278745644597,0.5781818181818182,1.0,0.7692307692307694,0.6825595984943538,0.16631564644337252,0.4489795918367347
257,0.3504273504273505,0.14358974358974363,0.18048780487804877,0.3639160839160839,1.0,0.5846153846153848,0.27728983688833125,0.02235206196073103,0.693877551020408
258,0.3162393162393162,0.3846153846153847,0.28919860627177696,0.6041958041958042,0.0,0.7076923076923078,0.30708908406524466,0.2229091650247979,0.8775510204081634
259,0.45299145299145316,0.0576923076923077,0.42857142857142855,0.7636363636363637,1.0,0.6000000000000001,0.6527603513174403,0.26740947075208915,0.5918367346938775
260,0.14529914529914545,0.0,0.09825783972125436,0.1507692307692308,0.0,0.5538461538461539,0.11794228356336262,0.0017664243494802637,0.04081632653061229
261,0.19658119658119655,0.019551282051282055,0.11916376306620209,0.2911888111888111,1.0,0.7384615384615385,0.2528230865746551,0.07847000475575787,0.10204081632653061
262,0.19658119658119655,0.03333333333333334,0.12961672473867597,0.27076923076923076,1.0,0.5076923076923077,0.1715809284818069,0.0,0.9387755102040816
263,0.2991452991452992,0.16025641025641027,0.22369337979094078,0.4825174825174825,1.0,0.8461538461538463,0.41091593475533256,0.1756912833752293,0.4081632653061224
264,0.2649572649572651,0.31730769230769235,0.2543554006968641,0.5907692307692307,1.0,0.5076923076923077,0.27258469259723966,0.003464909300903594,0.7551020408163265
265,0.14529914529914545,0.0038461538461538464,0.06829268292682926,0.37958041958041955,0.0,0.3692307692307692,0.1665621079046425,0.01644133432977784,0.06122448979591838
266,0.14529914529914545,0.0038461538461538464,0.22160278745644596,0.07356643356643353,0.0,0.676923076923077,0.15401505646173147,0.0,0.04081632653061229
267,0.28205128205128216,0.3846153846153847,0.2773519163763066,0.6447552447552447,0.0,0.6153846153846154,0.31869510664993733,0.05591412460085604,0.8571428571428572
268,0.11111111111111116,0.003205128205128206,0.2069686411149826,0.2559440559440559,1.0,0.676923076923077,0.17597239648682556,0.11644812826958353,0.020408163265306145
269,0.2991452991452992,0.21794871794871798,0.4780487804878048,0.6713286713286712,1.0,0.6923076923076923,0.3607277289836888,0.160744615802704,0.6122448979591837
270,0.24786324786324787,0.0,0.22160278745644596,0.9144055944055944,1.0,0.5076923076923077,0.48023839397741547,0.0,0.8163265306122449
271,0.2991452991452992,0.07051282051282053,0.22160278745644596,0.8749650349650351,0.0,0.8,0.7070263488080302,0.027923092601399555,0.5306122448979591
272,0.2991452991452992,0.0435897435897436,0.1519163763066202,0.23020979020979024,1.0,0.6615384615384616,0.3224592220828106,0.049595760581561246,0.18367346938775514
273,0.45299145299145316,0.13461538461538464,0.32125435540069686,0.5113286713286713,0.0,0.6923076923076923,0.3237139272271016,0.010462667300767716,0.5714285714285714
274,0.05982905982905984,0.025641025641025647,0.10383275261324044,0.3018181818181819,0.0,0.5230769230769232,0.23462986198243413,0.0,0.8163265306122449
275,0.2991452991452992,0.2820512820512821,0.25853658536585367,0.8204195804195804,1.0,0.38461538461538464,0.3720200752823087,0.018887152659827433,0.9795918367346939
276,0.6239316239316239,0.06474358974358975,0.38954703832752613,0.7037762237762237,1.0,0.5692307692307692,0.44071518193224596,0.080372307901352,1.0
277,0.19658119658119655,0.13621794871794873,0.5045296167247387,0.6721678321678322,0.0,0.6615384615384616,0.348180677540778,0.0,0.5714285714285714
278,0.11111111111111116,0.0,0.11498257839721253,0.0825174825174825,0.0,0.4923076923076923,0.1000627352572146,0.0,0.020408163265306145
279,0.14529914529914545,0.0038461538461538464,0.15888501742160277,0.1544055944055944,0.0,0.6461538461538463,0.24937264742785442,0.0,0.020408163265306145
280,0.042735042735042805,0.034615384615384624,0.2362369337979094,0.540979020979021,0.0,0.8307692307692309,0.2939146800501882,0.12052449215299951,0.2653061224489796
281,0.3846153846153848,0.1153846153846154,0.17630662020905924,0.44559440559440566,0.0,0.5846153846153848,0.23808030112923467,0.2969631089068551,0.5510204081632653
282,0.8974358974358976,0.0,0.22229965156794423,0.7409790209790209,0.0,0.8615384615384616,0.3971141781681305,0.041918608601127796,0.7142857142857144
283,0.28205128205128216,0.09615384615384617,0.15261324041811847,0.3124475524475525,0.0,0.33846153846153854,0.36606022584692605,0.10272436986208301,0.24489795918367346
284,0.40170940170940184,0.48076923076923084,0.2787456445993031,0.8447552447552447,1.0,0.9076923076923078,0.53732747804266,0.4502343909232964,0.5306122448979591
285,0.2136752136752138,0.006730769230769231,0.2069686411149826,0.23412587412587407,0.0,0.7384615384615385,0.23431618569636142,0.01644133432977784,0.04081632653061229
286,0.28205128205128216,0.0,0.18885017421602784,0.20083916083916084,0.0,0.4615384615384616,0.4065244667503138,0.0,0.08163265306122452
287,0.28205128205128216,0.0006410256410256411,0.12682926829268293,0.3384615384615385,0.0,0.4923076923076923,0.3174404015056462,0.0,0.04081632653061229
288,0.18803418803418803,0.001602564102564103,0.2529616724738676,0.19440559440559438,0.0,0.5846153846153848,0.26756587202007537,0.018887152659827433,0.020408163265306145
289,0.09401709401709413,0.019230769230769232,0.29965156794425085,0.5306293706293707,0.0,0.6461538461538463,0.38644918444165627,0.18866770840410355,0.46938775510204084
290,0.09401709401709413,0.0,0.05087108013937282,0.25790209790209795,0.0,0.4461538461538462,0.22992471769134265,0.023778789319926625,0.020408163265306145
291,0.0,0.015384615384615385,0.4376306620209059,0.1751048951048951,0.0,0.5692307692307692,0.16060225846925974,0.03526054759154834,0.020408163265306145
292,0.41880341880341887,0.0057692307692307696,0.2202090592334494,0.21426573426573428,0.0,0.6153846153846154,0.2738393977415308,0.05238127590189551,0.5918367346938775
293,0.5897435897435899,0.08333333333333334,0.4348432055749128,0.613986013986014,1.0,0.8923076923076925,0.41311166875784194,0.25579183368435354,0.8367346938775511
294,0.28205128205128216,0.0,0.32404181184668984,0.6260139860139861,0.0,0.8461538461538463,0.5530112923462986,0.01372375840750051,0.38775510204081637
295,0.3504273504273505,0.0,0.22369337979094078,0.31608391608391606,0.0,0.6615384615384616,0.2807402760351318,0.14117806916230724,0.5510204081632653
296,0.2649572649572651,0.003205128205128206,0.16027874564459926,0.11160839160839162,0.0,0.9230769230769231,0.1794228356336262,0.0,0.04081632653061229
297,0.2991452991452992,0.0,0.09059233449477351,0.3188811188811189,0.0,0.6461538461538463,0.24749058971141785,0.0,0.04081632653061229
298,0.2649572649572651,0.3846153846153847,0.245993031358885,0.42489510489510485,0.0,0.7384615384615385,0.35664993726474287,0.4402472994089272,0.6326530612244898
299,0.5555555555555556,0.13141025641025642,0.21045296167247385,0.7709090909090909,1.0,0.2923076923076923,0.4645545796737767,0.05591412460085604,0.7755102040816326
300,0.3162393162393162,0.0,0.2076655052264808,0.5023776223776224,1.0,0.6153846153846154,0.2854454203262234,0.0,0.6122448979591837
301,0.3162393162393162,0.07275641025641026,0.37839721254355396,0.6246153846153847,0.0,0.6923076923076923,0.4868255959849435,0.019906243630681435,0.3469387755102041
302,0.5897435897435899,0.0,0.1491289198606272,0.8506293706293706,0.0,0.5230769230769232,0.6499372647427855,0.0,0.7755102040816326
303,0.23076923076923084,0.0,0.5177700348432056,0.6176223776223776,1.0,0.7230769230769232,0.38143036386449186,0.0,0.8979591836734695
304,0.2991452991452992,0.038461538461538464,0.12543554006968638,0.01062937062937061,0.0,0.6000000000000001,0.24498117942283576,0.023167334737414228,0.24489795918367346
305,0.23076923076923084,0.0,0.15609756097560978,0.5541258741258741,1.0,0.4000000000000001,0.372961104140527,0.11352673415313541,0.693877551020408
306,0.41880341880341887,0.4615384615384616,0.28292682926829266,0.5532867132867133,1.0,0.7230769230769232,0.443538268506901,0.0,0.6122448979591837
307,0.2649572649572651,0.2692307692307693,0.18048780487804877,0.1941258741258741,0.0,0.4461538461538462,0.1270388958594731,0.10483049120184795,0.8979591836734695
308,0.3504273504273505,0.07692307692307693,0.10940766550522647,0.47972027972027975,0.0,0.6307692307692307,0.3572772898368884,0.401793600108703,0.4489795918367347
309,0.24786324786324787,0.001602564102564103,0.10174216027874565,0.6016783216783217,1.0,0.8307692307692309,0.5069008782936011,0.2739316529655547,0.38775510204081637
310,0.6239316239316239,0.1121794871794872,0.2982578397212543,0.426013986013986,1.0,0.35384615384615387,0.23023839397741536,0.05659351858142537,0.8979591836734695
311,0.11111111111111116,0.3076923076923077,0.10662020905923343,0.6276923076923077,0.0,0.5538461538461539,0.34410288582183196,0.27603777430531967,0.6326530612244898
312,0.5213675213675215,0.04807692307692309,0.10313588850174217,0.3538461538461539,1.0,0.5538461538461539,0.30175658720200754,0.0,0.8979591836734695
313,0.6239316239316239,0.0,0.15958188153310104,0.8016783216783216,0.0,0.6923076923076923,0.7217691342534505,0.16950879815204836,0.5918367346938775
314,0.7606837606837609,0.1650641025641026,0.3519163763066202,0.834965034965035,0.0,0.4461538461538462,0.48964868255959854,0.4891636660099192,0.7142857142857144
315,0.45299145299145316,0.04487179487179487,0.05156794425087108,0.33902097902097905,0.0,0.6923076923076923,0.25000000000000006,0.2934981996059515,0.8979591836734695
316,0.19658119658119655,0.0,0.09059233449477351,0.5068531468531469,1.0,0.5692307692307692,0.2365119196988708,0.05611794279502683,0.46938775510204084
317,0.11111111111111116,0.038461538461538464,0.20905923344947736,0.22825174825174824,0.0,0.5538461538461539,0.28513174404015057,0.17541952578300157,0.22448979591836732
318,0.5726495726495728,0.3653846153846154,0.2857142857142857,0.5572027972027972,1.0,0.6615384615384616,0.3870765370138018,0.01773218289285957,0.8979591836734695
319,0.3504273504273505,0.11923076923076925,0.22717770034843204,0.7225174825174825,0.0,0.6000000000000001,0.3224592220828106,0.05170188192132618,0.7346938775510203
320,0.45299145299145316,0.0,0.2668989547038327,0.5977622377622378,1.0,0.6615384615384616,0.34410288582183196,0.5147768190773829,0.8979591836734695
321,0.3846153846153848,0.13974358974358977,0.2320557491289198,0.32727272727272727,1.0,0.5230769230769232,0.31430363864491845,0.07337454990148788,0.46938775510204084
322,0.5555555555555556,0.19230769230769235,0.14216027874564457,0.6310489510489511,0.0,0.33846153846153854,0.3036386449184442,0.2585773490046878,0.9387755102040816
323,0.3333333333333335,0.27564102564102566,0.20348432055749127,0.7110489510489509,1.0,0.6000000000000001,0.43318695106649946,0.0754806712412528,1.0
324,0.2991452991452992,0.054487179487179495,0.17770034843205573,0.3745454545454545,0.0,0.6615384615384616,0.14868255959849447,0.09783273320198384,0.8163265306122449
325,0.4700854700854702,0.0,0.1735191637630662,0.40167832167832174,0.0,0.9230769230769231,0.4297365119196989,0.0,0.42857142857142855
326,0.2649572649572651,0.0,0.39372822299651566,0.6388811188811189,1.0,0.3692307692307692,0.461417816813049,0.017460425300631837,0.9591836734693877
327,0.23076923076923084,0.0,0.1393728222996516,0.1636363636363636,0.0,0.8,0.1894604767879548,0.013995515999728243,0.08163265306122452
328,0.042735042735042805,0.1794871794871795,0.15470383275261324,0.15552447552447554,0.0,0.5538461538461539,0.17534504391468003,0.0,0.48979591836734687
329,0.36752136752136755,0.012820512820512824,0.25505226480836235,0.6531468531468532,0.0,0.26153846153846155,0.39805520702634883,0.0050275154562130575,0.8163265306122449
330,0.45299145299145316,0.009935897435897437,0.09407665505226483,0.2724475524475525,0.0,0.30769230769230765,0.29171894604767884,0.080372307901352,0.04081632653061229
331,0.2136752136752138,0.09935897435897438,0.07177700348432055,0.7337062937062937,1.0,0.6615384615384616,0.4369510664993727,0.18166995040423942,0.6122448979591837
332,0.28205128205128216,0.20512820512820518,0.5233449477351917,0.8534265734265734,1.0,0.6615384615384616,0.4466750313676287,0.07126842856172294,0.7346938775510203
333,0.4358974358974359,0.6233974358974359,0.2257839721254355,0.6453146853146853,0.0,0.23076923076923078,0.290150564617315,0.0,0.8979591836734695
334,0.3846153846153848,0.043269230769230775,0.3770034843205574,0.7683916083916085,0.0,0.5846153846153848,0.3679422835633626,0.0,0.8979591836734695
335,0.5213675213675215,0.22243589743589748,0.248780487804878,0.7446153846153846,1.0,0.6000000000000001,0.38864491844416565,0.21781371017052792,0.5714285714285714
336,0.24786324786324787,0.23333333333333336,0.1797909407665505,0.46293706293706294,1.0,0.1076923076923077,0.3795483061480553,0.3524016577213126,0.8775510204081634
337,0.3162393162393162,0.19230769230769235,0.43623693379790934,0.8478321678321679,0.0,0.38461538461538464,0.4388331242158094,0.0,0.8979591836734695
338,0.40170940170940184,0.0,0.3024390243902439,0.5586013986013987,1.0,0.6000000000000001,0.5492471769134253,0.2227053468306271,0.24489795918367346
339,0.19658119658119655,0.13461538461538464,0.13658536585365855,0.5832167832167833,0.0,0.5692307692307692,0.48964868255959854,0.577892519872274,0.3061224489795918
340,0.14529914529914545,0.05192307692307693,0.5595818815331011,0.41846153846153844,0.0,0.7076923076923078,0.35100376411543294,0.1439635844826415,0.510204081632653
341,0.1282051282051283,0.1371794871794872,0.4209059233449477,0.3706293706293706,1.0,0.8461538461538463,0.27007528230865746,0.0,0.7551020408163265
342,0.5213675213675215,0.20192307692307696,0.3310104529616725,0.44391608391608395,1.0,0.5076923076923077,0.17973651191969892,0.4248929954480603,0.7755102040816326
343,0.3162393162393162,0.02788461538461539,0.06202090592334496,0.2559440559440559,0.0,0.47692307692307695,0.37829360100376425,0.2920714722467559,0.32653061224489793
344,0.3076923076923077,0.038461538461538464,0.1505226480836237,0.4791608391608392,0.0,0.8153846153846154,0.2957967377666249,0.30572729125619946,0.4489795918367347
345,0.8290598290598292,0.01666666666666667,0.7602787456445993,0.5857342657342658,1.0,0.5384615384615385,0.4297365119196989,0.5366533052517154,0.22448979591836732
346,0.45299145299145316,0.14423076923076925,0.2627177700348432,0.46937062937062934,1.0,0.4615384615384616,0.34692597239648687,0.0,0.7755102040816326
347,0.23076923076923084,0.1730769230769231,0.09616724738675957,0.17454545454545453,0.0,0.5846153846153848,0.11480552070263489,0.04545145730008832,0.9387755102040816
348,0.24786324786324787,0.0025641025641025645,0.32125435540069686,0.5225174825174825,1.0,0.5692307692307692,0.3224592220828106,0.042598002581697124,0.5714285714285714
349,0.5213675213675215,0.1794871794871795,0.22717770034843204,0.4416783216783218,0.0,0.24615384615384617,0.25752823086574655,0.0384536993002242,0.9183673469387754
350,0.16239316239316248,0.33653846153846156,0.11986062717770037,0.646993006993007,1.0,0.6307692307692307,0.30740276035131747,0.11182824920171208,0.693877551020408
351,0.2991452991452992,0.1278846153846154,0.11149825783972127,0.2696503496503496,1.0,0.6153846153846154,0.24184441656210792,0.18798831442353423,0.42857142857142855
352,0.6410256410256412,0.038461538461538464,0.5087108013937282,0.8229370629370629,1.0,0.4461538461538462,0.41122961104140526,0.07880970174604253,0.8775510204081634
353,0.28205128205128216,0.37788461538461543,0.21114982578397207,0.5546853146853147,1.0,0.38461538461538464,0.22239648682559604,0.26414837964535637,0.9387755102040816
354,0.17948717948717952,0.054487179487179495,0.29965156794425085,0.7130069930069929,1.0,0.5846153846153848,0.29422835633626093,0.0,0.7959183673469388
355,0.28205128205128216,0.02884615384615385,0.15331010452961674,0.47328671328671335,1.0,0.6000000000000001,0.2685069008782937,0.18588219308376927,0.8775510204081634
356,0.28205128205128216,0.0,0.1010452961672474,0.43356643356643354,0.0,0.6000000000000001,0.3698243412797993,0.28303553230518375,0.18367346938775514
357,0.2991452991452992,0.21153846153846156,0.35540069686411146,0.7272727272727273,0.0,0.7846153846153847,0.5828105395232122,0.018479516271485835,0.693877551020408
358,0.2649572649572651,0.12980769230769232,0.2905923344947735,0.5530069930069931,1.0,0.27692307692307694,0.3754705144291092,0.11074121883280115,0.7142857142857144
359,0.4358974358974359,0.05384615384615385,0.18118466898954705,0.5227972027972028,0.0,0.5692307692307692,0.3867628607277291,0.0,0.3469387755102041
360,0.2649572649572651,0.39423076923076933,0.3470383275261324,0.7286713286713287,1.0,0.676923076923077,0.4836888331242159,0.14606970582240641,0.9591836734693877
361,0.19658119658119655,0.012820512820512824,0.18745644599303135,0.5320279720279721,0.0,0.4615384615384616,0.4196988707653701,0.13975134180311163,0.38775510204081637
362,0.3333333333333335,0.13461538461538464,0.13449477351916378,0.6179020979020978,1.0,0.4615384615384616,0.3136762860727729,0.3228480195665467,0.6734693877551021
363,0.5555555555555556,0.019230769230769232,0.10034843205574913,0.7633566433566434,1.0,0.6153846153846154,0.3845671267252197,0.36687274950743937,0.9183673469387754
364,0.4700854700854702,0.09679487179487181,0.3045296167247386,0.5309090909090909,1.0,0.6153846153846154,0.3299874529485571,0.19097764793803926,0.7551020408163265
365,0.2649572649572651,0.023076923076923078,0.2362369337979094,0.35804195804195804,0.0,0.5384615384615385,0.3579046424090339,0.33541680820707925,0.2653061224489796
366,0.41880341880341887,0.0,0.2794425087108014,0.5871328671328672,0.0,0.676923076923077,0.5087829360100378,0.05659351858142537,0.18367346938775514
367,0.28205128205128216,0.0038461538461538464,0.1686411149825784,0.4039160839160839,1.0,0.30769230769230765,0.3629234629861983,0.0965418846389021,0.3061224489795918
368,0.2136752136752138,0.10897435897435899,0.27108013937282227,0.2355244755244755,1.0,0.8,0.22929736511919713,0.0754806712412528,0.46938775510204084
369,0.40170940170940184,0.016025641025641028,0.3477351916376306,0.7311888111888113,0.0,0.6307692307692307,0.4570263488080301,0.043685032950608056,0.5510204081632653
370,0.40170940170940184,0.26282051282051283,0.47177700348432056,0.7753846153846154,1.0,0.5076923076923077,0.37107904642409045,0.04103539642638766,1.0
371,0.2649572649572651,0.19230769230769235,0.3477351916376306,0.5311888111888112,1.0,0.8153846153846154,0.29736511919698877,0.9870915143691826,0.5306122448979591
372,0.23076923076923084,0.051282051282051294,0.3087108013937282,0.6310489510489511,0.0,0.8461538461538463,0.46047678795483066,0.16285073714246892,0.3469387755102041
373,0.23076923076923084,0.1653846153846154,0.2731707317073171,0.6883916083916084,1.0,0.676923076923077,0.3676286072772899,0.0,1.0
374,0.3333333333333335,0.0,0.09895470383275261,0.5916083916083916,1.0,0.8769230769230771,0.5031367628607277,0.9783273320198383,0.28571428571428575
375,0.2136752136752138,0.0,0.3003484320557491,0.5846153846153846,0.0,0.18461538461538463,0.4052697616060226,0.013995515999728243,0.6122448979591837
376,0.11111111111111116,0.1153846153846154,0.22160278745644596,0.44307692307692303,0.0,0.7230769230769232,0.30708908406524466,0.44371220870983086,0.32653061224489793
377,0.14529914529914545,0.04006410256410257,0.25853658536585367,0.6948251748251748,1.0,0.6000000000000001,0.39084065244667504,0.027923092601399555,0.7755102040816326
378,0.2136752136752138,0.03076923076923077,0.2794425087108014,0.6433566433566433,0.0,0.8153846153846154,0.5850062735257215,0.3962225694680345,0.46938775510204084
379,0.45299145299145316,0.14423076923076925,0.25783972125435534,0.9295104895104895,0.0,0.7384615384615385,0.5793601003764115,0.010462667300767716,1.0
380,0.09401709401709413,0.046153846153846156,0.12055749128919861,0.45258741258741264,0.0,0.7076923076923078,0.31712672521957336,0.0,0.7551020408163265
381,0.3333333333333335,0.25641025641025644,0.23972125435540065,0.7387412587412587,1.0,0.5230769230769232,0.5668130489335008,0.45424281540865546,0.5918367346938775
382,0.3333333333333335,0.05384615384615385,0.7268292682926829,0.6377622377622377,1.0,0.9384615384615385,0.5034504391468007,0.013995515999728243,0.46938775510204084
383,0.23076923076923084,0.08333333333333334,0.27595818815331014,0.40895104895104895,0.0,0.7384615384615385,0.20702634880803022,0.0,0.32653061224489793
384,0.2136752136752138,0.6282051282051283,0.3519163763066202,0.7902097902097903,0.0,0.5538461538461539,0.38550815558343793,0.37971329574019974,0.5918367346938775
385,0.5042735042735043,0.13461538461538464,0.402787456445993,0.8741258741258742,1.0,0.7384615384615385,0.5712045169385194,0.020993273999592364,0.7959183673469388
386,0.36752136752136755,0.0,0.22229965156794423,0.6402797202797202,1.0,0.6000000000000001,0.2236511919698871,0.0,0.8979591836734695
387,0.40170940170940184,0.14423076923076925,0.6627177700348432,0.7420979020979022,0.0,0.5692307692307692,0.3519447929736513,0.013995515999728243,0.7755102040816326
388,0.3846153846153848,0.0,0.2745644599303136,0.3297902097902098,0.0,0.676923076923077,0.2979924717691343,0.23758407500509546,0.22448979591836732
389,0.5384615384615385,0.1794871794871795,0.15261324041811847,0.6780419580419581,1.0,0.47692307692307695,0.35414052697616055,0.2934981996059515,0.7755102040816326
390,0.24786324786324787,0.017307692307692312,0.1846689895470383,0.4276923076923077,1.0,0.8615384615384616,0.30238393977415307,0.08737006590121611,0.48979591836734687
391,0.45299145299145316,0.07692307692307693,0.32404181184668984,0.9910489510489511,1.0,0.7076923076923078,0.6389585947302385,0.08737006590121611,0.7142857142857144
392,0.6581196581196582,0.03044871794871795,0.2627177700348432,0.4005594405594406,0.0,0.5538461538461539,0.2835633626097867,0.16774237380256812,0.9387755102040816
393,0.6752136752136753,0.11442307692307693,0.18048780487804877,0.8212587412587413,0.0,0.35384615384615387,0.37641154328732745,0.13553909912358175,1.0
394,0.28205128205128216,0.4006410256410257,0.12195121951219513,0.9121678321678321,0.0,0.5384615384615385,0.6549560853199499,0.0,0.6734693877551021
395,0.3504273504273505,0.0,0.178397212543554,0.27692307692307694,0.0,0.6923076923076923,0.35351317440401503,0.05679733677559617,0.24489795918367346
396,0.5213675213675215,0.2243589743589744,0.4662020905923345,0.7720279720279721,1.0,0.30769230769230765,0.5040777917189461,0.0,0.9591836734693877
397,1.0000000000000002,0.358974358974359,0.12473867595818815,0.6727272727272727,0.0,0.38461538461538464,0.31869510664993733,0.6177729465316938,0.6734693877551021
398,0.2136752136752138,0.280448717948718,0.3540069686411149,0.7267132867132867,1.0,0.30769230769230765,0.38582183186951075,0.42414566206943405,0.8163265306122449
399,0.2136752136752138,0.0,0.18048780487804877,0.5390209790209791,0.0,0.7384615384615385,0.36386449184441666,0.054147700251375774,0.653061224489796
400,0.28205128205128216,0.19551282051282054,0.2641114982578397,0.540979020979021,0.0,0.5230769230769232,0.2860727728983689,0.0069977579998641215,0.693877551020408
401,0.2649572649572651,0.0,0.22229965156794423,0.8344055944055944,0.0,0.676923076923077,0.4990589711417817,0.1222909165024798,0.693877551020408
402,0.6581196581196582,0.1762820512820513,0.19581881533101042,0.48055944055944066,1.0,0.4923076923076923,0.20577164366373907,0.041918608601127796,0.9591836734693877
403,0.9145299145299146,0.16153846153846155,0.29337979094076655,0.39076923076923076,1.0,0.6000000000000001,0.32685069008782947,0.1648889190841769,0.8775510204081634
404,0.5042735042735043,0.03685897435897436,0.6418118466898954,0.9222377622377622,0.0,0.27692307692307694,0.5316813048933502,0.13941164481282695,0.8571428571428572
405,0.1282051282051283,0.07628205128205129,0.3268292682926829,0.622937062937063,1.0,0.6307692307692307,0.3939774153074029,0.10714043073578368,0.7346938775510203
406,0.6752136752136753,0.8016025641025643,0.18954703832752612,0.8774825174825174,1.0,0.676923076923077,0.49686323713927233,0.0,0.9387755102040816
407,0.8461538461538463,0.6153846153846154,0.24041811846689892,0.9471328671328672,1.0,0.6461538461538463,0.5439146800501882,0.2445818330049596,0.9183673469387754
408,0.09401709401709413,0.13461538461538464,0.18118466898954705,0.5706293706293707,0.0,0.6000000000000001,0.3804893350062735,0.013995515999728243,0.510204081632653
409,0.16239316239316248,0.0,0.14773519163763066,0.5658741258741259,0.0,0.43076923076923074,0.31681304893350065,0.0,0.020408163265306145
410,0.6581196581196582,0.6410256410256411,0.6132404181184669,0.7499300699300698,0.0,0.3692307692307692,0.3949184441656211,0.019566546640396764,0.9591836734693877
411,0.5555555555555556,0.025641025641025647,0.32404181184668984,0.8243356643356643,0.0,0.5692307692307692,0.6279799247176914,0.19566546640396767,0.9183673469387754
412,0.5384615384615385,0.26282051282051283,0.9184668989547038,0.8422377622377624,0.0,0.6000000000000001,0.43287327478042664,0.11563285549290034,0.8163265306122449
413,0.982905982905983,0.029487179487179493,0.11707317073170732,0.36671328671328673,1.0,0.5538461538461539,0.1844416562107904,0.003464909300903594,0.9795918367346939
414,0.3846153846153848,0.20512820512820518,0.3233449477351916,0.7359440559440559,1.0,0.676923076923077,0.5122333751568382,0.0050275154562130575,0.6326530612244898
415,0.28205128205128216,0.03525641025641026,0.178397212543554,0.3823776223776224,1.0,0.6923076923076923,0.3086574654956085,0.27114613764522044,0.48979591836734687
416,0.4871794871794872,0.5128205128205129,0.31916376306620203,0.6324475524475525,0.0,0.35384615384615387,0.3519447929736513,0.3962225694680345,0.9183673469387754
417,0.6410256410256412,0.0,0.1505226480836237,0.6797202797202797,1.0,0.4923076923076923,0.48557089084065247,0.03145594130036008,0.6122448979591837
418,0.2649572649572651,0.08974358974358974,0.26550522648083624,0.384055944055944,1.0,0.5692307692307692,0.2336888331242158,0.07969291392078266,0.6734693877551021
419,0.2136752136752138,0.0,0.248780487804878,0.6276923076923077,0.0,0.5384615384615385,0.32120451693851954,0.2445818330049596,0.5306122448979591
420,0.16239316239316248,0.1762820512820513,0.17630662020905924,0.46125874125874133,0.0,0.5076923076923077,0.2415307402760351,0.6135607038521639,0.5714285714285714
421,0.6239316239316239,0.0,0.20069686411149823,0.41930069930069935,0.0,0.4461538461538462,0.27195734002509414,0.0,0.9795918367346939
422,0.41880341880341887,0.4423076923076924,0.2871080139372822,0.6352447552447552,1.0,0.6000000000000001,0.4146800501882059,0.5282967592907127,0.8163265306122449
423,0.6410256410256412,0.19230769230769235,0.20905923344947736,0.2925874125874126,1.0,0.6000000000000001,0.19981179422835643,0.027923092601399555,0.9387755102040816
424,0.3504273504273505,0.07051282051282053,0.16097560975609754,0.44643356643356646,0.0,0.47692307692307695,0.2810539523212046,0.0384536993002242,0.5510204081632653
425,0.2649572649572651,0.0,0.1616724738675958,0.4159440559440559,0.0,0.4461538461538462,0.320577164366374,0.2215503770636592,0.3673469387755102
426,0.3504273504273505,0.04230769230769232,0.4634146341463414,0.6500699300699301,1.0,0.676923076923077,0.5163111668757843,0.495482030029214,0.3673469387755102
427,0.3846153846153848,0.03717948717948718,0.09059233449477351,0.7773426573426574,0.0,0.5692307692307692,0.4394604767879549,0.30572729125619946,0.693877551020408
428,0.2649572649572651,0.2307692307692308,0.1860627177700348,0.29146853146853147,1.0,0.6615384615384616,0.2681932245922209,0.0,0.38775510204081637
429,0.16239316239316248,0.0,0.18048780487804877,0.460979020979021,0.0,0.6923076923076923,0.3920953575909662,0.0,0.3469387755102041
430,0.14529914529914545,0.0,0.202787456445993,0.25790209790209795,0.0,0.8,0.1718946047678796,0.0,0.020408163265306145
431,0.05982905982905984,0.0,0.03135888501742161,0.5460139860139861,0.0,0.4461538461538462,0.14680050188205768,0.0,0.020408163265306145
432,0.2991452991452992,0.0,0.21045296167247385,0.34461538461538455,0.0,0.4153846153846154,0.22710163111668763,0.013995515999728243,0.020408163265306145
433,0.16239316239316248,0.0,0.10313588850174217,0.18601398601398603,0.0,0.5230769230769232,0.22929736511919713,0.003464909300903594,0.06122448979591838
434,0.2649572649572651,0.0,0.17909407665505223,0.053706293706293706,1.0,0.7384615384615385,0.11919698870765377,0.026292547048033157,0.020408163265306145
435,0.2991452991452992,0.0,0.05505226480836237,0.38125874125874126,0.0,0.4923076923076923,0.21361355081555838,0.013995515999728243,0.020408163265306145
436,0.3162393162393162,0.0,0.06132404181184671,0.32475524475524487,1.0,0.7076923076923078,0.3350062735257215,0.04422854813506352,0.04081632653061229
437,0.3162393162393162,0.0019230769230769232,0.22090592334494774,0.3893706293706294,0.0,0.5538461538461539,0.24749058971141785,0.01691691011617637,0.020408163265306145
438,0.24786324786324787,0.03910256410256411,0.1616724738675958,0.1932867132867133,0.0,0.5692307692307692,0.21016311166875784,0.025884910659691555,0.32653061224489793
439,0.24786324786324787,0.12820512820512822,0.09895470383275261,0.2987412587412588,0.0,0.7230769230769232,0.23055207026348817,0.0,0.510204081632653
440,0.07692307692307698,0.0,0.42926829268292677,0.6025174825174826,0.0,0.676923076923077,0.4485570890840653,0.0,0.3469387755102041
441,0.16239316239316248,0.0,0.20905923344947736,0.18041958041958037,1.0,0.5230769230769232,0.22553324968632377,0.0,0.020408163265306145
442,0.5555555555555556,0.19230769230769235,0.5449477351916377,0.8713286713286714,0.0,0.4000000000000001,0.4391468005018821,0.2934981996059515,0.7551020408163265
443,0.28205128205128216,0.01826923076923077,0.2627177700348432,0.45678321678321676,0.0,0.8307692307692309,0.3648055207026349,0.0,0.4489795918367347
444,0.3504273504273505,0.09615384615384617,0.18885017421602784,0.5135664335664336,0.0,0.7230769230769232,0.48243412797992474,0.26414837964535637,0.24489795918367346
445,0.2991452991452992,0.08974358974358974,0.10801393728222995,0.07104895104895101,1.0,0.7384615384615385,0.18820577164366376,0.030912426115904612,0.20408163265306128
446,0.3504273504273505,0.0,0.23275261324041813,0.5169230769230769,0.0,0.5230769230769232,0.4460476787954832,0.04436442693117739,0.38775510204081637
447,0.24786324786324787,0.0,0.0627177700348432,0.16139860139860138,1.0,0.6000000000000001,0.17503136762860733,0.0,0.04081632653061229
448,0.19658119658119655,0.0576923076923077,0.19233449477351916,0.27692307692307694,1.0,0.4461538461538462,0.23713927227101644,0.07126842856172294,0.10204081632653061
449,0.36752136752136755,0.12820512820512822,0.28222996515679444,0.5325874125874126,1.0,0.676923076923077,0.40307402760351324,0.6114545825123989,0.6734693877551021
450,0.2991452991452992,0.05801282051282052,0.16236933797909409,0.0,0.0,0.7692307692307694,0.15276035131744042,0.16944085875399145,0.18367346938775514
451,0.16239316239316248,0.0,0.12473867595818815,0.18489510489510488,0.0,0.8307692307692309,0.27195734002509414,0.0069977579998641215,0.06122448979591838
452,0.45299145299145316,0.17724358974358978,0.15470383275261324,0.6173426573426574,1.0,0.7384615384615385,0.35915934755332496,0.29071268428561725,0.5510204081632653
453,0.19658119658119655,0.051282051282051294,0.4348432055749128,0.9213986013986013,1.0,0.35384615384615387,0.5269761606022585,0.0,0.7346938775510203
454,0.3846153846153848,0.020512820512820516,0.267595818815331,0.5952447552447553,0.0,0.7230769230769232,0.42063989962358844,0.05591412460085604,0.48979591836734687
455,0.23076923076923084,0.07179487179487182,0.1289198606271777,0.5521678321678322,0.0,0.5384615384615385,0.2904642409033878,0.3221686255859773,0.24489795918367346
456,0.5897435897435899,0.012820512820512824,0.2181184668989547,0.9879720279720281,1.0,0.6615384615384616,0.5771643663739021,0.013995515999728243,0.8571428571428572
457,0.9658119658119659,0.012820512820512824,0.34843205574912894,0.6987412587412587,0.0,0.7846153846153847,0.4313048933500628,0.0,0.8775510204081634
458,0.6923076923076925,0.13461538461538464,0.23902439024390243,0.7093706293706294,0.0,0.6000000000000001,0.4363237139272272,0.12718255316257898,0.7551020408163265
459,0.05982905982905984,0.09615384615384617,0.042508710801393734,0.2374825174825175,0.0,0.4153846153846154,0.16907151819322458,0.1809905564236701,0.8163265306122449
460,0.14529914529914545,0.1730769230769231,0.7407665505226481,0.6727272727272727,0.0,0.7846153846153847,0.3968005018820578,0.16285073714246892,0.510204081632653
461,0.2649572649572651,0.0,0.267595818815331,0.7460139860139859,1.0,0.7538461538461538,0.0,0.0,0.6326530612244898
