,f1,f2,f3,f4,f5,f6,f7,f8,f9
0,0.0,0.5,0.6666666666666667,1.0,0.0,0.375,0.3333333333333333,1.0,0.6666666666666667
1,0.0,0.5,0.5,1.0,0.0,0.375,0.0,1.0,0.6666666666666667
2,1.0,0.5,0.6666666666666667,1.0,0.0,0.375,0.6666666666666667,0.0,0.3333333333333333
3,1.0,0.5,0.6666666666666667,1.0,0.0,0.375,0.6666666666666667,1.0,0.0
4,1.0,0.5,0.5,1.0,0.0,0.375,0.3333333333333333,0.0,0.6666666666666667
5,1.0,0.5,0.6666666666666667,1.0,0.0,0.375,0.3333333333333333,0.0,0.6666666666666667
6,1.0,0.5,0.5,1.0,0.0,0.375,1.0,0.0,0.3333333333333333
7,1.0,0.5,0.5,1.0,0.0,0.375,1.0,0.3333333333333333,0.0
8,1.0,0.5,0.5,1.0,0.0,0.375,0.3333333333333333,0.0,1.0
9,1.0,0.5,0.5,1.0,0.0,0.375,0.6666666666666667,0.3333333333333333,0.0
10,1.0,0.5,0.6666666666666667,1.0,0.0,0.375,0.6666666666666667,0.0,1.0
11,1.0,0.0,0.5,1.0,0.0,0.375,0.6666666666666667,1.0,0.0
12,0.0,0.0,0.3333333333333335,1.0,0.0,0.375,0.6666666666666667,1.0,0.0
13,0.0,0.0,0.3333333333333335,1.0,0.0,0.375,0.3333333333333333,0.6666666666666667,0.0
14,0.0,0.0,0.3333333333333335,0.0,0.0,0.375,0.6666666666666667,0.3333333333333333,0.0
15,1.0,0.0,0.3333333333333335,1.0,0.0,0.375,0.6666666666666667,0.3333333333333333,1.0
16,1.0,0.0,0.3333333333333335,1.0,0.0,0.375,0.0,0.3333333333333333,1.0
17,1.0,0.0,0.3333333333333335,1.0,0.0,0.375,1.0,0.0,0.3333333333333333
18,1.0,0.0,0.3333333333333335,1.0,0.0,0.375,0.6666666666666667,0.0,1.0
19,1.0,0.0,0.3333333333333335,1.0,0.0,0.375,0.3333333333333333,0.0,1.0
20,1.0,0.0,0.3333333333333335,1.0,0.0,0.375,0.6666666666666667,0.0,0.3333333333333333
21,1.0,0.0,0.3333333333333335,1.0,0.5,0.0,1.0,0.3333333333333333,0.6666666666666667
22,1.0,0.0,0.3333333333333335,1.0,0.5,0.0,0.3333333333333333,0.0,0.6666666666666667
23,1.0,0.0,0.3333333333333335,1.0,0.5,0.0,0.6666666666666667,0.3333333333333333,0.0
24,1.0,0.0,0.0,1.0,0.5,0.0,0.3333333333333333,0.6666666666666667,1.0
25,1.0,0.0,0.3333333333333335,1.0,0.5,0.0,0.6666666666666667,0.0,1.0
26,1.0,0.0,0.5,1.0,0.5,0.0,0.6666666666666667,0.0,1.0
27,1.0,0.0,0.3333333333333335,1.0,0.5,0.0,0.3333333333333333,0.0,0.6666666666666667
28,1.0,0.0,0.5,1.0,0.5,0.0,0.6666666666666667,1.0,0.0
29,0.0,0.0,0.5,1.0,0.5,0.0,0.3333333333333333,1.0,0.6666666666666667
30,0.0,0.0,0.5,1.0,0.5,0.0,1.0,0.6666666666666667,0.0
31,0.0,0.0,0.3333333333333335,1.0,0.5,0.0,0.3333333333333333,1.0,0.6666666666666667
32,0.0,0.0,0.3333333333333335,1.0,0.5,0.0,0.0,0.3333333333333333,1.0
33,0.0,0.0,0.5,1.0,0.5,0.0,0.0,0.6666666666666667,1.0
34,0.0,0.0,0.6666666666666667,1.0,0.5,0.0,0.0,0.3333333333333333,1.0
35,0.0,0.0,0.3333333333333335,1.0,0.5,0.0,0.6666666666666667,0.3333333333333333,0.0
36,0.0,0.0,0.5,1.0,0.5,0.0,0.3333333333333333,0.0,1.0
37,0.0,0.0,0.5,1.0,0.5,0.0,0.0,1.0,0.3333333333333333
38,0.0,0.0,0.5,1.0,0.5,0.0,0.6666666666666667,0.0,1.0
39,0.0,0.0,0.3333333333333335,1.0,0.5,0.0,0.0,0.6666666666666667,0.3333333333333333
40,0.0,0.0,0.3333333333333335,1.0,0.5,0.0,0.0,0.6666666666666667,1.0
41,0.0,0.0,0.5,1.0,0.5,0.0,0.0,1.0,0.6666666666666667
42,0.0,0.0,0.3333333333333335,1.0,0.5,0.0,0.3333333333333333,1.0,0.0
43,0.0,0.5,0.6666666666666667,0.0,0.5,0.0,0.0,0.6666666666666667,1.0
44,0.0,0.5,0.6666666666666667,1.0,0.5,0.0,0.0,1.0,0.6666666666666667
45,0.0,0.5,0.6666666666666667,1.0,0.5,0.0,0.0,0.3333333333333333,0.6666666666666667
46,0.0,0.5,0.6666666666666667,1.0,0.5,0.0,0.6666666666666667,0.0,0.3333333333333333
47,0.0,0.5,0.6666666666666667,0.0,0.5,0.0,0.3333333333333333,0.0,0.6666666666666667
48,0.0,0.5,0.6666666666666667,1.0,0.5,0.0,0.0,0.6666666666666667,1.0
49,0.0,0.5,0.6666666666666667,1.0,0.5,0.0,0.3333333333333333,0.0,1.0
50,0.0,0.5,0.5,1.0,0.5,0.0,0.0,0.6666666666666667,1.0
51,0.0,0.5,0.6666666666666667,1.0,0.5,0.0,0.0,0.3333333333333333,0.6666666666666667
52,0.0,0.5,0.6666666666666667,1.0,0.5,0.0,0.0,0.3333333333333333,1.0
53,0.0,0.5,0.5,0.0,0.5,0.0,0.3333333333333333,0.0,1.0
54,0.0,0.5,0.5,1.0,0.5,0.0,0.0,0.6666666666666667,0.3333333333333333
55,0.0,0.5,0.5,1.0,0.5,0.0,0.0,0.6666666666666667,0.3333333333333333
56,0.0,0.5,0.6666666666666667,1.0,0.5,0.0,0.0,0.6666666666666667,1.0
57,0.0,0.5,0.6666666666666667,1.0,0.5,0.0,0.3333333333333333,1.0,0.6666666666666667
58,0.0,0.5,0.5,1.0,0.5,0.0,0.6666666666666667,0.0,1.0
59,0.0,0.5,0.6666666666666667,1.0,0.5,0.0,0.0,0.6666666666666667,1.0
60,0.0,0.5,0.5,1.0,0.5,0.0,0.0,0.6666666666666667,1.0
61,0.0,0.5,0.5,1.0,0.5,0.0,0.0,0.3333333333333333,0.6666666666666667
62,0.0,0.5,0.6666666666666667,0.0,0.5,0.0,0.0,0.3333333333333333,1.0
63,0.0,0.5,0.5,1.0,0.5,0.0,1.0,0.0,0.3333333333333333
64,0.0,0.5,0.5,1.0,0.5,0.0,0.0,0.6666666666666667,1.0
65,0.0,0.5,0.5,1.0,0.5,0.0,0.0,1.0,0.6666666666666667
66,0.0,0.5,0.5,1.0,0.5,0.0,0.0,0.3333333333333333,1.0
67,0.0,0.5,0.6666666666666667,1.0,0.5,0.0,0.3333333333333333,0.0,0.6666666666666667
68,0.0,0.5,0.5,1.0,0.5,0.0,0.6666666666666667,0.3333333333333333,1.0
69,0.0,0.5,0.5,1.0,0.5,0.0,0.0,1.0,0.6666666666666667
70,0.0,0.5,0.5,1.0,0.5,0.0,0.3333333333333333,0.0,0.6666666666666667
71,1.0,0.5,0.3333333333333335,1.0,0.5,0.0,0.6666666666666667,0.0,1.0
72,1.0,0.5,0.6666666666666667,1.0,0.5,0.0,0.3333333333333333,0.0,1.0
73,1.0,0.5,0.8333333333333335,0.0,0.5,0.0,0.6666666666666667,0.0,1.0
74,1.0,0.5,0.5,1.0,0.5,0.0,1.0,0.0,0.3333333333333333
75,1.0,0.5,0.6666666666666667,1.0,0.5,0.0,1.0,0.0,0.6666666666666667
76,1.0,0.5,0.6666666666666667,1.0,0.5,0.0,0.0,1.0,0.6666666666666667
77,1.0,0.5,0.5,1.0,0.5,0.0,0.6666666666666667,0.0,1.0
78,1.0,0.5,0.5,1.0,0.5,0.0,0.3333333333333333,0.6666666666666667,1.0
79,1.0,0.5,0.8333333333333335,1.0,0.5,0.0,1.0,0.0,0.3333333333333333
80,1.0,0.5,0.6666666666666667,1.0,0.5,0.0,1.0,0.3333333333333333,0.6666666666666667
81,1.0,0.5,0.6666666666666667,1.0,0.5,0.0,1.0,0.0,0.3333333333333333
82,1.0,0.5,0.5,1.0,0.5,0.0,0.0,0.3333333333333333,1.0
83,1.0,0.5,0.5,1.0,0.5,0.0,0.0,1.0,0.6666666666666667
84,1.0,0.5,0.5,1.0,0.5,0.0,0.6666666666666667,0.0,1.0
85,1.0,0.5,0.5,1.0,0.5,0.0,0.3333333333333333,0.0,1.0
86,1.0,0.5,0.5,1.0,0.5,0.0,0.6666666666666667,0.3333333333333333,1.0
87,1.0,0.5,0.6666666666666667,1.0,0.5,0.0,0.6666666666666667,0.3333333333333333,1.0
88,1.0,1.0,0.6666666666666667,0.0,0.5,0.125,0.6666666666666667,0.0,1.0
89,1.0,1.0,0.6666666666666667,1.0,0.5,0.125,0.6666666666666667,0.3333333333333333,1.0
90,1.0,1.0,0.6666666666666667,1.0,0.5,0.125,0.6666666666666667,1.0,0.3333333333333333
91,1.0,1.0,0.6666666666666667,1.0,0.5,0.125,0.0,0.3333333333333333,0.6666666666666667
92,1.0,1.0,0.6666666666666667,1.0,0.5,0.125,0.3333333333333333,0.6666666666666667,1.0
93,1.0,1.0,0.6666666666666667,1.0,0.5,0.125,1.0,0.0,0.3333333333333333
94,1.0,1.0,0.6666666666666667,1.0,0.5,0.125,0.3333333333333333,0.6666666666666667,1.0
95,1.0,1.0,1.0,1.0,0.5,0.125,1.0,0.0,0.6666666666666667
96,1.0,1.0,0.6666666666666667,1.0,0.5,0.125,0.3333333333333333,0.0,0.6666666666666667
97,1.0,1.0,0.6666666666666667,1.0,0.5,0.125,0.6666666666666667,0.0,0.3333333333333333
98,1.0,1.0,0.6666666666666667,1.0,0.5,0.125,1.0,0.0,0.3333333333333333
99,1.0,1.0,0.8333333333333335,1.0,0.5,0.125,0.6666666666666667,0.0,1.0
100,1.0,1.0,0.6666666666666667,1.0,0.5,0.125,0.6666666666666667,0.0,0.3333333333333333
101,1.0,1.0,0.6666666666666667,1.0,0.5,0.125,0.6666666666666667,0.0,0.3333333333333333
102,1.0,1.0,0.6666666666666667,1.0,0.5,0.125,0.3333333333333333,0.0,1.0
103,1.0,1.0,0.6666666666666667,1.0,0.5,0.125,0.6666666666666667,0.0,0.3333333333333333
104,1.0,1.0,0.6666666666666667,1.0,0.5,0.125,0.0,0.3333333333333333,0.6666666666666667
105,1.0,1.0,0.6666666666666667,1.0,0.5,0.125,0.0,0.3333333333333333,1.0
106,1.0,1.0,0.6666666666666667,1.0,0.5,0.125,0.6666666666666667,0.3333333333333333,0.0
107,1.0,1.0,0.6666666666666667,1.0,0.5,0.125,0.3333333333333333,0.6666666666666667,1.0
108,1.0,1.0,0.8333333333333335,1.0,0.5,0.125,0.0,0.3333333333333333,1.0
109,1.0,1.0,0.6666666666666667,1.0,0.5,0.125,0.6666666666666667,0.0,0.3333333333333333
110,1.0,1.0,0.8333333333333335,1.0,0.5,0.125,0.6666666666666667,0.0,1.0
111,1.0,1.0,0.6666666666666667,1.0,0.5,0.125,0.0,0.6666666666666667,1.0
112,1.0,1.0,0.6666666666666667,1.0,0.5,0.125,0.6666666666666667,0.0,1.0
113,1.0,1.0,0.6666666666666667,1.0,0.5,0.125,0.6666666666666667,0.0,0.3333333333333333
114,1.0,1.0,0.6666666666666667,1.0,0.5,0.125,0.3333333333333333,0.0,1.0
115,1.0,1.0,0.6666666666666667,1.0,0.5,0.125,0.3333333333333333,0.0,0.6666666666666667
116,1.0,1.0,0.6666666666666667,1.0,0.5,0.125,1.0,0.0,0.3333333333333333
117,1.0,1.0,0.6666666666666667,1.0,0.5,0.125,0.6666666666666667,0.0,0.3333333333333333
118,1.0,1.0,0.8333333333333335,1.0,0.5,0.125,0.6666666666666667,0.3333333333333333,0.0
119,1.0,1.0,0.6666666666666667,1.0,0.5,0.125,0.6666666666666667,0.3333333333333333,1.0
120,1.0,1.0,0.6666666666666667,1.0,0.5,0.125,0.3333333333333333,0.0,0.6666666666666667
121,1.0,1.0,0.6666666666666667,1.0,0.5,0.125,0.6666666666666667,0.0,0.3333333333333333
122,1.0,1.0,0.8333333333333335,1.0,0.5,0.125,0.3333333333333333,0.0,1.0
123,1.0,1.0,0.8333333333333335,1.0,0.5,0.125,0.3333333333333333,0.0,0.6666666666666667
124,1.0,1.0,0.6666666666666667,1.0,0.5,0.125,0.3333333333333333,0.0,0.6666666666666667
125,0.0,1.0,0.6666666666666667,1.0,0.5,0.125,0.0,0.3333333333333333,1.0
126,0.0,1.0,0.8333333333333335,1.0,0.5,0.125,0.0,0.3333333333333333,1.0
127,0.0,1.0,0.6666666666666667,1.0,0.5,0.125,0.3333333333333333,0.0,1.0
128,0.0,1.0,0.6666666666666667,1.0,0.5,0.125,0.3333333333333333,0.0,0.6666666666666667
129,0.0,1.0,0.8333333333333335,0.0,0.5,0.125,0.0,0.3333333333333333,0.6666666666666667
130,0.0,1.0,0.8333333333333335,1.0,0.5,0.125,0.6666666666666667,1.0,0.3333333333333333
131,0.0,1.0,0.6666666666666667,1.0,0.5,0.125,0.0,0.3333333333333333,1.0
132,0.0,1.0,0.8333333333333335,1.0,0.5,0.125,0.3333333333333333,0.6666666666666667,1.0
133,0.0,1.0,0.8333333333333335,0.0,0.5,0.125,0.0,0.6666666666666667,1.0
134,0.0,1.0,0.8333333333333335,0.0,0.5,0.125,0.6666666666666667,0.0,0.3333333333333333
135,0.0,1.0,0.8333333333333335,1.0,0.5,0.125,0.0,0.3333333333333333,0.6666666666666667
136,0.0,1.0,0.6666666666666667,1.0,0.5,0.125,0.0,0.3333333333333333,1.0
137,0.0,1.0,0.6666666666666667,1.0,0.5,0.125,0.0,0.3333333333333333,0.6666666666666667
138,0.0,1.0,0.6666666666666667,1.0,0.5,0.125,0.0,1.0,0.6666666666666667
139,0.0,1.0,0.8333333333333335,1.0,0.5,0.125,0.0,1.0,0.6666666666666667
140,0.0,1.0,0.6666666666666667,1.0,0.5,0.125,0.0,1.0,0.6666666666666667
141,0.0,1.0,0.6666666666666667,1.0,0.5,0.125,0.0,0.3333333333333333,0.6666666666666667
142,0.0,1.0,0.8333333333333335,1.0,0.5,0.125,0.0,0.3333333333333333,0.6666666666666667
143,0.0,1.0,0.6666666666666667,1.0,0.5,0.125,0.0,0.3333333333333333,0.6666666666666667
144,0.0,1.0,0.6666666666666667,1.0,0.5,0.125,0.6666666666666667,0.0,1.0
145,0.0,1.0,0.6666666666666667,1.0,0.5,0.125,0.0,0.3333333333333333,1.0
146,0.0,1.0,0.8333333333333335,1.0,0.5,0.125,0.0,0.3333333333333333,1.0
147,0.0,1.0,0.8333333333333335,1.0,0.5,0.125,0.0,0.3333333333333333,1.0
148,0.0,1.0,0.6666666666666667,1.0,0.5,0.125,0.0,0.3333333333333333,1.0
149,0.0,1.0,0.8333333333333335,1.0,0.5,0.125,0.0,1.0,0.6666666666666667
150,0.0,1.0,0.6666666666666667,1.0,0.5,0.125,0.3333333333333333,0.6666666666666667,1.0
151,0.0,1.0,0.8333333333333335,1.0,0.5,0.125,0.0,1.0,0.6666666666666667
152,0.0,1.0,0.6666666666666667,1.0,0.5,0.125,0.3333333333333333,0.6666666666666667,1.0
153,0.0,1.0,0.8333333333333335,1.0,0.5,0.125,0.0,0.6666666666666667,1.0
154,0.0,1.0,0.6666666666666667,1.0,0.5,0.125,0.0,0.6666666666666667,1.0
155,0.0,1.0,0.6666666666666667,1.0,0.5,0.125,0.0,0.6666666666666667,0.3333333333333333
156,0.0,0.5,0.6666666666666667,1.0,0.5,0.125,0.3333333333333333,0.0,1.0
157,0.0,1.0,0.6666666666666667,1.0,0.5,0.125,0.3333333333333333,0.0,1.0
158,0.0,1.0,0.6666666666666667,1.0,0.5,0.125,0.0,1.0,0.3333333333333333
159,0.0,1.0,0.6666666666666667,1.0,0.5,0.125,0.3333333333333333,0.6666666666666667,1.0
160,0.0,1.0,0.8333333333333335,1.0,0.5,0.125,0.6666666666666667,0.0,1.0
161,0.0,1.0,0.6666666666666667,1.0,0.5,0.125,0.3333333333333333,0.6666666666666667,1.0
162,0.0,1.0,0.8333333333333335,1.0,0.5,0.125,0.0,0.6666666666666667,1.0
163,0.0,1.0,0.6666666666666667,1.0,0.5,0.125,0.6666666666666667,0.3333333333333333,0.0
164,0.0,1.0,0.8333333333333335,1.0,0.5,0.125,0.0,0.3333333333333333,0.6666666666666667
165,0.0,1.0,0.8333333333333335,1.0,0.5,0.125,0.0,0.3333333333333333,0.6666666666666667
166,0.0,1.0,0.8333333333333335,1.0,0.5,0.125,0.6666666666666667,0.0,0.3333333333333333
167,0.0,1.0,0.8333333333333335,1.0,0.5,0.125,0.3333333333333333,0.6666666666666667,1.0
168,0.0,1.0,1.0,1.0,0.5,0.125,0.3333333333333333,1.0,0.6666666666666667
169,0.0,1.0,0.6666666666666667,1.0,0.5,0.125,0.0,0.6666666666666667,1.0
170,0.0,1.0,0.8333333333333335,1.0,0.5,0.125,0.0,0.3333333333333333,1.0
171,0.0,1.0,0.8333333333333335,1.0,0.5,0.125,0.3333333333333333,0.6666666666666667,1.0
172,1.0,0.0,0.3333333333333335,1.0,0.0,0.75,0.6666666666666667,0.3333333333333333,1.0
173,1.0,0.0,0.3333333333333335,1.0,0.0,0.75,0.6666666666666667,0.3333333333333333,1.0
174,1.0,0.0,0.3333333333333335,1.0,0.0,0.75,1.0,0.6666666666666667,0.3333333333333333
175,1.0,0.0,0.3333333333333335,1.0,0.0,0.75,1.0,0.0,0.6666666666666667
176,1.0,0.0,0.3333333333333335,1.0,0.0,0.75,0.3333333333333333,0.6666666666666667,1.0
177,1.0,0.0,0.3333333333333335,1.0,0.0,0.75,1.0,0.0,0.3333333333333333
178,1.0,0.0,0.3333333333333335,1.0,0.0,0.75,0.6666666666666667,0.0,1.0
179,1.0,0.0,0.3333333333333335,1.0,0.0,0.75,1.0,0.3333333333333333,0.6666666666666667
180,1.0,0.0,0.3333333333333335,1.0,0.0,0.75,0.3333333333333333,0.0,1.0
181,1.0,0.0,0.3333333333333335,1.0,0.0,0.75,0.0,0.6666666666666667,1.0
182,1.0,0.0,0.3333333333333335,1.0,0.0,0.75,0.6666666666666667,0.0,1.0
183,1.0,0.0,0.3333333333333335,1.0,0.0,0.75,0.3333333333333333,0.0,0.6666666666666667
184,1.0,0.0,0.5,1.0,0.0,0.75,0.3333333333333333,0.6666666666666667,1.0
185,0.0,0.0,0.3333333333333335,1.0,0.0,0.75,1.0,0.3333333333333333,0.0
186,0.0,0.0,0.5,1.0,0.0,0.75,0.0,0.6666666666666667,1.0
187,0.0,0.0,0.3333333333333335,1.0,0.0,0.75,0.3333333333333333,0.6666666666666667,1.0
188,0.0,0.0,0.3333333333333335,1.0,0.0,0.75,0.6666666666666667,0.0,1.0
189,0.0,0.0,0.5,1.0,0.0,0.75,0.0,0.3333333333333333,0.6666666666666667
190,0.0,0.0,0.3333333333333335,1.0,0.0,0.75,0.3333333333333333,1.0,0.6666666666666667
191,0.0,0.0,0.3333333333333335,1.0,0.0,0.75,0.0,1.0,0.6666666666666667
192,0.0,0.0,0.3333333333333335,1.0,0.0,0.75,0.6666666666666667,0.0,0.3333333333333333
193,0.0,0.0,0.3333333333333335,1.0,0.0,0.75,1.0,0.0,0.3333333333333333
194,0.0,0.0,0.3333333333333335,1.0,0.0,0.75,0.6666666666666667,0.3333333333333333,1.0
195,0.0,0.5,0.5,1.0,0.0,0.75,0.6666666666666667,0.3333333333333333,1.0
196,0.0,0.5,0.5,1.0,0.0,0.75,0.0,0.3333333333333333,1.0
197,0.0,0.5,0.5,1.0,0.0,0.75,0.3333333333333333,0.0,0.6666666666666667
198,0.0,0.5,0.6666666666666667,1.0,0.0,0.75,0.6666666666666667,1.0,0.0
199,0.0,0.5,0.5,1.0,0.0,0.75,1.0,0.6666666666666667,0.3333333333333333
200,0.0,0.5,0.6666666666666667,1.0,0.0,0.75,0.3333333333333333,1.0,0.6666666666666667
201,0.0,0.5,0.6666666666666667,1.0,0.0,0.75,0.3333333333333333,0.0,1.0
202,0.0,0.5,0.5,1.0,0.0,0.75,0.3333333333333333,1.0,0.6666666666666667
203,0.0,0.5,0.5,1.0,0.0,0.75,0.0,0.6666666666666667,1.0
204,0.0,0.5,0.5,1.0,0.0,0.75,0.0,0.3333333333333333,1.0
205,0.0,0.5,0.6666666666666667,1.0,0.0,0.75,0.0,0.3333333333333333,0.6666666666666667
206,0.0,0.5,0.5,1.0,0.0,0.75,0.0,0.3333333333333333,1.0
207,0.0,0.5,0.5,1.0,0.0,0.75,0.3333333333333333,0.0,0.6666666666666667
208,1.0,0.5,0.5,1.0,0.0,0.75,0.0,0.3333333333333333,1.0
209,1.0,0.5,0.5,1.0,0.0,0.75,0.3333333333333333,0.0,1.0
210,1.0,0.5,0.5,1.0,0.0,0.75,0.6666666666666667,0.0,1.0
211,1.0,0.5,0.5,1.0,0.0,0.75,0.3333333333333333,0.0,1.0
212,1.0,0.5,0.6666666666666667,1.0,0.0,0.75,0.3333333333333333,0.0,0.6666666666666667
213,1.0,0.5,0.5,1.0,0.0,0.75,0.3333333333333333,1.0,0.6666666666666667
214,1.0,0.5,0.6666666666666667,1.0,0.0,0.75,0.3333333333333333,0.0,0.6666666666666667
215,1.0,0.5,0.6666666666666667,1.0,0.0,0.75,0.6666666666666667,1.0,0.3333333333333333
216,1.0,0.5,0.5,1.0,0.0,0.75,0.6666666666666667,0.0,0.3333333333333333
217,1.0,0.5,0.5,1.0,0.0,0.75,0.3333333333333333,0.6666666666666667,1.0
218,1.0,0.5,0.6666666666666667,1.0,0.0,0.75,0.6666666666666667,0.3333333333333333,1.0
219,1.0,0.5,0.5,1.0,0.0,0.75,0.3333333333333333,0.6666666666666667,1.0
220,0.0,0.5,0.8333333333333335,1.0,0.0,0.875,0.0,0.6666666666666667,1.0
221,0.0,0.5,0.5,1.0,0.0,0.875,0.6666666666666667,0.0,0.3333333333333333
222,0.0,0.5,0.5,1.0,0.0,0.875,0.0,0.6666666666666667,1.0
223,0.0,0.5,0.5,1.0,0.0,0.875,0.0,0.3333333333333333,0.6666666666666667
224,0.0,0.5,0.5,1.0,0.0,0.875,0.0,1.0,0.6666666666666667
225,0.0,0.5,0.5,1.0,0.0,0.875,0.0,1.0,0.3333333333333333
226,0.0,0.5,0.6666666666666667,1.0,0.0,0.875,0.3333333333333333,0.6666666666666667,0.0
227,0.0,0.5,0.5,1.0,0.0,0.875,0.0,0.6666666666666667,1.0
228,0.0,0.5,0.5,1.0,0.0,0.875,0.3333333333333333,1.0,0.6666666666666667
229,1.0,0.5,0.5,1.0,0.0,0.875,0.6666666666666667,0.0,1.0
230,1.0,0.5,0.5,1.0,0.0,0.875,0.3333333333333333,0.0,1.0
231,1.0,0.5,0.5,1.0,0.0,0.875,0.6666666666666667,0.3333333333333333,1.0
232,1.0,0.5,0.6666666666666667,1.0,0.0,0.875,1.0,0.0,0.6666666666666667
233,1.0,0.5,0.5,1.0,0.0,0.875,0.3333333333333333,0.6666666666666667,1.0
234,1.0,0.5,0.5,1.0,0.0,0.875,1.0,0.6666666666666667,0.0
235,1.0,0.5,0.5,1.0,0.0,0.875,0.3333333333333333,0.0,1.0
236,1.0,0.5,0.5,0.0,0.0,0.875,1.0,0.0,0.6666666666666667
237,0.0,0.0,0.3333333333333335,1.0,0.0,0.875,0.0,0.3333333333333333,1.0
238,0.0,0.0,0.5,1.0,0.0,0.875,0.0,1.0,0.3333333333333333
239,0.0,0.0,0.5,1.0,0.0,0.875,0.6666666666666667,0.3333333333333333,1.0
240,1.0,0.0,0.3333333333333335,1.0,0.0,0.875,0.0,0.6666666666666667,1.0
241,1.0,0.0,0.3333333333333335,1.0,0.0,0.875,0.6666666666666667,0.3333333333333333,1.0
242,1.0,0.0,0.3333333333333335,1.0,0.0,0.875,1.0,0.0,0.3333333333333333
243,1.0,0.0,0.5,1.0,0.0,0.875,0.0,0.6666666666666667,1.0
244,1.0,0.0,0.3333333333333335,1.0,0.0,0.875,0.6666666666666667,0.3333333333333333,1.0
245,1.0,0.0,0.3333333333333335,1.0,0.0,0.875,0.3333333333333333,0.0,1.0
246,1.0,0.0,0.3333333333333335,1.0,0.0,0.875,0.3333333333333333,0.0,1.0
247,1.0,0.0,0.3333333333333335,1.0,0.0,0.875,0.0,0.6666666666666667,1.0
248,1.0,1.0,0.8333333333333335,1.0,0.0,0.25,0.3333333333333333,0.0,0.6666666666666667
249,1.0,1.0,0.6666666666666667,1.0,0.0,0.25,1.0,0.0,0.3333333333333333
250,1.0,1.0,0.6666666666666667,1.0,0.0,0.25,0.3333333333333333,0.0,0.6666666666666667
251,1.0,1.0,0.6666666666666667,1.0,0.0,0.25,0.3333333333333333,0.0,0.6666666666666667
252,1.0,1.0,0.6666666666666667,1.0,0.0,0.25,0.6666666666666667,0.3333333333333333,1.0
253,1.0,1.0,0.8333333333333335,1.0,0.0,0.25,0.6666666666666667,0.0,0.3333333333333333
254,1.0,1.0,0.8333333333333335,0.0,0.0,0.25,0.3333333333333333,0.0,1.0
255,1.0,1.0,0.6666666666666667,1.0,0.0,0.25,0.3333333333333333,0.6666666666666667,1.0
256,1.0,1.0,0.6666666666666667,1.0,0.0,0.25,0.0,0.6666666666666667,0.3333333333333333
257,1.0,1.0,0.8333333333333335,1.0,0.0,0.25,0.6666666666666667,0.0,0.3333333333333333
258,1.0,1.0,0.6666666666666667,1.0,0.0,0.25,0.0,0.6666666666666667,1.0
259,1.0,1.0,0.6666666666666667,1.0,0.0,0.25,0.3333333333333333,0.0,1.0
260,1.0,1.0,0.6666666666666667,0.0,0.0,0.25,0.6666666666666667,1.0,0.3333333333333333
261,1.0,1.0,0.6666666666666667,1.0,0.0,0.25,0.0,0.3333333333333333,1.0
262,1.0,1.0,0.6666666666666667,1.0,0.0,0.25,0.3333333333333333,0.6666666666666667,1.0
263,1.0,1.0,0.6666666666666667,1.0,0.0,0.25,0.3333333333333333,0.0,0.6666666666666667
264,1.0,1.0,0.8333333333333335,1.0,0.0,0.25,0.3333333333333333,0.0,0.6666666666666667
265,1.0,1.0,0.6666666666666667,1.0,0.0,0.25,0.6666666666666667,0.0,1.0
266,1.0,1.0,0.6666666666666667,1.0,0.0,0.25,0.6666666666666667,0.0,1.0
267,1.0,1.0,0.6666666666666667,1.0,0.0,0.25,1.0,0.3333333333333333,0.6666666666666667
268,1.0,1.0,0.6666666666666667,1.0,0.0,0.25,0.3333333333333333,0.0,0.6666666666666667
269,1.0,1.0,0.8333333333333335,1.0,0.0,0.25,0.0,0.3333333333333333,1.0
270,1.0,1.0,0.6666666666666667,1.0,0.0,0.25,0.3333333333333333,0.0,0.6666666666666667
271,1.0,1.0,0.8333333333333335,1.0,0.0,0.25,0.0,0.6666666666666667,1.0
272,1.0,1.0,0.6666666666666667,1.0,0.0,0.25,1.0,0.0,0.6666666666666667
273,1.0,1.0,0.6666666666666667,1.0,0.0,0.25,0.3333333333333333,0.0,0.6666666666666667
274,0.0,1.0,0.8333333333333335,1.0,0.0,0.25,0.6666666666666667,0.0,0.3333333333333333
275,0.0,1.0,1.0,1.0,0.0,0.25,0.0,0.3333333333333333,0.6666666666666667
276,0.0,1.0,0.6666666666666667,1.0,0.0,0.25,0.0,0.3333333333333333,1.0
277,0.0,1.0,0.6666666666666667,1.0,0.0,0.25,0.3333333333333333,0.0,0.6666666666666667
278,0.0,1.0,0.8333333333333335,1.0,0.0,0.25,0.3333333333333333,0.6666666666666667,0.0
279,0.0,1.0,0.6666666666666667,1.0,0.0,0.25,0.0,0.6666666666666667,1.0
280,0.0,1.0,0.8333333333333335,1.0,0.0,0.25,0.0,0.3333333333333333,1.0
281,0.0,1.0,0.6666666666666667,1.0,0.0,0.25,0.0,0.3333333333333333,0.6666666666666667
282,0.0,1.0,0.8333333333333335,1.0,0.0,0.25,0.3333333333333333,0.0,0.6666666666666667
283,0.0,1.0,0.6666666666666667,1.0,0.0,0.25,0.0,0.3333333333333333,0.6666666666666667
284,0.0,1.0,0.8333333333333335,1.0,0.0,0.25,0.6666666666666667,1.0,0.0
285,0.0,1.0,0.6666666666666667,1.0,0.0,0.25,0.3333333333333333,0.0,1.0
286,0.0,1.0,0.6666666666666667,1.0,0.0,0.25,0.0,0.6666666666666667,1.0
287,0.0,1.0,0.8333333333333335,1.0,0.0,0.25,0.0,0.3333333333333333,1.0
288,0.0,1.0,0.6666666666666667,1.0,0.0,0.25,0.0,1.0,0.3333333333333333
289,0.0,1.0,0.6666666666666667,1.0,0.0,0.25,0.0,0.3333333333333333,0.6666666666666667
290,0.0,1.0,0.8333333333333335,0.0,0.0,0.25,0.6666666666666667,0.3333333333333333,0.0
291,0.0,1.0,0.8333333333333335,1.0,0.0,0.25,0.0,0.3333333333333333,1.0
292,0.0,1.0,0.6666666666666667,1.0,0.0,0.25,0.3333333333333333,0.6666666666666667,1.0
293,0.0,1.0,0.8333333333333335,1.0,0.0,0.25,0.0,0.3333333333333333,0.6666666666666667
294,0.0,1.0,0.6666666666666667,1.0,0.0,0.25,0.3333333333333333,0.0,0.6666666666666667
295,0.0,1.0,1.0,1.0,0.0,0.25,0.3333333333333333,0.0,0.6666666666666667
296,0.0,1.0,0.6666666666666667,1.0,0.0,0.25,0.6666666666666667,0.0,0.3333333333333333
297,0.0,1.0,0.6666666666666667,1.0,0.0,0.25,0.0,1.0,0.3333333333333333
298,0.0,1.0,0.6666666666666667,1.0,0.0,0.25,0.3333333333333333,0.0,0.6666666666666667
299,0.0,1.0,0.6666666666666667,1.0,0.0,0.25,0.0,1.0,0.3333333333333333
300,1.0,0.0,0.3333333333333335,0.0,1.0,0.5,0.3333333333333333,0.6666666666666667,1.0
301,1.0,0.0,0.3333333333333335,1.0,1.0,0.5,0.6666666666666667,0.0,0.3333333333333333
302,1.0,0.0,0.3333333333333335,1.0,1.0,0.5,0.6666666666666667,0.3333333333333333,1.0
303,1.0,0.0,0.3333333333333335,0.0,1.0,0.5,0.0,0.3333333333333333,0.6666666666666667
304,1.0,0.0,0.3333333333333335,1.0,1.0,0.5,0.0,0.6666666666666667,1.0
305,1.0,0.0,0.3333333333333335,0.0,1.0,0.5,1.0,0.0,0.6666666666666667
306,1.0,0.0,0.5,1.0,1.0,0.5,0.3333333333333333,0.0,1.0
307,1.0,0.0,0.5,1.0,1.0,0.5,0.3333333333333333,0.0,1.0
308,1.0,0.0,0.3333333333333335,1.0,1.0,0.5,0.3333333333333333,0.6666666666666667,1.0
309,1.0,0.0,0.3333333333333335,1.0,1.0,0.5,0.0,0.6666666666666667,1.0
310,1.0,0.0,0.3333333333333335,1.0,1.0,0.5,0.6666666666666667,0.3333333333333333,1.0
311,1.0,0.0,0.3333333333333335,1.0,1.0,0.5,0.3333333333333333,0.6666666666666667,1.0
312,1.0,0.0,0.3333333333333335,1.0,1.0,0.5,0.3333333333333333,0.6666666666666667,1.0
313,1.0,0.0,0.3333333333333335,1.0,1.0,0.5,0.6666666666666667,0.0,0.3333333333333333
314,1.0,0.0,0.3333333333333335,1.0,1.0,0.5,0.3333333333333333,1.0,0.6666666666666667
315,0.0,0.0,0.3333333333333335,1.0,1.0,0.5,0.0,0.3333333333333333,1.0
316,0.0,0.0,0.3333333333333335,1.0,1.0,0.5,0.6666666666666667,0.3333333333333333,1.0
317,0.0,0.0,0.3333333333333335,1.0,1.0,0.5,0.0,1.0,0.3333333333333333
318,0.0,0.0,0.3333333333333335,1.0,1.0,0.5,0.3333333333333333,1.0,0.6666666666666667
319,0.0,0.0,0.3333333333333335,1.0,1.0,0.5,0.0,0.3333333333333333,1.0
320,0.0,0.0,0.3333333333333335,1.0,1.0,0.5,0.0,1.0,0.6666666666666667
321,0.0,0.0,0.3333333333333335,1.0,1.0,0.5,0.6666666666666667,0.0,1.0
322,0.0,0.0,0.3333333333333335,1.0,1.0,0.5,0.0,1.0,0.6666666666666667
323,0.0,0.0,0.3333333333333335,0.0,1.0,0.5,0.0,0.6666666666666667,0.3333333333333333
324,0.0,0.0,0.5,1.0,1.0,0.5,0.0,1.0,0.6666666666666667
325,0.0,0.0,0.3333333333333335,1.0,1.0,0.5,0.0,0.6666666666666667,1.0
326,1.0,0.5,0.5,1.0,1.0,0.5,0.3333333333333333,0.0,0.6666666666666667
327,1.0,0.5,0.5,1.0,1.0,0.5,0.3333333333333333,0.6666666666666667,1.0
328,1.0,0.5,0.6666666666666667,1.0,1.0,0.5,0.0,1.0,0.6666666666666667
329,1.0,0.5,0.5,1.0,1.0,0.5,0.6666666666666667,0.0,0.3333333333333333
330,1.0,0.5,0.5,1.0,1.0,0.5,0.3333333333333333,0.0,1.0
331,1.0,0.5,0.5,0.0,1.0,0.5,1.0,0.0,0.6666666666666667
332,1.0,0.5,0.6666666666666667,1.0,1.0,0.5,0.3333333333333333,0.6666666666666667,1.0
333,1.0,0.5,0.5,1.0,1.0,0.5,0.3333333333333333,0.6666666666666667,1.0
334,1.0,0.5,0.5,1.0,1.0,0.5,0.0,0.3333333333333333,0.6666666666666667
335,1.0,0.5,0.6666666666666667,1.0,1.0,0.5,0.0,1.0,0.6666666666666667
336,1.0,0.5,0.5,1.0,1.0,0.5,0.3333333333333333,1.0,0.6666666666666667
337,1.0,0.5,0.5,1.0,1.0,0.5,0.6666666666666667,0.3333333333333333,0.0
338,1.0,0.5,0.5,1.0,1.0,0.5,1.0,0.3333333333333333,0.6666666666666667
339,1.0,0.5,0.5,1.0,1.0,0.5,0.0,0.3333333333333333,0.6666666666666667
340,1.0,0.5,0.5,1.0,1.0,0.5,0.6666666666666667,0.0,1.0
341,1.0,0.5,0.5,1.0,1.0,0.5,0.6666666666666667,0.3333333333333333,0.0
342,1.0,0.5,0.5,1.0,1.0,0.5,0.0,0.6666666666666667,1.0
343,1.0,0.5,0.5,1.0,1.0,0.5,0.3333333333333333,1.0,0.6666666666666667
344,1.0,0.5,0.5,1.0,1.0,0.5,0.6666666666666667,0.3333333333333333,1.0
345,1.0,0.5,0.5,1.0,1.0,0.5,1.0,0.6666666666666667,0.0
346,1.0,0.5,0.5,1.0,1.0,0.5,0.3333333333333333,0.6666666666666667,1.0
347,0.0,0.5,0.5,1.0,1.0,0.5,0.3333333333333333,0.6666666666666667,1.0
348,0.0,0.5,0.6666666666666667,1.0,1.0,0.5,0.0,0.3333333333333333,1.0
349,0.0,0.5,0.5,0.0,1.0,0.5,0.0,1.0,0.6666666666666667
350,0.0,0.5,0.6666666666666667,0.0,1.0,0.5,1.0,0.3333333333333333,0.6666666666666667
351,0.0,0.5,0.5,1.0,1.0,0.5,0.0,1.0,0.6666666666666667
352,0.0,0.5,0.5,1.0,1.0,0.5,0.3333333333333333,1.0,0.6666666666666667
353,0.0,0.5,0.5,1.0,1.0,0.5,0.0,0.6666666666666667,1.0
354,0.0,0.5,0.5,1.0,1.0,0.5,0.0,0.6666666666666667,1.0
355,0.0,0.5,0.6666666666666667,1.0,1.0,0.5,0.0,1.0,0.6666666666666667
356,0.0,0.5,0.3333333333333335,0.0,1.0,0.5,0.0,0.6666666666666667,1.0
357,0.0,0.5,0.5,1.0,1.0,0.5,1.0,0.3333333333333333,0.0
358,0.0,0.5,0.5,0.0,1.0,0.5,0.3333333333333333,0.6666666666666667,1.0
359,0.0,0.5,0.5,1.0,1.0,0.5,0.0,0.6666666666666667,1.0
360,0.0,0.5,0.5,1.0,1.0,0.5,0.0,1.0,0.6666666666666667
361,0.0,0.5,0.6666666666666667,1.0,1.0,0.5,0.0,0.3333333333333333,1.0
362,0.0,0.5,0.6666666666666667,1.0,1.0,0.5,0.3333333333333333,0.6666666666666667,1.0
363,0.0,0.5,0.6666666666666667,1.0,1.0,0.5,0.0,0.3333333333333333,1.0
364,0.0,0.5,0.3333333333333335,0.0,1.0,0.5,0.0,1.0,0.3333333333333333
365,0.0,0.5,0.6666666666666667,1.0,1.0,0.5,0.0,0.6666666666666667,1.0
366,0.0,0.5,0.5,1.0,1.0,0.5,0.0,0.6666666666666667,1.0
367,1.0,0.5,0.5,1.0,1.0,0.5,0.3333333333333333,0.0,1.0
368,1.0,0.0,0.3333333333333335,1.0,1.0,0.625,0.6666666666666667,0.0,0.3333333333333333
369,0.0,0.0,0.3333333333333335,1.0,1.0,0.625,0.3333333333333333,0.0,1.0
370,0.0,0.0,0.3333333333333335,0.0,1.0,0.625,0.6666666666666667,0.0,0.3333333333333333
371,0.0,0.0,0.3333333333333335,1.0,1.0,0.625,0.3333333333333333,0.6666666666666667,1.0
372,1.0,0.0,0.3333333333333335,1.0,1.0,0.625,0.3333333333333333,0.6666666666666667,1.0
373,1.0,0.0,0.5,1.0,1.0,0.625,0.0,0.3333333333333333,1.0
374,1.0,0.0,0.3333333333333335,1.0,1.0,0.625,0.6666666666666667,0.3333333333333333,1.0
375,1.0,0.0,0.3333333333333335,0.0,1.0,0.625,0.6666666666666667,0.0,1.0
376,0.0,0.0,0.3333333333333335,1.0,1.0,0.625,0.0,0.3333333333333333,0.6666666666666667
377,0.0,0.0,0.3333333333333335,1.0,1.0,0.625,0.0,0.3333333333333333,1.0
378,0.0,0.0,0.3333333333333335,1.0,1.0,0.625,0.6666666666666667,0.3333333333333333,1.0
379,0.0,0.5,0.5,1.0,1.0,0.625,0.3333333333333333,1.0,0.6666666666666667
380,0.0,0.5,0.6666666666666667,1.0,1.0,0.625,0.6666666666666667,0.3333333333333333,1.0
381,0.0,0.5,0.5,0.0,1.0,0.625,0.0,0.6666666666666667,1.0
382,0.0,0.5,0.6666666666666667,1.0,1.0,0.625,0.3333333333333333,0.0,1.0
383,0.0,0.5,0.5,1.0,1.0,0.625,1.0,0.0,0.6666666666666667
384,0.0,0.5,0.5,1.0,1.0,0.625,0.0,1.0,0.3333333333333333
385,0.0,0.5,0.6666666666666667,1.0,1.0,0.625,0.3333333333333333,0.6666666666666667,1.0
386,1.0,0.5,0.5,1.0,1.0,0.625,0.6666666666666667,0.3333333333333333,1.0
387,1.0,0.5,0.5,1.0,1.0,0.625,0.3333333333333333,0.0,1.0
388,1.0,0.5,0.5,1.0,1.0,0.625,0.3333333333333333,0.6666666666666667,1.0
389,1.0,0.5,0.5,1.0,1.0,0.625,1.0,0.0,0.6666666666666667
390,1.0,0.5,0.5,1.0,1.0,0.625,0.0,0.3333333333333333,1.0
391,1.0,0.5,0.5,1.0,1.0,0.625,0.3333333333333333,0.6666666666666667,1.0
392,1.0,0.5,0.6666666666666667,1.0,1.0,0.625,0.0,0.3333333333333333,1.0
393,1.0,0.5,0.5,1.0,1.0,0.625,0.6666666666666667,0.0,1.0
394,1.0,0.5,0.5,1.0,1.0,0.625,0.0,0.3333333333333333,1.0
395,1.0,0.5,0.5,1.0,1.0,0.625,0.6666666666666667,0.3333333333333333,1.0
396,1.0,0.5,0.5,1.0,1.0,0.625,0.0,0.6666666666666667,1.0
397,0.0,0.5,0.5,1.0,1.0,0.625,0.0,1.0,0.3333333333333333
398,0.0,0.5,0.6666666666666667,1.0,1.0,0.625,0.0,0.3333333333333333,1.0
399,0.0,0.5,0.5,1.0,1.0,0.625,0.3333333333333333,0.0,1.0
400,0.0,0.5,0.5,1.0,1.0,0.625,0.0,0.3333333333333333,1.0
401,0.0,0.5,0.6666666666666667,1.0,1.0,0.625,0.0,0.6666666666666667,0.3333333333333333
402,0.0,0.5,0.5,1.0,1.0,0.625,0.6666666666666667,0.0,0.3333333333333333
403,1.0,0.5,0.5,0.0,1.0,0.625,0.0,0.6666666666666667,1.0
404,1.0,0.5,0.6666666666666667,1.0,1.0,0.625,1.0,0.0,0.6666666666666667
405,1.0,0.5,0.5,1.0,1.0,0.625,0.3333333333333333,0.0,1.0
406,1.0,0.5,0.6666666666666667,1.0,1.0,0.625,0.3333333333333333,0.0,1.0
407,1.0,0.5,0.6666666666666667,1.0,1.0,0.625,1.0,0.0,0.6666666666666667
408,1.0,0.5,0.6666666666666667,0.0,1.0,0.625,1.0,0.0,0.6666666666666667
409,1.0,0.5,0.5,1.0,1.0,0.625,0.3333333333333333,0.0,1.0
410,1.0,0.5,0.5,0.0,1.0,0.625,0.3333333333333333,0.0,1.0
411,1.0,0.5,0.6666666666666667,1.0,1.0,0.625,0.6666666666666667,0.0,0.3333333333333333
412,1.0,0.5,0.5,1.0,1.0,0.625,0.3333333333333333,0.0,1.0
413,0.0,0.0,0.3333333333333335,1.0,1.0,0.625,0.3333333333333333,1.0,0.0
414,0.0,0.0,0.3333333333333335,1.0,1.0,0.625,0.3333333333333333,1.0,0.0
415,0.0,0.0,0.3333333333333335,1.0,1.0,0.625,0.6666666666666667,0.3333333333333333,0.0
416,0.0,0.0,0.3333333333333335,1.0,1.0,0.625,1.0,0.6666666666666667,0.3333333333333333
417,1.0,0.0,0.3333333333333335,1.0,1.0,0.625,1.0,0.0,0.6666666666666667
418,1.0,0.0,0.3333333333333335,1.0,1.0,0.625,1.0,0.0,0.6666666666666667
419,1.0,0.0,0.3333333333333335,1.0,1.0,0.625,0.6666666666666667,1.0,0.3333333333333333
420,1.0,0.0,0.3333333333333335,1.0,1.0,0.625,0.6666666666666667,0.0,0.3333333333333333
421,1.0,0.0,0.3333333333333335,1.0,1.0,0.625,0.3333333333333333,0.0,1.0
422,0.0,0.0,0.3333333333333335,1.0,1.0,0.625,0.0,1.0,0.6666666666666667
423,0.0,0.0,0.3333333333333335,1.0,1.0,0.625,0.3333333333333333,0.6666666666666667,1.0
424,0.0,0.0,0.3333333333333335,1.0,1.0,0.625,0.0,0.3333333333333333,1.0
425,1.0,0.0,0.3333333333333335,1.0,1.0,0.625,0.6666666666666667,0.3333333333333333,0.0
426,1.0,0.0,0.3333333333333335,1.0,1.0,0.625,0.3333333333333333,0.6666666666666667,0.0
427,1.0,0.0,0.3333333333333335,1.0,1.0,0.625,0.3333333333333333,0.0,1.0
428,1.0,0.0,0.3333333333333335,1.0,1.0,0.625,0.3333333333333333,0.0,1.0
429,1.0,1.0,0.6666666666666667,1.0,1.0,1.0,0.3333333333333333,0.0,1.0
430,1.0,1.0,0.6666666666666667,1.0,1.0,1.0,0.6666666666666667,0.3333333333333333,0.0
431,1.0,1.0,0.6666666666666667,1.0,1.0,1.0,0.0,0.3333333333333333,1.0
432,1.0,1.0,0.6666666666666667,1.0,1.0,1.0,0.3333333333333333,0.0,0.6666666666666667
433,1.0,1.0,0.6666666666666667,0.0,1.0,1.0,0.3333333333333333,0.0,0.6666666666666667
434,1.0,1.0,0.6666666666666667,1.0,1.0,1.0,0.3333333333333333,0.0,0.6666666666666667
435,1.0,1.0,0.6666666666666667,1.0,1.0,1.0,0.0,0.3333333333333333,0.6666666666666667
436,1.0,1.0,0.6666666666666667,1.0,1.0,1.0,0.3333333333333333,0.0,1.0
437,1.0,1.0,0.6666666666666667,1.0,1.0,1.0,0.6666666666666667,0.0,1.0
438,1.0,1.0,0.6666666666666667,1.0,1.0,1.0,0.6666666666666667,0.0,0.3333333333333333
439,1.0,1.0,0.6666666666666667,1.0,1.0,1.0,0.3333333333333333,0.0,1.0
440,1.0,1.0,0.6666666666666667,1.0,1.0,1.0,0.3333333333333333,0.0,1.0
441,1.0,1.0,0.6666666666666667,1.0,1.0,1.0,0.3333333333333333,0.0,0.6666666666666667
442,1.0,1.0,0.6666666666666667,1.0,1.0,1.0,0.0,0.3333333333333333,1.0
443,1.0,1.0,0.8333333333333335,0.0,1.0,1.0,1.0,0.6666666666666667,0.0
444,1.0,1.0,0.6666666666666667,1.0,1.0,1.0,0.6666666666666667,0.0,0.3333333333333333
445,1.0,1.0,0.6666666666666667,1.0,1.0,1.0,0.6666666666666667,0.0,1.0
446,1.0,1.0,0.6666666666666667,1.0,1.0,1.0,0.3333333333333333,0.0,1.0
447,1.0,1.0,0.6666666666666667,0.0,1.0,1.0,0.6666666666666667,1.0,0.0
448,1.0,1.0,0.8333333333333335,1.0,1.0,1.0,0.0,0.6666666666666667,1.0
449,1.0,1.0,0.6666666666666667,1.0,1.0,1.0,0.3333333333333333,0.0,0.6666666666666667
450,1.0,0.5,0.6666666666666667,1.0,1.0,1.0,0.3333333333333333,0.0,1.0
451,1.0,1.0,0.6666666666666667,1.0,1.0,1.0,0.6666666666666667,0.0,1.0
452,1.0,1.0,0.6666666666666667,0.0,1.0,1.0,0.0,0.3333333333333333,0.6666666666666667
453,1.0,1.0,0.6666666666666667,1.0,1.0,1.0,0.6666666666666667,0.0,0.3333333333333333
454,1.0,1.0,0.6666666666666667,1.0,1.0,1.0,1.0,0.0,0.3333333333333333
455,1.0,1.0,0.6666666666666667,1.0,1.0,1.0,0.3333333333333333,0.0,0.6666666666666667
456,1.0,1.0,0.6666666666666667,1.0,1.0,1.0,1.0,0.0,0.3333333333333333
457,1.0,1.0,0.6666666666666667,1.0,1.0,1.0,1.0,0.0,0.3333333333333333
458,1.0,1.0,0.6666666666666667,1.0,1.0,1.0,0.3333333333333333,0.0,1.0
459,1.0,1.0,0.6666666666666667,0.0,1.0,1.0,0.3333333333333333,0.0,1.0
460,1.0,1.0,0.6666666666666667,1.0,1.0,1.0,0.6666666666666667,0.0,0.3333333333333333
461,1.0,1.0,0.6666666666666667,1.0,1.0,1.0,0.3333333333333333,0.0,1.0
462,1.0,1.0,0.6666666666666667,1.0,1.0,1.0,0.3333333333333333,0.0,0.6666666666666667
463,0.0,1.0,0.8333333333333335,1.0,1.0,1.0,0.0,0.3333333333333333,1.0
464,0.0,1.0,0.6666666666666667,0.0,1.0,1.0,0.3333333333333333,0.0,1.0
465,0.0,1.0,0.6666666666666667,1.0,1.0,1.0,0.0,0.3333333333333333,1.0
466,0.0,1.0,0.6666666666666667,1.0,1.0,1.0,0.3333333333333333,0.6666666666666667,1.0
467,0.0,1.0,0.8333333333333335,1.0,1.0,1.0,0.0,0.3333333333333333,1.0
468,0.0,1.0,0.6666666666666667,1.0,1.0,1.0,0.0,0.6666666666666667,1.0
469,0.0,1.0,0.6666666666666667,1.0,1.0,1.0,0.0,0.3333333333333333,1.0
470,0.0,1.0,0.8333333333333335,1.0,1.0,1.0,0.0,0.3333333333333333,1.0
471,0.0,1.0,0.6666666666666667,1.0,1.0,1.0,0.3333333333333333,0.0,0.6666666666666667
472,0.0,1.0,0.6666666666666667,1.0,1.0,1.0,0.3333333333333333,0.0,1.0
473,0.0,1.0,0.6666666666666667,1.0,1.0,1.0,0.0,0.3333333333333333,0.6666666666666667
474,0.0,1.0,0.6666666666666667,1.0,1.0,1.0,0.0,0.3333333333333333,0.6666666666666667
475,0.0,1.0,0.6666666666666667,1.0,1.0,1.0,0.3333333333333333,0.0,0.6666666666666667
476,0.0,1.0,0.6666666666666667,1.0,1.0,1.0,0.0,0.6666666666666667,0.3333333333333333
477,0.0,1.0,0.6666666666666667,1.0,1.0,1.0,0.0,0.3333333333333333,0.6666666666666667
