,f1,f2,f3,f4,f5,f6,f7,f8,f9
0,0.47787610619469023,0.7209302325581395,0.29393627954779067,0.031578947368421054,0.9055715406748628,0.04918032786885246,0.3963018490754624,0.040058183630804656,1.0
1,0.47787610619469023,0.4883720930232558,0.29701952723535463,0.04210526315789474,0.7530735024849595,0.18032786885245902,0.36281859070464795,0.1738139284049134,1.0
2,0.7168141592920354,0.13953488372093023,0.2158273381294964,0.06315789473684211,0.9555323044729271,0.14754098360655737,0.2803598200899551,0.128337734347751,1.0
3,0.6991150442477876,0.023255813953488372,0.20760534429599176,0.06842105263157895,0.7886476589066179,0.22950819672131148,0.35382308845577226,0.22459998753821792,1.0
4,0.4247787610619469,0.023255813953488372,0.24460431654676285,0.08421052631578949,0.6743395239340831,0.21311475409836064,0.5667166416791607,0.21393083997424567,1.0
5,0.7168141592920354,0.0,0.22816032887975357,0.12631578947368421,0.8613654198273608,0.032786885245901634,0.2958520739630184,0.019069391356536583,1.0
6,1.0,0.46511627906976744,0.3442959917780062,0.14210526315789473,0.27517656290871045,0.14754098360655737,0.6531734132933535,0.12103255175041483,0.0
7,0.47787610619469023,0.4883720930232558,0.317574511819116,0.15263157894736845,0.8851687156683233,0.18032786885245902,0.36331834082958525,0.1737473223282906,0.0
8,0.9734513274336283,0.023255813953488372,0.1675231243576567,0.2,0.16008370389746274,0.0819672131147541,0.5272363818090955,0.06859638078335908,1.0
9,0.3274336283185841,0.13953488372093023,0.16649537512846857,0.2105263157894737,0.9016479204812975,0.09836065573770492,0.24987506246876579,0.10690776634015364,1.0
10,0.47787610619469023,0.4883720930232558,0.3340184994861253,0.23157894736842105,0.7284854826052839,0.18032786885245902,0.38830584707646176,0.1693104981919673,1.0
11,0.3274336283185841,0.023255813953488372,0.17163412127440925,0.2368421052631579,0.8885691865027465,0.09836065573770492,0.2508745627186406,0.10671296147089135,1.0
12,0.35398230088495575,0.4883720930232558,0.2959917780061665,0.2578947368421053,0.6437352864242741,0.34426229508196726,0.42328835582208924,0.36791406240488045,1.0
13,0.017699115044247787,0.046511627906976744,0.5025693730729701,0.2736842105263158,0.25843578341616535,0.29508196721311475,0.09995002498750627,0.24971405939686409,1.0
14,0.5929203539823009,0.46511627906976744,0.2713257965056526,0.3052631578947369,0.24091027988490718,0.5573770491803279,0.3448275862068968,0.5144245127550637,0.0
15,0.7699115044247787,0.0,0.3453237410071943,0.35263157894736846,0.15275961286947423,0.04918032786885246,0.19390304847576223,0.03804424505593118,0.0
16,0.3185840707964602,0.4883720930232558,0.04419321685508715,0.3631578947368422,1.0,0.47540983606557385,0.054972513743128504,0.614708197345927,0.0
17,0.37168141592920356,0.13953488372093023,0.28057553956834536,0.3842105263157895,0.33010724561862415,0.19672131147540986,0.32333833083458274,0.21967185406250517,1.0
18,0.34513274336283184,0.4883720930232558,0.22199383350462476,0.4052631578947369,0.833900078472404,0.4426229508196722,0.15842078960519745,0.5775985859458312,0.0
19,0.9734513274336283,0.023255813953488372,0.2086330935251799,0.41052631578947374,0.39157729531781327,0.0819672131147541,0.4517741129435284,0.07620451360017302,1.0
20,0.46017699115044247,0.46511627906976744,0.11716341212744075,0.4315789473684211,0.715668323306304,0.14754098360655737,0.23588205897051484,0.16243646460674843,1.0
21,0.5752212389380531,0.46511627906976744,0.3833504624871531,0.436842105263158,0.0,0.1639344262295082,0.343328335832084,0.17165245378934862,1.0
22,0.6902654867256637,0.0,0.19630010277492316,0.436842105263158,0.7486267329322522,0.19672131147540986,0.22438780609695153,0.19139077068960209,1.0
23,0.46017699115044247,0.46511627906976744,0.12024665981500515,0.44736842105263164,0.8529950300810882,0.14754098360655737,0.21389305347326348,0.16658609479978426,1.0
24,0.3274336283185841,0.0,0.21274409044193243,0.44736842105263164,0.8289301595605546,0.09836065573770492,0.35982008995502257,0.0922429703731874,1.0
25,0.9823008849557522,0.13953488372093023,0.3412127440904422,0.44736842105263164,0.18728747057284856,0.11475409836065573,0.5402298850574714,0.1188288216668851,1.0
26,0.5752212389380531,0.7209302325581395,0.38746145940390564,0.45789473684210524,0.0,0.1639344262295082,0.3458270864567716,0.17114323959065192,1.0
27,0.5752212389380531,0.7209302325581395,0.38848920863309333,0.45789473684210524,0.0967826314412765,0.1639344262295082,0.35532233883058484,0.1694945601456453,1.0
28,1.0,0.4883720930232558,0.4069886947584789,0.4631578947368421,0.2568663353387392,0.3770491803278688,0.5802098950524739,0.34797950824662005,1.0
29,0.584070796460177,0.4418604651162791,0.6742034943473794,0.4631578947368421,0.23934083180748106,0.04098360655737705,0.8260869565217395,0.017686420023648744,1.0
30,0.5752212389380531,0.46511627906976744,0.3905447070914696,0.46842105263157896,0.0,0.1639344262295082,0.348825587206397,0.17064906547377334,1.0
31,0.5752212389380531,0.7209302325581395,0.39157245632065774,0.4736842105263158,0.0,0.1639344262295082,0.3548225887056473,0.16956761197161863,1.0
32,0.4690265486725664,0.023255813953488372,0.15724563206577624,0.4789473684210527,0.35835731101229407,0.21311475409836064,0.3338330834582708,0.20837173925654728,1.0
33,0.7610619469026548,0.0,0.20041109969167525,0.4789473684210527,0.3510332199843056,1.0,0.19190404797601213,1.0,0.0
34,0.5752212389380531,0.46511627906976744,0.39465570400822214,0.48947368421052634,0.0,0.1639344262295082,0.4002998500749626,0.16177971436736044,1.0
35,0.831858407079646,0.046511627906976744,0.5611510791366907,0.5,0.3376929113261836,0.11475409836065573,0.7351324337831084,0.061740252057447376,1.0
36,0.9203539823008849,0.023255813953488372,0.16957862281603298,0.0,0.7070363588804603,0.0819672131147541,0.5432283858070965,0.06775556859029314,1.0
37,0.9203539823008849,0.4883720930232558,0.16957862281603298,0.005263157894736843,0.7206382422181533,0.24590163934426232,0.5542228885557223,0.2212575084027505,1.0
38,0.3008849557522124,0.4883720930232558,0.36998972250770823,0.005263157894736843,0.9006016217630134,0.18032786885245902,0.43328335832083975,0.1632099545288193,0.0
39,0.3008849557522124,0.7209302325581395,0.3741007194244603,0.026315789473684213,0.7917865550614701,0.04918032786885246,0.4362818590704649,0.037443357977581665,1.0
40,0.3008849557522124,0.46511627906976744,0.3761562178828366,0.0368421052631579,0.8896154852210306,0.18032786885245902,0.4022988505747127,0.16835366251059075,1.0
41,0.8938053097345132,0.41860465116279066,0.0,0.04736842105263158,0.879414072717761,0.18032786885245902,0.11494252873563227,0.24019798477227522,0.0
42,0.6814159292035398,0.13953488372093023,0.2610483042137721,0.05789473684210526,0.8932775307350249,0.14754098360655737,0.30484757621189407,0.1253540685927998,1.0
43,0.9646017699115044,0.7209302325581395,0.38540596094552937,0.06315789473684211,0.791524980381899,0.14754098360655737,0.3258370814592704,0.17055810878849276,1.0
44,0.9646017699115044,0.13953488372093023,0.38746145940390564,0.0736842105263158,0.776092074287209,0.8360655737704918,0.324337831084458,0.9464687678377162,0.0
45,0.9646017699115044,0.13953488372093023,0.38746145940390564,0.0736842105263158,0.776615223646351,0.8360655737704918,0.32383808095952027,0.9468984844610888,0.0
46,0.7433628318584071,0.0,0.3165467625899283,0.0736842105263158,0.6450431598221293,0.04918032786885246,0.20789605197401317,0.03712178670442444,1.0
47,0.6814159292035398,0.0,0.27029804727646445,0.10526315789473685,0.9003400470834424,0.032786885245901634,0.31184407796101943,0.01822213341412006,1.0
48,0.9646017699115044,0.4883720930232558,0.39465570400822214,0.10526315789473685,0.7596128694742349,0.14754098360655737,0.33633183408295864,0.16864658600885646,1.0
49,0.6460176991150443,0.023255813953488372,0.2826310380267216,0.1105263157894737,0.8263144127648444,0.22950819672131148,0.3888055972013995,0.21869210016121537,1.0
50,0.9646017699115044,0.7209302325581395,0.39671120246659797,0.12105263157894737,0.10489144650797803,0.032786885245901634,0.33483258370814606,0.040565965440756746,1.0
51,0.3008849557522124,0.4883720930232558,0.39260020554984587,0.12105263157894737,0.9019094951608685,0.18032786885245902,0.413793103448276,0.16642924823225325,0.0
52,0.24778761061946902,0.023255813953488372,0.35971223021582777,0.12631578947368421,0.7920481297410411,0.21311475409836064,0.6311844077961022,0.20457877386091078,1.0
53,0.3008849557522124,0.46511627906976744,0.39260020554984587,0.12631578947368421,0.7666753858226524,0.04918032786885246,0.42978510744627707,0.0380027057823385,1.0
54,0.9203539823008849,0.13953488372093023,0.19732785200411085,0.1473684210526316,0.8561339262359404,0.0819672131147541,0.2008995502248876,0.10868464457779983,0.0
55,0.9646017699115044,0.7209302325581395,0.4059609455292912,0.16842105263157897,0.7426105153021187,0.14754098360655737,0.32133933033483264,0.1713273015443299,1.0
56,0.5221238938053098,0.46511627906976744,0.4100719424460433,0.2,0.36044990844886216,0.1639344262295082,0.3603198400799601,0.17005032697854067,1.0
57,0.9557522123893805,0.4883720930232558,0.10071942446043192,0.2105263157894737,0.8223907925712792,0.34426229508196726,0.2448775612193903,0.3985764920656406,1.0
58,0.9646017699115044,0.13953488372093023,0.41932168550873605,0.2368421052631579,0.7873397855087627,0.032786885245901634,0.08295852073963017,0.0678809026054435,1.0
59,0.9557522123893805,0.023255813953488372,0.10894141829393655,0.2578947368421053,0.8333769291132619,0.34426229508196726,0.22788605697151443,0.40483603087943654,1.0
60,0.9646017699115044,0.4883720930232558,0.4244604316546763,0.26315789473684215,0.7920481297410411,0.6065573770491803,0.3283358320839582,0.6859258495318594,0.0
61,0.16814159292035397,0.4883720930232558,0.39773895169578655,0.26842105263157895,0.8263144127648444,0.34426229508196726,0.4742628685657173,0.3559944394668935,1.0
62,0.9380530973451328,0.4883720930232558,0.39773895169578655,0.26842105263157895,0.5257651059377452,0.3114754098360656,0.35532233883058484,0.38094378661991346,1.0
63,0.9646017699115044,0.4883720930232558,0.4254881808838644,0.26842105263157895,0.7957101752550353,0.6065573770491803,0.3358320839580211,0.6818807837171776,0.0
64,0.1415929203539823,0.023255813953488372,0.23741007194244634,0.26842105263157895,0.8427936175778186,0.09836065573770492,0.2788605697151425,0.10354809853975128,1.0
65,0.9646017699115044,0.13953488372093023,0.42651593011305255,0.2736842105263158,0.7583049960763799,0.032786885245901634,0.2593703148425788,0.04770212616623301,1.0
66,0.008849557522123894,0.046511627906976744,0.5231243576567319,0.2894736842105263,0.4486005754642951,0.29508196721311475,0.09945027486256874,0.2506680303007515,1.0
67,0.9646017699115044,0.7209302325581395,0.4306269270298051,0.2894736842105263,0.7729531781323569,0.032786885245901634,0.2218890554722639,0.051528036502994756,1.0
68,0.1415929203539823,0.46511627906976744,0.24357656731757427,0.3052631578947369,0.8872613131048915,0.09836065573770492,0.33883058470764627,0.09556467987185849,1.0
69,0.9557522123893805,0.0,0.12024665981500515,0.3105263157894737,0.8409625948208214,0.13114754098360656,0.19490254872563706,0.16477483923226827,1.0
70,0.9646017699115044,0.4883720930232558,0.4347379239465572,0.3105263157894737,0.7509809050483913,0.14754098360655737,0.32133933033483264,0.17135523312484913,1.0
71,0.5221238938053098,0.46511627906976744,0.4326824254881809,0.31578947368421056,0.34815589850902434,0.1639344262295082,0.41279360319840075,0.16109503254745322,1.0
72,0.5221238938053098,0.7209302325581395,0.4326824254881809,0.31578947368421056,0.4404917603975935,0.1639344262295082,0.27036481759120456,0.18700766113120038,1.0
73,0.8495575221238938,0.4418604651162791,0.67934224049332,0.31578947368421056,0.43055192257389485,0.18032786885245902,0.7906046976511747,0.11779606938204598,1.0
74,0.9646017699115044,0.7209302325581395,0.4357656731757453,0.32105263157894737,0.7125294271514518,0.14754098360655737,0.3473263368315842,0.16671071262056236,1.0
75,0.9646017699115044,0.7209302325581395,0.43679342240493346,0.3263157894736842,0.6766936960502224,0.032786885245901634,0.373313343328336,0.03720844622347125,1.0
76,0.5221238938053098,0.7209302325581395,0.4347379239465572,0.3263157894736842,0.3952393408318075,0.1639344262295082,0.39530234882558735,0.1640171055863877,1.0
77,0.9646017699115044,0.46511627906976744,0.43679342240493346,0.3263157894736842,0.7133141511901648,0.14754098360655737,0.34432783608195905,0.16721419726428072,1.0
78,0.12389380530973451,0.4883720930232558,0.07399794450154173,0.3263157894736842,0.9576249019094952,0.47540983606557385,0.10844577711144421,0.58553688436827,0.0
79,0.21238938053097345,0.0,0.03083247687564228,0.3315789473684211,0.7928328537797542,0.1721311475409836,0.25537231384307835,0.19917293873888198,1.0
80,0.5221238938053098,0.46511627906976744,0.4357656731757453,0.3315789473684211,0.32932252157991104,0.1639344262295082,0.3713143428285859,0.16816387100193442,0.0
81,0.9646017699115044,0.46511627906976744,0.4419321685508737,0.3473684210526316,0.6738163745749413,0.14754098360655737,0.4337831084457773,0.1523653393436365,1.0
82,0.9646017699115044,0.3953488372093023,0.44398766700924996,0.3578947368421053,0.715668323306304,0.6065573770491803,0.149425287356322,0.7966874577892942,0.0
83,0.5221238938053098,0.7209302325581395,0.44090441932168556,0.3631578947368422,0.5030081088150667,0.1639344262295082,0.3453273363318341,0.17274608259583218,1.0
84,0.9646017699115044,0.4883720930232558,0.44398766700924996,0.3631578947368422,0.566047606591682,0.3770491803278688,0.5442278860569718,0.3602414720945606,1.0
85,0.2831858407079646,0.46511627906976744,0.1490236382322716,0.3631578947368422,0.8059115877583051,0.14754098360655737,0.23238380809595216,0.16386742096257956,1.0
86,0.1592920353982301,0.4883720930232558,0.29701952723535463,0.37894736842105264,0.7891708082657599,0.4426229508196722,0.20539730134932555,0.5567465867966703,0.0
87,0.3008849557522124,0.4883720930232558,0.44398766700924996,0.3842105263157895,0.6929113261836255,0.18032786885245902,0.3383308345827085,0.179794151413517,1.0
88,0.12389380530973451,0.5116279069767442,0.08941418293936287,0.4052631578947369,0.8294533089196966,0.47540983606557385,0.15892053973013476,0.5585306269780395,1.0
89,0.8053097345132744,0.046511627906976744,0.5919835560123334,0.41052631578947374,0.43369081872874704,0.11475409836065573,0.7456271864067969,0.061771048415455776,1.0
90,0.2831858407079646,0.46511627906976744,0.16238437821171647,0.42631578947368426,0.6837562123986398,0.14754098360655737,0.2593703148425788,0.15885835752279823,1.0
91,0.6283185840707964,0.0,0.2332990750256938,0.4315789473684211,0.8038189903217369,0.19672131147540986,0.2508745627186406,0.1867627226558779,1.0
92,0.5309734513274336,0.4418604651162791,0.7482014388489211,0.436842105263158,0.3860842270468219,0.04098360655737705,0.8705647176411797,0.0161358592076455,1.0
93,0.9646017699115044,0.4883720930232558,0.469681397738952,0.4947368421052632,0.6149620716714622,0.14754098360655737,0.4287856071964018,0.15315530173627,1.0
94,0.1327433628318584,0.46511627906976744,0.09763617677286751,0.5,0.08684279361757782,0.3114754098360656,0.17741129435282366,0.35739388327034405,1.0
95,0.2920353982300885,0.023255813953488372,0.20554984583761549,0.5157894736842106,0.007847240387130526,0.21311475409836064,0.2938530734632683,0.21769229281750152,0.0
96,0.1327433628318584,0.13953488372093023,0.11202466598150052,0.5736842105263158,0.06905571540674864,0.3114754098360656,0.05447276361819098,0.4048045183270559,1.0
97,0.9292035398230089,0.3953488372093023,0.5775950668037,0.6157894736842106,0.6612607899555324,0.5573770491803279,0.13693153423288362,0.7855735535201311,0.0
98,0.11504424778761062,0.7209302325581395,0.46043165467625924,0.0,0.7734763274914989,0.04918032786885246,0.507746126936532,0.03415101244817437,1.0
99,0.11504424778761062,0.46511627906976744,0.47482014388489224,0.0736842105263158,0.7674601098613655,0.04918032786885246,0.5002498750624689,0.034734710861589,1.0
100,0.11504424778761062,0.4883720930232558,0.48201438848920874,0.10526315789473685,0.7243002877321476,0.18032786885245902,0.47476261869065484,0.1612332580613048,1.0
101,0.11504424778761062,0.4883720930232558,0.4830421377183969,0.1105263157894737,0.7394716191472666,0.18032786885245902,0.45377311344327853,0.16457000764179397,1.0
102,0.11504424778761062,0.046511627906976744,0.48818088386433756,0.14210526315789473,0.64268898770599,0.04918032786885246,0.4437781109445278,0.03922453338146159,1.0
103,0.6194690265486725,0.023255813953488372,0.37821171634121287,0.2,0.7522887784462464,0.22950819672131148,0.43878060969515253,0.2134502735504405,1.0
104,0.11504424778761062,0.4883720930232558,0.5035971223021583,0.2210526315789474,0.7020664399686112,0.18032786885245902,0.4647676161919041,0.16285472212016455,1.0
105,0.48672566371681414,0.7209302325581395,0.5477903391572458,0.22631578947368422,0.0,0.1639344262295082,0.4572713643178412,0.15876023889379481,1.0
106,0.07964601769911504,0.4883720930232558,0.5210688591983557,0.2473684210526316,0.7389484697881246,0.34426229508196726,0.5607196401799102,0.3416390394687556,1.0
107,0.0,0.046511627906976744,0.5560123329907505,0.25263157894736843,0.507716453047345,0.29508196721311475,0.104447776111944,0.2523073992189184,1.0
108,0.8672566371681416,0.13953488372093023,0.35662898252826336,0.2736842105263158,0.44755427674601106,0.0819672131147541,0.27236381809095467,0.10110659192462196,1.0
109,0.061946902654867256,0.023255813953488372,0.3062692702980474,0.27894736842105267,0.8456709390530998,0.09836065573770492,0.3303348325837083,0.09923660841857837,1.0
110,0.48672566371681414,0.7209302325581395,0.5621788283658788,0.30000000000000004,0.08239602406487052,0.1639344262295082,0.4172913543228387,0.16527187812663607,0.0
111,0.8672566371681416,0.023255813953488372,0.3627954779033917,0.3052631578947369,0.3238294533089197,0.0819672131147541,0.6021989005497252,0.06453699108123148,1.0
112,0.48672566371681414,0.7209302325581395,0.5642343268242551,0.3105263157894737,0.09155113784985613,0.1639344262295082,0.42578710644677664,0.16382373310586995,0.0
113,0.8849557522123894,0.13953488372093023,0.6258992805755397,0.31578947368421056,0.3350771645304734,0.8360655737704918,0.39880059970015,0.9147728696977444,0.0
114,0.48672566371681414,0.7209302325581395,0.5673175745118195,0.3315789473684211,0.1415119016479205,0.1639344262295082,0.4457771114442779,0.16052852279897353,1.0
115,0.8849557522123894,0.7209302325581395,0.6300102774922922,0.3315789473684211,0.38399162961025374,0.14754098360655737,0.38030984507746135,0.16598520772143477,1.0
116,0.8849557522123894,0.7209302325581395,0.6300102774922922,0.33684210526315794,0.3591420350510071,0.032786885245901634,0.38180909545227393,0.0389466499650139,1.0
117,0.48672566371681414,0.46511627906976744,0.5693730729701953,0.33684210526315794,0.005754642950562386,0.1639344262295082,0.4157921039480261,0.16546668299589834,1.0
118,0.8849557522123894,0.4883720930232558,0.6330935251798562,0.3473684210526316,0.3594036097305781,0.14754098360655737,0.4072963518240882,0.16142018479247192,1.0
119,0.8849557522123894,0.7209302325581395,0.6330935251798562,0.35263157894736846,0.4159037405179179,0.032786885245901634,0.39880059970015,0.03751139644294901,1.0
120,0.07079646017699115,0.4883720930232558,0.39773895169578655,0.3631578947368422,0.7133141511901648,0.4426229508196722,0.2693653173413293,0.5373427326682751,1.0
121,0.061946902654867256,0.46511627906976744,0.32476875642343295,0.37894736842105264,0.7541198012032436,0.09836065573770492,0.373313343328336,0.09381000365975323,1.0
122,0.05309734513274336,0.4883720930232558,0.13052415210688606,0.39473684210526316,0.851164007324091,0.47540983606557385,0.11444277861069452,0.5881423994946533,0.0
123,0.48672566371681414,0.7209302325581395,0.5827338129496402,0.41052631578947374,0.038451477896939576,0.1639344262295082,0.40129935032483766,0.1679454317183866,1.0
124,0.8849557522123894,0.46511627906976744,0.6454265159301129,0.41578947368421054,0.37509809050483917,0.032786885245901634,0.3758120939530236,0.03949883582604785,1.0
125,0.8849557522123894,0.4883720930232558,0.6505652620760536,0.436842105263158,0.36698927543813764,0.6065573770491803,0.408295852073963,0.6594101852866461,0.0
126,0.10619469026548672,0.46511627906976744,0.2189105858170608,0.44736842105263164,0.8263144127648444,0.14754098360655737,0.28535732133933034,0.15690386308082468,1.0
127,0.8849557522123894,0.7209302325581395,0.6536485097636175,0.45263157894736844,0.38556107768767983,0.032786885245901634,0.4477761119440282,0.033546544397963424,1.0
128,0.49557522123893805,0.13953488372093023,0.45837615621788297,0.46842105263157896,0.1893800680094167,0.21311475409836064,0.3568215892053974,0.22483275070921144,1.0
129,0.8849557522123894,0.4883720930232558,0.6557040082219938,0.46842105263157896,0.3907925712791002,0.6065573770491803,0.39930034982508755,0.6639351013307608,0.0
130,0.05309734513274336,0.5116279069767442,0.14696813977389533,0.4789473684210527,0.6536751242479729,0.47540983606557385,0.1819090454772614,0.5525568497187863,0.0
131,0.6106194690265486,0.0,0.2867420349434737,0.4842105263157895,0.7685064085796496,0.19672131147540986,0.2768615692153924,0.18417224761131273,1.0
132,0.8849557522123894,0.4883720930232558,0.6618705035971222,0.5,0.23332461417734765,0.14754098360655737,0.8195902048975514,0.10790327651763376,1.0
133,0.8849557522123894,0.7209302325581395,0.6649537512846866,0.5157894736842106,0.328276222861627,0.14754098360655737,0.4092953523238383,0.16108214104875207,0.0
134,0.8849557522123894,0.7209302325581395,0.6649537512846866,0.5157894736842106,0.3625425058854303,0.032786885245901634,0.3203398300849576,0.044475670519076194,1.0
135,0.48672566371681414,0.0,0.6053442959917783,0.5210526315789474,0.16662307088673817,0.04098360655737705,0.36531734132933535,0.04322018178445555,1.0
136,0.8849557522123894,0.13953488372093023,0.6700924974306268,0.5368421052631579,0.3311535443369082,0.032786885245901634,0.3418290854572714,0.042498974051561694,1.0
137,0.7256637168141593,0.7209302325581395,0.7029804727646454,0.5421052631578948,0.06147004969918912,0.22950819672131148,0.318840579710145,0.2212481978759107,1.0
138,0.8849557522123894,0.13953488372093023,0.6711202466598154,0.5473684210526316,0.4059639026942192,0.032786885245901634,0.2618690654672666,0.05014220039261774,1.0
139,0.47787610619469023,0.6046511627906976,0.28776978417266186,0.0,0.7983259220507456,0.04918032786885246,0.4192903548225888,0.0381452284624238,1.0
140,0.47787610619469023,0.7906976744186046,0.28776978417266186,0.0,0.8030342662830238,0.18032786885245902,0.4062968515742129,0.16627598263658366,1.0
141,0.47787610619469023,0.8837209302325582,0.29804727646454277,0.052631578947368425,0.7538582265236726,0.18032786885245902,0.3848075962018993,0.1699121014646891,1.0
142,0.47787610619469023,0.9302325581395349,0.2990750256937309,0.05789473684210526,0.7533350771645305,0.18032786885245902,0.37831084457771125,0.1710673229871894,1.0
143,0.47787610619469023,0.9302325581395349,0.2990750256937309,0.05789473684210526,0.775568924928067,0.18032786885245902,0.36281859070464795,0.1737652271875978,1.0
144,0.47787610619469023,0.09302325581395349,0.3021582733812953,0.0736842105263158,0.774784200889354,0.04918032786885246,0.34082958520739637,0.044984168523400564,1.0
145,0.3274336283185841,0.2558139534883721,0.1397738951695784,0.0736842105263158,0.9121109076641382,0.09836065573770492,0.26986506746626704,0.10404800221160823,1.0
146,0.47787610619469023,0.6744186046511628,0.3083247687564237,0.1,0.7384253204289826,0.18032786885245902,0.3983008495752125,0.16759234789284871,1.0
147,0.35398230088495575,0.11627906976744186,0.28057553956834536,0.1736842105263158,0.7504577556892494,0.13114754098360656,0.5497251374312844,0.12258740973265178,1.0
148,0.9734513274336283,0.6511627906976745,0.16546762589928088,0.18947368421052632,0.009678263144127649,0.5737704918032788,0.5712143928035984,0.521421731772316,0.0
149,1.0,0.8837209302325582,0.3627954779033917,0.24210526315789474,0.25895893277530735,0.14754098360655737,0.6986506746626688,0.11576995550284364,1.0
150,0.5663716814159292,0.18604651162790697,0.013360739979444869,0.26842105263157895,0.358095736332723,0.7377049180327869,0.20139930034982534,0.7973821663304135,0.0
151,1.0,0.20930232558139533,0.3689619732785201,0.2736842105263158,0.0,0.032786885245901634,0.7041479260369816,0.013675731538836694,1.0
152,1.0,0.9302325581395349,0.37204522096608406,0.28421052631578947,0.02877321475281193,0.6065573770491803,0.6746626686656672,0.5311548132917081,0.0
153,0.47787610619469023,0.7674418604651163,0.3442959917780062,0.28421052631578947,0.746010986136542,0.4426229508196722,0.2998500749625188,0.45889653068284114,1.0
154,0.33628318584070793,0.18604651162790697,0.03597122302158251,0.2894736842105263,0.8830761182317552,0.7377049180327869,0.21689155422288864,0.873428400974311,0.0
155,0.5663716814159292,0.7906976744186046,0.01747173689619741,0.2894736842105263,0.3018571802249542,0.7377049180327869,0.27986006996501755,0.7468023711763276,0.0
156,0.7079646017699115,0.9302325581395349,0.23432682425488194,0.3105263157894737,0.3565262882552969,0.6721311475409837,0.42328835582208924,0.6273282583800113,0.0
157,0.3274336283185841,0.2558139534883721,0.18807810894141852,0.32105263157894737,0.8035574156421659,0.459016393442623,0.23038480759620206,0.5047702126166234,1.0
158,0.34513274336283184,1.0,0.2117163412127443,0.35263157894736846,0.804865289040021,0.4426229508196722,0.41679160419790096,0.46412188482305344,1.0
159,0.5929203539823009,0.6976744186046512,0.28365878725590976,0.3631578947368422,0.38503792832853784,0.34426229508196726,0.3473263368315842,0.3130578706538639,1.0
160,0.3274336283185841,0.8604651162790697,0.19938335046248712,0.37894736842105264,0.6819251896416428,0.459016393442623,0.3663168415792104,0.44991975042058513,1.0
161,0.3185840707964602,0.5348837209302325,0.04727646454265155,0.3842105263157895,0.9895370128171593,0.47540983606557385,0.044977511244377766,0.6209870734077745,0.0
162,1.0,0.7906976744186046,0.39260020554984587,0.3894736842105263,0.27700758566570755,0.14754098360655737,0.562218890554723,0.13245227101654478,1.0
163,0.4070796460176991,1.0,0.2291880781089417,0.4,0.39942453570494374,0.6065573770491803,0.3278360819590205,0.7167128970133978,0.0
164,0.6017699115044248,0.5813953488372093,0.4686536485097639,0.4052631578947369,0.06147004969918912,0.24590163934426232,0.29885057471264376,0.22476399604947184,1.0
165,0.3274336283185841,0.813953488372093,0.20657759506680407,0.41578947368421054,0.7219461156160084,0.459016393442623,0.3663168415792104,0.4498345232902829,1.0
166,0.35398230088495575,0.11627906976744186,0.3278520041109969,0.41578947368421054,0.7052053361234634,0.13114754098360656,0.3718140929535232,0.14804095772376238,1.0
167,0.9734513274336283,0.6511627906976745,0.21068859198355616,0.4210526315789474,0.31388961548522104,0.5737704918032788,0.5527236381809097,0.528163985593034,1.0
168,1.0,0.6511627906976745,0.4008221993833505,0.4315789473684211,0.3314151190164792,0.3770491803278688,0.3968015992003999,0.40144198574916434,1.0
169,0.34513274336283184,1.0,0.22713257965056544,0.436842105263158,0.849594559246665,0.4426229508196722,0.11794102948525742,0.5994819049910869,0.0
170,1.0,0.9302325581395349,0.4049331963001026,0.45789473684210524,0.4104106722469265,0.14754098360655737,0.39380309845077477,0.1573514845635046,1.0
171,0.36283185840707965,0.9767441860465116,0.5179856115107917,0.4631578947368421,0.2325398901386346,0.4098360655737705,0.6861569215392305,0.34347822661679084,1.0
172,1.0,0.27906976744186046,0.41212744090441955,0.48947368421052634,0.0,0.032786885245901634,0.8270864567716143,0.0072113611345664685,1.0
173,1.0,0.3488372093023256,0.4152106885919835,0.5105263157894737,0.23620193565262884,0.032786885245901634,0.7691154422788606,0.01014059611722383,1.0
174,0.3008849557522124,0.7906976744186046,0.3689619732785201,0.0,0.8163745749411457,0.18032786885245902,0.44677661169415295,0.1609682661435583,1.0
175,0.3008849557522124,0.6046511627906976,0.3689619732785201,0.005263157894736843,0.8171592989798588,0.04918032786885246,0.46126936531734164,0.03546093195508887,1.0
176,0.9203539823008849,0.6511627906976745,0.17163412127440925,0.015789473684210527,0.7180224954224432,0.5737704918032788,0.5662168915542232,0.525790517443272,1.0
177,0.3008849557522124,0.5581395348837209,0.3741007194244603,0.026315789473684213,0.7828930159560554,0.18032786885245902,0.4322838580709647,0.163308789352195,1.0
178,0.3008849557522124,0.8837209302325582,0.3741007194244603,0.026315789473684213,0.8080041851948732,0.18032786885245902,0.42428785607196406,0.16467958538075395,1.0
179,0.5575221238938053,0.5813953488372093,0.43679342240493346,0.04210526315789474,0.6052838085273347,0.24590163934426232,0.31534232883558233,0.2226003728507902,1.0
180,0.3008849557522124,0.9302325581395349,0.37718396711202473,0.04736842105263158,0.7705990060162178,0.18032786885245902,0.40479760119940034,0.16793468880280232,1.0
181,0.9646017699115044,0.6976744186046512,0.38437821171634123,0.052631578947368425,0.6016217630133402,0.14754098360655737,0.6811594202898552,0.11898781681753301,1.0
182,0.9203539823008849,0.06976744186046512,0.17985611510791388,0.05789473684210526,0.7907402563431861,0.0,0.1614192903548226,0.013514587805071934,1.0
183,0.3008849557522124,0.09302325581395349,0.3802672147995887,0.05789473684210526,0.775568924928067,0.04918032786885246,0.3738130934532735,0.04277256030177565,1.0
184,0.3008849557522124,0.6744186046511628,0.38232271325796496,0.0736842105263158,0.7648443630656553,0.18032786885245902,0.4347826086956521,0.1629557055266571,1.0
185,0.1415929203539823,0.2558139534883721,0.19938335046248712,0.07894736842105264,0.8668584880983522,0.09836065573770492,0.3033483258370815,0.10026363114843917,1.0
186,0.9646017699115044,0.9069767441860465,0.39157245632065774,0.09473684210526316,0.774522626209783,0.14754098360655737,0.3448275862068968,0.16715833410324227,1.0
187,0.3008849557522124,0.7441860465116279,0.38848920863309333,0.10526315789473685,0.7734763274914989,0.18032786885245902,0.3928035982008997,0.1700302735361166,1.0
188,0.9646017699115044,0.627906976744186,0.39773895169578655,0.12105263157894737,0.773999476850641,0.3770491803278688,0.34032983508245884,0.42366191614939525,1.0
189,0.9646017699115044,0.627906976744186,0.39773895169578655,0.12631578947368421,0.7792309704420612,0.3770491803278688,0.3373313343328337,0.4247376400965716,1.0
190,0.9646017699115044,0.9302325581395349,0.39876670092497424,0.13157894736842107,0.775045775568925,0.14754098360655737,0.33283358320839596,0.16925177025343968,1.0
191,0.9646017699115044,0.09302325581395349,0.39876670092497424,0.13157894736842107,0.7517656290871044,0.032786885245901634,0.3313343328335834,0.040863902299628496,1.0
192,0.5132743362831859,0.18604651162790697,0.009249743062692772,0.16842105263157897,0.8856918650274654,0.7377049180327869,0.19590204897551233,0.8025817374732234,0.0
193,0.9646017699115044,0.20930232558139533,0.408016443987667,0.17894736842105266,0.4334292440491761,0.032786885245901634,0.7136431784107948,0.01374520239294863,1.0
194,0.9646017699115044,0.9302325581395349,0.40904419321685515,0.1842105263157895,0.4381375882814544,0.6065573770491803,0.7216391804097952,0.518786852676669,1.0
195,0.5132743362831859,0.7906976744186046,0.014388489208633004,0.19473684210526315,0.8532566047606592,0.7377049180327869,0.2673663168415792,0.7560649129931267,0.0
196,0.6548672566371682,0.9302325581395349,0.24871531346351494,0.2,0.7271776092074287,0.6721311475409837,0.4517741129435284,0.6168646586008857,0.0
197,0.9646017699115044,0.6976744186046512,0.4141829393627958,0.2105263157894737,0.5202720376667539,0.14754098360655737,0.71664167916042,0.11493630525350057,1.0
198,0.9646017699115044,0.7441860465116279,0.41623843782117165,0.2210526315789474,0.7507193303688203,0.14754098360655737,0.3568215892053974,0.16502479106819673,1.0
199,0.8938053097345132,0.9534883720930233,0.033915724563206684,0.22631578947368422,0.7985874967303166,0.18032786885245902,0.29885057471264376,0.19711459611292664,1.0
200,0.16814159292035397,0.11627906976744186,0.39260020554984587,0.24210526315789474,0.8184671723777139,0.13114754098360656,0.6066966516741632,0.11686143572621033,1.0
201,0.1504424778761062,0.18604651162790697,0.08324768756423451,0.26315789473684215,0.8244833900078473,0.7377049180327869,0.22538730634682658,0.8706438372548555,0.0
202,0.9203539823008849,0.6511627906976745,0.22096608427543707,0.26842105263157895,0.7797541198012032,0.5737704918032788,0.44877561219390305,0.5723230981995588,0.0
203,0.9646017699115044,0.6744186046511628,0.4275436793422407,0.2736842105263158,0.7410410672246928,0.14754098360655737,0.33433283358320853,0.16899035930755463,1.0
204,0.9646017699115044,0.5813953488372093,0.4306269270298051,0.2894736842105263,0.6879414072717761,0.14754098360655737,0.34082958520739637,0.16779789567769532,1.0
205,0.3008849557522124,0.7674418604651163,0.4254881808838644,0.2947368421052632,0.7271776092074287,0.4426229508196722,0.3373313343328337,0.4476078749868399,1.0
206,0.9646017699115044,0.627906976744186,0.4316546762589928,0.30000000000000004,0.746795710175255,0.3770491803278688,0.33683158420789616,0.42494605265890734,1.0
207,0.5486725663716814,0.6976744186046512,0.3021582733812953,0.30000000000000004,0.6570755950823961,0.34426229508196726,0.3448275862068968,0.3152458444612034,1.0
208,0.9646017699115044,0.7441860465116279,0.4326824254881809,0.3052631578947369,0.7140988752288779,0.14754098360655737,0.3278360819590205,0.17012481119325856,1.0
209,0.1415929203539823,0.2558139534883721,0.24357656731757427,0.3052631578947369,0.7630133403086581,0.459016393442623,0.2613693153423289,0.4935911346595821,1.0
210,0.9646017699115044,0.5813953488372093,0.43371017471736906,0.3105263157894737,0.6672770075856658,0.14754098360655737,0.3828085957021492,0.16062664142797697,1.0
211,0.8141592920353982,0.06976744186046512,0.86639260020555,0.3263157894736842,0.3761443892231232,0.1721311475409836,0.9925037481259371,0.11776455682966533,1.0
212,0.9203539823008849,0.09302325581395349,0.23432682425488194,0.33684210526315794,0.8448862150143867,0.24590163934426232,0.0874562718640679,0.3428014229349789,1.0
213,0.1327433628318584,0.18604651162790697,0.06885919835560106,0.35263157894736846,0.8252681140465603,0.7049180327868853,0.1634182908545727,0.8125246639436956,0.0
214,0.9646017699115044,0.9302325581395349,0.44295991778006183,0.3578947368421053,0.6808788909233587,0.14754098360655737,0.36681659170414815,0.1633331399608528,1.0
215,0.9557522123893805,0.5348837209302325,0.13052415210688606,0.3631578947368422,0.8323306303949778,0.34426229508196726,0.23788105947026494,0.4010624027318518,1.0
216,0.9646017699115044,0.9302325581395349,0.4460431654676258,0.368421052631579,0.6882029819513471,0.14754098360655737,0.39180409795102467,0.15908467494444123,1.0
217,0.22123893805309736,0.06976744186046512,0.6372045220966083,0.37894736842105264,0.6521056761705467,0.008196721311475405,0.2123938030984509,0.02532320061535419,1.0
218,0.12389380530973451,0.5348837209302325,0.08838643371017474,0.4,0.8985090243264453,0.47540983606557385,0.06146926536731634,0.6125832486433489,0.0
219,0.9646017699115044,0.3488372093023256,0.45118191161356647,0.4,0.342924404917604,0.032786885245901634,0.8485757121439284,0.006712889851454129,1.0
220,0.1415929203539823,0.8604651162790697,0.2620760534429598,0.4,0.68637195919435,0.459016393442623,0.4112943528235884,0.4359152856648683,1.0
221,0.16814159292035397,0.11627906976744186,0.42343268242548815,0.4,0.7062516348417475,0.13114754098360656,0.4192903548225888,0.14207291001948763,1.0
222,0.1592920353982301,1.0,0.303186022610483,0.4052631578947369,0.8074810358357312,0.4426229508196722,0.46376811594202905,0.45028572574482423,1.0
223,0.9646017699115044,0.5348837209302325,0.45323741007194274,0.41052631578947374,0.4899293748365159,0.14754098360655737,0.5697151424287856,0.1327652479572346,1.0
224,0.1592920353982301,1.0,0.303186022610483,0.41052631578947374,0.8145435521841486,0.4426229508196722,0.18640679660169912,0.5662569318662807,0.0
225,0.9646017699115044,0.9302325581395349,0.45323741007194274,0.41052631578947374,0.6225477373790217,0.14754098360655737,0.3358320839580211,0.16876690666340083,1.0
226,0.1415929203539823,0.813953488372093,0.26618705035971235,0.4210526315789474,0.7533350771645305,0.459016393442623,0.408295852073963,0.4369466055609628,1.0
227,0.9646017699115044,0.6511627906976745,0.45837615621788297,0.436842105263158,0.4684802511116924,0.3770491803278688,0.3798100949525238,0.40993461861575387,1.0
228,0.22123893805309736,0.2558139534883721,0.6546762589928061,0.46842105263157896,0.5814805126863719,0.459016393442623,0.38980509745127434,0.5100127554217704,1.0
229,0.18584070796460178,0.23255813953488372,0.3473792394655706,0.4842105263157895,0.7951870258958933,0.19672131147540986,0.04297851074462766,0.29705880457132544,1.0
230,0.911504424778761,0.3023255813953488,0.004110996916752541,0.48947368421052634,0.6923881768244834,0.639344262295082,0.3033483258370815,0.683824535243567,0.0
231,0.7433628318584071,1.0,0.39773895169578655,0.4947368421052632,0.5445984828668585,0.9672131147540984,0.22738630684657668,0.8967491221247481,0.0
232,0.9646017699115044,0.5813953488372093,0.4707091469681397,0.5,0.5566309181271254,0.3770491803278688,0.21739130434782594,0.47137621761995724,1.0
233,0.17699115044247787,0.9767441860465116,0.6639260020554985,0.5842105263157895,0.00863196442584358,0.4098360655737705,0.6206896551724139,0.36244520217809034,0.0
234,0.30973451327433627,0.8372093023255813,0.6608427543679345,0.5894736842105264,0.0,0.21311475409836064,0.46226886556721647,0.18291102932171377,1.0
235,0.9026548672566371,0.18604651162790697,0.1531346351490237,0.6421052631578947,0.6829714883599268,0.6721311475409837,0.15392303848075972,0.8062178563013287,0.0
236,0.11504424778761062,0.6046511627906976,0.46557040082219947,0.026315789473684213,0.7114831284331677,0.04918032786885246,0.5242378810594703,0.032915577155977815,1.0
237,0.11504424778761062,0.7441860465116279,0.46557040082219947,0.026315789473684213,0.7632749149882292,0.18032786885245902,0.49025487256371836,0.15881538586046096,1.0
238,0.11504424778761062,0.7441860465116279,0.46557040082219947,0.026315789473684213,0.7831545906356265,0.18032786885245902,0.4737631184407798,0.16140013135004788,1.0
239,0.11504424778761062,0.7906976744186046,0.4665981500513876,0.031578947368421054,0.7431336646612609,0.18032786885245902,0.5152423788105946,0.1549780164137426,1.0
240,0.11504424778761062,0.09302325581395349,0.4707091469681397,0.052631578947368425,0.7324091027988491,0.04918032786885246,0.4517741129435284,0.03857494508579651,1.0
241,0.061946902654867256,0.23255813953488372,0.26310380267214795,0.06315789473684211,0.7776615223646351,0.09836065573770492,0.3438280859570215,0.09750914759262005,1.0
242,0.11504424778761062,0.8837209302325582,0.47482014388489224,0.0736842105263158,0.7044206120847503,0.18032786885245902,0.47926036981509257,0.1604941454691037,1.0
243,0.11504424778761062,0.6744186046511628,0.4758478931140804,0.07894736842105264,0.7211613915772954,0.18032786885245902,0.5127436281859072,0.15536189659728888,1.0
244,0.504424778761062,0.5813953488372093,0.5827338129496402,0.1736842105263158,0.3076118231755166,0.24590163934426232,0.3703148425787106,0.21600780365388045,1.0
245,0.8849557522123894,0.9069767441860465,0.6258992805755397,0.31578947368421056,0.3719591943499869,0.14754098360655737,0.41629185407296365,0.15997275596607818,1.0
246,0.8849557522123894,0.09302325581395349,0.6279547790339159,0.3263157894736842,0.3308919696573372,0.032786885245901634,0.38980509745127434,0.03826554911696814,1.0
247,0.8849557522123894,0.6744186046511628,0.6310380267214799,0.34210526315789475,0.3656814020402825,0.14754098360655737,0.39230384807596197,0.16391182501366142,1.0
248,0.061946902654867256,0.2558139534883721,0.3186022610483046,0.34210526315789475,0.776615223646351,0.459016393442623,0.3303348325837083,0.47323975537665014,1.0
249,0.8849557522123894,0.627906976744186,0.632065775950668,0.3473684210526316,0.31232016740779495,0.3770491803278688,0.40679660169915044,0.41077184983695836,1.0
250,0.8849557522123894,0.627906976744186,0.6330935251798562,0.35263157894736846,0.342662830238033,0.3770491803278688,0.41429285357321355,0.40832389747247844,1.0
251,0.11504424778761062,0.7674418604651163,0.5323741007194247,0.368421052631579,0.7627517656290871,0.4426229508196722,0.4227886056971515,0.4272801301181935,1.0
252,0.07964601769911504,0.11627906976744186,0.5447070914696814,0.368421052631579,0.6131310489144651,0.13114754098360656,0.5062468765617194,0.13422341969921267,1.0
253,0.8849557522123894,0.6744186046511628,0.6372045220966083,0.368421052631579,0.39942453570494374,0.14754098360655737,0.41429285357321355,0.1603129482929149,0.0
254,0.07964601769911504,0.11627906976744186,0.5467625899280577,0.37894736842105264,0.7428720899816897,0.13114754098360656,0.6891554222888558,0.11152793623578261,1.0
255,0.05309734513274336,0.5348837209302325,0.13052415210688606,0.39473684210526316,0.8561339262359404,0.47540983606557385,0.08495752123938027,0.604920685054241,1.0
256,0.07079646017699115,1.0,0.4049331963001026,0.4,0.7177609207428722,0.4426229508196722,0.22888555722138926,0.5565217017637718,1.0
257,0.8849557522123894,0.5813953488372093,0.6495375128468655,0.4315789473684211,0.3690818728747058,0.14754098360655737,0.45577211394302863,0.15363586816007518,1.0
258,0.8849557522123894,0.7906976744186046,0.6505652620760536,0.436842105263158,0.20141250326968352,0.14754098360655737,0.7676161919040483,0.11335709666260585,1.0
259,0.8849557522123894,0.7441860465116279,0.6505652620760536,0.436842105263158,0.35757258697358096,0.14754098360655737,0.36731634182908546,0.16824480096600297,1.0
260,0.8849557522123894,0.20930232558139533,0.6515930113052417,0.4421052631578948,0.2278315459063563,0.032786885245901634,0.780609695152424,0.012068591367422735,1.0
261,0.8849557522123894,0.5813953488372093,0.6515930113052417,0.4421052631578948,0.3460633010724562,0.14754098360655737,0.3998000999500251,0.16270575369072865,1.0
262,0.07079646017699115,1.0,0.42240493319630046,0.4947368421052632,0.7433952393408318,0.4426229508196722,0.5242378810594703,0.4392513190509852,1.0
263,0.8849557522123894,0.7906976744186046,0.6639260020554985,0.5105263157894737,0.19251896416426892,0.14754098360655737,0.7021489255372315,0.12066371164868661,1.0
264,0.8849557522123894,0.5348837209302325,0.6762589928057556,0.5736842105263158,0.1836254250588543,0.14754098360655737,0.5012493753123439,0.1468212787077562,1.0
265,0.8849557522123894,0.32558139534883723,0.7132579650565263,0.7578947368421053,0.13366466126078996,0.032786885245901634,0.9745127436281862,0.0027315653359058917,1.0
266,0.08849557522123894,0.16279069767441862,1.0000000000000004,1.0,0.18754904525241958,0.09836065573770492,0.8630684657671166,0.06714823576259302,1.0
267,0.3805309734513274,0.37209302325581395,0.08324768756423451,0.06315789473684211,0.23646351033219987,0.22950819672131148,0.44877561219390305,0.22858131205376614,1.0
268,0.4336283185840708,0.37209302325581395,0.2363823227132582,0.1,0.6136541982736072,0.29508196721311475,0.6401799100449777,0.29074268640211876,1.0
269,0.3893805309734513,0.37209302325581395,0.04008221993833505,0.10526315789473685,0.8595343970703636,0.2786885245901639,0.4042978510744628,0.28543926707532713,1.0
270,0.02654867256637168,0.37209302325581395,0.8129496402877701,0.1473684210526316,0.08134972534658645,0.43442622950819676,0.946026986506747,0.3388616376930233,0.0
271,0.4424778761061947,0.37209302325581395,0.303186022610483,0.1631578947368421,0.0,0.12295081967213115,0.6166916541729137,0.1286106044035927,1.0
272,0.39823008849557523,0.37209302325581395,0.09352517985611497,0.22631578947368422,0.7494114569709653,0.3606557377049181,0.4057971014492754,0.3885619461579395,1.0
273,0.45132743362831856,0.37209302325581395,0.25590955806783144,0.2368421052631579,0.566047606591682,0.14754098360655737,0.39230384807596197,0.18516202823381456,1.0
274,0.415929203539823,0.37209302325581395,0.38540596094552937,0.26315789473684215,0.5349202197227308,0.28688524590163933,0.4307846076961519,0.3349999176376472,1.0
275,0.3185840707964602,0.37209302325581395,0.027749229188077873,0.28421052631578947,0.7941407271776093,0.19672131147540986,0.2163918040979511,0.22043030390275797,1.0
276,0.9734513274336283,0.37209302325581395,0.1891058581706062,0.3105263157894737,0.1867643212137065,0.5737704918032788,0.55672163918041,0.5267187053497571,1.0
277,0.7787610619469026,0.37209302325581395,0.8355601233299077,0.3105263157894737,0.0910279884907141,0.3770491803278688,1.0000000000000002,0.34730127217606344,1.0
278,0.3805309734513274,0.37209302325581395,0.14182939362795466,0.3631578947368422,0.0,0.22950819672131148,0.34832583708145926,0.25055272300681314,1.0
279,0.8584070796460177,0.37209302325581395,0.6300102774922922,0.368421052631579,0.3018571802249542,0.18032786885245902,0.7526236881559223,0.12058564646210723,1.0
280,0.46017699115044247,0.37209302325581395,0.11613566289825306,0.4315789473684211,0.6944807742610515,0.032786885245901634,0.14842578710644672,0.046095702189191345,1.0
281,0.9911504424778761,0.37209302325581395,0.12024665981500515,0.4736842105263158,0.2759612869474235,0.13114754098360656,0.3813093453273364,0.1322689252572391,0.0
282,0.5752212389380531,0.37209302325581395,0.3905447070914696,0.4736842105263158,0.0,0.04098360655737705,0.36881559220389826,0.039680033002236687,1.0
283,0.8230088495575221,0.37209302325581395,0.5611510791366907,0.4842105263157895,0.09442845932513733,0.3770491803278688,0.8540729635182409,0.3178656834750324,0.0
284,1.0,0.37209302325581395,0.41623843782117165,0.5157894736842106,0.26026680617316245,0.14754098360655737,0.5467266366816592,0.13454355858362535,1.0
285,0.5929203539823009,0.37209302325581395,0.3134635149023639,0.5210526315789474,0.30368820298195137,0.02459016393442623,0.2543728135932035,0.019278520113244643,1.0
286,1.0,0.37209302325581395,0.41932168550873605,0.5263157894736843,0.10698404394454616,0.14754098360655737,0.39180409795102467,0.15762148984185712,1.0
287,0.19469026548672566,0.37209302325581395,0.15210688591983557,0.06842105263157895,0.49489929374836517,0.22950819672131148,0.49425287356321856,0.2209302075746149,1.0
288,0.9203539823008849,0.37209302325581395,0.19938335046248712,0.15789473684210528,0.7993722207690296,0.0819672131147541,0.0,0.14461969720734327,1.0
289,0.9203539823008849,0.37209302325581395,0.20041109969167525,0.1631578947368421,0.6348417473188596,0.1639344262295082,0.49625187406296867,0.15241404056095206,1.0
290,0.2654867256637168,0.37209302325581395,0.43371017471736906,0.1631578947368421,0.0,0.12295081967213115,0.6456771614192904,0.12657876096941206,1.0
291,0.9557522123893805,0.37209302325581395,0.09146968139773914,0.16842105263157897,0.8741825791263407,0.13114754098360656,0.27986006996501755,0.14923485374236622,0.0
292,0.25663716814159293,0.37209302325581395,0.3627954779033917,0.16842105263157897,0.8155898509024326,0.29508196721311475,0.6991504247876064,0.2807267081056731,0.0
293,0.20353982300884954,0.37209302325581395,0.11305241521068865,0.17894736842105266,0.8877844624640335,0.2786885245901639,0.44277861069465274,0.27759192533816907,1.0
294,0.9203539823008849,0.37209302325581395,0.20554984583761549,0.18947368421052632,0.6790478681663615,0.5737704918032788,0.5252373813093454,0.5412331004985429,0.0
295,0.5221238938053098,0.37209302325581395,0.4110996916752314,0.20526315789473687,0.4253204289824745,0.04098360655737705,0.3753123438280861,0.03984117673600143,1.0
296,0.9557522123893805,0.37209302325581395,0.10174717368961961,0.21578947368421056,0.8265759874444155,0.13114754098360656,0.25137431284357814,0.15419091879859825,1.0
297,0.18584070796460178,0.37209302325581395,0.2990750256937309,0.23157894736842105,0.6081611300026158,0.19672131147540986,0.3103448275862071,0.22401342434731414,1.0
298,0.04424778761061947,0.37209302325581395,0.3021582733812953,0.24210526315789474,0.0,0.5491803278688525,0.3338330834582708,0.5184996587333817,0.0
299,0.2743362831858407,0.37209302325581395,0.37512846865364846,0.2578947368421053,0.5537535966518441,0.14754098360655737,0.45027486256871563,0.17665005811917334,1.0
300,0.23008849557522124,0.37209302325581395,0.17266187050359694,0.26315789473684215,0.7392100444676956,0.3606557377049181,0.4437781109445278,0.37892053751820026,1.0
301,0.23893805309734512,0.37209302325581395,0.5169578622816031,0.26842105263157895,0.5833115354433691,0.28688524590163933,0.5017491254372817,0.3192773025828118,1.0
302,0.9469026548672567,0.37209302325581395,0.5313463514902366,0.3052631578947369,0.16505362280931207,0.2622950819672131,0.4662668665667167,0.32067459780314533,1.0
303,0.5221238938053098,0.37209302325581395,0.4316546762589928,0.3105263157894737,0.29819513471096,0.04098360655737705,0.41679160419790096,0.03632322997932347,1.0
304,0.8141592920353982,0.37209302325581395,0.8643371017471737,0.31578947368421056,0.5113784985613393,0.1721311475409836,0.5157421289355324,0.17844555741049895,1.0
305,0.7964601769911505,0.37209302325581395,0.4008221993833505,0.3315789473684211,0.9772430028773216,0.05737704918032788,0.23888055972014,0.03726860655074343,1.0
306,0.12389380530973451,0.37209302325581395,0.076053442959918,0.33684210526315794,0.8053884383991631,0.19672131147540986,0.2163918040979511,0.2211901861317554,0.0
307,0.5221238938053098,0.37209302325581395,0.43884892086330973,0.3473684210526316,0.24352602668061735,0.1639344262295082,0.35532233883058484,0.17099570354996063,1.0
308,0.9557522123893805,0.37209302325581395,0.12949640287769792,0.3578947368421053,0.6311797018048653,0.13114754098360656,0.34782608695652173,0.13808872072645026,0.0
309,0.5221238938053098,0.37209302325581395,0.4419321685508737,0.3631578947368422,0.48495945592466655,0.04098360655737705,0.3623188405797102,0.04097849339919457,1.0
310,0.9646017699115044,0.37209302325581395,0.4460431654676258,0.3736842105263158,0.5995291655767722,0.14754098360655737,0.38430784607696156,0.16034159606780643,1.0
311,0.6637168141592921,0.37209302325581395,0.6464542651593015,0.3736842105263158,0.48417473188595345,0.032786885245901634,0.7931034482758621,0.0,1.0
312,0.7522123893805309,0.37209302325581395,0.3473792394655706,0.37894736842105264,0.6207167146220247,0.25409836065573776,0.15042478760619682,0.3375345295211739,1.0
313,0.7522123893805309,0.37209302325581395,0.3484069886947587,0.37894736842105264,0.6795710175255035,0.25409836065573776,0.1729135432283857,0.3300374068320646,1.0
314,0.7522123893805309,0.37209302325581395,0.3484069886947587,0.3842105263157895,0.625425058854303,0.25409836065573776,0.1749125437281358,0.32941503392254645,1.0
315,0.2831858407079646,0.37209302325581395,0.15621788283658766,0.4,0.7954486005754643,0.032786885245901634,0.16191904047976013,0.04506151751560766,1.0
316,0.19469026548672566,0.37209302325581395,0.22302158273381334,0.42631578947368426,0.0,0.22950819672131148,0.3788105947026488,0.24504518828391952,1.0
317,0.5398230088495575,0.37209302325581395,0.3617677286742036,0.4315789473684211,0.014125032696834947,0.18852459016393444,0.2883558220889557,0.22597937789924433,1.0
318,0.2831858407079646,0.37209302325581395,0.1634121274409046,0.4315789473684211,0.0,0.14754098360655737,0.1534232883558222,0.17978985424728328,1.0
319,0.5575221238938053,0.37209302325581395,0.512846865364851,0.436842105263158,0.5895893277530735,0.0819672131147541,0.6871564217891057,0.03512073962825214,1.0
320,0.7522123893805309,0.37209302325581395,0.35971223021582777,0.4421052631578948,0.477896939576249,0.25409836065573776,0.11644177911044462,0.349519326147039,1.0
321,0.6371681415929203,0.37209302325581395,0.45426515930113043,0.46842105263157896,0.060685325660476075,0.04098360655737705,0.2903548225887058,0.026724076807549263,0.0
322,0.21238938053097345,0.37209302325581395,0.05960945529290873,0.4789473684210527,0.9176039759351295,0.1721311475409836,0.28785607196401797,0.19250302054976515,1.0
323,0.5575221238938053,0.37209302325581395,0.5251798561151078,0.4947368421052632,0.5684017787078212,0.0819672131147541,0.707146426786607,0.033754956960299176,1.0
324,0.8407079646017699,0.37209302325581395,0.6104830421377185,0.4947368421052632,0.0013078733978550878,0.22131147540983606,0.20839580209895048,0.2386166275982637,0.0
325,0.6725663716814159,0.37209302325581395,0.4737923946557041,0.5210526315789474,0.2552968872613131,0.09836065573770492,0.4152923538230886,0.09724988522985184,1.0
326,0.1327433628318584,0.37209302325581395,0.10585817060637215,0.5473684210526316,0.04943761443892231,0.11475409836065573,0.21189405297351338,0.12892787851051624,0.0
327,0.035398230088495575,0.37209302325581395,0.8766700924974309,0.5578947368421053,0.5595082396024065,0.22131147540983606,0.23388305847076474,0.18787067534980723,1.0
328,0.9292035398230089,0.37209302325581395,0.5745118191161356,0.6000000000000001,0.0,0.2377049180327869,0.2763618190904549,0.30461895236519604,0.0
329,0.8141592920353982,0.37209302325581395,0.9229188078108943,0.6210526315789474,0.39026942191995817,0.1721311475409836,0.5162418790604699,0.178351019753357,1.0
330,0.09734513274336283,0.37209302325581395,0.6598150051387464,0.12631578947368421,0.6460894585404133,0.28688524590163933,0.6036981509245378,0.30465332969506587,1.0
331,0.48672566371681414,0.37209302325581395,0.5590955806783149,0.2894736842105263,0.09835207951870259,0.04098360655737705,0.4437781109445278,0.03654095306849897,1.0
332,0.48672566371681414,0.37209302325581395,0.5611510791366907,0.30000000000000004,0.06016217630133404,0.04098360655737705,0.4117941029485259,0.03919803418968695,1.0
333,0.05309734513274336,0.37209302325581395,0.12641315519013352,0.368421052631579,0.8004185194873137,0.19672131147540986,0.26986506746626704,0.21184098479590968,1.0
334,0.7876106194690266,0.37209302325581395,0.4522096608427546,0.3736842105263158,0.7023280146481821,0.05737704918032788,0.2763618190904549,0.035230317367212174,1.0
335,0.8761061946902655,0.37209302325581395,0.7553956834532376,0.4,0.0013078733978550878,0.2622950819672131,0.5587206396801601,0.3078353812911409,1.0
336,0.7345132743362832,0.37209302325581395,0.4686536485097639,0.4315789473684211,0.046037143604499085,0.20491803278688528,0.3698150924537731,0.2192034629430289,1.0
337,0.8849557522123894,0.37209302325581395,0.6546762589928061,0.45789473684210524,0.3486790478681664,0.032786885245901634,0.1254372813593203,0.06550528587256468,1.0
338,0.48672566371681414,0.37209302325581395,0.5950668036998974,0.4736842105263158,0.08448862150143867,0.04098360655737705,0.4212893553223389,0.03840663940830885,0.0
