,f1,f2,f3
0,0.5625,0.008498583569405098,0.12910284463894967
1,0.9705882352941176,0.09348441926345609,0.5032822757111597
2,0.7536764705882353,0.01794145420207743,0.21881838074398252
3,0.4779411764705882,0.0,0.0
4,0.0625,0.0,0.0
5,0.08823529411764705,0.06515580736543909,0.43326039387308535
6,0.536764705882353,0.23512747875354106,0.6914660831509847
7,0.7977941176470589,0.11237016052880076,0.5382932166301969
8,0.8125,0.16902738432483475,0.6214442013129102
9,0.9558823529411765,0.01794145420207743,0.21881838074398252
10,0.15441176470588236,0.22568460812086874,0.6827133479212254
11,0.6066176470588236,0.01794145420207743,0.21881838074398252
12,0.7022058823529412,0.0,0.0
13,0.8566176470588236,0.0,0.0
14,0.12867647058823528,0.20679886685552407,0.6652078774617068
15,0.3492647058823529,0.0,0.0
16,0.47058823529411764,0.0,0.0
17,0.40441176470588236,0.008498583569405098,0.12910284463894967
18,0.7647058823529412,0.008498583569405098,0.12910284463894967
19,0.6433823529411765,0.046270066100094424,0.36980306345733044
20,0.4522058823529412,0.036827195467422094,0.3304157549234136
21,0.6544117647058824,0.0,0.0
22,0.3786764705882353,0.05571293673276676,0.4048140043763676
23,0.7205882352941176,0.0,0.0
24,0.8970588235294118,0.008498583569405098,0.12910284463894967
25,0.38235294117647056,0.06515580736543909,0.43326039387308535
26,0.6911764705882353,0.0,0.0
27,0.39705882352941174,0.0,0.0
28,0.3639705882352941,0.10292728989612843,0.5207877461706784
29,0.6066176470588236,0.01794145420207743,0.21881838074398252
30,0.4852941176470588,0.0,0.0
31,0.4485294117647059,0.0,0.0
32,0.9264705882352942,0.0,0.0
33,0.12867647058823528,0.5372993389990557,0.8665207877461706
34,0.7941176470588236,0.0,0.0
35,0.21691176470588236,0.008498583569405098,0.12910284463894967
36,0.6691176470588236,0.0,0.0
37,0.5698529411764707,0.0,0.0
38,0.5955882352941176,0.008498583569405098,0.12910284463894967
39,0.2610294117647059,0.008498583569405098,0.12910284463894967
40,0.10294117647058823,0.008498583569405098,0.12910284463894967
41,0.8566176470588236,0.046270066100094424,0.36980306345733044
42,0.5294117647058824,0.4145420207743154,0.811816192560175
43,0.4522058823529412,0.0,0.0
44,0.6801470588235294,0.036827195467422094,0.3304157549234136
45,0.4926470588235294,0.09348441926345609,0.5032822757111597
46,0.5183823529411765,0.0,0.0
47,0.6544117647058824,0.1312559017941454,0.5711159737417943
48,0.7720588235294118,0.1595845136921624,0.6105032822757112
49,0.8161764705882353,0.0,0.0
50,0.0,1.0,0.9999999999999999
51,0.4926470588235294,0.008498583569405098,0.12910284463894967
52,0.3639705882352941,0.008498583569405098,0.12910284463894967
53,0.9154411764705883,0.036827195467422094,0.3304157549234136
54,0.28308823529411764,0.15014164305949007,0.5973741794310722
55,0.6066176470588236,0.027384324834749764,0.2822757111597374
56,0.6470588235294118,0.06515580736543909,0.43326039387308535
57,0.849264705882353,0.06515580736543909,0.43326039387308535
58,0.1838235294117647,0.008498583569405098,0.12910284463894967
59,0.6764705882352942,0.0,0.0
60,0.8639705882352942,0.0,0.0
61,0.9522058823529412,0.06515580736543909,0.43326039387308535
62,0.6029411764705883,0.0,0.0
63,1.0,0.9338999055712937,0.9868708971553611
64,0.05514705882352941,0.0,0.0
65,0.8676470588235294,0.7072710103871577,0.925601750547046
66,0.41911764705882354,0.09348441926345609,0.5032822757111597
67,0.45588235294117646,0.008498583569405098,0.12910284463894967
68,0.12132352941176469,0.06515580736543909,0.43326039387308535
69,0.5257352941176471,0.027384324834749764,0.2822757111597374
70,0.3529411764705882,0.008498583569405098,0.12910284463894967
71,0.16176470588235292,0.008498583569405098,0.12910284463894967
72,0.5661764705882354,0.1312559017941454,0.5711159737417943
73,0.6875,0.008498583569405098,0.12910284463894967
74,0.6801470588235294,0.0,0.0
75,0.03308823529411764,0.05571293673276676,0.4048140043763676
76,0.7536764705882353,0.7072710103871577,0.925601750547046
77,0.5919117647058824,0.0,0.0
78,0.3014705882352941,0.07459867799811143,0.4595185995623633
79,0.27205882352941174,0.0,0.0
80,0.07720588235294117,0.14069877242681775,0.5842450765864332
81,0.3786764705882353,0.027384324834749764,0.2822757111597374
82,0.0,0.32011331444759206,0.7571115973741794
83,0.22426470588235292,0.0,0.0
84,0.21323529411764705,0.07459867799811143,0.4595185995623633
85,0.3125,0.0,0.0
86,0.14705882352941177,0.7261567516525024,0.9321663019693655
