,Gender,Age,Annual Income (k$),Spending Score (1-100)
0,1.0,0.019230769230769273,0.0,0.38775510204081626
1,1.0,0.05769230769230771,0.0,0.8163265306122448
2,0.0,0.03846153846153849,0.008196721311475405,0.05102040816326531
3,0.0,0.0961538461538462,0.008196721311475405,0.7755102040816326
4,0.0,0.25,0.016393442622950824,0.39795918367346933
5,0.0,0.07692307692307698,0.016393442622950824,0.7653061224489796
6,0.0,0.326923076923077,0.024590163934426215,0.05102040816326531
7,0.0,0.0961538461538462,0.024590163934426215,0.9489795918367346
8,1.0,0.8846153846153847,0.032786885245901634,0.020408163265306124
9,0.0,0.23076923076923084,0.032786885245901634,0.7244897959183673
10,1.0,0.9423076923076924,0.032786885245901634,0.13265306122448978
11,0.0,0.326923076923077,0.032786885245901634,0.9999999999999999
12,0.0,0.7692307692307693,0.04098360655737705,0.14285714285714282
13,0.0,0.11538461538461542,0.04098360655737705,0.7755102040816326
14,1.0,0.3653846153846154,0.04098360655737705,0.12244897959183672
15,1.0,0.07692307692307698,0.04098360655737705,0.7959183673469387
16,0.0,0.326923076923077,0.049180327868852444,0.346938775510204
17,1.0,0.03846153846153849,0.049180327868852444,0.6632653061224489
18,1.0,0.6538461538461539,0.06557377049180328,0.2857142857142857
19,0.0,0.326923076923077,0.06557377049180328,0.9897959183673468
20,1.0,0.326923076923077,0.07377049180327867,0.346938775510204
21,1.0,0.13461538461538464,0.07377049180327867,0.7346938775510203
22,0.0,0.5384615384615385,0.08196721311475409,0.04081632653061224
23,1.0,0.25,0.08196721311475409,0.7346938775510203
24,0.0,0.6923076923076924,0.10655737704918032,0.13265306122448978
25,1.0,0.21153846153846156,0.10655737704918032,0.8265306122448979
26,0.0,0.5192307692307693,0.10655737704918032,0.31632653061224486
27,1.0,0.326923076923077,0.10655737704918032,0.6122448979591836
28,0.0,0.42307692307692313,0.11475409836065574,0.3061224489795918
29,0.0,0.0961538461538462,0.11475409836065574,0.8775510204081631
30,1.0,0.8076923076923078,0.12295081967213116,0.030612244897959183
31,0.0,0.05769230769230771,0.12295081967213116,0.7346938775510203
32,1.0,0.6730769230769232,0.14754098360655737,0.030612244897959183
33,1.0,0.0,0.14754098360655737,0.9285714285714285
34,0.0,0.5961538461538463,0.14754098360655737,0.13265306122448978
35,0.0,0.05769230769230771,0.14754098360655737,0.8163265306122448
36,0.0,0.46153846153846156,0.1557377049180328,0.16326530612244897
37,0.0,0.23076923076923084,0.1557377049180328,0.7346938775510203
38,0.0,0.34615384615384615,0.180327868852459,0.2551020408163265
39,0.0,0.03846153846153849,0.180327868852459,0.7551020408163265
40,0.0,0.9038461538461539,0.1885245901639344,0.346938775510204
41,1.0,0.11538461538461542,0.1885245901639344,0.9285714285714285
42,1.0,0.576923076923077,0.19672131147540983,0.3571428571428571
43,0.0,0.25,0.19672131147540983,0.6122448979591836
44,0.0,0.5961538461538463,0.19672131147540983,0.2755102040816326
45,0.0,0.11538461538461542,0.19672131147540983,0.6530612244897959
46,0.0,0.6153846153846154,0.20491803278688525,0.5510204081632653
47,0.0,0.17307692307692313,0.20491803278688525,0.4693877551020408
48,0.0,0.21153846153846156,0.20491803278688525,0.4183673469387755
49,0.0,0.25,0.20491803278688525,0.4183673469387755
50,0.0,0.5961538461538463,0.22131147540983603,0.520408163265306
51,1.0,0.28846153846153855,0.22131147540983603,0.6020408163265305
52,0.0,0.25,0.22950819672131145,0.5408163265306122
53,1.0,0.7884615384615384,0.22950819672131145,0.6020408163265305
54,0.0,0.6153846153846154,0.22950819672131145,0.44897959183673464
55,1.0,0.5576923076923077,0.22950819672131145,0.4081632653061224
56,0.0,0.6346153846153847,0.23770491803278687,0.5
57,1.0,0.980769230769231,0.23770491803278687,0.4591836734693877
58,0.0,0.17307692307692313,0.2540983606557377,0.510204081632653
59,1.0,0.6730769230769232,0.2540983606557377,0.4591836734693877
60,1.0,1.0,0.2540983606557377,0.5612244897959183
61,1.0,0.019230769230769273,0.2540983606557377,0.5510204081632653
62,0.0,0.9423076923076924,0.26229508196721313,0.520408163265306
63,0.0,0.6923076923076924,0.26229508196721313,0.5918367346938775
64,1.0,0.8653846153846155,0.2704918032786885,0.510204081632653
65,1.0,0.0,0.2704918032786885,0.5918367346938775
66,0.0,0.48076923076923084,0.2704918032786885,0.5
67,0.0,0.9615384615384616,0.2704918032786885,0.47959183673469385
68,1.0,0.019230769230769273,0.2704918032786885,0.5918367346938775
69,0.0,0.2692307692307693,0.2704918032786885,0.4693877551020408
70,1.0,1.0,0.2786885245901639,0.5510204081632653
71,0.0,0.5576923076923077,0.2786885245901639,0.4183673469387755
72,0.0,0.8076923076923078,0.28688524590163933,0.48979591836734687
73,0.0,0.8076923076923078,0.28688524590163933,0.5612244897959183
74,1.0,0.7884615384615384,0.319672131147541,0.4693877551020408
75,1.0,0.15384615384615385,0.319672131147541,0.5408163265306122
76,0.0,0.5192307692307693,0.319672131147541,0.5306122448979591
77,1.0,0.42307692307692313,0.319672131147541,0.47959183673469385
78,0.0,0.0961538461538462,0.319672131147541,0.520408163265306
79,0.0,0.5961538461538463,0.319672131147541,0.4183673469387755
80,1.0,0.7500000000000001,0.319672131147541,0.510204081632653
81,1.0,0.3846153846153847,0.319672131147541,0.5510204081632653
82,1.0,0.9423076923076924,0.319672131147541,0.4081632653061224
83,0.0,0.5384615384615385,0.319672131147541,0.43877551020408156
84,0.0,0.05769230769230771,0.319672131147541,0.5714285714285714
85,1.0,0.576923076923077,0.319672131147541,0.4591836734693877
86,0.0,0.7115384615384616,0.3442622950819672,0.5816326530612245
87,0.0,0.07692307692307698,0.3442622950819672,0.5510204081632653
88,0.0,0.3076923076923077,0.3524590163934426,0.6020408163265305
89,0.0,0.6153846153846154,0.3524590163934426,0.4591836734693877
90,0.0,0.9615384615384616,0.36065573770491804,0.5510204081632653
91,1.0,0.0,0.36065573770491804,0.4081632653061224
92,1.0,0.576923076923077,0.36885245901639346,0.48979591836734687
93,0.0,0.42307692307692313,0.36885245901639346,0.39795918367346933
94,0.0,0.2692307692307693,0.36885245901639346,0.4183673469387755
95,1.0,0.11538461538461542,0.36885245901639346,0.520408163265306
96,0.0,0.5576923076923077,0.36885245901639346,0.4693877551020408
97,0.0,0.17307692307692313,0.36885245901639346,0.5
98,1.0,0.576923076923077,0.3770491803278688,0.4183673469387755
99,1.0,0.03846153846153849,0.3770491803278688,0.48979591836734687
100,0.0,0.0961538461538462,0.38524590163934425,0.4081632653061224
101,0.0,0.5961538461538463,0.38524590163934425,0.47959183673469385
102,1.0,0.9423076923076924,0.38524590163934425,0.5918367346938775
103,1.0,0.15384615384615385,0.38524590163934425,0.5510204081632653
104,1.0,0.5961538461538463,0.38524590163934425,0.5612244897959183
105,0.0,0.05769230769230771,0.38524590163934425,0.4183673469387755
106,0.0,0.9230769230769232,0.39344262295081966,0.5
107,1.0,0.6923076923076924,0.39344262295081966,0.4591836734693877
108,1.0,0.9615384615384616,0.39344262295081966,0.42857142857142855
109,1.0,0.9230769230769232,0.39344262295081966,0.47959183673469385
110,1.0,0.9038461538461539,0.39344262295081966,0.520408163265306
111,0.0,0.019230769230769273,0.39344262295081966,0.5408163265306122
112,0.0,0.3846153846153847,0.4016393442622951,0.4183673469387755
113,1.0,0.019230769230769273,0.4016393442622951,0.4591836734693877
114,0.0,0.0,0.4098360655737705,0.47959183673469385
115,0.0,0.019230769230769273,0.4098360655737705,0.5
116,0.0,0.8653846153846155,0.4098360655737705,0.42857142857142855
117,0.0,0.5961538461538463,0.4098360655737705,0.5918367346938775
118,0.0,0.6346153846153847,0.42622950819672134,0.42857142857142855
119,0.0,0.6153846153846154,0.42622950819672134,0.5714285714285714
120,1.0,0.17307692307692313,0.42622950819672134,0.5612244897959183
121,0.0,0.3846153846153847,0.42622950819672134,0.39795918367346933
122,0.0,0.42307692307692313,0.4426229508196722,0.5816326530612245
123,1.0,0.40384615384615385,0.4426229508196722,0.9183673469387754
124,0.0,0.0961538461538462,0.4508196721311476,0.2857142857142857
125,0.0,0.25,0.4508196721311476,0.7755102040816326
126,1.0,0.48076923076923084,0.4590163934426229,0.346938775510204
127,1.0,0.42307692307692313,0.4590163934426229,0.9591836734693877
128,1.0,0.7884615384615384,0.4590163934426229,0.1020408163265306
129,1.0,0.3846153846153847,0.4590163934426229,0.7551020408163265
130,1.0,0.5576923076923077,0.4590163934426229,0.08163265306122448
131,1.0,0.40384615384615385,0.4590163934426229,0.7551020408163265
132,0.0,0.13461538461538464,0.4672131147540983,0.336734693877551
133,0.0,0.25,0.4672131147540983,0.7142857142857142
134,1.0,0.03846153846153849,0.47540983606557374,0.04081632653061224
135,0.0,0.21153846153846156,0.47540983606557374,0.8877551020408162
136,0.0,0.5000000000000001,0.47540983606557374,0.061224489795918366
137,1.0,0.2692307692307693,0.47540983606557374,0.7346938775510203
138,1.0,0.019230769230769273,0.48360655737704916,0.09183673469387754
139,0.0,0.326923076923077,0.48360655737704916,0.7244897959183673
140,0.0,0.7500000000000001,0.4918032786885246,0.04081632653061224
141,1.0,0.2692307692307693,0.4918032786885246,0.9387755102040816
142,0.0,0.1923076923076924,0.5,0.39795918367346933
143,0.0,0.2692307692307693,0.5,0.8775510204081631
144,1.0,0.13461538461538464,0.5081967213114754,0.11224489795918367
145,1.0,0.1923076923076924,0.5081967213114754,0.9795918367346937
146,1.0,0.576923076923077,0.5081967213114754,0.3571428571428571
147,0.0,0.2692307692307693,0.5081967213114754,0.7448979591836734
148,0.0,0.3076923076923077,0.5163934426229508,0.21428571428571425
149,1.0,0.3076923076923077,0.5163934426229508,0.9081632653061223
150,1.0,0.48076923076923084,0.5163934426229508,0.16326530612244897
151,1.0,0.40384615384615385,0.5163934426229508,0.8877551020408162
152,0.0,0.5000000000000001,0.5163934426229508,0.19387755102040813
153,0.0,0.3846153846153847,0.5163934426229508,0.7653061224489796
154,0.0,0.5576923076923077,0.5163934426229508,0.1530612244897959
155,0.0,0.17307692307692313,0.5163934426229508,0.8979591836734693
156,1.0,0.3653846153846154,0.5163934426229508,0.0
157,0.0,0.23076923076923084,0.5163934426229508,0.7857142857142856
158,1.0,0.3076923076923077,0.5163934426229508,0.0
159,0.0,0.23076923076923084,0.5163934426229508,0.7346938775510203
160,0.0,0.730769230769231,0.5245901639344263,0.346938775510204
161,0.0,0.21153846153846156,0.5245901639344263,0.836734693877551
162,1.0,0.019230769230769273,0.5409836065573771,0.04081632653061224
163,0.0,0.25,0.5409836065573771,0.9387755102040816
164,1.0,0.6153846153846154,0.5737704918032787,0.2551020408163265
165,0.0,0.34615384615384615,0.5737704918032787,0.7551020408163265
166,1.0,0.46153846153846156,0.5819672131147541,0.19387755102040813
167,0.0,0.28846153846153855,0.5819672131147541,0.9591836734693877
168,0.0,0.34615384615384615,0.5901639344262295,0.26530612244897955
169,1.0,0.2692307692307693,0.5901639344262295,0.6326530612244897
170,1.0,0.42307692307692313,0.5901639344262295,0.12244897959183672
171,1.0,0.1923076923076924,0.5901639344262295,0.7551020408163265
172,1.0,0.34615384615384615,0.5901639344262295,0.09183673469387754
173,1.0,0.34615384615384615,0.5901639344262295,0.9285714285714285
174,0.0,0.6538461538461539,0.5983606557377049,0.12244897959183672
175,0.0,0.23076923076923084,0.5983606557377049,0.8673469387755102
176,1.0,0.7692307692307693,0.5983606557377049,0.14285714285714282
177,1.0,0.17307692307692313,0.5983606557377049,0.693877551020408
178,1.0,0.7884615384615384,0.639344262295082,0.13265306122448978
179,1.0,0.326923076923077,0.639344262295082,0.9081632653061223
180,0.0,0.3653846153846154,0.6721311475409836,0.31632653061224486
181,0.0,0.2692307692307693,0.6721311475409836,0.8673469387755102
182,1.0,0.5384615384615385,0.680327868852459,0.14285714285714282
183,0.0,0.21153846153846156,0.680327868852459,0.8877551020408162
184,0.0,0.4423076923076924,0.6885245901639344,0.38775510204081626
185,1.0,0.23076923076923084,0.6885245901639344,0.9795918367346937
186,0.0,0.6923076923076924,0.7049180327868853,0.2346938775510204
187,1.0,0.1923076923076924,0.7049180327868853,0.6836734693877551
188,0.0,0.4423076923076924,0.7213114754098361,0.16326530612244897
189,0.0,0.34615384615384615,0.7213114754098361,0.8571428571428571
190,0.0,0.3076923076923077,0.7213114754098361,0.22448979591836732
191,0.0,0.2692307692307693,0.7213114754098361,0.693877551020408
192,1.0,0.28846153846153855,0.8032786885245902,0.07142857142857142
193,0.0,0.3846153846153847,0.8032786885245902,0.9183673469387754
194,0.0,0.5576923076923077,0.8606557377049181,0.1530612244897959
195,0.0,0.326923076923077,0.8606557377049181,0.7959183673469387
196,0.0,0.5192307692307693,0.9098360655737705,0.2755102040816326
197,1.0,0.2692307692307693,0.9098360655737705,0.7448979591836734
198,1.0,0.2692307692307693,1.0,0.173469387755102
199,1.0,0.23076923076923084,1.0,0.836734693877551
