,f1,f2,f3,f4,f5,f6,f7,f8
0,0.08547008547008547,0.25,0.0,0.032,0.05916473317865429,0.89,0.009345794392523364,0.14621753857734288
1,0.025641025641025644,0.125,0.0,0.048,0.024361948955916472,0.92,0.04205607476635514,0.03594279262325931
2,0.011396011396011397,0.125,0.0,0.0,0.018561484918793503,0.5,0.0,0.016748212269476856
3,0.011396011396011397,0.0,0.05263157894736842,0.008,0.004640371229698376,0.0,0.018691588785046728,0.0007527286413248024
4,0.09401709401709402,0.125,0.0,0.056,0.052204176334106726,0.56,0.14953271028037382,0.06567557395558901
5,0.039886039886039885,0.375,0.0,0.056,0.042923433874709975,0.75,0.06074766355140186,0.030861874294316898
6,0.05982905982905983,0.125,0.0,0.04,0.0382830626450116,0.71,0.0794392523364486,0.055701919458035376
7,0.011396011396011397,0.125,0.10526315789473684,0.088,0.018561484918793503,0.75,0.018691588785046728,0.04779826872412495
8,0.0,0.0,0.05263157894736842,0.0,0.0,0.0,0.0,0.012231840421528039
9,0.005698005698005698,0.5,0.0,0.008,0.04988399071925754,0.0,0.009345794392523364,0.0018818216033120064
10,0.09686609686609687,0.25,0.0,0.048,0.05916473317865429,0.92,0.02803738317757009,0.2995859992472714
11,0.008547008547008548,0.75,0.0,0.24,0.7308584686774942,0.45,0.004672897196261682,0.08731652239367708
12,0.005698005698005698,0.125,0.0,0.12,0.016241299303944315,0.5,0.004672897196261682,0.016560030109145654
13,0.014245014245014245,0.125,0.0,0.16,0.019721577726218097,0.5,0.02336448598130841,0.014866390666164847
14,0.011396011396011397,0.125,0.0,0.024,0.018561484918793503,0.0,0.018691588785046728,0.0026345502446368085
15,0.045584045584045586,0.125,0.0,0.064,0.03248259860788863,0.8200000000000001,0.06542056074766354,0.033496424538953705
16,0.008547008547008548,0.25,0.0,0.136,0.08468677494199536,0.22,0.009345794392523364,0.013172751223184042
17,0.002849002849002849,0.125,0.0,0.088,0.015081206496519721,0.0,0.004672897196261682,0.010350018818216034
18,0.05128205128205129,0.375,0.0,0.07200000000000001,0.0568445475638051,0.8300000000000001,0.08411214953271028,0.05720737674068498
19,0.011396011396011397,0.25,0.0,0.032,0.027842227378190254,0.33,0.0,0.0041400075272864136
20,0.008547008547008548,0.0,0.15789473684210525,0.0,0.0034802784222737818,1.0,0.0,0.0005645464809936018
21,0.017094017094017096,0.125,0.0,0.04,0.02088167053364269,0.62,0.02336448598130841,0.007903650733910425
22,0.008547008547008548,0.25,0.0,0.04,0.02668213457076566,0.33,0.0,0.004704554008280015
23,0.014245014245014245,0.25,0.0,0.04,0.029002320185614848,0.72,0.0,0.016560030109145654
24,0.014245014245014245,0.375,0.0,0.04,0.04176334106728538,0.7000000000000001,0.02336448598130841,0.00959729017689123
25,0.011396011396011397,0.125,0.0,0.008,0.018561484918793503,0.0,0.014018691588785045,0.0028227324049680093
26,0.011396011396011397,0.375,0.0,0.04,0.04756380510440835,0.91,0.014018691588785045,0.006398193451260821
27,0.014245014245014245,0.125,0.0,0.04,0.019721577726218097,0.6,0.014018691588785045,0.016560030109145654
28,0.008547008547008548,0.25,0.0,0.04,0.02668213457076566,0.16,0.0,0.007527286413248024
29,0.022792022792022793,0.125,0.0,0.04,0.02320185614849188,0.96,0.037383177570093455,0.032743695897628905
30,0.011396011396011397,0.125,0.0,0.0,0.018561484918793503,0.0,0.014018691588785045,0.0028227324049680093
31,0.008547008547008548,0.375,0.0,0.024,0.08004640371229699,0.0,0.014018691588785045,0.0022581859239744076
32,0.014245014245014245,0.375,0.0,0.04,0.04408352668213457,0.7000000000000001,0.02336448598130841,0.00959729017689123
33,0.008547008547008548,0.25,0.0,0.032,0.02668213457076566,0.0,0.0,0.006398193451260821
34,0.008547008547008548,0.25,0.0,0.04,0.02668213457076566,0.33,0.0,0.006586375611592021
35,0.014245014245014245,0.25,0.0,0.056,0.029002320185614848,0.09,0.0,0.012984569062852842
36,0.008547008547008548,0.25,0.0,0.024,0.02668213457076566,0.0,0.0,0.001505457282649605
37,0.014245014245014245,0.25,0.0,0.04,0.029002320185614848,0.3,0.0,0.006586375611592021
38,0.014245014245014245,0.125,0.0,0.04,0.019721577726218097,0.62,0.014018691588785045,0.015054572826496049
39,0.011396011396011397,0.125,0.0,0.008,0.018561484918793503,0.16,0.014018691588785045,0.0031990967256304106
40,0.008547008547008548,0.25,0.0,0.024,0.02668213457076566,0.33,0.0,0.0041400075272864136
41,0.011396011396011397,0.25,0.0,0.024,0.027842227378190254,0.5,0.0,0.0041400075272864136
42,0.039886039886039885,0.125,0.0,0.048,0.030162412993039442,0.65,0.04672897196261682,0.019006398193451263
43,0.019943019943019943,0.25,0.0,0.04,0.031322505800464036,0.46,0.0,0.022581859239744075
44,0.022792022792022793,0.125,0.3421052631578947,0.024,0.02320185614849188,0.75,0.0,0.0060218291305984195
45,0.13105413105413105,0.25,0.02631578947368421,0.272,0.0765661252900232,0.9500000000000001,0.12149532710280372,0.12476477229958599
46,0.005698005698005698,0.25,0.0,0.128,0.037122969837587005,0.0,0.004672897196261682,0.016560030109145654
47,0.017094017094017096,0.0,0.02631578947368421,0.016,0.0069605568445475635,0.0,0.02803738317757009,0.0009409108016560031
48,0.011396011396011397,0.25,0.0,0.112,0.03944315545243619,0.0,0.004672897196261682,0.007339104252916824
49,0.03418803418803419,0.125,0.0,0.032,0.027842227378190254,0.48,0.0,0.014490026345502447
50,0.008547008547008548,0.25,0.0,0.056,0.0382830626450116,0.66,0.009345794392523364,0.004516371847948814
51,0.022792022792022793,0.25,0.0,0.112,0.04408352668213457,0.73,0.009345794392523364,0.017124576590139256
52,0.008547008547008548,0.25,0.0,0.048,0.0382830626450116,0.77,0.009345794392523364,0.0041400075272864136
53,0.011396011396011397,0.25,0.0,0.10400000000000001,0.03944315545243619,0.0,0.009345794392523364,0.014490026345502447
54,0.019943019943019943,0.125,0.0,0.032,0.022041763341067284,0.78,0.014018691588785045,0.011667293940534437
55,0.011396011396011397,0.25,0.0,0.08,0.031322505800464036,0.75,0.014018691588785045,0.015054572826496049
56,0.005698005698005698,0.25,0.0,0.04,0.037122969837587005,0.0,0.004672897196261682,0.0018818216033120064
57,0.002849002849002849,0.25,0.0,0.008,0.03596287703016241,1.0,0.004672897196261682,0.0007527286413248024
58,0.011396011396011397,0.375,0.0,0.048,0.042923433874709975,0.75,0.018691588785046728,0.007339104252916824
59,0.005698005698005698,0.0,0.05263157894736842,0.0,0.002320185614849188,0.0,0.009345794392523364,0.00037636432066240127
60,0.019943019943019943,0.125,0.02631578947368421,0.0,0.008120649651972157,0.0,0.03271028037383177,0.0013172751223184042
61,0.025641025641025644,0.25,0.0,0.16,0.04524361948955916,0.72,0.03271028037383177,0.020135491155438466
62,0.005698005698005698,0.25,0.0,0.10400000000000001,0.037122969837587005,0.5,0.004672897196261682,0.013737297704177644
63,0.0,0.0,0.02631578947368421,0.008,0.0,0.0,0.0,0.014678208505833647
64,0.014245014245014245,0.125,0.0,0.048,0.019721577726218097,0.0,0.02336448598130841,0.009973654497553632
65,0.008547008547008548,0.25,0.0,0.064,0.0382830626450116,0.0,0.009345794392523364,0.013549115543846444
66,0.011396011396011397,0.125,0.02631578947368421,0.112,0.018561484918793503,0.75,0.018691588785046728,0.005080918328942417
67,0.005698005698005698,0.25,0.0,0.032,0.037122969837587005,0.0,0.004672897196261682,0.0022581859239744076
68,0.005698005698005698,0.25,0.0,0.048,0.037122969837587005,0.5,0.004672897196261682,0.008280015054572827
69,0.12535612535612536,0.125,0.0,0.16,0.06496519721577726,0.87,0.13551401869158877,0.13342115167482121
70,0.005698005698005698,0.25,0.0,0.032,0.037122969837587005,0.0,0.004672897196261682,0.0026345502446368085
71,0.03133903133903134,0.125,0.05263157894736842,0.14400000000000002,0.02668213457076566,0.59,0.037383177570093455,0.023710952201731278
72,0.008547008547008548,0.5,0.0,0.04,0.05104408352668213,0.33,0.014018691588785045,0.0031990967256304106
73,0.245014245014245,0.25,0.0,0.312,0.12645011600928074,0.0,0.3925233644859813,0.02860368837034249
74,0.02849002849002849,0.25,0.0,0.20800000000000002,0.04640371229698376,0.9,0.004672897196261682,0.03519006398193451
75,0.14245014245014245,0.125,0.0,0.064,0.07192575406032482,0.9,0.03271028037383177,0.3942416258938653
76,0.03703703703703704,0.125,0.0,0.04,0.029002320185614848,0.3,0.06074766355140186,0.010538200978547234
77,0.005698005698005698,0.25,0.0,0.04,0.037122969837587005,0.5,0.004672897196261682,0.0022581859239744076
78,0.014245014245014245,0.25,0.0,0.07200000000000001,0.04060324825986079,0.65,0.018691588785046728,0.011855476100865639
79,0.008547008547008548,0.25,0.0,0.048,0.0382830626450116,0.0,0.009345794392523364,0.006398193451260821
80,0.0,0.0,0.3421052631578947,0.008,0.0,0.0,0.0,0.04986827248776816
81,0.014245014245014245,0.25,0.0,0.048,0.04060324825986079,0.65,0.014018691588785045,0.009973654497553632
82,1.0,0.125,0.0,0.56,0.4211136890951276,0.91,0.411214953271028,1.0
83,0.014245014245014245,0.25,0.0,0.088,0.037122969837587005,0.53,0.018691588785046728,0.008280015054572827
84,0.005698005698005698,0.25,0.0,0.048,0.037122969837587005,0.0,0.009345794392523364,0.0022581859239744076
85,0.042735042735042736,0.125,0.02631578947368421,0.2,0.031322505800464036,0.8200000000000001,0.04672897196261682,0.04083552879187053
86,0.05413105413105413,0.125,0.0,0.20800000000000002,0.03596287703016241,0.81,0.037383177570093455,0.10048927361686112
87,0.02849002849002849,0.25,0.0,0.048,0.11020881670533642,0.0,0.03271028037383177,0.00940910801656003
88,0.005698005698005698,0.25,0.0,0.008,0.037122969837587005,0.5,0.004672897196261682,0.0005645464809936018
89,0.022792022792022793,0.25,0.0,0.096,0.04408352668213457,0.75,0.02803738317757009,0.009973654497553632
90,0.011396011396011397,0.25,0.0,0.056,0.03944315545243619,0.0,0.009345794392523364,0.00940910801656003
91,0.08831908831908833,0.125,0.0,0.064,0.04988399071925754,0.8,0.11682242990654204,0.08336469702672186
92,0.20797720797720798,0.125,0.02631578947368421,0.264,0.09860788863109049,0.9500000000000001,0.22429906542056072,0.14339480617237485
93,0.15954415954415954,0.125,0.0,0.36,0.07888631090487239,0.93,0.2102803738317757,0.11535566428302597
94,0.017094017094017096,0.125,0.0,0.168,0.02088167053364269,0.0,0.009345794392523364,0.022393677079412873
95,0.08831908831908833,0.125,0.0,0.328,0.04988399071925754,0.0,0.06542056074766354,0.11328566051938277
96,0.06267806267806268,0.125,0.0,0.34400000000000003,0.03944315545243619,0.89,0.02803738317757009,0.1298456906285284
97,0.05128205128205129,0.125,1.0,0.088,0.03480278422273782,0.88,0.08411214953271028,0.01919458035378246
98,0.017094017094017096,0.25,0.0,0.088,0.04176334106728538,0.8300000000000001,0.009345794392523364,0.009785472337222432
99,0.008547008547008548,0.125,0.0,0.016,0.01740139211136891,0.0,0.014018691588785045,0.0018818216033120064
100,0.017094017094017096,0.125,0.02631578947368421,0.064,0.02088167053364269,0.8300000000000001,0.02803738317757009,0.01543093714715845
101,0.02849002849002849,0.5,0.0,0.07200000000000001,0.06844547563805103,0.65,0.04672897196261682,0.012796386902521642
102,0.002849002849002849,0.25,0.0,0.008,0.018561484918793503,0.0,0.004672897196261682,0.001505457282649605
103,0.005698005698005698,0.125,0.0,0.008,0.016241299303944315,0.93,0.009345794392523364,0.0028227324049680093
104,0.025641025641025644,0.125,0.0,0.152,0.024361948955916472,0.59,0.014018691588785045,0.028791870530673693
105,0.017094017094017096,0.375,0.0,0.024,0.04988399071925754,0.96,0.018691588785046728,0.012796386902521642
106,0.014245014245014245,0.125,0.0,0.032,0.019721577726218097,0.7000000000000001,0.02336448598130841,0.0060218291305984195
107,0.014245014245014245,0.25,0.0,0.07200000000000001,0.04060324825986079,0.4,0.009345794392523364,0.014490026345502447
108,0.002849002849002849,0.125,0.0,0.008,0.015081206496519721,0.0,0.004672897196261682,0.0013172751223184042
109,0.02849002849002849,0.125,0.0,0.152,0.025522041763341066,0.85,0.014018691588785045,0.038577342867896124
110,0.011396011396011397,0.25,0.0,0.096,0.03944315545243619,0.75,0.004672897196261682,0.015995483628152053
111,0.03418803418803419,0.125,0.0,0.056,0.027842227378190254,0.76,0.03271028037383177,0.013172751223184042
112,0.011396011396011397,0.25,0.0,0.056,0.025522041763341066,0.0,0.018691588785046728,0.004328189687617614
113,0.011396011396011397,0.125,0.0,0.032,0.018561484918793503,0.25,0.014018691588785045,0.0041400075272864136
114,0.03133903133903134,0.5,0.0,0.04,0.06960556844547564,0.72,0.04672897196261682,0.02728641324802409
115,0.019943019943019943,0.25,0.0,0.28,0.02668213457076566,0.0,0.02336448598130841,0.04083552879187053
116,0.008547008547008548,0.125,0.0,0.08,0.01740139211136891,0.66,0.014018691588785045,0.011855476100865639
117,0.005698005698005698,0.25,0.0,0.024,0.037122969837587005,0.5,0.009345794392523364,0.0016936394429808055
118,0.011396011396011397,0.25,0.0,0.056,0.03944315545243619,0.5,0.009345794392523364,0.0041400075272864136
119,0.002849002849002849,0.5,0.0,0.008,0.048723897911832945,0.0,0.004672897196261682,0.0007527286413248024
120,0.002849002849002849,0.5,0.0,0.008,0.048723897911832945,0.0,0.004672897196261682,0.0
121,0.008547008547008548,0.125,0.02631578947368421,0.024,0.01740139211136891,0.66,0.014018691588785045,0.0041400075272864136
122,0.017094017094017096,0.25,0.0,0.168,0.04176334106728538,0.85,0.004672897196261682,0.030297327813323296
123,0.03418803418803419,0.375,0.05263157894736842,0.032,0.0568445475638051,0.63,0.04205607476635514,0.01580730146782085
124,0.005698005698005698,0.25,0.0,0.032,0.037122969837587005,0.0,0.004672897196261682,0.0022581859239744076
125,0.005698005698005698,0.0,0.02631578947368421,0.016,0.002320185614849188,0.0,0.009345794392523364,0.0009409108016560031
126,0.011396011396011397,0.375,0.07894736842105263,0.04,0.04756380510440835,0.0,0.014018691588785045,0.0037636432066240127
127,0.005698005698005698,0.25,0.0,0.064,0.037122969837587005,0.56,0.004672897196261682,0.012043658261196839
128,0.008547008547008548,0.25,0.0,0.088,0.0382830626450116,0.66,0.009345794392523364,0.007903650733910425
129,0.005698005698005698,0.25,0.0,0.07200000000000001,0.037122969837587005,0.5,0.004672897196261682,0.007150922092585623
130,0.011396011396011397,0.25,0.0,0.07200000000000001,0.03944315545243619,0.5,0.009345794392523364,0.014113662024840046
131,0.09116809116809117,0.125,0.02631578947368421,0.248,0.05104408352668213,0.91,0.08878504672897196,0.05589010161836658
132,0.005698005698005698,0.375,0.0,0.008,0.04524361948955916,0.0,0.009345794392523364,0.00037636432066240127
133,0.008547008547008548,0.25,0.0,0.096,0.0382830626450116,0.66,0.004672897196261682,0.019570944674444864
134,0.014245014245014245,0.25,0.0,0.14400000000000002,0.04060324825986079,0.7000000000000001,0.004672897196261682,0.014301844185171246
135,0.005698005698005698,0.25,0.0,0.064,0.037122969837587005,0.0,0.009345794392523364,0.0028227324049680093
136,0.04843304843304844,0.0,0.02631578947368421,0.016,0.019721577726218097,0.0,0.0,0.003951825366955213
137,0.014245014245014245,0.0,0.02631578947368421,0.016,0.00580046403712297,0.0,0.0,0.0031990967256304106
138,0.011396011396011397,0.125,0.0,0.056,0.018561484918793503,0.75,0.004672897196261682,0.01863003387278886
139,0.06552706552706553,0.125,0.0,0.10400000000000001,0.04060324825986079,0.88,0.08411214953271028,0.05607828377869778
140,0.0,0.125,0.0,0.008,0.013921113689095127,0.0,0.0,0.0005645464809936018
141,0.06267806267806268,0.125,0.0,0.088,0.03944315545243619,0.93,0.03271028037383177,0.07414377117049303
142,0.08831908831908833,0.125,0.0,0.08,0.04988399071925754,0.85,0.0794392523364486,0.18140760255927738
143,0.0,0.0,0.02631578947368421,0.0,0.0,0.0,0.0,0.033496424538953705
144,0.03133903133903134,0.125,0.0,0.032,0.02668213457076566,0.09,0.04672897196261682,0.026345502446368085
145,0.022792022792022793,0.125,0.0,0.016,0.02320185614849188,0.6,0.0,0.017689123071132858
146,0.005698005698005698,0.125,0.0,0.10400000000000001,0.016241299303944315,0.0,0.009345794392523364,0.011290929619872037
147,0.022792022792022793,0.875,0.0,0.10400000000000001,0.9860788863109048,0.77,0.03271028037383177,0.020888219796763266
148,0.005698005698005698,0.0,0.21052631578947367,0.008,0.002320185614849188,0.0,0.0,0.00037636432066240127
149,0.005698005698005698,0.125,0.0,0.14400000000000002,0.016241299303944315,0.0,0.009345794392523364,0.015619119307489649
150,0.011396011396011397,0.75,0.0,0.12,0.9048723897911832,0.62,0.014018691588785045,0.02521640948438088
151,0.008547008547008548,0.125,0.0,0.112,0.01740139211136891,0.33,0.014018691588785045,0.01844185171245766
152,0.008547008547008548,0.125,0.0,0.08,0.01740139211136891,0.0,0.009345794392523364,0.008468197214904027
153,0.005698005698005698,0.125,0.0,0.12,0.016241299303944315,0.0,0.009345794392523364,0.015242754986827249
154,0.011396011396011397,0.875,0.0,0.12,0.9222737819025522,0.5,0.014018691588785045,0.025404591644712083
155,0.005698005698005698,0.125,0.0,0.08,0.016241299303944315,0.0,0.009345794392523364,0.02182913059841927
156,0.008547008547008548,0.125,0.0,0.14400000000000002,0.01740139211136891,0.0,0.009345794392523364,0.024463680843056078
157,0.03703703703703704,0.125,0.0,0.056,0.029002320185614848,0.71,0.05607476635514018,0.019382762514113663
158,0.03703703703703704,0.125,0.0,0.08,0.029002320185614848,0.72,0.06074766355140186,0.02465186300338728
159,0.014245014245014245,0.25,0.0,0.064,0.03480278422273782,0.53,0.018691588785046728,0.014113662024840046
160,0.03703703703703704,0.25,0.0,0.128,0.10324825986078887,0.71,0.037383177570093455,0.039518253669552125
161,0.039886039886039885,0.125,0.0,0.08,0.030162412993039442,0.9,0.06074766355140186,0.08656379375235228
162,0.08547008547008547,0.125,0.0,0.088,0.048723897911832945,0.91,0.14018691588785046,0.03669552126458411
163,0.02849002849002849,0.25,0.0,0.152,0.030162412993039442,0.68,0.04672897196261682,0.03838916070756492
164,0.019943019943019943,0.25,0.0,0.088,0.031322505800464036,0.66,0.014018691588785045,0.025969138125705685
165,0.005698005698005698,0.0,0.05263157894736842,0.016,0.002320185614849188,0.0,0.009345794392523364,0.0005645464809936018
166,0.03418803418803419,0.125,0.0,0.064,0.027842227378190254,0.66,0.04672897196261682,0.022770041400075273
167,0.05128205128205129,0.25,0.02631578947368421,0.128,0.04988399071925754,0.84,0.0514018691588785,0.10237109522017313
168,0.022792022792022793,0.125,0.05263157894736842,0.032,0.02320185614849188,0.7000000000000001,0.02336448598130841,0.009785472337222432
169,0.011396011396011397,0.125,0.02631578947368421,0.04,0.018561484918793503,0.92,0.018691588785046728,0.013925479864508846
170,0.002849002849002849,0.125,0.0,0.016,0.015081206496519721,0.0,0.004672897196261682,0.003951825366955213
171,0.005698005698005698,0.125,0.0,0.016,0.016241299303944315,1.0,0.009345794392523364,0.0011290929619872038
172,0.017094017094017096,0.125,0.0,0.016,0.02088167053364269,0.66,0.02803738317757009,0.005645464809936019
173,0.02849002849002849,0.125,0.0,0.048,0.025522041763341066,0.85,0.04205607476635514,0.02785095972901769
174,0.03418803418803419,0.125,0.0,0.136,0.027842227378190254,0.7000000000000001,0.02803738317757009,0.11761385020700038
175,0.019943019943019943,0.125,0.0,0.016,0.022041763341067284,0.53,0.009345794392523364,0.007150922092585623
176,0.019943019943019943,0.125,0.05263157894736842,0.088,0.022041763341067284,0.47000000000000003,0.03271028037383177,0.010914565299209636
177,0.15954415954415954,0.125,0.0,0.47200000000000003,0.07888631090487239,0.97,0.24299065420560745,0.15675573955589012
178,0.04843304843304844,0.125,0.0,0.248,0.033642691415313224,0.75,0.04205607476635514,0.07339104252916824
179,0.005698005698005698,0.25,0.0,0.016,0.029002320185614848,0.0,0.009345794392523364,0.008656379375235229
180,0.008547008547008548,0.125,0.0,0.064,0.01740139211136891,0.16,0.014018691588785045,0.017689123071132858
181,0.005698005698005698,0.25,0.0,0.016,0.029002320185614848,0.0,0.009345794392523364,0.006774557771923222
182,0.03418803418803419,0.25,0.0,0.296,0.03248259860788863,0.79,0.014018691588785045,0.13492660895747083
183,0.039886039886039885,0.125,0.0,0.08,0.030162412993039442,0.74,0.0514018691588785,0.057583741061347386
184,0.02849002849002849,0.125,0.0,0.024,0.025522041763341066,0.19,0.03271028037383177,0.02145276627775687
185,0.022792022792022793,0.125,0.0,0.20800000000000002,0.02320185614849188,0.5,0.018691588785046728,0.055513737297704174
186,0.017094017094017096,0.125,0.02631578947368421,0.008,0.02088167053364269,0.0,0.02803738317757009,0.0020700037636432068
187,0.05982905982905983,0.125,0.0,0.064,0.0382830626450116,0.75,0.08878504672897196,0.05043281896876176
188,0.005698005698005698,0.25,0.0,0.016,0.029002320185614848,0.0,0.009345794392523364,0.001505457282649605
189,0.03133903133903134,0.125,0.07894736842105263,0.10400000000000001,0.02668213457076566,0.72,0.04672897196261682,0.014490026345502447
190,0.017094017094017096,0.0,0.02631578947368421,0.008,0.0069605568445475635,0.0,0.004672897196261682,0.0016936394429808055
191,0.03703703703703704,0.125,0.13157894736842105,0.04,0.029002320185614848,0.53,0.06074766355140186,0.013172751223184042
192,0.042735042735042736,0.125,0.0,0.12,0.031322505800464036,0.89,0.07009345794392523,0.03970643582988333
193,0.042735042735042736,0.625,0.6052631578947368,0.088,0.7529002320185615,0.75,0.06074766355140186,0.025404591644712083
194,0.011396011396011397,0.0,0.02631578947368421,0.016,0.004640371229698376,0.0,0.0,0.0007527286413248024
195,0.005698005698005698,0.25,0.02631578947368421,0.024,0.02668213457076566,0.5,0.004672897196261682,0.0022581859239744076
196,0.014245014245014245,0.125,0.0,0.064,0.019721577726218097,0.4,0.018691588785046728,0.011479111780203237
197,0.008547008547008548,0.125,0.0,0.10400000000000001,0.01740139211136891,0.0,0.004672897196261682,0.010914565299209636
198,0.025641025641025644,0.75,0.0,0.2,0.7378190255220417,0.81,0.03271028037383177,0.04234098607452013
199,0.008547008547008548,0.625,0.0,0.224,0.7389791183294663,0.53,0.004672897196261682,0.10124200225818593
200,0.03418803418803419,0.25,0.0,0.10400000000000001,0.042923433874709975,0.8,0.037383177570093455,0.03838916070756492
201,0.02849002849002849,0.125,0.0,0.12,0.025522041763341066,0.66,0.004672897196261682,0.0649228453142642
202,0.014245014245014245,0.125,0.0,0.16,0.019721577726218097,0.56,0.0,0.058148287542340985
203,0.008547008547008548,0.625,0.0,0.2,0.7389791183294663,0.5,0.009345794392523364,0.09446744448626271
204,0.03418803418803419,0.25,0.0,0.064,0.042923433874709975,0.8,0.037383177570093455,0.01919458035378246
205,0.008547008547008548,0.75,0.0,0.136,0.7575406032482598,0.71,0.014018691588785045,0.022017312758750473
206,0.017094017094017096,0.25,0.0,0.168,0.025522041763341066,0.6900000000000001,0.009345794392523364,0.03481369966127211
207,0.011396011396011397,0.25,0.0,0.07200000000000001,0.02668213457076566,0.0,0.014018691588785045,0.006774557771923222
208,0.11396011396011396,0.125,0.0,0.36,0.060324825986078884,0.84,0.13551401869158877,0.15223936770794128
209,0.005698005698005698,0.125,0.05263157894736842,0.016,0.016241299303944315,0.5,0.009345794392523364,0.002446368084305608
210,0.025641025641025644,0.125,0.0,0.08,0.024361948955916472,0.66,0.018691588785046728,0.023146405720737676
211,0.025641025641025644,0.25,0.0,0.08,0.03248259860788863,0.44,0.037383177570093455,0.01543093714715845
212,0.014245014245014245,0.0,0.05263157894736842,0.016,0.00580046403712297,0.0,0.0,0.0009409108016560031
213,0.014245014245014245,0.125,0.0,0.024,0.019721577726218097,0.0,0.02336448598130841,0.004328189687617614
214,0.019943019943019943,0.125,0.05263157894736842,0.056,0.022041763341067284,0.28,0.02803738317757009,0.014113662024840046
215,0.03703703703703704,0.625,0.0,0.24,0.7505800464037122,0.8,0.04672897196261682,0.07564922845314265
216,0.05128205128205129,0.875,0.0,0.40800000000000003,0.7807424593967517,0.81,0.037383177570093455,0.13135114791117802
217,0.017094017094017096,0.25,0.0,0.032,0.02320185614849188,0.64,0.014018691588785045,0.026157320286036886
218,0.022792022792022793,0.625,0.0,0.248,0.7447795823665893,0.7000000000000001,0.02336448598130841,0.05344373353406097
219,0.014245014245014245,0.25,0.0,0.112,0.0568445475638051,0.74,0.018691588785046728,0.03575461046292811
220,0.011396011396011397,0.25,0.0,0.088,0.05568445475638051,0.0,0.018691588785046728,0.008091832894241627
221,0.05698005698005698,0.125,0.0,0.232,0.037122969837587005,0.87,0.08878504672897196,0.04347007903650734
222,0.05128205128205129,0.25,0.0,0.2,0.07192575406032482,0.88,0.08411214953271028,0.05777192322167858
223,0.09116809116809117,0.125,0.10526315789473684,0.2,0.05104408352668213,0.9500000000000001,0.14018691588785046,0.08468197214904027
224,0.025641025641025644,0.25,0.0,0.088,0.06148491879350348,0.58,0.04205607476635514,0.024087316522393678
225,0.06837606837606838,0.125,0.0,0.312,0.04176334106728538,0.87,0.0794392523364486,0.08581106511102747
226,0.03133903133903134,0.25,0.0,0.07200000000000001,0.04176334106728538,0.77,0.03271028037383177,0.020888219796763266
227,0.43304843304843305,0.125,0.0,0.656,0.1902552204176334,0.97,0.5887850467289719,0.49247271358675204
228,0.019943019943019943,0.125,0.3421052631578947,0.024,0.022041763341067284,0.42,0.03271028037383177,0.007903650733910425
229,0.025641025641025644,0.125,0.13157894736842105,0.096,0.024361948955916472,0.77,0.04205607476635514,0.01844185171245766
230,0.04843304843304844,0.125,0.0,0.248,0.033642691415313224,0.8,0.07009345794392523,0.08430560782837787
231,0.017094017094017096,0.125,0.0,0.272,0.02088167053364269,0.7000000000000001,0.009345794392523364,0.05287918705306737
232,0.011396011396011397,0.125,0.0,0.064,0.018561484918793503,0.12,0.014018691588785045,0.011290929619872037
233,0.014245014245014245,0.125,0.0,0.248,0.019721577726218097,0.3,0.014018691588785045,0.022581859239744075
234,0.019943019943019943,0.25,0.0,0.10400000000000001,0.037122969837587005,0.71,0.03271028037383177,0.017689123071132858
235,0.05698005698005698,0.625,0.0,0.28800000000000003,0.7587006960556845,0.77,0.07009345794392523,0.08280015054572827
236,0.039886039886039885,0.625,0.0,0.272,0.974477958236659,0.78,0.05607476635514018,0.06943921716221302
237,0.12820512820512822,0.625,0.0,0.504,0.7877030162412992,0.9400000000000001,0.1588785046728972,0.22732404968009035
238,0.017094017094017096,0.875,0.0,0.272,0.7668213457076566,0.66,0.02336448598130841,0.07640195709446744
239,0.017094017094017096,0.875,0.0,0.168,0.9164733178654292,0.33,0.014018691588785045,0.04064734663153933
240,0.03418803418803419,0.25,0.0,0.10400000000000001,0.04640371229698376,0.54,0.04672897196261682,0.031802785095972896
241,0.045584045584045586,0.625,0.0,0.248,0.7540603248259861,0.74,0.07009345794392523,0.07414377117049303
242,0.011396011396011397,0.625,0.0,0.176,0.8097447795823666,0.5,0.009345794392523364,0.03726006774557772
243,0.019943019943019943,0.25,0.0,0.096,0.02668213457076566,0.5,0.009345794392523364,0.045540082800150546
244,0.019943019943019943,0.75,0.0,0.168,0.7946635730858468,0.77,0.02336448598130841,0.036130974783590515
245,0.005698005698005698,0.125,0.02631578947368421,0.016,0.002320185614849188,0.0,0.0,0.00037636432066240127
246,0.03418803418803419,0.25,0.0,0.10400000000000001,0.042923433874709975,0.79,0.037383177570093455,0.019006398193451263
247,0.011396011396011397,0.25,0.0,0.07200000000000001,0.08584686774941995,0.41000000000000003,0.018691588785046728,0.016371847948814452
248,0.002849002849002849,0.25,0.0,0.032,0.029002320185614848,0.0,0.004672897196261682,0.0013172751223184042
249,0.05698005698005698,0.125,0.0,0.20800000000000002,0.037122969837587005,0.77,0.08878504672897196,0.040270982310876925
250,0.02849002849002849,0.125,0.0,0.272,0.025522041763341066,0.66,0.02803738317757009,0.0636055701919458
251,0.011396011396011397,0.125,0.0,0.048,0.018561484918793503,0.5,0.014018691588785045,0.007527286413248024
252,0.17094017094017094,0.75,0.0,0.5760000000000001,0.796983758700696,0.9500000000000001,0.21495327102803738,0.19909672563041025
253,0.06552706552706553,0.125,0.0,0.2,0.04060324825986079,0.89,0.09345794392523364,0.10782837786977795
254,0.017094017094017096,0.625,0.0,0.24,0.7424593967517401,0.63,0.0,0.05701919458035378
255,0.005698005698005698,0.625,0.0,0.16,0.7378190255220417,0.37,0.004672897196261682,0.040082800150545723
256,0.025641025641025644,0.75,0.0,0.312,0.7378190255220417,0.8,0.037383177570093455,0.051561911930748966
257,0.02849002849002849,0.125,0.0,0.184,0.025522041763341066,0.63,0.03271028037383177,0.05062100112909296
258,0.022792022792022793,0.125,0.0,0.176,0.02320185614849188,0.12,0.03271028037383177,0.0310500564546481
259,0.017094017094017096,0.125,0.0,0.10400000000000001,0.02088167053364269,0.16,0.0,0.02182913059841927
260,0.045584045584045586,0.125,0.05263157894736842,0.048,0.03248259860788863,0.78,0.04205607476635514,0.0916447120812947
261,0.680911680911681,0.5,0.0,0.6,1.0,0.96,0.9999999999999999,0.8650733910425292
262,0.10541310541310542,0.5,0.0,0.24,0.765661252900232,0.92,0.16822429906542055,0.11272111403838916
263,0.08831908831908833,0.125,0.0,0.248,0.04988399071925754,0.8300000000000001,0.06542056074766354,0.2608204742190441
264,0.005698005698005698,0.0,0.02631578947368421,0.016,0.002320185614849188,0.0,0.0,0.027474595408355288
265,0.005698005698005698,0.125,0.02631578947368421,0.008,0.002320185614849188,0.0,0.0,0.00037636432066240127
266,0.005698005698005698,0.125,0.0,0.032,0.016241299303944315,0.0,0.0,0.0037636432066240127
267,0.07407407407407408,0.125,0.0,0.152,0.04408352668213457,0.75,0.0,0.0942792623259315
268,0.1452991452991453,0.5,0.0,0.28,0.7819025522041763,0.9500000000000001,0.22429906542056072,0.11874294316898758
269,0.011396011396011397,0.125,0.18421052631578946,0.016,0.018561484918793503,0.0,0.018691588785046728,0.004704554008280015
270,0.0,0.125,0.0,0.008,0.013921113689095127,0.0,0.0,0.0041400075272864136
271,0.011396011396011397,0.25,0.0,0.024,0.02668213457076566,0.81,0.018691588785046728,0.004328189687617614
272,0.011396011396011397,0.25,0.0,0.024,0.02668213457076566,0.7000000000000001,0.018691588785046728,0.005269100489273617
273,0.014245014245014245,0.25,0.0,0.032,0.027842227378190254,0.9,0.02336448598130841,0.006962739932254423
274,0.002849002849002849,0.25,0.0,0.008,0.02320185614849188,0.0,0.004672897196261682,0.0007527286413248024
275,0.008547008547008548,0.25,0.0,0.016,0.025522041763341066,0.0,0.014018691588785045,0.0030109145652992097
276,0.008547008547008548,0.25,0.0,0.008,0.025522041763341066,0.0,0.014018691588785045,0.0026345502446368085
277,0.014245014245014245,0.25,0.0,0.024,0.027842227378190254,0.8,0.02336448598130841,0.005833646970267219
278,0.002849002849002849,0.25,0.0,0.008,0.02320185614849188,0.0,0.004672897196261682,0.0007527286413248024
279,0.002849002849002849,0.25,0.0,0.008,0.02320185614849188,0.0,0.004672897196261682,0.0007527286413248024
280,0.002849002849002849,0.25,0.0,0.008,0.02320185614849188,0.0,0.004672897196261682,0.0007527286413248024
281,0.005698005698005698,0.25,0.0,0.008,0.024361948955916472,0.0,0.009345794392523364,0.001505457282649605
282,0.011396011396011397,0.25,0.0,0.024,0.02668213457076566,0.81,0.018691588785046728,0.004328189687617614
283,0.008547008547008548,0.75,0.0,0.04,0.7563805104408352,0.33,0.014018691588785045,0.01863003387278886
284,0.017094017094017096,1.0,0.0,0.04,0.7865429234338747,0.8300000000000001,0.018691588785046728,0.009785472337222432
285,0.019943019943019943,0.75,0.0,0.224,0.7610208816705336,0.71,0.004672897196261682,0.051561911930748966
286,0.008547008547008548,0.75,0.0,0.04,0.7563805104408352,0.33,0.009345794392523364,0.014490026345502447
287,0.008547008547008548,0.75,0.0,0.064,0.7563805104408352,0.33,0.014018691588785045,0.013172751223184042
288,0.008547008547008548,0.75,0.0,0.08,0.7563805104408352,0.33,0.014018691588785045,0.027474595408355288
289,0.008547008547008548,0.75,0.0,0.056,0.7563805104408352,0.33,0.004672897196261682,0.011102747459540836
290,0.008547008547008548,0.75,0.0,0.096,0.7563805104408352,0.42,0.004672897196261682,0.021076401957094468
291,0.008547008547008548,0.75,0.0,0.096,0.7563805104408352,0.33,0.014018691588785045,0.022958223560406475
292,0.011396011396011397,0.75,0.0,0.048,0.7575406032482598,0.28,0.004672897196261682,0.030485509973654498
293,0.008547008547008548,0.75,0.0,0.088,0.7563805104408352,0.33,0.004672897196261682,0.0325555137372977
294,0.017094017094017096,0.75,0.0,0.28800000000000003,0.759860788863109,0.66,0.004672897196261682,0.04422280767783214
295,0.011396011396011397,0.75,0.0,0.20800000000000002,0.7575406032482598,0.52,0.004672897196261682,0.052314640572073766
296,0.014245014245014245,0.75,0.0,0.096,0.7587006960556845,0.8,0.004672897196261682,0.009973654497553632
297,0.008547008547008548,0.75,0.0,0.14400000000000002,0.7563805104408352,0.48,0.004672897196261682,0.0329318780579601
298,0.014245014245014245,0.75,0.0,0.176,0.7587006960556845,0.6,0.004672897196261682,0.02484004516371848
299,0.011396011396011397,0.75,0.0,0.14400000000000002,0.7575406032482598,0.4,0.004672897196261682,0.02728641324802409
300,0.011396011396011397,0.75,0.0,0.168,0.7575406032482598,0.5,0.004672897196261682,0.0331200602182913
301,0.017094017094017096,1.0,0.0,0.08,0.7865429234338747,0.66,0.018691588785046728,0.015619119307489649
302,0.014245014245014245,0.75,0.0,0.088,0.7587006960556845,0.7000000000000001,0.014018691588785045,0.011290929619872037
303,0.017094017094017096,0.75,0.0,0.128,0.759860788863109,0.4,0.004672897196261682,0.061911930748965
304,0.002849002849002849,0.0,0.42105263157894735,0.008,0.001160092807424594,0.0,0.0,0.00018818216033120064
305,0.042735042735042736,0.125,0.0,0.07200000000000001,0.031322505800464036,0.66,0.009345794392523364,0.022581859239744075
306,0.3532763532763533,0.125,0.0,1.0,0.15777262180974477,0.9500000000000001,0.4252336448598131,0.4636808430560783
307,0.1452991452991453,0.125,0.0,0.32,0.07308584686774941,0.98,0.2289719626168224,0.17914941663530298
308,0.08262108262108263,0.125,0.02631578947368421,0.41600000000000004,0.04756380510440835,0.84,0.0794392523364486,0.19608581106511103
309,0.005698005698005698,0.125,0.0,0.10400000000000001,0.016241299303944315,0.0,0.004672897196261682,0.008656379375235229
310,0.011396011396011397,0.125,0.0,0.176,0.018561484918793503,0.5,0.018691588785046728,0.04666917576213775
311,0.039886039886039885,0.25,0.0,0.14400000000000002,0.052204176334106726,0.64,0.06074766355140186,0.05363191569439217
312,0.025641025641025644,0.625,0.0,0.24,0.6890951276102087,0.81,0.014018691588785045,0.08148287542340986
313,0.025641025641025644,0.75,0.0,0.112,0.7378190255220417,0.8300000000000001,0.04205607476635514,0.01919458035378246
314,0.005698005698005698,0.125,0.0,0.032,0.016241299303944315,0.33,0.009345794392523364,0.03782461422657132
315,0.04843304843304844,0.875,0.05263157894736842,0.304,0.7795823665893271,0.8300000000000001,0.04672897196261682,0.09597290176891231
316,0.03418803418803419,0.75,0.0,0.216,0.7679814385150812,0.86,0.03271028037383177,0.06586375611592021
317,0.014245014245014245,0.875,0.0,0.224,0.765661252900232,0.56,0.018691588785046728,0.02145276627775687
318,0.008547008547008548,0.875,0.0,0.216,0.7633410672853828,0.4,0.014018691588785045,0.04422280767783214
319,0.03133903133903134,0.25,0.0,0.136,0.03480278422273782,0.76,0.0514018691588785,0.03707188558524652
320,0.011396011396011397,0.5,0.0,0.10400000000000001,0.7273781902552204,0.33,0.014018691588785045,0.00922092585622883
321,0.008547008547008548,0.75,0.0,0.04,0.8642691415313225,0.0,0.014018691588785045,0.023334587881068874
322,0.014245014245014245,0.875,0.0,0.168,0.765661252900232,0.75,0.018691588785046728,0.030861874294316898
323,0.002849002849002849,0.0,0.10526315789473684,0.0,0.001160092807424594,0.0,0.0,0.00018818216033120064
324,0.03418803418803419,0.625,0.0,0.264,0.7494199535962877,0.8,0.05607476635514018,0.10707564922845314
325,0.025641025641025644,0.25,0.0,0.032,0.05336426914153132,0.7000000000000001,0.04205607476635514,0.012231840421528039
326,0.017094017094017096,0.875,0.0,0.20800000000000002,0.7668213457076566,0.66,0.014018691588785045,0.05626646593902898
327,0.017094017094017096,0.75,0.0,0.152,0.7610208816705336,0.66,0.018691588785046728,0.019759126834776063
328,0.002849002849002849,0.75,0.0,0.128,0.7552204176334106,0.0,0.004672897196261682,0.015619119307489649
329,0.019943019943019943,0.875,0.02631578947368421,0.176,0.7679814385150812,0.0,0.02803738317757009,0.013549115543846444
330,0.017094017094017096,0.625,0.0,0.232,0.7424593967517401,0.64,0.014018691588785045,0.07941287165976665
331,0.019943019943019943,0.125,0.0,0.14400000000000002,0.022041763341067284,0.6,0.03271028037383177,0.06003010914565299
332,0.011396011396011397,0.625,0.0,0.096,0.740139211136891,0.5,0.014018691588785045,0.023710952201731278
333,0.022792022792022793,0.75,0.02631578947368421,0.10400000000000001,0.8700696055684455,0.75,0.037383177570093455,0.01844185171245766
334,0.09401709401709402,0.625,0.0,0.384,0.7737819025522041,0.85,0.1308411214953271,0.2461422657132104
335,0.017094017094017096,0.625,0.0,0.192,0.7424593967517401,0.66,0.02336448598130841,0.03406097101994731
336,0.02849002849002849,0.625,0.0,0.10400000000000001,0.9698375870069605,0.8,0.04205607476635514,0.026345502446368085
337,0.06552706552706553,0.75,0.05263157894736842,0.176,0.9095127610208816,0.8200000000000001,0.07009345794392523,0.06962739932254422
338,0.014245014245014245,0.0,0.05263157894736842,0.008,0.00580046403712297,0.0,0.0,0.0009409108016560031
339,0.005698005698005698,0.625,0.0,0.04,0.8167053364269141,0.25,0.009345794392523364,0.008844561535566429
340,0.014245014245014245,0.125,0.0,0.048,0.019721577726218097,0.5,0.014018691588785045,0.011667293940534437
341,0.017094017094017096,0.875,0.0,0.224,0.7668213457076566,0.6,0.014018691588785045,0.030297327813323296
342,0.05413105413105413,0.125,0.02631578947368421,0.136,0.03596287703016241,0.77,0.0794392523364486,0.03782461422657132
343,0.005698005698005698,1.0,0.0,0.024,0.7703016241299303,0.0,0.009345794392523364,0.001505457282649605
344,0.011396011396011397,0.875,0.0,0.216,0.7645011600928074,0.7000000000000001,0.014018691588785045,0.017500940910801656
345,0.008547008547008548,0.875,0.0,0.176,0.7633410672853828,0.66,0.014018691588785045,0.020888219796763266
346,0.039886039886039885,0.125,0.0,0.248,0.030162412993039442,0.76,0.04672897196261682,0.1593902898005269
347,0.011396011396011397,0.5,0.0,0.14400000000000002,0.7273781902552204,0.44,0.018691588785046728,0.012984569062852842
348,0.045584045584045586,0.125,0.0,0.064,0.03248259860788863,0.8200000000000001,0.06542056074766354,0.033496424538953705
349,0.014245014245014245,0.75,0.47368421052631576,0.04,0.759860788863109,0.8,0.018691588785046728,0.01919458035378246
350,0.005698005698005698,0.875,0.0,0.048,0.8723897911832946,0.5,0.009345794392523364,0.009785472337222432
351,0.008547008547008548,0.875,0.0,0.10400000000000001,0.7633410672853828,0.66,0.014018691588785045,0.029168234851336093
352,0.022792022792022793,0.625,0.0,0.096,0.7447795823665893,0.5,0.037383177570093455,0.030485509973654498
353,0.019943019943019943,0.75,0.0,0.056,0.8689095127610208,0.42,0.02336448598130841,0.01618366578848325
354,0.022792022792022793,0.25,0.0,0.2,0.09048723897911833,0.7000000000000001,0.018691588785046728,0.03820097854723372
355,0.011396011396011397,0.25,0.0,0.008,0.03944315545243619,0.0,0.014018691588785045,0.005080918328942417
356,0.02849002849002849,0.125,0.0,0.10400000000000001,0.025522041763341066,0.78,0.02803738317757009,0.05777192322167858
357,0.017094017094017096,0.125,0.0,0.008,0.02088167053364269,0.11,0.02803738317757009,0.006774557771923222
358,0.03703703703703704,0.25,0.0,0.07200000000000001,0.09628770301624129,0.75,0.0514018691588785,0.026345502446368085
359,0.022792022792022793,0.125,0.0,0.04,0.02320185614849188,0.66,0.02336448598130841,0.019382762514113663
360,0.011396011396011397,0.125,0.13157894736842105,0.024,0.018561484918793503,0.0,0.018691588785046728,0.004516371847948814
361,0.005698005698005698,0.125,0.07894736842105263,0.008,0.002320185614849188,0.0,0.0,0.00037636432066240127
362,0.04843304843304844,0.125,0.0,0.128,0.033642691415313224,0.8200000000000001,0.04205607476635514,0.054008280015054574
363,0.022792022792022793,0.125,0.0,0.008,0.02320185614849188,0.5,0.037383177570093455,0.007527286413248024
364,0.03703703703703704,0.125,0.3157894736842105,0.024,0.029002320185614848,0.0,0.06074766355140186,0.009973654497553632
365,0.33333333333333337,0.125,0.0,0.128,0.14965197215777262,0.96,0.1261682242990654,0.44599171998494547
366,0.03703703703703704,0.0,0.02631578947368421,0.016,0.015081206496519721,0.0,0.06074766355140186,0.004704554008280015
367,0.014245014245014245,0.375,0.0,0.008,0.048723897911832945,0.6,0.02336448598130841,0.005080918328942417
368,0.008547008547008548,0.125,0.0,0.088,0.01740139211136891,0.75,0.004672897196261682,0.011102747459540836
