,f1,f2,f3,f4,f5,f6,f7,f8,f9,f10,f11,f12,f13,f14,f15
0,0.0,0.01895195678953852,0.004804392587508579,0.11382782357676187,0.12037817189349571,0.533442088091354,0.3206038188543437,0.06896551724137931,0.09502262443438915,0.07466196355085244,0.013245033112582781,0.10526315789473684,0.12352941176470589,0.0,0.0
1,0.0,0.0058751066047569404,0.002104781514527568,0.014895078690981764,0.0041430395385020965,0.010603588907014683,0.0033989803059082274,0.0,0.006787330316742082,0.0188124632569077,0.0,0.015789473684210527,0.01764705882352941,0.0,0.0
2,0.0,0.04965412678859092,0.0064516129032258064,0.12948621866933133,0.04667962389574944,0.1362153344208809,0.08087573727881635,0.05747126436781609,0.04072398190045249,0.0702527924750147,0.009933774834437087,0.09473684210526316,0.1588235294117647,0.0,0.0
3,1.0,0.0022742348147446224,0.03180050331731869,0.014215033169567268,0.005908289697452147,0.019575856443719414,0.006498050584824552,0.0,0.004524886877828055,0.01646090534979424,0.0,0.010526315789473684,0.01764705882352941,0.0,0.0
4,0.0,0.024637543826400078,0.006222832303820636,0.3950786909817637,0.2494843815421515,0.5212071778140294,0.4449665100469859,0.12643678160919541,0.08823529411764706,0.16490299823633156,0.03642384105960265,0.37894736842105264,0.44705882352941173,0.0,0.0
5,0.0,0.4670709750781768,0.3580873941889728,0.6126828489743803,1.0,0.9893964110929854,0.7082875137458762,0.6206896551724138,0.3054298642533937,0.23104056437389772,0.12251655629139073,0.3894736842105263,0.7176470588235294,0.0,0.0
6,0.0,0.005780346820809249,0.0,0.005398728731229355,0.0035305003179001023,0.0048939641109298545,0.001999400179946016,0.0,0.0022624434389140274,0.023809523809523808,0.0033112582781456954,0.010526315789473684,0.01764705882352941,0.0,0.0
7,1.0,0.014498246943996968,0.13658201784488674,0.11834526882615816,0.07457988080038458,0.100326264274062,0.14425672298310507,0.06896551724137931,0.03393665158371041,0.05085243974132863,0.009933774834437087,0.09473684210526316,0.07058823529411765,0.0,0.0
8,0.0,0.012982090400833887,0.0024708304735758407,0.09871068920531824,0.06393151966586891,0.15497553017944535,0.13595921223632912,0.05747126436781609,0.03619909502262444,0.07671957671957672,0.0,0.09473684210526316,0.16470588235294117,0.125,0.0
9,0.0,0.01952051549322468,0.0071837108213223515,0.14023857107169624,0.035777976501238,0.1631321370309951,0.05428371488553434,0.011494252873563218,0.031674208144796386,0.05202821869488536,0.009933774834437087,0.031578947368421054,0.052941176470588235,0.0,0.0
10,0.0,0.19454183644461293,0.05188743994509266,0.20516903988675161,0.0752932176142502,0.14763458401305057,0.1380585824252724,0.08045977011494253,0.07692307692307693,0.03321575543797766,0.013245033112582781,0.05263157894736842,0.17058823529411765,0.0,0.0
11,0.0,0.005590827252913863,0.028140013726835965,0.03347142420962056,0.016174136888300758,0.100326264274062,0.023892832150354894,0.011494252873563218,0.015837104072398193,0.023515579071134628,0.006622516556291391,0.042105263157894736,0.029411764705882353,0.0,0.0
12,1.0,0.004643229413436938,0.025989476092427362,0.010197213201210203,0.006541505347441551,0.015497553017944535,0.013795861241627511,0.0,0.0,0.007936507936507936,0.009933774834437087,0.042105263157894736,0.011764705882352941,0.1875,1.0
13,0.0,0.000473798919738463,0.014001372683596431,0.004788075609959197,0.0026801821593429036,0.022838499184339316,0.005598320503848845,0.0,0.004524886877828055,0.005878894767783657,0.0,0.015789473684210527,0.011764705882352941,0.0,0.0
14,1.0,0.48071638396664457,1.0,0.5231527743081578,0.27674108458210356,0.7732463295269169,0.2737178846346096,0.42528735632183906,0.36651583710407243,0.18900646678424457,0.04966887417218543,0.30526315789473685,0.2411764705882353,0.0,0.0
15,0.0,0.0627309769733725,0.16838252116220545,0.24877175451744526,0.10378016820275307,0.23817292006525287,0.17074877536738978,0.06896551724137931,0.05429864253393665,0.14491475602586715,0.009933774834437087,0.5789473684210527,0.11764705882352941,0.0,0.0
16,0.0,0.0040746707097507814,0.00032029283916723864,0.03919282760152108,0.03387832955126979,0.04567699836867863,0.041587523742877136,0.011494252873563218,0.00904977375565611,0.02175191064079953,0.009933774834437087,0.015789473684210527,0.07058823529411765,0.0,0.0
17,1.0,0.005022268549227708,0.01601464195836193,0.003944957948205511,0.0032487839674966534,0.010603588907014683,0.006598020593821852,0.011494252873563218,0.006787330316742082,0.007054673721340388,0.0,0.015789473684210527,0.011764705882352941,0.0,0.0
18,1.0,0.00985501753056003,0.08904140928849234,0.011970189024897993,0.023121417162470213,0.016313213703099513,0.011996401079676096,0.034482758620689655,0.00904977375565611,0.008524397413286302,0.013245033112582781,0.03684210526315789,0.03529411764705882,0.0,0.0
19,0.0,0.0028427935184307776,0.011027224891329216,0.006880256474310934,0.0028972846679106985,0.03915171288743883,0.007797660701789463,0.0,0.0022624434389140274,0.005878894767783657,0.0,0.010526315789473684,0.023529411764705882,0.0,0.0
20,0.0,0.004832748981332322,0.01285746968657058,0.0018180808837816075,0.0016877135487472672,0.006525285481239805,0.0036988903329001296,0.0,0.006787330316742082,0.0,0.0033112582781456954,0.0,0.0058823529411764705,0.0,0.0
21,1.0,0.0028427935184307776,0.01656371539693434,0.007747661476115135,0.004155962306869227,0.013866231647634585,0.006697990602819153,0.022988505747126436,0.00904977375565611,0.018224573780129337,0.006622516556291391,0.010526315789473684,0.052941176470588235,0.0,0.0
22,1.0,0.0013266369752676964,0.017067032715625714,0.0028763149859827343,0.0024113885773065853,0.006525285481239805,0.0017994601619514146,0.04597701149425287,0.0022624434389140274,0.00411522633744856,0.026490066225165563,0.03684210526315789,0.023529411764705882,0.0,0.0
23,0.0,0.006348905524495404,0.01477922672157401,0.00849362977766675,0.004006058193810511,0.010603588907014683,0.005598320503848845,0.0,0.004524886877828055,0.006172839506172839,0.0,0.010526315789473684,0.01764705882352941,0.0,0.0
24,1.0,0.0020847152468492372,0.034774651109585906,0.011900796624753657,0.006334741053567459,0.00570962479608483,0.008497450764770568,0.034482758620689655,0.0022624434389140274,0.003821281599059377,0.006622516556291391,0.03684210526315789,0.011764705882352941,0.0,0.0
25,0.0,0.006254145740547711,0.006771905742393045,0.10176048519166181,0.08233095726698957,0.09135399673735725,0.1481555533339998,0.09195402298850575,0.05882352941176471,0.0684891240446796,0.013245033112582781,0.05263157894736842,0.12941176470588234,0.0,0.0
26,0.0,0.04254714299251398,0.023793182338137726,0.06553765231631832,0.03457615904309485,0.048939641109298535,0.052584224732580225,0.06896551724137931,0.03619909502262444,0.03468547912992358,0.009933774834437087,0.03684210526315789,0.047058823529411764,0.0,0.0
27,0.0,0.5130294702928078,0.1665522763669641,0.6225990229550059,0.43618995435678215,0.9249592169657422,0.7468759372188343,0.40229885057471265,0.4909502262443439,0.24632569077013522,0.09602649006622517,0.35789473684210527,0.9058823529411765,0.0,0.0
28,0.0,0.007580782715815408,0.0018302447952413636,0.012816776306658895,0.003587360498715477,0.011419249592169658,0.007497750674797561,0.011494252873563218,0.015837104072398193,0.01969429747207525,0.009933774834437087,0.031578947368421054,0.011764705882352941,0.0,0.0
29,0.0,0.0973182981142803,0.03614733470601693,0.0947830793571488,0.04905224416795464,0.09624796084828711,0.09307207837648705,0.04597701149425287,0.029411764705882356,0.028218694885361554,0.006622516556291391,0.06842105263157895,0.058823529411764705,0.0,0.0
30,1.0,0.007296503363972329,0.04566460764127202,0.027135898076442667,0.015711501780757482,0.029363784665579123,0.011896431070678795,0.0,0.004524886877828055,0.027336860670194005,0.0033112582781456954,0.021052631578947368,0.041176470588235294,0.0,0.0
31,0.0,0.0012318771913200038,0.02470830473575841,0.004028228828378716,0.005820414872555657,0.008156606851549756,0.005698290512846146,0.022988505747126436,0.0022624434389140274,0.005878894767783657,0.0033112582781456954,0.0,0.0,0.0,0.3333333333333333
32,1.0,0.0,0.0073209791809654545,0.0012247758625475334,0.0,0.0016313213703099514,0.0006997900629811056,0.022988505747126436,0.0,0.0002939447383891831,0.0033112582781456954,0.005263157894736842,0.0,0.0,0.0
33,0.0,0.017625319814270825,0.14358270418668498,0.1689462070114081,0.092480499542534,0.1631321370309951,0.14405678296511049,0.04597701149425287,0.08144796380090498,0.0823045267489712,0.0033112582781456954,0.11052631578947368,0.08823529411764705,0.0,0.0
34,0.0,0.1855396569695821,0.11580873941889729,0.36369944763649487,0.18808055536889334,0.435562805872757,0.35669299210236927,0.3448275862068966,0.18325791855203621,0.08700764256319812,0.016556291390728478,0.17894736842105263,0.5647058823529412,0.0,0.0
35,0.0,0.015066805647683123,0.0,0.13096080717239847,0.15672216564921404,0.26590538336052205,0.19124262721183646,0.10344827586206896,0.06334841628959277,0.08024691358024691,0.023178807947019868,0.08421052631578947,0.18235294117647058,0.0,0.0
36,1.0,0.003221832654221548,0.032395332875772134,0.019225164459988342,0.011912207880821061,0.07177814029363784,0.026492052384284717,0.011494252873563218,0.0022624434389140274,0.017048794826572605,0.0033112582781456954,0.05263157894736842,0.07058823529411765,0.0,0.0
37,1.0,0.0003790391357907704,0.0076412720201326926,0.0,0.000589278237541159,0.006525285481239805,0.0,0.0,0.006787330316742082,0.008818342151675485,0.0,0.005263157894736842,0.011764705882352941,0.0,0.0
38,0.0,0.0013266369752676964,0.020315717227179137,0.005971216032420129,0.005750631923373153,0.011419249592169658,0.003498950314905528,0.0,0.004524886877828055,0.005878894767783657,0.0033112582781456954,0.005263157894736842,0.029411764705882353,0.0,0.0
39,0.0,0.00871790012318772,0.05783573552962709,0.19650192910872402,0.12506138314974388,0.19412724306688417,0.2471258622413276,0.05747126436781609,0.07918552036199096,0.0770135214579659,0.009933774834437087,0.09999999999999999,0.15294117647058825,0.0,0.0
40,0.0,0.22676016298682838,0.04072294669412034,0.18674882726843756,0.11339987697524515,0.5367047308319739,0.17894631610516845,0.14942528735632182,0.05882352941176471,0.1628453850676073,0.019867549668874173,0.11578947368421053,0.28823529411764703,0.0,0.0
41,0.0,0.015161565431630815,0.002562342713337909,0.11329350209565049,0.06676160593827052,0.08564437194127243,0.10986703988803358,0.16091954022988506,0.06561085972850679,0.030276308054085835,0.023178807947019868,0.10526315789473684,0.08235294117647059,0.0,0.0
42,0.0,1.0,0.8159688858384809,1.0,0.8477827114035678,0.6182707993474714,0.5331400579826052,1.0,0.2692307692307693,0.16196355085243974,0.11589403973509933,0.3631578947368421,0.7294117647058823,0.0,0.0
43,0.0,0.006254145740547711,0.004438343628460306,0.0511491381463902,0.04056198535074978,0.12887438825448613,0.10706787963610916,0.011494252873563218,0.05882352941176471,0.011169900058788948,0.0,0.015789473684210527,0.041176470588235294,0.5625,0.0
44,1.0,0.01705676111058467,0.05925417524593914,0.05234615704888,0.015928604289325278,0.04812398042414356,0.02339298210536839,0.0,0.01809954751131222,0.023809523809523808,0.013245033112582781,0.015789473684210527,0.01764705882352941,0.0,0.0
45,0.0,0.006254145740547711,0.031068405399222145,0.17617342548644072,0.041763802808892934,0.2520391517128875,0.09657102869139257,0.04597701149425287,0.03393665158371041,0.07583774250440917,0.006622516556291391,0.17368421052631577,0.11764705882352941,0.0,0.0
46,1.0,0.006348905524495404,0.035415236787920384,0.012976378826990868,0.00981871940534589,0.013866231647634585,0.01119664100769769,0.011494252873563218,0.00904977375565611,0.009994121105232217,0.0033112582781456954,0.015789473684210527,0.023529411764705882,0.0,0.0
47,0.0,0.05903534539941249,0.054770075497597805,0.46215338496127906,0.3603669032394796,0.7234910277324633,0.3858842347295811,0.14942528735632182,0.14705882352941177,0.1284538506760729,0.023178807947019868,0.21578947368421053,0.27058823529411763,0.0,0.0
48,0.0,0.05846678669572634,0.04754060855639442,0.08637619007966248,0.07079609422248873,0.24877650897226752,0.07127861641507548,0.11494252873563218,0.04524886877828055,0.03997648442092887,0.016556291390728478,0.05263157894736842,0.19411764705882353,0.0625,0.0
49,1.0,0.9586847341988061,0.8793411118737131,0.5261123601743137,0.6950976185922454,0.6027732463295269,0.5544336698990303,0.5172413793103449,0.3235294117647059,0.9999999999999999,1.0,1.0,0.611764705882353,0.0,0.0
50,0.0,0.16545058277267127,0.0971859986273164,0.2333839897854387,0.1777526788898825,0.333605220228385,0.3372988103568929,0.21839080459770116,0.18778280542986428,0.16490299823633156,0.046357615894039736,0.08421052631578947,0.45294117647058824,0.0,0.0
51,0.0,0.4001705676111058,0.19482955845344316,0.6367030282843423,0.5164997906511525,1.0,1.0,0.47126436781609193,1.0,0.2951205173427396,0.08940397350993377,0.37894736842105264,1.0,0.0,0.0
52,0.0,0.019141476357433906,0.03056508808053077,0.3087198490021373,0.19231922339331223,0.2952691680261012,0.20393881835449365,0.09195402298850575,0.13348416289592763,0.1540270429159318,0.016556291390728478,0.24210526315789474,0.21176470588235294,0.0,0.0
53,0.0,0.0061593859566000195,0.003614733470601693,0.042086490687539904,0.029239055707469874,0.08972267536704731,0.03578926322103369,0.022988505747126436,0.015837104072398193,0.040858318636096416,0.009933774834437087,0.05263157894736842,0.07058823529411765,0.0,0.0
54,0.0,0.013834928456363119,0.003065660032029284,0.12128750659227802,0.031048243278868175,0.10358890701468189,0.07047885634309707,0.011494252873563218,0.029411764705882356,0.08877131099353322,0.0033112582781456954,0.2263157894736842,0.11176470588235293,0.0,0.0
55,0.0,0.17331564484032977,0.045481583161747885,0.28375593305021235,0.18625327592178106,0.34828711256117456,0.40487853643906824,0.12643678160919541,0.21266968325791857,0.08700764256319812,0.016556291390728478,0.07894736842105263,0.34705882352941175,0.0,0.0
56,0.0,0.017625319814270825,0.002196293754289636,0.25800094373664195,0.15089916622298497,0.4453507340946167,0.19264220733779866,0.06896551724137931,0.08597285067873305,0.054379776601998824,0.016556291390728478,0.09473684210526316,0.15294117647058825,0.0,0.0
57,0.0,0.038756751634606276,0.005948295584534431,0.13264010325589143,0.04836475289082329,0.16802610114192496,0.11976407077876636,0.04597701149425287,0.0248868778280543,0.06466784244562022,0.006622516556291391,0.06315789473684211,0.07647058823529412,0.0,0.0
58,0.0,0.049275087652800156,0.0037520018302447953,0.11584367280095484,0.10537225326558357,0.13132137030995106,0.1348595421373588,0.04597701149425287,0.027149321266968326,0.03380364491475603,0.033112582781456956,0.06842105263157895,0.17058823529411765,0.0,0.0
59,0.0,0.05486591490571402,0.0077785403797757955,0.037506592278013715,0.022868130902474453,0.039967373572593806,0.028691392582225334,0.022988505747126436,0.004524886877828055,0.030864197530864196,0.0,0.015789473684210527,0.1,0.0,0.0
60,1.0,0.0020847152468492372,0.031388698238389384,0.023208288228273238,0.008492843370878283,0.03915171288743883,0.016095171448565433,0.022988505747126436,0.00904977375565611,0.0291005291005291,0.0,0.04736842105263158,0.029411764705882353,1.0,0.0
61,1.0,0.006633184876338481,0.023655913978494623,0.009503289199766842,0.004807269832572613,0.0,0.003998800359892033,0.0,0.006787330316742082,0.005291005291005291,0.0033112582781456954,0.042105263157894736,0.0058823529411764705,0.0,0.0
62,1.0,0.0007580782715815408,0.010661175932280944,0.003521664307325062,0.0015972541701773525,0.008972267536704732,0.0013995801259622112,0.011494252873563218,0.0,0.00823045267489712,0.0,0.005263157894736842,0.0,0.0,0.0
63,0.0,0.030512650431157022,0.00782429649965683,0.28117800538485027,0.24944819779072355,0.35889070146818924,0.28901329601119663,0.09195402298850575,0.08144796380090498,0.1437389770723104,0.016556291390728478,0.10526315789473684,0.4117647058823529,0.0,0.3333333333333333
64,0.0,0.0030323130863261637,0.017067032715625714,0.011085435923057708,0.007880304150276289,0.021207177814029365,0.012996101169649105,0.022988505747126436,0.006787330316742082,0.010875955320399765,0.0033112582781456954,0.0,0.03529411764705882,0.0,0.0
65,0.0,0.011181654505827726,0.0032944406314344542,0.03769742137841063,0.012542838977137039,0.052202283849918436,0.024592622213336,0.034482758620689655,0.0248868778280543,0.03262786596119929,0.006622516556291391,0.03684210526315789,0.10588235294117647,0.0,0.0
66,0.0,0.02729081777693547,0.0016472203157172271,0.01275779276653621,0.005192368329913108,0.022838499184339316,0.00739778066580026,0.0,0.004524886877828055,0.023221634332745444,0.0,0.04736842105263158,0.029411764705882353,0.1875,0.3333333333333333
