,f1,f2,f3,f4,f5,f6
0,0.029662909539949038,2.7312754588054223e-09,8.293594901820466e-05,0.8767979987492184,0.5555555555555556,0.8333333333333333
1,0.02897979559128768,4.94455039956154e-10,7.482711241865246e-05,0.8918073796122579,0.5555555555555556,0.8333333333333333
2,0.01736685846404456,2.590002590246521e-10,4.803715858975219e-05,0.9574734208880551,0.5555555555555556,0.8333333333333333
3,0.022621581146055024,1.4127286855890117e-10,7.780377395519694e-05,0.893370856785491,0.5555555555555556,0.8333333333333333
4,0.0,6.828188647013554e-11,4.855037609605296e-05,1.0,0.5555555555555556,0.8333333333333333
5,0.02367252568245711,6.710461256547804e-10,5.214289864015836e-05,0.9036898061288307,0.5555555555555556,0.8333333333333333
6,0.018338982160216503,7.652280380273813e-10,6.086759624727148e-05,0.9111944965603503,0.5555555555555556,0.8333333333333333
7,0.01736685846404456,3.767276494904031e-10,4.495785355194757e-05,0.91682301438399,0.5555555555555556,0.8333333333333333
8,0.018680539134547182,7.181370818410808e-10,5.214289864015836e-05,0.9183864915572234,0.5555555555555556,0.8333333333333333
9,0.01999421980504979,1.17727390465751e-10,6.24072487661738e-05,0.8746091307066918,0.5555555555555556,0.8333333333333333
10,0.043640471874096844,3.3199124111341773e-09,0.00025742990116046693,0.7070043777360852,0.5555555555555556,0.8333333333333333
11,0.03126559995796222,1.4268559724449018e-08,0.00018871007706679362,0.741400875547217,0.5555555555555556,0.8333333333333333
12,0.03139696802501248,3.767276494904031e-10,9.627960418202471e-05,0.7858036272670421,0.5555555555555556,0.8333333333333333
13,0.04437613304957832,6.3808245632437014e-09,0.00019738345292327666,0.7004377736085055,0.5555555555555556,0.8333333333333333
14,0.018680539134547182,6.121824304219049e-10,6.753942382918151e-05,0.7411507191994997,0.5555555555555556,0.8333333333333333
15,0.03680933238748326,4.379458925325936e-09,0.00011886117445925864,0.7814258911819889,0.5555555555555556,0.8333333333333333
16,0.022595307532644972,2.0249111160109168e-09,7.780377395519694e-05,0.8352095059412133,0.5555555555555556,0.8333333333333333
17,0.04605764430782166,4.22641331772046e-09,0.00023690120090843605,0.7104440275171984,0.5555555555555556,0.8333333333333333
18,0.03292083760279552,4.167549622487584e-09,9.663885643643526e-05,0.7958098811757349,0.5555555555555556,0.8333333333333333
19,0.03946296734189853,4.5819500369270276e-08,0.00017582831765864426,0.7223264540337713,0.5555555555555556,0.8333333333333333
20,0.6058957988492157,6.583315674844795e-08,0.0,0.7035647279549719,0.1111111111111111,0.16666666666666666
21,0.1524132313917133,4.826823009095789e-10,2.022076974825039e-06,0.811131957473421,0.611111111111111,0.0
22,0.13875095241848615,1.0595465141917589e-10,1.3343655163820052e-06,0.8176985616010007,0.611111111111111,0.3333333333333333
23,0.17238117758335306,4.94455039956154e-10,8.211480100812346e-07,0.8261413383364604,0.611111111111111,0.0
24,0.3825700848637713,1.5210378848175026e-08,2.8740180352843195e-06,0.7445278298936837,0.1111111111111111,0.16666666666666666
25,0.29034970179448777,5.8863695232875574e-12,7.390332090731105e-07,0.7551594746716699,0.8333333333333333,0.3333333333333333
26,0.1742203305220567,8.594099503999821e-10,6.67182758191003e-07,0.8167604752970608,0.16666666666666666,0.0
27,0.15136228685531122,3.531821713972528e-11,2.258157027723395e-06,0.8252032520325205,0.8333333333333333,0.3333333333333333
28,0.25882136570242503,8.240917332602566e-11,1.3343655163820052e-06,0.7664165103189494,0.8333333333333333,0.3333333333333333
29,0.13901368855258667,0.0,2.360800528983548e-06,0.8130081300813009,0.5,0.3333333333333333
30,0.9737263865899478,0.24016387645595005,0.005435794539735249,0.22576610381488432,0.0,1.0
31,0.7372638658994772,0.033952579316140666,0.0032289592626419325,0.241400875547217,0.3333333333333333,0.16666666666666666
32,0.3504111820498673,0.0013373830615090187,0.003690855018312627,0.31113195747342093,0.3333333333333333,0.16666666666666666
33,0.2039095136754158,8.711817476274334e-05,0.0014788875661563027,0.37773608505315825,0.7222222222222222,0.16666666666666666
34,0.1014424213762119,9.534976808602102e-07,0.0004575847286177677,0.5306441525953722,0.9444444444444444,0.3333333333333333
35,0.16061059877564965,1.024218878860796e-05,0.0009194804842884618,0.4484052532833021,0.7222222222222222,0.0
36,0.1265862694096319,1.6834075017478662e-06,0.0005704925800039374,0.4480925578486555,0.9444444444444444,0.3333333333333333
37,0.11668111715404222,1.5892255893752656e-06,0.0004986421291218293,0.4643527204502815,0.9444444444444444,0.3333333333333333
38,0.105015632799979,1.597466506707868e-06,0.0005633075349157266,0.5121951219512195,0.9444444444444444,0.3333333333333333
39,0.09584614171987074,9.640931460021277e-07,0.0005037743041848371,0.5300187617260789,0.9444444444444444,0.3333333333333333
40,0.049578308504768666,0.23545478083732002,0.00974682159266173,0.15603502188868043,0.5555555555555556,0.8333333333333333
41,0.037466172722734566,0.4002731274893713,0.011799691617864814,0.17886178861788618,0.5555555555555556,0.8333333333333333
42,0.034970179448779594,0.17659108560444453,0.04515882952741495,0.18449030644152598,0.5555555555555556,0.8333333333333333
43,0.03313102651007594,0.22956841131403247,0.008720386580060187,0.14696685428392747,0.5555555555555556,0.8333333333333333
44,0.028086492735345893,0.3296366932099208,0.012826126630466358,0.18511569731081928,0.5555555555555556,0.8333333333333333
45,0.043640471874096844,0.37672764939622116,0.014878996655669443,0.16635397123202003,0.5555555555555556,0.8333333333333333
46,0.04298363153884554,0.14480469017869177,0.023090476756481786,0.16072545340838024,0.5555555555555556,0.8333333333333333
47,0.04295735792543549,0.23545478083732002,0.04567204703371572,0.208880550343965,0.5555555555555556,0.8333333333333333
48,0.04429731220934816,0.21661839836279986,0.04310595950221186,0.16197623514696685,0.5555555555555556,0.8333333333333333
49,0.8357899161871732,0.2590002589304702,0.013339344136767128,0.18198874296435275,0.0,0.16666666666666666
50,0.0407503743989911,0.3178639541633457,0.7800862985501196,0.07879924953095685,0.5555555555555556,0.8333333333333333
51,0.0475815138856047,0.3331685149238933,0.646649746911919,0.13414634146341464,0.5555555555555556,0.8333333333333333
52,0.04978849741204908,0.3202185019726607,0.6071319989267596,0.08505315822388992,0.5555555555555556,0.8333333333333333
53,0.04755524027219465,0.6475006474674484,0.8457781393566183,0.12101313320825513,0.38888888888888884,0.8333333333333333
54,0.04495415254459947,0.36495491034964606,0.6794956673151683,0.12914321450906815,0.5555555555555556,0.8333333333333333
55,0.039699429862589,0.3096230368307431,0.6923261049726877,0.005315822388993086,0.5555555555555556,0.8333333333333333
56,0.04521688867869999,0.4273504272964941,0.8586085770141375,0.0,0.5555555555555556,0.8333333333333333
57,0.039699429862589,0.20484565931622478,0.6589669670631375,0.02001250781738584,0.5555555555555556,0.8333333333333333
58,0.047634061112424804,0.2460502459792376,0.49011840749018365,0.021263289555972453,0.5555555555555556,0.8333333333333333
59,0.04193268700244345,0.22956841131403247,0.7934299537139395,0.01751094434021261,0.5555555555555556,0.8333333333333333
60,0.03683560600089331,6.498551953709453e-09,2.4942370806217487e-05,0.8802376485303316,0.5555555555555556,0.8333333333333333
61,0.03922650482120806,6.945916037479307e-10,9.320029914422009e-05,0.902439024390244,0.5555555555555556,0.8333333333333333
62,0.027429652400094588,1.8836382474520158e-10,4.393141853934603e-05,0.8758599124452784,0.5555555555555556,0.8333333333333333
63,0.02354115761540685,3.0609121521095257e-10,4.280234002548433e-05,0.9030644152595374,0.5555555555555556,0.8333333333333333
64,0.026168518956412083,7.063643427945057e-11,5.5222203677963e-05,0.9634146341463417,0.5555555555555556,0.8333333333333333
65,0.0356270197840309,1.0595465141917587e-09,6.343368377877534e-05,0.9083802376485304,0.5555555555555556,0.8333333333333333
66,0.026431255090512605,2.8254573711780234e-10,4.341820103304525e-05,0.9462163852407756,0.5555555555555556,0.8333333333333333
67,0.02306823257402591,1.0595465141917587e-09,4.244308777107379e-05,0.8871169480925579,0.5555555555555556,0.8333333333333333
68,0.021938467197393667,3.2963669330410275e-10,5.6248638690564535e-05,0.9165103189493435,0.5555555555555556,0.8333333333333333
69,0.02448700769816873,7.534552989808062e-10,5.727507370316608e-05,0.9803001876172609,0.5555555555555556,0.8333333333333333
70,0.03694070045453352,2.4628570085435105e-08,0.00013579735216718411,0.7573483427141965,0.5555555555555556,0.8333333333333333
71,0.04382438716796722,2.580584399009261e-08,0.00019071162534136664,0.6891807379612258,0.5555555555555556,0.8333333333333333
72,0.03586348230472137,9.912646277216232e-09,8.806812408121236e-05,0.7854909318323953,0.5555555555555556,0.8333333333333333
73,0.03181734583957332,1.0265828448613485e-08,0.00017531510015234347,0.7460913070669168,0.5555555555555556,0.8333333333333333
74,0.042326791203594234,4.614913706257438e-09,0.00014503526728059797,0.7132582864290182,0.5555555555555556,0.8333333333333333
75,0.0326055542418749,1.083091992284909e-09,0.00017531510015234347,0.7404627892432771,0.5555555555555556,0.8333333333333333
76,0.02498620635295972,3.908549363462932e-09,0.00011886117445925864,0.7936210131332084,0.5555555555555556,0.8333333333333333
77,0.036861879614303365,1.6717289446136638e-09,0.00015324674738141032,0.7439024390243902,0.5555555555555556,0.8333333333333333
78,0.01791860434565567,6.121824304219049e-10,4.598428856454911e-05,0.7732958098811759,0.5555555555555556,0.8333333333333333
79,0.032027534746853735,1.4951378589150375e-09,7.831699146149771e-05,0.8098811757348343,0.5555555555555556,0.8333333333333333
80,0.13559811880927986,2.47227519978077e-10,1.8475830226827775e-06,0.8133208255159476,0.6666666666666666,0.3333333333333333
81,0.2268726517958015,7.063643427945057e-11,4.105740050406173e-07,0.7485928705440901,0.611111111111111,0.3333333333333333
82,0.18367883134967555,5.650914742356046e-10,5.645392569308489e-07,0.8036272670419013,0.8888888888888888,0.0
83,0.4009616142508079,1.0595465141917587e-09,3.387235541585091e-06,0.7620387742338963,0.1111111111111111,0.16666666666666666
84,0.31951341267964584,6.945916037479307e-10,2.566087531503857e-07,0.7532833020637899,0.1111111111111111,0.16666666666666666
85,0.20325267334016447,4.355913447232786e-10,1.2830437657519286e-06,0.8098811757348343,0.1111111111111111,0.0
86,0.26460156065263657,8.240917332602567e-10,4.105740050406173e-07,0.7520325203252034,0.1111111111111111,0.16666666666666666
87,0.2375397388402827,7.770007770739563e-10,1.539652518902316e-07,0.7226391494684179,0.1111111111111111,0.16666666666666666
88,0.30952943958382595,1.17727390465751e-10,2.6687310327640155e-07,0.7782989368355223,0.8888888888888888,0.3333333333333333
89,0.470849425921547,1.20081938275066e-09,2.4121222796136256e-06,0.7273295809881177,0.05555555555555555,0.16666666666666666
90,0.08830561467118575,6.94497421835558e-07,0.00046271690368077545,0.544402751719825,0.9444444444444444,0.3333333333333333
91,0.06796983789180527,1.8002872550022638e-07,0.0004396221158972407,0.576172607879925,1.0,0.6666666666666666
92,0.05617298547069179,9.997409998351573e-08,0.00040369689045618675,0.567479674796748,1.0,0.6666666666666666
93,0.07989805837996902,4.201926020503583e-07,0.000575624755066945,0.5222013758599126,0.7777777777777777,0.6666666666666666
94,0.18630619269068077,5.297723152767556e-05,0.0013454510145181021,0.41807379612257667,0.3333333333333333,0.0
95,0.24463361446099682,0.0007911279697479342,0.0035779471669264576,0.3008130081300813,0.3333333333333333,0.0
96,0.08336617535009591,7.415883780218585e-07,0.0004452675084665492,0.519074421513446,0.4444444444444444,0.6666666666666666
97,0.15188775912351227,9.323915142975104e-06,0.0006834004313901071,0.4490306441525954,0.9444444444444444,0.3333333333333333
98,0.26691363863272116,0.0008111416261271118,0.00359334369211548,0.3733583489681051,0.3333333333333333,0.0
99,0.8977430966080765,0.233100233028005,0.005230507537214941,0.23514696685428393,0.0,1.0
100,0.8239667901526497,0.2825457370236204,0.006154299048556329,0.16948092557848657,0.0,0.16666666666666666
101,1.0000000000000002,0.9571236843923735,0.007180734061157872,0.17792370231394622,0.0,1.0
102,0.5533485720291111,0.14951378579732183,0.01847151919977484,0.19262038774233897,0.0,1.0
103,0.3988597251780037,0.2766593675003328,0.04259274199591109,0.15728580362726705,0.0,1.0
104,0.24058747799584881,0.13185467722745917,0.006154299048556329,0.18792995622263914,0.0,1.0
105,0.3233230866241034,0.2719502718817028,0.02155082423757947,0.1813633520950594,0.0,1.0
106,0.5961745618874964,0.4273504272964941,0.03232839186989567,0.1904315196998124,0.0,1.0
107,0.28780116129371275,0.21661839836279986,0.01847151919977484,0.17448405253283303,0.0,1.0
108,0.5886865820656315,0.16717289436718447,0.02924908683209104,0.17761100687929957,0.0,1.0
109,0.827145897375266,0.4144004143452615,0.03438126189509875,0.191682301438399,0.0,1.0
110,0.03993589238327947,0.11772739037156905,0.6615330545946414,0.03814884302689181,0.5555555555555556,0.8333333333333333
111,0.04377183994114712,0.1483365118926643,0.5768521660550141,0.03470919324577859,0.5555555555555556,0.8333333333333333
112,0.04403457607524764,0.23545478083732002,0.8391063117747082,0.018449030644152598,0.5555555555555556,0.8333333333333333
113,0.03835947557867634,0.13774104675074672,0.7626369033358933,0.03126954346466537,0.5555555555555556,0.8333333333333333
114,0.04390320800819738,0.15540015532060936,0.781112733562721,0.03314571607254535,0.5555555555555556,0.8333333333333333
115,0.04240561204382439,0.170704716081157,0.6794956673151683,0.02782989368355221,0.5555555555555556,0.8333333333333333
116,0.05454402143926854,0.33199124101923577,0.7872713436383303,0.01657285803627262,0.5555555555555556,0.6666666666666666
117,0.04429731220934816,0.0871182688504738,0.44957422449242274,0.052220137585991255,0.5555555555555556,0.8333333333333333
118,0.12902971545676678,0.2695957240723878,0.7528857707161787,0.05784865540963102,0.5555555555555556,0.5
119,0.048369722287906265,0.23545478083732002,0.6794956673151683,0.03814884302689181,0.5555555555555556,0.8333333333333333
120,0.036362680959512374,4.120458666301284e-10,4.2494409521703864e-05,0.9093183239524705,0.5555555555555556,0.8333333333333333
121,0.04182759254880324,1.0006828189588834e-09,4.57790015620288e-05,0.9962476547842404,0.5555555555555556,0.8333333333333333
122,0.03360395155145688,5.415459961424544e-10,5.214289864015836e-05,0.9987492182614135,0.5555555555555556,0.8333333333333333
123,0.03171225138593311,8.240917332602566e-11,4.352084453430541e-05,0.9018136335209508,0.5555555555555556,0.8333333333333333
124,0.0413021202806022,6.592733866082054e-10,5.162968113385759e-05,0.9080675422138839,0.5555555555555556,0.8333333333333333
125,0.033787866845327245,8.005462551671066e-10,5.778829120946685e-05,0.986554096310194,0.5555555555555556,0.8333333333333333
126,0.026168518956412083,9.300463846794327e-10,4.352084453430541e-05,0.9005628517823641,0.5555555555555556,0.8333333333333333
127,0.024224271564068207,1.2950012951232608e-10,4.182722676351286e-05,0.895247029393371,0.5555555555555556,0.8333333333333333
128,0.024092903497017946,9.60655506200528e-10,3.582258193979384e-05,0.9843652282676674,0.5555555555555556,0.8333333333333333
129,0.02080870182076141,4.202867839627309e-10,3.962039148641954e-05,0.9383989993746092,0.5555555555555556,0.8333333333333333
130,0.030372297102020447,1.2950012951232608e-10,0.000248191986047053,0.712632895559725,0.5555555555555556,0.8333333333333333
131,0.04382438716796722,1.765910856986265e-10,0.00019071162534136664,0.6960600375234522,0.5555555555555556,0.8333333333333333
132,0.030503665169070708,9.324009324887477e-09,0.00015478639990031264,0.7220137585991245,0.5555555555555556,0.8333333333333333
133,0.0275872940805549,1.0148101058147732e-08,0.0001701829250893358,0.782989368355222,0.5555555555555556,0.8333333333333333
134,0.04211660229631382,9.65364601819158e-10,0.00031388382685355176,0.8176985616010007,0.5555555555555556,0.8333333333333333
135,0.034260791886708185,2.6135480683396713e-09,0.0003703377525466366,0.8339587242026267,0.5555555555555556,0.8333333333333333
136,0.03026720264838024,9.441736715353226e-09,0.00011886117445925864,0.7301438398999376,0.5555555555555556,0.8333333333333333
137,0.04358792464727674,1.20081938275066e-09,0.0002830907764755055,0.8186366479049407,0.5555555555555556,0.8333333333333333
138,0.036388954572922426,3.908549363462932e-09,0.0001701829250893358,0.7551594746716699,0.5555555555555556,0.8333333333333333
139,0.042090328682903765,1.4362741636821618e-09,0.000127072654560071,0.8208255159474673,0.5555555555555556,0.8333333333333333
140,0.3016473555608103,6.004096913753299e-10,7.236366838840876e-07,0.800187617260788,0.1111111111111111,0.16666666666666666
141,0.5013268174772076,1.6717289446136638e-09,1.4370090176421602e-06,0.7329580988117574,0.0,0.16666666666666666
142,0.4295998528677649,1.4362741636821618e-09,4.824244559227248e-07,0.7723577235772359,0.0,0.16666666666666666
143,0.3305483303118678,8.71182689446557e-10,6.77447108317018e-07,0.7454659161976236,0.1111111111111111,0.16666666666666666
144,0.2617114631775308,6.945916037479307e-10,2.9766615365444737e-07,0.7285803627267042,0.2222222222222222,0.16666666666666666
145,0.18352118966921524,2.3545478093150194e-10,2.0015482745730032e-07,0.8377110694183866,0.16666666666666666,0.0
146,0.2883003599485037,7.416825599342311e-10,5.388783816158102e-07,0.7739212007504692,0.16666666666666666,0.16666666666666666
147,0.3361183363547989,3.531821713972528e-11,2.6687310327640155e-07,0.7757973733583491,0.8888888888888888,0.3333333333333333
148,0.15196657996374244,7.063643427945057e-11,1.9502265239429325e-07,0.8358348968105067,0.611111111111111,0.0
149,0.2901920601140275,9.418191237260077e-10,8.006193098292038e-07,0.7238899312070045,0.1111111111111111,0.16666666666666666
150,0.7257034759990542,0.2213274939814299,0.0030852583608777166,0.24734208880550346,0.3333333333333333,0.16666666666666666
151,0.18407293555082632,4.4736314195072994e-05,0.001272060911117092,0.37648530331457164,0.2777777777777778,0.0
152,0.31846246814324375,0.0012855830097040883,0.0029441235466450047,0.3089430894308943,0.3333333333333333,0.0
153,0.3796799873886656,0.0015045559559703852,0.0029107644087354545,0.2689180737961226,0.3333333333333333,0.16666666666666666
154,0.6077349517879194,0.017070471523351977,0.0030339366102476394,0.24828017510944342,0.3333333333333333,0.16666666666666666
155,0.7031081684664092,0.019766428765017677,0.00328028101327201,0.24484052532833023,0.3333333333333333,0.16666666666666666
156,0.6358477181366754,0.01709401700144513,0.002813253082538308,0.2539086929330832,0.3333333333333333,0.16666666666666666
157,0.4776805654081606,0.005556732735801533,0.0034753036656663032,0.26641651031894936,0.3333333333333333,0.16666666666666666
158,0.2912167310370195,0.0011749192626662824,0.0031827696870748634,0.3295809881175735,0.3333333333333333,0.0
159,0.942198050497885,0.2388688751608268,0.0035163610661703647,0.23014383989993747,0.0,1.0
160,0.6161425080791362,0.2625320806444427,0.02924908683209104,0.1876172607879925,0.0,1.0
161,0.2529623499119834,0.295495749974853,0.01847151919977484,0.17745465916197622,0.0,1.0
162,0.28207351357032134,0.5321278048110125,0.04259274199591109,0.19699812382739212,0.0,1.0
163,0.10018128793252937,0.28843210654690793,0.04977778708412189,0.16541588492808007,0.0,1.0
164,0.18360001050944538,0.28136846311896285,0.01795830169347407,0.1432145090681676,0.0,1.0
165,0.14037991644990938,0.15422288141595186,0.012312909124165586,0.14696685428392747,0.0,1.0
166,0.4725046635663803,0.17894563341375955,0.03746056693290338,0.19480925578486555,0.0,1.0
167,0.6419694700612175,0.233100233028005,0.020011171718677157,0.1904315196998124,0.0,1.0
168,0.4057696855048475,0.40368722181287814,0.015392214161970215,0.1823014383989994,0.0,1.0
169,0.19531804209032871,0.49977631791102406,0.012312909124165586,0.1854283927454659,0.0,1.0
170,0.04285226347179528,0.37672764939622116,0.7595575982980887,0.1357098186366479,0.5555555555555556,0.8333333333333333
171,0.041013110533091625,0.16246379874855443,0.7287645479200424,0.11694809255784866,0.5555555555555556,0.8333333333333333
172,0.061690444286802766,0.7416825598400492,0.6748767097584614,0.08505315822388992,0.38888888888888884,0.6666666666666666
173,0.632169412259268,0.37201855377759113,0.8616878820519421,0.08818011257035646,0.0,0.16666666666666666
174,0.043640471874096844,0.2825457370236204,0.610724521470865,0.12601626016260165,0.5555555555555556,0.8333333333333333
175,0.04400830246183759,0.170704716081157,0.797022476258045,0.1316447779862414,0.5555555555555556,0.8333333333333333
176,0.42198050497884976,0.23545478083732002,0.5363079830572531,0.11319574734208876,0.0,1.0
177,0.23806521110848375,0.20013656369759472,0.9130096326820193,0.06316447779862411,0.3333333333333333,0.16666666666666666
178,0.26696618585954124,0.14127286846471926,0.3638155791895638,0.1275797373358349,0.3333333333333333,0.16666666666666666
179,0.592496256010089,0.29254079247416265,0.5822409498711721,0.11507191994996874,0.3333333333333333,0.16666666666666666
180,0.023436063161766642,1.7776835960328395e-10,4.264837477359409e-05,0.8796122576610383,0.5555555555555556,0.8333333333333333
181,0.025616773074800987,6.486779214662879e-10,5.5222203677963e-05,0.9477798624140089,0.5555555555555556,0.8333333333333333
182,0.038884947846877384,1.942501942684891e-10,6.0354378740970706e-05,0.9218261413383365,0.5555555555555556,0.8333333333333333
183,0.03360395155145688,4.3794589253259363e-10,4.634354081895965e-05,0.9149468417761102,0.5555555555555556,0.8333333333333333
184,0.03977825070281916,6.369051824197127e-10,3.536068618412314e-05,0.9068167604752971,0.5555555555555556,0.8333333333333333
185,0.02495993273954967,3.2021850206684264e-10,4.562503631013857e-05,0.9021263289555974,0.5555555555555556,0.8333333333333333
186,0.027035548198943805,4.4854135767451115e-10,5.6761856196865306e-05,0.9183864915572234,0.5555555555555556,0.8333333333333333
187,0.04059273271853079,5.54496009093687e-10,4.69080800758905e-05,0.8939962476547845,0.5555555555555556,0.8333333333333333
188,0.022043561651033876,9.053236326816249e-10,5.3169333652759906e-05,0.9809255784865543,0.5555555555555556,0.8333333333333333
189,0.041617403641522825,1.032469214384636e-09,6.189403125987303e-05,0.8839899937460914,0.5555555555555556,0.8333333333333333
190,0.04001471322350964,6.1453697823122e-09,7.164516387958768e-05,0.7313946216385242,0.5555555555555556,0.8333333333333333
191,0.034628622474448915,2.7312754588054223e-09,0.00023176902584542836,0.7082551594746718,0.5555555555555556,0.8333333333333333
192,0.027718662147605162,8.382190201161469e-09,0.0001393898747112895,0.7933083176985617,0.5555555555555556,0.8333333333333333
193,0.03344630987099657,1.7894563350794148e-09,0.0001896851903287651,0.7746716697936211,0.5555555555555556,0.8333333333333333
194,0.041617403641522825,6.263097172777952e-09,0.00015940535745701957,0.761413383364603,0.5555555555555556,0.8333333333333333
195,0.04358792464727674,3.0844576302026757e-09,0.00033954470216859036,0.8000938086303941,0.5555555555555556,0.8333333333333333
196,0.0316071569322929,1.459819641775312e-09,0.00012809908957267253,0.8142589118198875,0.5555555555555556,0.8333333333333333
197,0.040908016079451416,1.3774104684492865e-09,0.0001681300550641327,0.8398999374609132,0.5555555555555556,0.8333333333333333
198,0.036388954572922426,7.558098467901212e-09,0.0002374144184147368,0.7723577235772359,0.5555555555555556,0.8333333333333333
199,0.040040986836919694,3.0844576302026757e-09,0.0003421107897000942,0.8347717323327081,0.5555555555555556,0.8333333333333333
200,0.39018943275268647,1.5540015541479128e-09,1.8989047733128542e-06,0.7751719824890557,0.0,0.16666666666666666
201,0.36102572186752846,1.342092251309561e-09,1.5396525189023143e-06,0.7454659161976236,0.0,0.16666666666666666
202,0.34268673970731195,1.2950012951232607e-09,1.4883307682722368e-06,0.7551594746716699,0.0,0.16666666666666666
203,0.2995454664880061,1.1890466437040849e-09,1.6422960201624684e-06,0.7761100687929957,0.0,0.16666666666666666
204,0.4309135335382675,1.4833651198684624e-09,2.0528700252030858e-06,0.7235772357723578,0.0,0.16666666666666666
205,0.4724258427261502,1.7423653788931144e-09,2.9766615365444745e-06,0.7273295809881177,0.0,0.16666666666666666
206,0.5801476577073645,1.7776835960328396e-09,2.2068352770933165e-06,0.7026266416510321,0.0,0.16666666666666666
207,0.555765744462836,1.459819641775312e-09,1.0264350126015429e-06,0.6910569105691058,0.0,0.16666666666666666
208,0.4198786159060456,1.2125921217972351e-09,1.129078513861697e-06,0.7373358348968106,0.0,0.16666666666666666
209,0.45771261921652084,1.3774104684492865e-09,8.108836599552188e-07,0.7360850531582239,0.0,0.16666666666666666
210,0.5362707233125772,0.014657060018804083,0.003259752313019979,0.2579737335834897,0.3333333333333333,0.16666666666666666
211,0.21210688105935213,0.0006498551011890329,0.00300109068984439,0.37313946216385246,0.3333333333333333,0.0
212,0.292950789522083,0.0009276917426882052,0.003070888270701295,0.36898061288305195,0.3333333333333333,0.0
213,0.5273902419799795,0.007944244214446963,0.0034034532147841946,0.29299562226391496,0.3333333333333333,0.16666666666666666
214,0.8473503060875963,0.23333568780893651,0.003275148838209002,0.22983114446529082,0.0,1.0
215,0.8018969548882058,0.20461020453529327,0.003196626559744984,0.23639774859287055,0.0,1.0
216,0.19392554057959593,3.414084905315541e-05,0.0009759344099815466,0.41138211382113826,0.3333333333333333,0.0
217,0.45876356375292293,0.012855830944678093,0.0030903905359407247,0.2764227642276423,0.3333333333333333,0.16666666666666666
218,0.39938519744620476,0.0010395327636306688,0.0028969075360653334,0.2901813633520951,0.3333333333333333,0.16666666666666666
219,0.16581277423083998,1.0889689436169592e-05,0.0009861987601075622,0.3420888055034397,0.9444444444444444,0.3333333333333333
220,0.5711620819211266,0.2875962420746011,0.01795830169347407,0.17667292057535963,0.0,1.0
221,0.2840177609626652,0.3914671186825332,0.03900021945180569,0.15322076297686055,0.0,1.0
222,0.19558077822442924,0.4037343127690644,0.05029100459042266,0.15447154471544713,0.0,1.0
223,0.5649089619295342,0.6327023144859035,0.04156630698330955,0.1858974358974359,0.0,1.0
224,0.39011061191245633,0.29046879040196544,0.03181517436359489,0.17417135709818637,0.0,1.0
225,0.44126533722182815,0.26462762819473307,0.023603694262782554,0.1397748592870544,0.0,1.0
226,0.20895404745014587,0.6991829718819131,0.041053089477008774,0.14565353345841153,0.0,1.0
227,0.23622605816978012,0.9229003319839797,0.012826126630466358,0.1781113195747342,0.0,1.0
228,0.5558445653030661,0.4094794094237931,0.044132394514813406,0.18808630393996248,0.0,1.0
229,0.5201912719056252,0.8816486543647806,0.04721169955261803,0.1430268918073796,0.0,1.0
230,0.5834318593836211,0.45088766447231166,0.7667426433862995,0.09631019387116946,0.3333333333333333,0.16666666666666666
231,0.9536007987178478,0.3211956393135264,0.695918627516793,0.08223889931207007,0.0,1.0
232,0.8026588896770973,0.7633797179028872,1.0,0.03377110694183866,0.0,1.0
233,0.677859225979349,0.9999999999999999,0.6425440068615128,0.13539712320200126,0.3333333333333333,0.16666666666666666
234,0.5245526917316938,0.8811777448029176,0.5799314710928187,0.13289555972482803,0.3333333333333333,0.16666666666666666
235,0.9721499697853445,0.44127757758859243,0.695918627516793,0.062226391494684175,0.0,1.0
236,0.7593074275505111,0.9818958818941768,0.612777391496068,0.04033771106941836,0.0,1.0
237,0.18102519639526027,0.632776482741897,0.7303042004389447,0.03721075672295182,0.611111111111111,0.0
238,0.19169228343974148,0.47672529485783005,0.5706935559794049,0.02157598499061908,0.611111111111111,0.0
239,0.9443524867975093,0.3471816062110316,0.9150625027072223,0.12883051907442153,0.0,1.0
