,f1,f2,f3,f4,f5,f6,f7
0,0.4426229508196722,0.5106382978723404,0.20512820512820512,0.037037037037037035,0.5185185185185185,0.0,0.0
1,0.27868852459016397,0.2978723404255319,0.15384615384615385,0.07407407407407407,0.1111111111111111,0.0,0.0
2,0.8360655737704918,0.0,0.1282051282051282,0.14814814814814814,0.8148148148148148,0.0,0.0
3,0.45901639344262296,0.0,0.28205128205128205,0.6296296296296295,0.18518518518518517,0.0,0.0
4,0.6229508196721312,0.14893617021276595,0.28205128205128205,0.5555555555555556,0.3333333333333333,0.0,0.0
5,0.5573770491803279,0.425531914893617,0.3076923076923077,0.2222222222222222,0.4074074074074074,0.0,0.0
6,0.5081967213114754,0.44680851063829785,0.3076923076923077,0.48148148148148145,0.0,0.0,0.0
7,0.39344262295081966,0.5744680851063829,0.1282051282051282,0.7037037037037037,0.5925925925925926,0.0,0.0
8,0.26229508196721313,0.2765957446808511,0.07692307692307693,0.7777777777777777,0.25925925925925924,0.0,0.0
9,0.6557377049180328,0.2978723404255319,0.1794871794871795,0.4444444444444444,0.8518518518518519,0.0,0.0
10,0.49180327868852464,0.5106382978723404,0.15384615384615385,0.9259259259259258,0.37037037037037035,0.0,0.0
11,0.5081967213114754,0.14893617021276595,0.28205128205128205,0.7407407407407407,0.8888888888888888,0.0,0.0
12,0.3442622950819672,0.48936170212765956,0.15384615384615385,0.2962962962962963,0.9629629629629629,0.0,0.0
13,0.39344262295081966,0.5744680851063829,0.20512820512820512,1.0,0.6666666666666666,0.0,0.0
14,0.4426229508196722,0.44680851063829785,0.07692307692307693,0.0,0.18518518518518517,0.0,0.0625
15,0.39344262295081966,0.2978723404255319,0.5641025641025641,0.6666666666666666,0.25925925925925924,0.0,0.0625
16,0.5573770491803279,0.5744680851063829,0.20512820512820512,0.3333333333333333,0.8518518518518519,0.0,0.0625
17,0.5081967213114754,0.36170212765957444,0.3076923076923077,0.48148148148148145,0.37037037037037035,0.0,0.0625
18,0.39344262295081966,0.40425531914893614,0.10256410256410256,0.4074074074074074,0.4444444444444444,0.0,0.0625
19,0.1639344262295082,0.5106382978723404,0.3076923076923077,0.5925925925925926,0.5185185185185185,0.0,0.0625
20,0.6229508196721312,0.14893617021276595,0.0,0.07407407407407407,0.5555555555555556,0.0,0.0625
21,0.5573770491803279,0.7446808510638298,0.23076923076923075,0.6296296296296295,0.2962962962962963,0.0,0.0625
22,0.6229508196721312,0.5106382978723404,0.358974358974359,0.14814814814814814,0.7037037037037037,0.0,0.0625
23,0.6065573770491803,0.8936170212765957,0.15384615384615385,1.0,0.7407407407407407,0.0,0.0625
24,0.39344262295081966,0.7234042553191489,0.358974358974359,0.8888888888888888,0.7777777777777777,0.0,0.0625
25,0.6721311475409837,0.2127659574468085,0.5128205128205128,0.1111111111111111,0.8148148148148148,0.0,0.0625
26,0.3278688524590164,0.3404255319148936,0.3846153846153846,0.9259259259259258,0.9629629629629629,0.0,0.0625
27,0.22950819672131148,0.5957446808510638,0.3333333333333333,0.037037037037037035,0.2222222222222222,0.0,0.0625
28,0.21311475409836067,0.19148936170212766,0.3846153846153846,0.37037037037037035,0.0,0.0,0.125
29,0.6721311475409837,1.0,0.1794871794871795,0.3333333333333333,0.037037037037037035,0.0,0.125
30,0.7704918032786886,0.5744680851063829,0.358974358974359,0.07407407407407407,0.25925925925925924,0.0,0.125
31,0.6721311475409837,0.8085106382978723,0.5128205128205128,0.48148148148148145,0.2962962962962963,0.0,0.125
32,0.3442622950819672,0.1276595744680851,0.1282051282051282,0.8518518518518519,0.4074074074074074,0.0,0.125
33,0.5081967213114754,0.44680851063829785,0.3333333333333333,0.2222222222222222,0.4444444444444444,0.0,0.125
34,0.22950819672131148,0.5744680851063829,0.4358974358974359,0.5555555555555556,0.8148148148148148,0.0,0.125
35,0.1639344262295082,0.425531914893617,0.1282051282051282,0.6296296296296295,0.9629629629629629,0.0,0.125
36,0.5409836065573771,0.851063829787234,0.20512820512820512,0.5185185185185185,0.7037037037037037,0.0,0.125
37,0.5737704918032788,0.14893617021276595,0.3846153846153846,0.6666666666666666,0.7777777777777777,0.0,0.125
38,0.45901639344262296,0.8085106382978723,0.07692307692307693,0.7407407407407407,0.9259259259259258,0.0,0.125
39,0.04918032786885246,0.5106382978723404,0.1794871794871795,0.5925925925925926,0.8888888888888888,0.0,0.125
40,0.49180327868852464,0.14893617021276595,0.23076923076923075,1.0,0.18518518518518517,0.0,0.125
41,0.3442622950819672,0.2978723404255319,0.20512820512820512,0.1111111111111111,0.14814814814814814,0.0,0.125
42,0.3770491803278689,0.44680851063829785,0.358974358974359,0.2962962962962963,0.0,0.0,0.1875
43,0.3442622950819672,0.36170212765957444,0.2564102564102564,0.1111111111111111,0.4074074074074074,0.0,0.1875
44,0.26229508196721313,0.2765957446808511,0.28205128205128205,0.14814814814814814,0.2222222222222222,0.0,0.1875
45,0.1639344262295082,0.36170212765957444,0.15384615384615385,0.7037037037037037,0.37037037037037035,0.0,0.1875
46,0.19672131147540983,0.2765957446808511,0.2564102564102564,0.9259259259259258,0.48148148148148145,0.0,0.1875
47,0.639344262295082,0.14893617021276595,0.358974358974359,0.3333333333333333,0.5185185185185185,0.0,0.1875
48,0.5081967213114754,0.2127659574468085,0.358974358974359,0.037037037037037035,0.5925925925925926,0.0,0.1875
49,0.49180327868852464,0.2765957446808511,0.358974358974359,0.6666666666666666,0.18518518518518517,0.0,0.1875
50,0.04918032786885246,0.48936170212765956,0.1282051282051282,0.25925925925925924,0.8148148148148148,0.0,0.1875
51,0.21311475409836067,0.5106382978723404,0.20512820512820512,0.7777777777777777,0.8518518518518519,0.0,0.1875
52,0.3278688524590164,0.5106382978723404,0.05128205128205128,0.4444444444444444,0.8888888888888888,0.0,0.1875
53,0.27868852459016397,0.06382978723404255,0.41025641025641024,0.5555555555555556,0.9629629629629629,0.0,0.1875
54,0.26229508196721313,0.2978723404255319,0.07692307692307693,1.0,0.6296296296296295,0.0,0.1875
55,0.4426229508196722,0.2765957446808511,0.1794871794871795,0.07407407407407407,0.7407407407407407,0.0,0.1875
56,0.42622950819672134,0.2978723404255319,0.5384615384615384,0.48148148148148145,0.0,0.0,0.25
57,0.22950819672131148,0.7872340425531915,0.0,0.037037037037037035,0.37037037037037035,0.0,0.25
58,0.5737704918032788,0.8936170212765957,0.23076923076923075,0.07407407407407407,0.9629629629629629,0.0,0.25
59,0.42622950819672134,0.3404255319148936,0.20512820512820512,0.1111111111111111,0.8148148148148148,0.0,0.25
60,0.1639344262295082,0.2765957446808511,0.1794871794871795,0.14814814814814814,0.5185185185185185,0.0,0.25
61,0.5081967213114754,0.2765957446808511,0.358974358974359,0.2962962962962963,0.18518518518518517,0.0,0.25
62,0.39344262295081966,0.36170212765957444,0.6153846153846154,0.5555555555555556,0.25925925925925924,0.0,0.25
63,0.21311475409836067,0.48936170212765956,0.20512820512820512,0.3333333333333333,0.5925925925925926,0.0,0.25
64,0.26229508196721313,0.425531914893617,0.358974358974359,0.8888888888888888,0.4074074074074074,0.0,0.25
65,0.39344262295081966,0.425531914893617,0.20512820512820512,0.9259259259259258,0.6296296296296295,0.0,0.25
66,0.3442622950819672,0.40425531914893614,0.15384615384615385,0.7407407407407407,0.6666666666666666,0.0,0.25
67,0.49180327868852464,0.5957446808510638,0.48717948717948717,1.0,0.7777777777777777,0.0,0.25
68,0.26229508196721313,0.2127659574468085,0.358974358974359,0.2222222222222222,0.8518518518518519,0.0,0.25
69,0.11475409836065574,0.2978723404255319,0.15384615384615385,0.7037037037037037,0.4444444444444444,0.0,0.25
70,0.26229508196721313,0.36170212765957444,0.3076923076923077,0.9629629629629629,0.25925925925925924,0.0,0.3125
71,0.42622950819672134,0.2978723404255319,0.3333333333333333,0.5555555555555556,0.2962962962962963,0.0,0.3125
72,0.45901639344262296,0.7021276595744681,0.358974358974359,0.07407407407407407,0.3333333333333333,0.0,0.3125
73,0.22950819672131148,0.06382978723404255,0.2564102564102564,0.2222222222222222,0.37037037037037035,0.0,0.3125
74,0.3278688524590164,0.2978723404255319,0.15384615384615385,0.4444444444444444,0.4074074074074074,0.0,0.3125
75,0.21311475409836067,0.425531914893617,0.3846153846153846,0.1111111111111111,0.5185185185185185,0.0,0.3125
76,0.26229508196721313,0.3191489361702128,0.1282051282051282,0.0,0.5925925925925926,0.0,0.3125
77,0.4754098360655738,0.2978723404255319,0.28205128205128205,0.6296296296296295,0.7037037037037037,0.0,0.3125
78,0.27868852459016397,0.10638297872340426,0.1794871794871795,0.7407407407407407,0.7777777777777777,0.0,0.3125
79,0.11475409836065574,0.36170212765957444,0.4615384615384615,0.14814814814814814,0.8148148148148148,0.0,0.3125
80,0.5081967213114754,0.2978723404255319,0.717948717948718,0.9259259259259258,0.18518518518518517,0.0,0.3125
81,0.26229508196721313,0.36170212765957444,0.0,0.8518518518518519,0.8888888888888888,0.0,0.3125
82,0.3278688524590164,0.36170212765957444,0.15384615384615385,0.6666666666666666,1.0,0.0,0.3125
83,0.3278688524590164,0.48936170212765956,0.1794871794871795,0.48148148148148145,0.037037037037037035,0.0,0.3125
84,0.5573770491803279,0.425531914893617,0.10256410256410256,0.7777777777777777,0.0,0.0,0.375
85,0.5901639344262295,0.5957446808510638,0.4615384615384615,0.4074074074074074,0.18518518518518517,0.0,0.375
86,0.3442622950819672,0.5106382978723404,0.15384615384615385,0.8888888888888888,0.2222222222222222,0.0,0.375
87,0.3770491803278689,0.425531914893617,0.15384615384615385,0.5185185185185185,0.2962962962962963,0.0,0.375
88,0.19672131147540983,0.48936170212765956,0.3333333333333333,0.1111111111111111,0.37037037037037035,0.0,0.375
89,0.1639344262295082,0.14893617021276595,0.3333333333333333,0.7407407407407407,0.4444444444444444,0.0,0.375
90,0.3278688524590164,0.14893617021276595,0.3846153846153846,0.5555555555555556,0.25925925925925924,0.0,0.375
91,0.6065573770491803,0.425531914893617,0.5641025641025641,0.9259259259259258,0.5925925925925926,0.0,0.375
92,0.3442622950819672,0.851063829787234,0.358974358974359,0.48148148148148145,0.6296296296296295,0.0,0.375
93,0.3278688524590164,0.2765957446808511,0.20512820512820512,0.6666666666666666,0.8518518518518519,0.0,0.375
94,0.5573770491803279,0.06382978723404255,0.358974358974359,0.037037037037037035,0.7037037037037037,0.0,0.375
95,0.4426229508196722,0.0,0.5128205128205128,0.3333333333333333,0.8148148148148148,0.0,0.375
96,0.5245901639344263,0.5957446808510638,0.41025641025641024,1.0,0.9629629629629629,0.0,0.375
97,0.4426229508196722,0.14893617021276595,0.05128205128205128,0.14814814814814814,0.07407407407407407,0.0,0.375
98,0.3278688524590164,0.2765957446808511,0.358974358974359,0.6296296296296295,0.0,0.0,0.4375
99,0.3770491803278689,0.425531914893617,0.3333333333333333,0.2962962962962963,0.25925925925925924,0.0,0.4375
100,0.45901639344262296,0.36170212765957444,0.1282051282051282,0.14814814814814814,0.3333333333333333,0.0,0.4375
101,0.3770491803278689,0.36170212765957444,0.10256410256410256,0.8148148148148148,0.4074074074074074,0.0,0.4375
102,0.3278688524590164,0.2127659574468085,0.1282051282051282,0.07407407407407407,0.48148148148148145,0.0,0.4375
103,0.5081967213114754,0.36170212765957444,0.20512820512820512,0.037037037037037035,0.5185185185185185,0.0,0.4375
104,0.3278688524590164,0.48936170212765956,0.3076923076923077,0.37037037037037035,0.5925925925925926,0.0,0.4375
105,0.39344262295081966,0.5957446808510638,0.15384615384615385,0.2222222222222222,0.7407407407407407,0.0,0.4375
106,0.3114754098360656,0.2127659574468085,0.20512820512820512,0.7777777777777777,0.18518518518518517,0.0,0.4375
107,0.1639344262295082,0.14893617021276595,0.3076923076923077,0.8888888888888888,0.8518518518518519,0.0,0.4375
108,0.3770491803278689,0.2127659574468085,0.4358974358974359,0.9259259259259258,0.7037037037037037,0.0,0.4375
109,0.9180327868852459,0.48936170212765956,0.3333333333333333,0.1111111111111111,0.9629629629629629,0.0,0.4375
110,0.39344262295081966,0.7872340425531915,0.10256410256410256,1.0,0.4444444444444444,0.0,0.4375
111,0.39344262295081966,0.2978723404255319,0.10256410256410256,0.6666666666666666,0.5555555555555556,0.0,0.4375
112,0.45901639344262296,0.6382978723404256,0.15384615384615385,0.037037037037037035,0.0,0.0,0.5
113,0.21311475409836067,0.2978723404255319,0.15384615384615385,0.07407407407407407,0.2962962962962963,0.0,0.5
114,0.11475409836065574,0.5957446808510638,0.07692307692307693,0.1111111111111111,0.4444444444444444,0.0,0.5
115,0.6885245901639344,0.6595744680851063,0.15384615384615385,0.14814814814814814,0.9629629629629629,0.0,0.5
116,0.5737704918032788,0.6595744680851063,0.5128205128205128,0.3333333333333333,0.25925925925925924,0.0,0.5
117,0.3114754098360656,0.2765957446808511,0.15384615384615385,0.5185185185185185,0.37037037037037035,0.0,0.5
118,0.3770491803278689,0.44680851063829785,0.23076923076923075,0.5555555555555556,0.48148148148148145,0.0,0.5
119,0.3278688524590164,0.2765957446808511,0.15384615384615385,0.6666666666666666,0.7777777777777777,0.0,0.5
120,0.42622950819672134,0.5744680851063829,0.3846153846153846,0.5925925925925926,0.7037037037037037,0.0,0.5
121,0.27868852459016397,0.425531914893617,0.20512820512820512,0.7407407407407407,0.8518518518518519,0.0,0.5
122,0.5573770491803279,0.14893617021276595,0.3846153846153846,0.2222222222222222,0.8148148148148148,0.0,0.5
123,0.3278688524590164,0.2127659574468085,0.1282051282051282,0.4074074074074074,0.8888888888888888,0.0,0.5
124,0.04918032786885246,0.2765957446808511,0.717948717948718,1.0,0.18518518518518517,0.0,0.5
125,0.5081967213114754,0.2765957446808511,0.3076923076923077,0.9259259259259258,0.6296296296296295,0.0,0.5
126,0.7377049180327869,0.06382978723404255,0.5384615384615384,0.9259259259259258,0.0,0.0,0.5625
127,0.3278688524590164,0.0,0.1794871794871795,0.07407407407407407,0.8148148148148148,0.0,0.5625
128,0.27868852459016397,0.14893617021276595,0.1282051282051282,0.14814814814814814,0.8888888888888888,0.0,0.5625
129,0.39344262295081966,0.425531914893617,0.358974358974359,0.7777777777777777,0.18518518518518517,0.0,0.5625
130,0.21311475409836067,0.3404255319148936,0.0,0.4074074074074074,0.2222222222222222,0.0,0.5625
131,0.36065573770491804,0.6595744680851063,0.07692307692307693,0.2962962962962963,0.25925925925925924,0.0,0.5625
132,0.49180327868852464,0.14893617021276595,0.3333333333333333,0.037037037037037035,0.37037037037037035,0.0,0.5625
133,0.5081967213114754,0.48936170212765956,0.15384615384615385,0.5185185185185185,0.7037037037037037,0.0,0.5625
134,0.39344262295081966,0.2127659574468085,0.28205128205128205,0.5555555555555556,0.9629629629629629,0.0,0.5625
135,0.45901639344262296,0.5106382978723404,0.1282051282051282,0.6296296296296295,0.5925925925925926,0.0,0.5625
136,0.5081967213114754,0.2127659574468085,0.1282051282051282,0.48148148148148145,0.6666666666666666,0.0,0.5625
137,0.04918032786885246,0.2127659574468085,0.2564102564102564,0.7407407407407407,1.0,0.0,0.5625
138,0.19672131147540983,0.2978723404255319,0.1282051282051282,0.4444444444444444,0.8518518518518519,0.0,0.5625
139,0.42622950819672134,0.5106382978723404,0.3076923076923077,0.3333333333333333,0.1111111111111111,0.0,0.5625
140,0.39344262295081966,0.7021276595744681,0.3076923076923077,0.037037037037037035,0.5925925925925926,0.0,0.625
141,0.6885245901639344,0.14893617021276595,0.358974358974359,0.1111111111111111,0.25925925925925924,0.0,0.625
142,0.27868852459016397,0.44680851063829785,0.5128205128205128,0.9259259259259258,0.2962962962962963,0.0,0.625
143,0.1639344262295082,0.2127659574468085,0.358974358974359,0.14814814814814814,0.4074074074074074,0.0,0.625
144,0.3770491803278689,0.14893617021276595,0.2564102564102564,0.3333333333333333,0.4444444444444444,0.0,0.625
145,0.27868852459016397,0.2978723404255319,0.3333333333333333,0.5185185185185185,0.18518518518518517,0.0,0.625
146,0.14754098360655737,0.2127659574468085,0.05128205128205128,0.5555555555555556,0.7407407407407407,0.0,0.625
147,0.42622950819672134,0.36170212765957444,0.15384615384615385,0.6296296296296295,0.0,0.0,0.625
148,0.6065573770491803,0.2978723404255319,0.5384615384615384,0.48148148148148145,0.7777777777777777,0.0,0.625
149,0.3278688524590164,0.36170212765957444,0.1282051282051282,0.8148148148148148,0.8518518518518519,0.0,0.625
150,0.24590163934426232,0.06382978723404255,0.4615384615384615,0.6666666666666666,0.8888888888888888,0.0,0.625
151,0.5081967213114754,0.6808510638297872,0.5128205128205128,0.07407407407407407,0.9629629629629629,0.0,0.625
152,0.4426229508196722,0.2127659574468085,0.3076923076923077,0.37037037037037035,0.7037037037037037,0.0,0.625
153,0.1639344262295082,0.2978723404255319,0.1282051282051282,1.0,0.2222222222222222,0.0,0.625
154,0.1639344262295082,0.2765957446808511,0.3076923076923077,0.14814814814814814,0.25925925925925924,0.0,0.6875
155,0.4426229508196722,0.0,0.3076923076923077,0.7407407407407407,0.18518518518518517,0.0,0.6875
156,0.4426229508196722,0.14893617021276595,0.10256410256410256,0.7037037037037037,0.0,0.0,0.6875
157,0.22950819672131148,0.8085106382978723,0.0,0.07407407407407407,1.0,0.0,0.6875
158,0.39344262295081966,0.14893617021276595,0.15384615384615385,0.037037037037037035,0.1111111111111111,0.0,0.6875
159,0.0,0.7234042553191489,0.07692307692307693,0.3333333333333333,0.4074074074074074,0.0,0.6875
160,0.3114754098360656,0.425531914893617,0.15384615384615385,0.5555555555555556,0.2962962962962963,0.0,0.6875
161,0.39344262295081966,0.44680851063829785,0.3333333333333333,0.4444444444444444,0.5925925925925926,0.0,0.6875
162,0.22950819672131148,0.7234042553191489,0.3846153846153846,0.5185185185185185,0.8148148148148148,0.0,0.6875
163,0.1639344262295082,0.1276595744680851,0.23076923076923075,0.37037037037037035,0.8518518518518519,0.0,0.6875
164,0.6721311475409837,0.2978723404255319,0.48717948717948717,0.2222222222222222,0.8888888888888888,0.0,0.6875
165,0.21311475409836067,0.2978723404255319,0.07692307692307693,0.7777777777777777,0.9629629629629629,0.0,0.6875
166,0.3278688524590164,0.36170212765957444,0.0,0.48148148148148145,0.6296296296296295,0.0,0.6875
167,0.5573770491803279,0.5106382978723404,0.2564102564102564,0.9259259259259258,0.6666666666666666,0.0,0.6875
168,0.0,0.44680851063829785,0.20512820512820512,0.14814814814814814,0.1111111111111111,0.0,0.75
169,0.26229508196721313,0.2765957446808511,0.07692307692307693,0.4444444444444444,0.2222222222222222,0.0,0.75
170,0.27868852459016397,0.3404255319148936,0.1282051282051282,0.2962962962962963,0.9629629629629629,0.0,0.75
171,0.3770491803278689,0.3404255319148936,0.15384615384615385,0.3333333333333333,0.8148148148148148,0.0,0.75
172,0.36065573770491804,0.3404255319148936,0.07692307692307693,0.5925925925925926,0.37037037037037035,0.0,0.75
173,0.5737704918032788,0.6595744680851063,0.48717948717948717,0.48148148148148145,0.18518518518518517,0.0,0.75
174,0.42622950819672134,0.44680851063829785,0.1794871794871795,0.4074074074074074,0.5185185185185185,0.0,0.75
175,0.22950819672131148,0.44680851063829785,0.20512820512820512,0.6296296296296295,0.25925925925925924,0.0,0.75
176,0.27868852459016397,0.425531914893617,0.23076923076923075,0.8518518518518519,0.7037037037037037,0.0,0.75
177,0.27868852459016397,0.5106382978723404,0.15384615384615385,0.6666666666666666,0.7407407407407407,0.0,0.75
178,0.3770491803278689,0.2127659574468085,0.48717948717948717,0.9259259259259258,0.0,0.0,0.75
179,0.4754098360655738,0.2127659574468085,0.20512820512820512,1.0,0.7777777777777777,0.0,0.75
180,0.4426229508196722,0.3404255319148936,0.3076923076923077,0.5555555555555556,0.07407407407407407,0.0,0.75
181,0.26229508196721313,0.36170212765957444,0.28205128205128205,0.037037037037037035,0.8888888888888888,0.0,0.75
182,0.7049180327868853,0.36170212765957444,0.6153846153846154,0.5555555555555556,0.0,0.0,0.8125
183,0.27868852459016397,0.48936170212765956,0.05128205128205128,0.14814814814814814,0.37037037037037035,0.0,0.8125
184,0.3278688524590164,0.2127659574468085,0.6153846153846154,0.7407407407407407,0.18518518518518517,0.0,0.8125
185,0.27868852459016397,0.5744680851063829,0.3333333333333333,0.07407407407407407,0.25925925925925924,0.0,0.8125
186,0.04918032786885246,0.44680851063829785,0.15384615384615385,0.2962962962962963,0.4074074074074074,0.0,0.8125
187,0.3114754098360656,0.46808510638297873,0.3076923076923077,0.037037037037037035,0.6296296296296295,0.0,0.8125
188,0.11475409836065574,0.2978723404255319,0.15384615384615385,0.2222222222222222,0.6666666666666666,0.0,0.8125
189,0.26229508196721313,0.2978723404255319,0.4615384615384615,0.4444444444444444,0.7777777777777777,0.0,0.8125
190,0.0,0.2765957446808511,0.07692307692307693,0.7037037037037037,0.8148148148148148,0.0,0.8125
191,0.42622950819672134,0.44680851063829785,0.48717948717948717,1.0,0.8518518518518519,0.0,0.8125
192,0.27868852459016397,0.5106382978723404,0.5128205128205128,0.1111111111111111,0.8888888888888888,0.0,0.8125
193,0.3278688524590164,0.36170212765957444,0.41025641025641024,0.3333333333333333,0.9629629629629629,0.0,0.8125
194,0.5081967213114754,0.2127659574468085,0.2564102564102564,0.5185185185185185,0.5925925925925926,0.0,0.8125
195,0.4426229508196722,0.6382978723404256,0.0,0.48148148148148145,0.9259259259259258,0.0,0.8125
196,0.24590163934426232,0.0,0.6153846153846154,0.6666666666666666,0.18518518518518517,0.0,0.875
197,0.6065573770491803,0.0,0.358974358974359,0.2222222222222222,0.7777777777777777,0.0,0.875
198,0.3442622950819672,0.2127659574468085,0.3333333333333333,0.9259259259259258,0.037037037037037035,0.0,0.875
199,0.45901639344262296,0.851063829787234,0.07692307692307693,0.07407407407407407,0.2962962962962963,0.0,0.875
200,1.0,0.14893617021276595,0.1794871794871795,0.1111111111111111,0.3333333333333333,0.0,0.875
201,0.6885245901639344,0.2765957446808511,0.0,0.37037037037037035,0.5185185185185185,0.0,0.875
202,0.27868852459016397,0.48936170212765956,0.07692307692307693,0.5555555555555556,0.14814814814814814,0.0,0.875
203,0.45901639344262296,0.2127659574468085,0.15384615384615385,0.8148148148148148,0.5925925925925926,0.0,0.875
204,0.6229508196721312,0.2978723404255319,0.5641025641025641,0.48148148148148145,0.7037037037037037,0.0,0.875
205,0.21311475409836067,0.425531914893617,0.3846153846153846,0.4074074074074074,0.8518518518518519,0.0,0.875
206,0.5409836065573771,0.14893617021276595,0.1282051282051282,0.25925925925925924,0.9629629629629629,0.0,0.875
207,0.5081967213114754,0.6382978723404256,0.3333333333333333,1.0,0.0,0.0,0.875
208,0.3770491803278689,0.36170212765957444,0.0,0.8888888888888888,0.4444444444444444,0.0,0.875
209,0.3278688524590164,0.6382978723404256,0.05128205128205128,0.7407407407407407,0.6296296296296295,0.0,0.875
210,0.6065573770491803,0.0,0.358974358974359,0.037037037037037035,0.7037037037037037,0.0,0.9375
211,0.0,0.6170212765957447,0.10256410256410256,0.8888888888888888,1.0,0.0,0.9375
212,0.3278688524590164,0.5106382978723404,0.1794871794871795,0.3333333333333333,0.14814814814814814,0.0,0.9375
213,0.42622950819672134,0.0,0.4615384615384615,0.9259259259259258,0.07407407407407407,0.0,0.9375
214,0.26229508196721313,0.40425531914893614,0.1282051282051282,0.2222222222222222,0.8518518518518519,0.0,0.9375
215,0.5081967213114754,0.5106382978723404,0.15384615384615385,0.25925925925925924,0.0,0.0,0.9375
216,0.3278688524590164,0.2127659574468085,0.358974358974359,0.2962962962962963,0.18518518518518517,0.0,0.9375
217,0.6721311475409837,0.1276595744680851,0.1282051282051282,0.6296296296296295,0.37037037037037035,0.0,0.9375
218,0.39344262295081966,0.5744680851063829,0.1794871794871795,0.5185185185185185,0.4074074074074074,0.0,0.9375
219,0.5573770491803279,0.36170212765957444,0.3333333333333333,0.6666666666666666,0.4444444444444444,0.0,0.9375
220,0.39344262295081966,0.425531914893617,0.358974358974359,0.48148148148148145,0.5925925925925926,0.0,0.9375
221,0.5081967213114754,0.2978723404255319,0.6153846153846154,0.7407407407407407,0.7777777777777777,0.0,0.9375
222,0.5081967213114754,0.46808510638297873,0.10256410256410256,0.8148148148148148,0.9629629629629629,0.0,0.9375
223,0.4754098360655738,0.44680851063829785,0.3076923076923077,0.5555555555555556,0.1111111111111111,0.0,0.9375
224,0.4426229508196722,0.5106382978723404,0.05128205128205128,0.5185185185185185,0.5925925925925926,0.5,0.0
225,0.3442622950819672,0.8085106382978723,0.3333333333333333,0.25925925925925924,0.9629629629629629,0.5,0.0
226,0.27868852459016397,0.0,0.3076923076923077,0.07407407407407407,0.8888888888888888,0.5,0.0
227,0.39344262295081966,0.7659574468085106,0.15384615384615385,0.48148148148148145,0.2962962962962963,0.5,0.0
228,0.5081967213114754,0.0,0.5897435897435898,1.0,0.7777777777777777,0.5,0.0
229,0.3442622950819672,0.5106382978723404,0.07692307692307693,0.5555555555555556,0.4074074074074074,0.5,0.0
230,0.42622950819672134,0.2127659574468085,0.41025641025641024,0.037037037037037035,0.37037037037037035,0.5,0.0
231,0.22950819672131148,0.36170212765957444,0.15384615384615385,0.8518518518518519,0.18518518518518517,0.5,0.0
232,0.14754098360655737,0.2978723404255319,0.05128205128205128,0.2222222222222222,0.4444444444444444,0.5,0.0
233,0.7704918032786886,0.5744680851063829,0.05128205128205128,0.0,0.3333333333333333,0.5,0.0
234,0.4098360655737705,0.425531914893617,0.4615384615384615,0.1111111111111111,0.7037037037037037,0.5,0.0
235,0.21311475409836067,0.06382978723404255,0.15384615384615385,0.14814814814814814,0.8148148148148148,0.5,0.0
236,0.4426229508196722,0.425531914893617,0.23076923076923075,0.6666666666666666,0.7407407407407407,0.5,0.0
237,0.21311475409836067,0.2553191489361702,0.23076923076923075,0.9259259259259258,0.6296296296296295,0.5,0.0
238,0.22950819672131148,0.3404255319148936,0.1282051282051282,0.37037037037037035,0.5925925925925926,0.5,0.0625
239,0.11475409836065574,0.6382978723404256,0.10256410256410256,0.037037037037037035,0.5185185185185185,0.5,0.0625
240,0.3442622950819672,0.3404255319148936,0.15384615384615385,0.1111111111111111,0.8518518518518519,0.5,0.0625
241,0.3442622950819672,0.5106382978723404,0.10256410256410256,0.14814814814814814,0.7037037037037037,0.5,0.0625
242,0.3442622950819672,0.2978723404255319,0.15384615384615385,0.25925925925925924,0.0,0.5,0.0625
243,0.21311475409836067,0.6595744680851063,0.15384615384615385,0.2962962962962963,0.07407407407407407,0.5,0.0625
244,0.5737704918032788,0.2978723404255319,0.15384615384615385,0.48148148148148145,0.9629629629629629,0.5,0.0625
245,0.5245901639344263,0.06382978723404255,0.3076923076923077,0.5555555555555556,0.6296296296296295,0.5,0.0625
246,0.45901639344262296,0.14893617021276595,0.41025641025641024,0.6666666666666666,0.18518518518518517,0.5,0.0625
247,0.3442622950819672,0.48936170212765956,0.6923076923076923,0.7407407407407407,0.7777777777777777,0.5,0.0625
248,0.3278688524590164,0.19148936170212766,0.1282051282051282,0.8148148148148148,0.3333333333333333,0.5,0.0625
249,0.42622950819672134,0.2765957446808511,0.3333333333333333,0.9259259259259258,1.0,0.5,0.0625
250,0.27868852459016397,0.2765957446808511,0.0,0.4444444444444444,0.8888888888888888,0.5,0.0625
251,0.39344262295081966,0.48936170212765956,0.2564102564102564,0.2222222222222222,0.4074074074074074,0.5,0.0625
252,0.6721311475409837,0.14893617021276595,0.48717948717948717,0.1111111111111111,0.5925925925925926,0.5,0.125
253,0.3114754098360656,0.3404255319148936,0.10256410256410256,0.07407407407407407,0.5555555555555556,0.5,0.125
254,0.22950819672131148,0.5106382978723404,0.28205128205128205,0.14814814814814814,0.8518518518518519,0.5,0.125
255,0.5573770491803279,0.6595744680851063,0.4615384615384615,0.2222222222222222,0.8888888888888888,0.5,0.125
256,0.04918032786885246,0.36170212765957444,0.15384615384615385,0.2962962962962963,0.4074074074074074,0.5,0.125
257,0.39344262295081966,0.2127659574468085,0.4615384615384615,0.3333333333333333,0.37037037037037035,0.5,0.125
258,0.3278688524590164,0.06382978723404255,0.1794871794871795,0.4444444444444444,0.8148148148148148,0.5,0.125
259,0.3442622950819672,0.5744680851063829,0.28205128205128205,0.48148148148148145,0.7407407407407407,0.5,0.125
260,0.45901639344262296,0.14893617021276595,0.4615384615384615,0.6296296296296295,0.7777777777777777,0.5,0.125
261,0.3278688524590164,0.06382978723404255,0.358974358974359,0.6666666666666666,0.5185185185185185,0.5,0.125
262,0.3114754098360656,0.2765957446808511,0.5384615384615384,0.9259259259259258,0.0,0.5,0.125
263,0.3770491803278689,0.425531914893617,0.10256410256410256,0.9629629629629629,0.25925925925925924,0.5,0.125
264,0.3114754098360656,0.3191489361702128,0.717948717948718,1.0,0.18518518518518517,0.5,0.125
265,0.49180327868852464,0.14893617021276595,0.10256410256410256,0.037037037037037035,0.7037037037037037,0.5,0.125
266,0.6065573770491803,0.2765957446808511,0.05128205128205128,0.7037037037037037,0.5925925925925926,0.5,0.1875
267,0.4754098360655738,0.5957446808510638,0.15384615384615385,0.037037037037037035,0.2222222222222222,0.5,0.1875
268,0.3442622950819672,0.5106382978723404,0.1282051282051282,0.25925925925925924,0.2962962962962963,0.5,0.1875
269,0.5573770491803279,0.0,0.3333333333333333,0.4074074074074074,0.14814814814814814,0.5,0.1875
270,0.39344262295081966,0.2127659574468085,0.05128205128205128,0.4444444444444444,0.07407407407407407,0.5,0.1875
271,0.45901639344262296,0.1276595744680851,0.10256410256410256,0.5185185185185185,0.8148148148148148,0.5,0.1875
272,0.3278688524590164,0.48936170212765956,0.41025641025641024,0.5555555555555556,0.9629629629629629,0.5,0.1875
273,0.5081967213114754,0.36170212765957444,0.6923076923076923,0.6666666666666666,0.18518518518518517,0.5,0.1875
274,0.3770491803278689,0.5106382978723404,0.6666666666666666,0.7407407407407407,0.37037037037037035,0.5,0.1875
275,0.11475409836065574,0.36170212765957444,0.10256410256410256,0.8518518518518519,0.3333333333333333,0.5,0.1875
276,0.6229508196721312,0.2127659574468085,0.358974358974359,1.0,0.7777777777777777,0.5,0.1875
277,0.26229508196721313,0.6595744680851063,0.1282051282051282,0.1111111111111111,0.8888888888888888,0.5,0.1875
278,0.5409836065573771,0.425531914893617,0.1282051282051282,0.8888888888888888,0.5925925925925926,0.5,0.25
279,0.45901639344262296,0.5744680851063829,0.10256410256410256,0.0,0.6296296296296295,0.5,0.25
280,0.1639344262295082,0.2978723404255319,0.15384615384615385,0.9629629629629629,0.18518518518518517,0.5,0.25
281,0.4426229508196722,0.2765957446808511,0.20512820512820512,0.07407407407407407,0.2962962962962963,0.5,0.25
282,0.3114754098360656,0.48936170212765956,0.3076923076923077,0.4074074074074074,0.37037037037037035,0.5,0.25
283,0.5081967213114754,0.7234042553191489,0.23076923076923075,0.48148148148148145,0.1111111111111111,0.5,0.25
284,0.3278688524590164,0.3404255319148936,0.3076923076923077,0.5185185185185185,0.7037037037037037,0.5,0.25
285,0.4426229508196722,0.7234042553191489,0.358974358974359,0.5555555555555556,0.25925925925925924,0.5,0.25
286,0.22950819672131148,0.7659574468085106,0.07692307692307693,0.8518518518518519,0.8148148148148148,0.5,0.25
287,0.39344262295081966,0.44680851063829785,0.28205128205128205,0.9259259259259258,0.3333333333333333,0.5,0.25
288,0.6229508196721312,0.5106382978723404,0.15384615384615385,0.037037037037037035,0.4444444444444444,0.5,0.25
289,0.4754098360655738,0.6382978723404256,0.4615384615384615,0.2222222222222222,0.14814814814814814,0.5,0.25
290,0.27868852459016397,0.7234042553191489,0.4358974358974359,0.2222222222222222,0.8148148148148148,0.5,0.3125
291,0.7868852459016393,0.36170212765957444,0.1794871794871795,0.3333333333333333,0.1111111111111111,0.5,0.3125
292,0.7049180327868853,0.5106382978723404,0.3333333333333333,0.4074074074074074,0.25925925925925924,0.5,0.3125
293,0.39344262295081966,0.36170212765957444,0.28205128205128205,0.4444444444444444,0.8888888888888888,0.5,0.3125
294,0.4098360655737705,0.425531914893617,0.3076923076923077,0.6296296296296295,0.14814814814814814,0.5,0.3125
295,0.04918032786885246,0.8297872340425532,0.2564102564102564,0.7037037037037037,0.8518518518518519,0.5,0.3125
296,0.3278688524590164,0.06382978723404255,0.10256410256410256,0.7777777777777777,0.18518518518518517,0.5,0.3125
297,0.7377049180327869,0.7446808510638298,0.3076923076923077,0.9259259259259258,0.0,0.5,0.3125
298,0.42622950819672134,0.2978723404255319,0.10256410256410256,0.9629629629629629,0.2962962962962963,0.5,0.3125
299,0.3278688524590164,0.5106382978723404,0.0,1.0,0.6666666666666666,0.5,0.3125
300,0.6229508196721312,0.19148936170212766,0.10256410256410256,0.07407407407407407,0.48148148148148145,0.5,0.3125
301,0.5245901639344263,0.5106382978723404,0.23076923076923075,0.7407407407407407,0.5555555555555556,0.5,0.3125
302,0.27868852459016397,0.2127659574468085,0.5128205128205128,0.5185185185185185,0.5925925925925926,0.5,0.375
303,0.49180327868852464,0.5744680851063829,0.4615384615384615,0.037037037037037035,0.7037037037037037,0.5,0.375
304,0.4426229508196722,0.36170212765957444,0.0,0.2222222222222222,0.37037037037037035,0.5,0.375
305,0.39344262295081966,0.19148936170212766,0.1282051282051282,0.4444444444444444,0.8518518518518519,0.5,0.375
306,0.7213114754098361,0.5106382978723404,0.358974358974359,0.48148148148148145,0.0,0.5,0.375
307,0.3278688524590164,0.40425531914893614,0.6923076923076923,0.6666666666666666,0.7777777777777777,0.5,0.375
308,0.4426229508196722,0.14893617021276595,0.5128205128205128,0.9259259259259258,0.8148148148148148,0.5,0.375
309,0.3114754098360656,0.14893617021276595,0.07692307692307693,0.8888888888888888,0.4074074074074074,0.5,0.375
310,0.21311475409836067,0.36170212765957444,0.4358974358974359,0.9629629629629629,0.18518518518518517,0.5,0.375
311,0.21311475409836067,0.14893617021276595,0.20512820512820512,1.0,0.7407407407407407,0.5,0.375
312,0.3770491803278689,0.2127659574468085,0.3076923076923077,0.3333333333333333,0.6296296296296295,0.5,0.375
313,0.21311475409836067,0.7234042553191489,0.1282051282051282,0.14814814814814814,0.1111111111111111,0.5,0.375
314,0.4426229508196722,0.2127659574468085,0.3333333333333333,0.037037037037037035,0.5925925925925926,0.5,0.4375
315,0.1639344262295082,0.5744680851063829,0.28205128205128205,0.6296296296296295,0.25925925925925924,0.5,0.4375
316,0.4426229508196722,0.14893617021276595,0.1282051282051282,0.5185185185185185,0.37037037037037035,0.5,0.4375
317,0.39344262295081966,0.2127659574468085,0.1282051282051282,0.2962962962962963,0.5555555555555556,0.5,0.4375
318,0.19672131147540983,0.36170212765957444,0.4615384615384615,0.3333333333333333,0.7037037037037037,0.5,0.4375
319,0.3442622950819672,0.425531914893617,0.1794871794871795,0.7407407407407407,0.18518518518518517,0.5,0.4375
320,0.5081967213114754,0.44680851063829785,0.3076923076923077,0.07407407407407407,0.7777777777777777,0.5,0.4375
321,0.3278688524590164,0.36170212765957444,0.6666666666666666,0.9259259259259258,0.14814814814814814,0.5,0.4375
322,0.6721311475409837,0.2127659574468085,0.20512820512820512,0.8518518518518519,0.9629629629629629,0.5,0.4375
323,0.3442622950819672,0.2127659574468085,0.1794871794871795,0.6666666666666666,1.0,0.5,0.4375
324,0.27868852459016397,0.8085106382978723,0.0,0.1111111111111111,0.0,0.5,0.4375
325,0.1639344262295082,0.8723404255319148,0.0,0.48148148148148145,0.8148148148148148,0.5,0.4375
326,0.7868852459016393,0.425531914893617,0.48717948717948717,0.7407407407407407,0.5925925925925926,0.5,0.5
327,0.6885245901639344,0.0,0.15384615384615385,0.037037037037037035,0.14814814814814814,0.5,0.5
328,0.42622950819672134,0.1276595744680851,0.2564102564102564,0.07407407407407407,0.9629629629629629,0.5,0.5
329,0.11475409836065574,0.44680851063829785,0.3846153846153846,0.1111111111111111,0.6296296296296295,0.5,0.5
330,0.14754098360655737,0.14893617021276595,0.10256410256410256,0.4074074074074074,0.4444444444444444,0.5,0.5
331,0.27868852459016397,0.2765957446808511,0.15384615384615385,0.48148148148148145,0.3333333333333333,0.5,0.5
332,0.3770491803278689,0.06382978723404255,0.48717948717948717,0.5185185185185185,0.7777777777777777,0.5,0.5
333,0.39344262295081966,0.19148936170212766,0.23076923076923075,0.7037037037037037,0.18518518518518517,0.5,0.5
334,0.3442622950819672,0.19148936170212766,0.20512820512820512,0.8148148148148148,0.0,0.5,0.5
335,0.39344262295081966,0.425531914893617,0.3333333333333333,0.9259259259259258,0.2962962962962963,0.5,0.5
336,0.22950819672131148,0.6595744680851063,0.2564102564102564,0.8888888888888888,0.8518518518518519,0.5,0.5
337,0.6721311475409837,0.8085106382978723,0.1282051282051282,1.0,0.25925925925925924,0.5,0.5
338,0.36065573770491804,0.5744680851063829,0.05128205128205128,0.2222222222222222,0.5555555555555556,0.5,0.5
339,0.39344262295081966,0.14893617021276595,0.4615384615384615,0.6666666666666666,0.37037037037037035,0.5,0.5
340,0.1639344262295082,0.2765957446808511,0.05128205128205128,0.5925925925925926,0.37037037037037035,0.5,0.5625
341,0.27868852459016397,0.06382978723404255,0.15384615384615385,0.5185185185185185,0.7037037037037037,0.5,0.5625
342,0.11475409836065574,0.36170212765957444,0.1794871794871795,0.25925925925925924,0.5555555555555556,0.5,0.5625
343,0.26229508196721313,0.36170212765957444,0.3333333333333333,0.4074074074074074,0.8888888888888888,0.5,0.5625
344,0.5737704918032788,0.14893617021276595,0.358974358974359,0.6296296296296295,0.9629629629629629,0.5,0.5625
345,0.49180327868852464,0.5106382978723404,0.4615384615384615,0.07407407407407407,0.0,0.5,0.5625
346,0.7377049180327869,0.2978723404255319,0.641025641025641,0.037037037037037035,0.7777777777777777,0.5,0.5625
347,0.5081967213114754,0.14893617021276595,0.15384615384615385,0.6666666666666666,0.48148148148148145,0.5,0.5625
348,0.3114754098360656,0.14893617021276595,0.15384615384615385,0.8518518518518519,0.2222222222222222,0.5,0.5625
349,0.26229508196721313,0.6170212765957447,0.358974358974359,0.4444444444444444,0.2962962962962963,0.5,0.5625
350,0.39344262295081966,0.1276595744680851,0.5128205128205128,0.9259259259259258,0.18518518518518517,0.5,0.5625
351,0.45901639344262296,0.2978723404255319,0.15384615384615385,0.7407407407407407,1.0,0.5,0.5625
352,0.22950819672131148,0.0,0.7435897435897436,0.037037037037037035,0.5925925925925926,0.5,0.625
353,0.26229508196721313,0.2765957446808511,0.1282051282051282,0.07407407407407407,0.2222222222222222,0.5,0.625
354,0.39344262295081966,0.44680851063829785,0.2564102564102564,0.2962962962962963,0.7777777777777777,0.5,0.625
355,0.5737704918032788,0.48936170212765956,0.15384615384615385,0.3333333333333333,0.14814814814814814,0.5,0.625
356,0.4426229508196722,0.2127659574468085,0.20512820512820512,0.4074074074074074,0.8518518518518519,0.5,0.625
357,0.3442622950819672,0.5106382978723404,0.4615384615384615,0.48148148148148145,0.18518518518518517,0.5,0.625
358,0.3278688524590164,0.0,0.6666666666666666,0.6666666666666666,0.25925925925925924,0.5,0.625
359,0.22950819672131148,0.36170212765957444,0.10256410256410256,0.7037037037037037,0.37037037037037035,0.5,0.625
360,0.39344262295081966,0.48936170212765956,0.05128205128205128,0.7407407407407407,0.0,0.5,0.625
361,0.5081967213114754,0.14893617021276595,0.717948717948718,0.9259259259259258,0.9629629629629629,0.5,0.625
362,0.3442622950819672,0.5106382978723404,0.1794871794871795,0.8888888888888888,0.5555555555555556,0.5,0.625
363,0.5081967213114754,0.36170212765957444,0.2564102564102564,1.0,0.6296296296296295,0.5,0.625
364,0.4426229508196722,0.06382978723404255,0.1282051282051282,0.1111111111111111,0.8148148148148148,0.5,0.625
365,0.1639344262295082,0.2765957446808511,0.1794871794871795,0.5185185185185185,0.4444444444444444,0.5,0.625
366,0.4426229508196722,0.851063829787234,0.0,0.2222222222222222,0.25925925925925924,0.5,0.6875
367,0.27868852459016397,0.5744680851063829,0.3076923076923077,1.0,0.18518518518518517,0.5,0.6875
368,0.5573770491803279,0.2978723404255319,0.2564102564102564,0.7777777777777777,0.5925925925925926,0.5,0.6875
369,0.21311475409836067,0.8723404255319148,0.1282051282051282,0.07407407407407407,0.5555555555555556,0.5,0.6875
370,0.3278688524590164,0.7234042553191489,0.5897435897435898,0.1111111111111111,0.37037037037037035,0.5,0.6875
371,0.3278688524590164,0.2127659574468085,0.3846153846153846,0.2962962962962963,0.9629629629629629,0.5,0.6875
372,0.39344262295081966,0.5744680851063829,0.20512820512820512,0.4444444444444444,0.4074074074074074,0.5,0.6875
373,0.49180327868852464,0.2765957446808511,0.28205128205128205,0.5185185185185185,0.14814814814814814,0.5,0.6875
374,0.1639344262295082,0.14893617021276595,0.3076923076923077,0.6296296296296295,0.0,0.5,0.6875
375,0.21311475409836067,0.6595744680851063,0.15384615384615385,0.6666666666666666,0.7407407407407407,0.5,0.6875
376,0.39344262295081966,0.14893617021276595,0.15384615384615385,0.8148148148148148,0.7037037037037037,0.5,0.6875
377,0.27868852459016397,0.5957446808510638,0.5641025641025641,0.9259259259259258,0.48148148148148145,0.5,0.6875
378,0.1639344262295082,0.2765957446808511,0.20512820512820512,0.8518518518518519,0.8888888888888888,0.5,0.6875
379,0.4426229508196722,0.5106382978723404,0.15384615384615385,0.3333333333333333,0.037037037037037035,0.5,0.6875
380,0.6065573770491803,0.14893617021276595,0.358974358974359,0.4074074074074074,0.5925925925925926,0.5,0.75
381,0.27868852459016397,0.48936170212765956,0.1282051282051282,0.0,0.9629629629629629,0.5,0.75
382,0.49180327868852464,0.48936170212765956,0.15384615384615385,0.037037037037037035,0.7407407407407407,0.5,0.75
383,0.3770491803278689,0.36170212765957444,0.4358974358974359,0.07407407407407407,0.25925925925925924,0.5,0.75
384,0.3770491803278689,0.425531914893617,0.1282051282051282,0.4444444444444444,0.2222222222222222,0.5,0.75
385,0.6229508196721312,0.48936170212765956,0.1794871794871795,0.48148148148148145,0.14814814814814814,0.5,0.75
386,0.3770491803278689,0.14893617021276595,0.2564102564102564,0.5555555555555556,0.2962962962962963,0.5,0.75
387,0.21311475409836067,0.36170212765957444,0.05128205128205128,0.6296296296296295,0.18518518518518517,0.5,0.75
388,0.19672131147540983,0.3404255319148936,0.20512820512820512,0.8148148148148148,0.1111111111111111,0.5,0.75
389,0.3278688524590164,0.36170212765957444,0.1282051282051282,0.7777777777777777,0.37037037037037035,0.5,0.75
390,0.6229508196721312,0.36170212765957444,0.3333333333333333,0.8518518518518519,0.7037037037037037,0.5,0.75
391,0.21311475409836067,0.2127659574468085,0.0,0.8888888888888888,0.3333333333333333,0.5,0.75
392,0.6885245901639344,0.425531914893617,0.15384615384615385,1.0,0.5185185185185185,0.5,0.75
393,0.11475409836065574,0.06382978723404255,0.1794871794871795,0.9259259259259258,0.6666666666666666,0.5,0.75
394,0.39344262295081966,0.06382978723404255,0.6923076923076923,0.8148148148148148,0.5925925925925926,0.5,0.8125
395,0.21311475409836067,0.5106382978723404,0.23076923076923075,0.0,0.7777777777777777,0.5,0.8125
396,0.5081967213114754,0.14893617021276595,0.28205128205128205,0.037037037037037035,0.37037037037037035,0.5,0.8125
397,0.22950819672131148,0.425531914893617,0.1794871794871795,0.2962962962962963,0.8888888888888888,0.5,0.8125
398,0.9508196721311476,0.2978723404255319,0.6666666666666666,0.3333333333333333,0.14814814814814814,0.5,0.8125
399,0.5081967213114754,0.425531914893617,0.3846153846153846,0.4074074074074074,0.2222222222222222,0.5,0.8125
400,0.3278688524590164,0.5106382978723404,0.2564102564102564,0.48148148148148145,0.6296296296296295,0.5,0.8125
401,0.3770491803278689,0.425531914893617,0.10256410256410256,0.5185185185185185,0.7407407407407407,0.5,0.8125
402,0.3770491803278689,0.3191489361702128,0.3333333333333333,0.6666666666666666,0.5555555555555556,0.5,0.8125
403,0.3278688524590164,0.36170212765957444,0.20512820512820512,0.9259259259259258,0.1111111111111111,0.5,0.8125
404,0.1639344262295082,0.19148936170212766,0.20512820512820512,1.0,0.07407407407407407,0.5,0.8125
405,0.6229508196721312,0.6595744680851063,0.15384615384615385,0.4444444444444444,0.25925925925925924,0.5,0.8125
406,0.21311475409836067,0.36170212765957444,0.1794871794871795,0.6666666666666666,0.037037037037037035,0.5,0.875
407,0.4098360655737705,0.2127659574468085,0.6666666666666666,1.0,0.5925925925925926,0.5,0.875
408,0.1639344262295082,0.2765957446808511,0.05128205128205128,0.0,0.14814814814814814,0.5,0.875
409,0.3442622950819672,0.8085106382978723,0.15384615384615385,0.07407407407407407,0.25925925925925924,0.5,0.875
410,0.6721311475409837,0.2127659574468085,0.28205128205128205,0.18518518518518517,0.7777777777777777,0.5,0.875
411,0.3278688524590164,0.2127659574468085,0.0,0.2222222222222222,0.8518518518518519,0.5,0.875
412,0.1639344262295082,0.5744680851063829,0.1794871794871795,0.4074074074074074,0.3333333333333333,0.5,0.875
413,0.39344262295081966,0.14893617021276595,0.28205128205128205,0.4444444444444444,0.1111111111111111,0.5,0.875
414,0.39344262295081966,0.36170212765957444,0.28205128205128205,0.5185185185185185,0.8888888888888888,0.5,0.875
415,0.21311475409836067,0.5531914893617021,0.3076923076923077,0.5555555555555556,0.9629629629629629,0.5,0.875
416,0.09836065573770492,0.19148936170212766,0.1282051282051282,0.6296296296296295,0.8148148148148148,0.5,0.875
417,0.3442622950819672,0.6170212765957447,0.1794871794871795,0.7037037037037037,0.37037037037037035,0.5,0.875
418,0.5081967213114754,0.0,0.5128205128205128,0.7407407407407407,0.2962962962962963,0.5,0.875
419,0.42622950819672134,0.2127659574468085,0.3076923076923077,0.9259259259259258,0.48148148148148145,0.5,0.875
420,0.39344262295081966,0.36170212765957444,0.1794871794871795,0.25925925925925924,0.2962962962962963,0.5,0.9375
421,0.45901639344262296,0.5106382978723404,0.0,0.4444444444444444,0.5555555555555556,0.5,0.9375
422,0.45901639344262296,0.7446808510638298,0.3076923076923077,1.0,0.37037037037037035,0.5,0.9375
423,0.6885245901639344,0.14893617021276595,0.358974358974359,0.7037037037037037,0.5925925925925926,0.5,0.9375
424,0.39344262295081966,0.2978723404255319,0.1794871794871795,0.037037037037037035,0.5185185185185185,0.5,0.9375
425,0.4426229508196722,0.2978723404255319,0.358974358974359,0.07407407407407407,0.9629629629629629,0.5,0.9375
426,0.3278688524590164,0.851063829787234,0.1282051282051282,0.3333333333333333,0.1111111111111111,0.5,0.9375
427,0.39344262295081966,0.44680851063829785,0.10256410256410256,0.4074074074074074,0.8518518518518519,0.5,0.9375
428,0.21311475409836067,0.425531914893617,0.1794871794871795,0.48148148148148145,0.0,0.5,0.9375
429,0.27868852459016397,0.06382978723404255,0.358974358974359,0.7407407407407407,0.18518518518518517,0.5,0.9375
430,0.5737704918032788,0.0,0.5384615384615384,0.8148148148148148,0.14814814814814814,0.5,0.9375
431,0.39344262295081966,0.44680851063829785,0.3333333333333333,0.6666666666666666,0.7777777777777777,0.5,0.9375
432,0.1639344262295082,0.2765957446808511,0.4615384615384615,0.9259259259259258,0.6296296296296295,0.5,0.9375
433,0.27868852459016397,0.2553191489361702,0.2564102564102564,0.8888888888888888,0.2222222222222222,0.5,0.9375
434,0.3442622950819672,0.2127659574468085,0.05128205128205128,0.4074074074074074,0.07407407407407407,0.5,1.0
435,0.3770491803278689,0.44680851063829785,0.3846153846153846,0.7407407407407407,0.7777777777777777,0.5,1.0
436,0.3770491803278689,0.36170212765957444,0.3846153846153846,0.5185185185185185,0.37037037037037035,0.5,1.0
437,0.4754098360655738,0.2978723404255319,0.2564102564102564,1.0,0.037037037037037035,0.5,1.0
438,0.3442622950819672,0.2978723404255319,0.8461538461538461,0.1111111111111111,0.14814814814814814,0.5,1.0
439,0.42622950819672134,0.14893617021276595,0.05128205128205128,0.0,0.18518518518518517,0.5,1.0
440,0.21311475409836067,0.2127659574468085,0.717948717948718,0.6666666666666666,0.5925925925925926,0.5,1.0
441,0.3278688524590164,0.36170212765957444,0.15384615384615385,0.9259259259259258,0.5555555555555556,0.5,1.0
442,0.49180327868852464,0.2127659574468085,0.15384615384615385,0.8888888888888888,0.25925925925925924,0.5,1.0
443,0.36065573770491804,0.2765957446808511,0.3846153846153846,0.2222222222222222,0.2962962962962963,0.5,1.0
444,0.22950819672131148,0.3404255319148936,0.1794871794871795,0.9629629629629629,0.7037037037037037,0.5,1.0
445,0.27868852459016397,0.2553191489361702,0.48717948717948717,0.4444444444444444,0.8518518518518519,0.5,1.0
446,0.22950819672131148,0.7234042553191489,0.07692307692307693,0.8148148148148148,0.3333333333333333,0.5,1.0
447,0.3278688524590164,0.36170212765957444,0.3076923076923077,0.6296296296296295,0.48148148148148145,0.5,1.0
448,0.11475409836065574,0.3404255319148936,0.4615384615384615,0.37037037037037035,0.5925925925925926,1.0,0.0
449,0.26229508196721313,0.2765957446808511,0.1282051282051282,0.7037037037037037,0.9629629629629629,1.0,0.0
450,0.42622950819672134,0.2978723404255319,0.10256410256410256,0.18518518518518517,0.14814814814814814,1.0,0.0
451,0.4426229508196722,0.5106382978723404,0.1794871794871795,0.6296296296296295,0.8888888888888888,1.0,0.0
452,0.22950819672131148,0.06382978723404255,0.358974358974359,0.4074074074074074,0.0,1.0,0.0
453,0.3278688524590164,0.06382978723404255,0.07692307692307693,0.7407407407407407,0.2962962962962963,1.0,0.0
454,0.1639344262295082,0.1276595744680851,0.10256410256410256,0.07407407407407407,0.5555555555555556,1.0,0.0
455,0.42622950819672134,0.425531914893617,0.2564102564102564,0.8148148148148148,0.8518518518518519,1.0,0.0
456,0.7377049180327869,0.2978723404255319,0.10256410256410256,0.2222222222222222,0.1111111111111111,1.0,0.0
457,0.22950819672131148,0.5106382978723404,0.358974358974359,0.48148148148148145,0.7777777777777777,1.0,0.0
458,0.7704918032786886,0.36170212765957444,0.1282051282051282,0.3333333333333333,0.4444444444444444,1.0,0.0
459,0.5737704918032788,0.6595744680851063,0.358974358974359,0.037037037037037035,0.5185185185185185,1.0,0.0
460,0.7377049180327869,0.0,0.3846153846153846,1.0,0.25925925925925924,1.0,0.0
461,0.26229508196721313,0.2978723404255319,0.10256410256410256,0.6666666666666666,0.9259259259259258,1.0,0.0
462,0.0,0.425531914893617,0.05128205128205128,0.5925925925925926,0.14814814814814814,1.0,0.0625
463,0.1639344262295082,0.36170212765957444,0.3076923076923077,0.4074074074074074,0.6296296296296295,1.0,0.0625
464,0.1639344262295082,0.5531914893617021,0.3076923076923077,0.7407407407407407,0.7777777777777777,1.0,0.0625
465,0.3114754098360656,0.425531914893617,0.05128205128205128,0.0,0.5555555555555556,1.0,0.0625
466,0.27868852459016397,0.1276595744680851,0.41025641025641024,0.5185185185185185,0.37037037037037035,1.0,0.0625
467,0.8524590163934427,0.7234042553191489,0.358974358974359,0.037037037037037035,0.8148148148148148,1.0,0.0625
468,0.3770491803278689,0.2978723404255319,0.10256410256410256,0.25925925925925924,0.2962962962962963,1.0,0.0625
469,0.21311475409836067,0.40425531914893614,0.358974358974359,0.6666666666666666,0.48148148148148145,1.0,0.0625
470,0.3442622950819672,0.425531914893617,0.15384615384615385,0.07407407407407407,0.9629629629629629,1.0,0.0625
471,0.26229508196721313,0.2765957446808511,0.20512820512820512,0.4444444444444444,0.2222222222222222,1.0,0.0625
472,0.5573770491803279,0.2978723404255319,0.6153846153846154,0.9259259259259258,0.8518518518518519,1.0,0.0625
473,0.3278688524590164,0.2765957446808511,0.2564102564102564,0.8888888888888888,0.7037037037037037,1.0,0.0625
474,0.11475409836065574,0.6382978723404256,0.10256410256410256,0.1111111111111111,0.3333333333333333,1.0,0.0625
475,0.5409836065573771,0.6595744680851063,0.10256410256410256,1.0,0.18518518518518517,1.0,0.0625
476,0.3278688524590164,0.1276595744680851,0.717948717948718,0.8148148148148148,0.5925925925925926,1.0,0.125
477,0.21311475409836067,0.2978723404255319,0.1794871794871795,0.1111111111111111,0.14814814814814814,1.0,0.125
478,0.5573770491803279,0.0,0.4615384615384615,1.0,0.7777777777777777,1.0,0.125
479,0.21311475409836067,0.36170212765957444,0.10256410256410256,0.5185185185185185,0.25925925925925924,1.0,0.125
480,0.22950819672131148,0.36170212765957444,0.15384615384615385,0.9259259259259258,0.5555555555555556,1.0,0.125
481,0.0,0.5106382978723404,0.15384615384615385,0.18518518518518517,0.7407407407407407,1.0,0.125
482,0.27868852459016397,0.425531914893617,0.07692307692307693,0.6666666666666666,0.07407407407407407,1.0,0.125
483,0.24590163934426232,0.2765957446808511,0.1794871794871795,0.2962962962962963,0.9629629629629629,1.0,0.125
484,0.1639344262295082,0.2765957446808511,0.10256410256410256,0.8518518518518519,0.0,1.0,0.125
485,0.26229508196721313,0.0,0.3846153846153846,0.4444444444444444,0.37037037037037035,1.0,0.125
486,0.26229508196721313,0.2127659574468085,0.3076923076923077,0.2222222222222222,0.8888888888888888,1.0,0.125
487,0.3770491803278689,0.425531914893617,0.41025641025641024,0.037037037037037035,0.7037037037037037,1.0,0.125
488,0.39344262295081966,0.14893617021276595,0.15384615384615385,0.6296296296296295,0.48148148148148145,1.0,0.125
489,0.27868852459016397,0.14893617021276595,0.20512820512820512,0.3333333333333333,0.4074074074074074,1.0,0.125
490,0.3278688524590164,0.5106382978723404,0.641025641025641,0.3333333333333333,0.5925925925925926,1.0,0.1875
491,0.27868852459016397,0.2127659574468085,0.41025641025641024,0.037037037037037035,0.9629629629629629,1.0,0.1875
492,0.4426229508196722,0.40425531914893614,0.4615384615384615,0.2222222222222222,0.8518518518518519,1.0,0.1875
493,0.5409836065573771,0.5106382978723404,0.07692307692307693,0.25925925925925924,0.37037037037037035,1.0,0.1875
494,0.3278688524590164,0.2765957446808511,0.41025641025641024,0.4074074074074074,0.8888888888888888,1.0,0.1875
495,0.27868852459016397,0.44680851063829785,0.10256410256410256,0.4444444444444444,0.0,1.0,0.1875
496,0.26229508196721313,0.2765957446808511,0.3846153846153846,0.5185185185185185,0.2962962962962963,1.0,0.1875
497,0.42622950819672134,0.0,0.15384615384615385,0.6296296296296295,0.5555555555555556,1.0,0.1875
498,0.21311475409836067,0.2127659574468085,0.641025641025641,0.6666666666666666,0.14814814814814814,1.0,0.1875
499,0.3770491803278689,0.2978723404255319,0.15384615384615385,0.7407407407407407,0.8148148148148148,1.0,0.1875
500,0.4426229508196722,0.2127659574468085,0.4358974358974359,0.9259259259259258,0.48148148148148145,1.0,0.1875
501,0.5573770491803279,0.5744680851063829,0.20512820512820512,1.0,0.1111111111111111,1.0,0.1875
502,0.14754098360655737,0.36170212765957444,0.05128205128205128,0.7777777777777777,0.18518518518518517,1.0,0.1875
503,0.3114754098360656,0.2765957446808511,0.41025641025641024,0.07407407407407407,0.7037037037037037,1.0,0.1875
504,0.39344262295081966,0.2127659574468085,0.3846153846153846,0.7777777777777777,0.5925925925925926,1.0,0.25
505,0.5737704918032788,0.425531914893617,0.3846153846153846,0.037037037037037035,0.07407407407407407,1.0,0.25
506,0.5081967213114754,0.06382978723404255,0.2564102564102564,0.25925925925925924,0.9629629629629629,1.0,0.25
507,0.22950819672131148,0.2765957446808511,0.23076923076923075,0.4074074074074074,0.8518518518518519,1.0,0.25
508,0.3770491803278689,0.44680851063829785,0.20512820512820512,0.48148148148148145,0.2962962962962963,1.0,0.25
509,0.3770491803278689,0.8723404255319148,0.15384615384615385,0.5185185185185185,0.7037037037037037,1.0,0.25
510,0.26229508196721313,0.44680851063829785,0.1282051282051282,0.6666666666666666,0.18518518518518517,1.0,0.25
511,0.4426229508196722,0.1276595744680851,0.07692307692307693,0.6296296296296295,0.0,1.0,0.25
512,0.09836065573770492,0.2553191489361702,0.07692307692307693,0.9259259259259258,0.4444444444444444,1.0,0.25
513,0.5081967213114754,0.06382978723404255,0.358974358974359,0.8888888888888888,0.37037037037037035,1.0,0.25
514,0.09836065573770492,0.2765957446808511,0.2564102564102564,0.5555555555555556,0.2222222222222222,1.0,0.25
515,0.3770491803278689,0.0,0.3076923076923077,1.0,0.7407407407407407,1.0,0.25
516,0.3278688524590164,0.2127659574468085,0.3333333333333333,0.5185185185185185,0.5925925925925926,1.0,0.3125
517,0.6885245901639344,0.2978723404255319,0.3846153846153846,0.3333333333333333,0.2222222222222222,1.0,0.3125
518,0.3278688524590164,0.36170212765957444,0.1282051282051282,0.18518518518518517,0.2962962962962963,1.0,0.3125
519,0.39344262295081966,0.425531914893617,0.15384615384615385,0.25925925925925924,0.5555555555555556,1.0,0.3125
520,0.27868852459016397,0.2978723404255319,0.07692307692307693,0.7037037037037037,0.14814814814814814,1.0,0.3125
521,0.21311475409836067,0.2978723404255319,0.20512820512820512,0.7407407407407407,0.9629629629629629,1.0,0.3125
522,0.11475409836065574,0.2765957446808511,0.15384615384615385,0.1111111111111111,0.8888888888888888,1.0,0.3125
523,0.3278688524590164,0.14893617021276595,0.1282051282051282,1.0,0.07407407407407407,1.0,0.3125
524,0.3278688524590164,0.19148936170212766,0.48717948717948717,0.6666666666666666,0.7777777777777777,1.0,0.3125
525,0.21311475409836067,0.44680851063829785,0.3846153846153846,0.4444444444444444,0.8518518518518519,1.0,0.3125
526,0.3442622950819672,0.06382978723404255,0.3076923076923077,0.8148148148148148,0.37037037037037035,1.0,0.3125
527,0.09836065573770492,0.7021276595744681,0.15384615384615385,0.037037037037037035,0.4074074074074074,1.0,0.3125
528,0.6885245901639344,0.1276595744680851,1.0,0.037037037037037035,0.37037037037037035,1.0,0.375
529,0.5737704918032788,0.48936170212765956,0.3333333333333333,0.18518518518518517,0.1111111111111111,1.0,0.375
530,0.3770491803278689,0.425531914893617,0.15384615384615385,0.3333333333333333,0.7037037037037037,1.0,0.375
531,0.6885245901639344,0.14893617021276595,0.3333333333333333,0.4074074074074074,0.5185185185185185,1.0,0.375
532,0.49180327868852464,0.5106382978723404,0.1794871794871795,0.48148148148148145,0.8518518518518519,1.0,0.375
533,0.5573770491803279,0.14893617021276595,0.358974358974359,0.5555555555555556,0.7777777777777777,1.0,0.375
534,0.21311475409836067,0.1276595744680851,0.20512820512820512,0.6296296296296295,0.7407407407407407,1.0,0.375
535,0.5573770491803279,0.8297872340425532,0.5384615384615384,0.9259259259259258,0.0,1.0,0.375
536,0.6885245901639344,0.36170212765957444,0.6923076923076923,1.0,0.14814814814814814,1.0,0.375
537,0.3278688524590164,0.48936170212765956,0.1282051282051282,0.8888888888888888,0.4444444444444444,1.0,0.375
538,0.3770491803278689,0.425531914893617,0.1794871794871795,0.6666666666666666,0.8148148148148148,1.0,0.375
539,0.1639344262295082,0.0,0.28205128205128205,0.07407407407407407,0.2962962962962963,1.0,0.4375
540,0.3770491803278689,0.5531914893617021,0.358974358974359,0.5555555555555556,0.5925925925925926,1.0,0.4375
541,0.27868852459016397,0.1276595744680851,0.6153846153846154,0.7037037037037037,0.37037037037037035,1.0,0.4375
542,0.3770491803278689,0.14893617021276595,0.641025641025641,0.6296296296296295,0.9629629629629629,1.0,0.4375
543,0.39344262295081966,0.6382978723404256,0.28205128205128205,0.8518518518518519,0.14814814814814814,1.0,0.4375
544,0.26229508196721313,0.40425531914893614,0.05128205128205128,0.4074074074074074,0.2222222222222222,1.0,0.4375
545,0.27868852459016397,0.2765957446808511,0.20512820512820512,0.3333333333333333,0.5185185185185185,1.0,0.4375
546,0.11475409836065574,0.5744680851063829,0.20512820512820512,0.8148148148148148,0.8888888888888888,1.0,0.4375
547,0.1639344262295082,0.3404255319148936,0.10256410256410256,0.0,0.7777777777777777,1.0,0.4375
548,0.5737704918032788,0.06382978723404255,0.358974358974359,0.9259259259259258,0.25925925925925924,1.0,0.4375
549,0.3278688524590164,0.36170212765957444,0.20512820512820512,0.4444444444444444,0.48148148148148145,1.0,0.4375
550,0.5737704918032788,0.3404255319148936,0.6666666666666666,0.037037037037037035,0.1111111111111111,1.0,0.4375
551,0.14754098360655737,0.1276595744680851,0.3333333333333333,0.2222222222222222,0.5925925925925926,1.0,0.5
552,0.5737704918032788,0.06382978723404255,0.6666666666666666,0.3333333333333333,0.1111111111111111,1.0,0.5
553,0.27868852459016397,0.425531914893617,0.3333333333333333,0.6296296296296295,0.07407407407407407,1.0,0.5
554,0.0,0.5744680851063829,0.1282051282051282,0.9629629629629629,0.2962962962962963,1.0,0.5
555,0.5081967213114754,0.2978723404255319,0.10256410256410256,0.0,0.48148148148148145,1.0,0.5
556,0.27868852459016397,0.2978723404255319,0.07692307692307693,0.14814814814814814,0.8148148148148148,1.0,0.5
557,0.3770491803278689,0.14893617021276595,0.20512820512820512,0.9259259259259258,0.7407407407407407,1.0,0.5
558,0.5573770491803279,0.2127659574468085,0.1282051282051282,0.25925925925925924,0.18518518518518517,1.0,0.5
559,0.45901639344262296,0.0,0.1282051282051282,0.5555555555555556,0.7777777777777777,1.0,0.5
560,0.3278688524590164,0.19148936170212766,0.3076923076923077,0.8888888888888888,0.8518518518518519,1.0,0.5
561,0.21311475409836067,0.36170212765957444,0.07692307692307693,0.6666666666666666,1.0,1.0,0.5
562,0.39344262295081966,0.44680851063829785,0.3333333333333333,0.4074074074074074,0.4444444444444444,1.0,0.5
563,0.36065573770491804,0.36170212765957444,0.8974358974358974,0.037037037037037035,0.5925925925925926,1.0,0.5625
564,0.22950819672131148,0.36170212765957444,0.2564102564102564,0.9259259259259258,0.0,1.0,0.5625
565,0.3442622950819672,0.48936170212765956,0.1282051282051282,0.14814814814814814,0.1111111111111111,1.0,0.5625
566,0.3278688524590164,0.2127659574468085,0.3076923076923077,0.07407407407407407,0.25925925925925924,1.0,0.5625
567,0.3114754098360656,0.3404255319148936,0.358974358974359,0.7037037037037037,0.2962962962962963,1.0,0.5625
568,0.26229508196721313,0.2765957446808511,0.3333333333333333,1.0,0.3333333333333333,1.0,0.5625
569,0.4426229508196722,0.14893617021276595,0.4615384615384615,0.18518518518518517,0.7777777777777777,1.0,0.5625
570,0.45901639344262296,0.2765957446808511,0.5897435897435898,0.5555555555555556,0.9629629629629629,1.0,0.5625
571,0.39344262295081966,0.36170212765957444,0.20512820512820512,0.6296296296296295,0.48148148148148145,1.0,0.5625
572,0.1639344262295082,0.1276595744680851,0.5128205128205128,0.5185185185185185,0.37037037037037035,1.0,0.5625
573,0.3278688524590164,0.2765957446808511,0.3333333333333333,0.2222222222222222,0.8148148148148148,1.0,0.5625
574,0.11475409836065574,0.6382978723404256,0.20512820512820512,0.6666666666666666,0.7407407407407407,1.0,0.5625
575,0.49180327868852464,0.425531914893617,0.3333333333333333,0.5185185185185185,0.5925925925925926,1.0,0.625
576,0.5573770491803279,0.5106382978723404,0.358974358974359,0.037037037037037035,0.2962962962962963,1.0,0.625
577,0.4426229508196722,0.7021276595744681,0.07692307692307693,0.1111111111111111,0.8148148148148148,1.0,0.625
578,0.49180327868852464,0.6808510638297872,0.05128205128205128,0.14814814814814814,0.7407407407407407,1.0,0.625
579,0.26229508196721313,0.36170212765957444,0.15384615384615385,0.2222222222222222,0.4444444444444444,1.0,0.625
580,0.3442622950819672,0.6382978723404256,0.1794871794871795,0.25925925925925924,0.9629629629629629,1.0,0.625
581,0.42622950819672134,0.48936170212765956,0.4615384615384615,0.3333333333333333,0.18518518518518517,1.0,0.625
582,0.4426229508196722,0.425531914893617,0.20512820512820512,0.4074074074074074,0.48148148148148145,1.0,0.625
583,0.1639344262295082,0.06382978723404255,0.28205128205128205,0.6296296296296295,0.9259259259259258,1.0,0.625
584,0.3442622950819672,0.2978723404255319,0.358974358974359,0.6666666666666666,0.7777777777777777,1.0,0.625
585,0.4426229508196722,0.5957446808510638,0.6923076923076923,0.7037037037037037,0.37037037037037035,1.0,0.625
586,0.22950819672131148,0.36170212765957444,0.10256410256410256,0.8888888888888888,0.8518518518518519,1.0,0.625
587,0.9180327868852459,0.36170212765957444,0.6153846153846154,1.0,0.0,1.0,0.625
588,0.27868852459016397,0.7234042553191489,0.15384615384615385,0.5555555555555556,0.07407407407407407,1.0,0.625
589,0.45901639344262296,0.44680851063829785,0.1282051282051282,0.7037037037037037,0.5925925925925926,1.0,0.6875
590,0.7049180327868853,0.14893617021276595,0.3076923076923077,0.0,0.9629629629629629,1.0,0.6875
591,0.5081967213114754,0.36170212765957444,0.48717948717948717,0.07407407407407407,0.37037037037037035,1.0,0.6875
592,0.3442622950819672,0.2127659574468085,0.20512820512820512,0.25925925925925924,0.48148148148148145,1.0,0.6875
593,0.45901639344262296,0.5106382978723404,0.6666666666666666,0.3333333333333333,0.14814814814814814,1.0,0.6875
594,0.3278688524590164,0.5106382978723404,0.3333333333333333,0.4074074074074074,0.2222222222222222,1.0,0.6875
595,0.5081967213114754,0.14893617021276595,0.20512820512820512,0.4444444444444444,0.8888888888888888,1.0,0.6875
596,0.5737704918032788,0.44680851063829785,0.15384615384615385,0.5555555555555556,0.2962962962962963,1.0,0.6875
597,0.3442622950819672,0.5106382978723404,0.23076923076923075,0.6296296296296295,0.8518518518518519,1.0,0.6875
598,0.36065573770491804,0.19148936170212766,0.3076923076923077,0.6666666666666666,0.18518518518518517,1.0,0.6875
599,0.27868852459016397,0.2127659574468085,0.4615384615384615,0.7407407407407407,0.1111111111111111,1.0,0.6875
600,0.22950819672131148,0.2127659574468085,0.5384615384615384,0.9259259259259258,0.7777777777777777,1.0,0.6875
601,0.6721311475409837,0.2978723404255319,0.358974358974359,1.0,0.8148148148148148,1.0,0.6875
602,0.6721311475409837,0.5744680851063829,0.20512820512820512,0.037037037037037035,0.5185185185185185,1.0,0.6875
603,0.21311475409836067,0.3404255319148936,0.41025641025641024,0.037037037037037035,0.5925925925925926,1.0,0.75
604,0.3442622950819672,0.5106382978723404,0.6153846153846154,1.0,0.18518518518518517,1.0,0.75
605,0.22950819672131148,0.7234042553191489,0.3076923076923077,0.5555555555555556,0.25925925925925924,1.0,0.75
606,0.22950819672131148,0.5531914893617021,0.3333333333333333,0.3333333333333333,0.8148148148148148,1.0,0.75
607,0.22950819672131148,0.2127659574468085,0.358974358974359,0.2962962962962963,0.37037037037037035,1.0,0.75
608,0.24590163934426232,0.425531914893617,0.20512820512820512,0.4074074074074074,0.14814814814814814,1.0,0.75
609,0.6229508196721312,0.2978723404255319,0.3333333333333333,0.4444444444444444,0.1111111111111111,1.0,0.75
610,0.21311475409836067,0.3404255319148936,0.3846153846153846,0.07407407407407407,0.5185185185185185,1.0,0.75
611,0.3442622950819672,0.2978723404255319,0.4615384615384615,0.6666666666666666,0.9629629629629629,1.0,0.75
612,0.5573770491803279,0.2978723404255319,0.3076923076923077,0.7407407407407407,0.7777777777777777,1.0,0.75
613,0.21311475409836067,0.2127659574468085,0.15384615384615385,0.8888888888888888,0.2222222222222222,1.0,0.75
614,0.39344262295081966,0.06382978723404255,0.23076923076923075,0.7037037037037037,0.8518518518518519,1.0,0.75
615,0.3278688524590164,0.48936170212765956,0.3333333333333333,0.6296296296296295,0.0,1.0,0.75
616,0.5409836065573771,0.2127659574468085,0.15384615384615385,0.9259259259259258,0.48148148148148145,1.0,0.75
617,0.26229508196721313,0.1276595744680851,0.15384615384615385,0.25925925925925924,0.07407407407407407,1.0,0.8125
618,0.3278688524590164,0.2127659574468085,0.3333333333333333,0.18518518518518517,0.8148148148148148,1.0,0.8125
619,0.3278688524590164,0.06382978723404255,0.41025641025641024,0.2222222222222222,0.5925925925925926,1.0,0.8125
620,0.5081967213114754,0.0,0.28205128205128205,0.14814814814814814,0.37037037037037035,1.0,0.8125
621,0.39344262295081966,0.2765957446808511,0.4615384615384615,0.037037037037037035,0.7037037037037037,1.0,0.8125
622,0.5409836065573771,0.2978723404255319,0.48717948717948717,0.5185185185185185,0.9629629629629629,1.0,0.8125
623,0.4426229508196722,0.1276595744680851,0.5641025641025641,1.0,0.48148148148148145,1.0,0.8125
624,0.09836065573770492,0.40425531914893614,0.07692307692307693,0.8888888888888888,0.4074074074074074,1.0,0.8125
625,0.6229508196721312,0.5106382978723404,0.2564102564102564,0.9259259259259258,0.6296296296296295,1.0,0.8125
626,0.39344262295081966,0.5744680851063829,0.358974358974359,0.6666666666666666,0.1111111111111111,1.0,0.8125
627,0.5737704918032788,0.6595744680851063,0.4358974358974359,0.0,0.2962962962962963,1.0,0.8125
628,0.14754098360655737,0.14893617021276595,0.2564102564102564,0.4444444444444444,0.8518518518518519,1.0,0.8125
629,0.09836065573770492,0.2765957446808511,0.3333333333333333,0.3333333333333333,0.7407407407407407,1.0,0.8125
630,0.3770491803278689,0.36170212765957444,0.3846153846153846,0.5925925925925926,0.37037037037037035,1.0,0.875
631,0.11475409836065574,0.36170212765957444,0.0,0.14814814814814814,0.2222222222222222,1.0,0.875
632,0.4426229508196722,0.2765957446808511,0.48717948717948717,0.07407407407407407,0.2962962962962963,1.0,0.875
633,0.3770491803278689,0.2978723404255319,0.10256410256410256,0.18518518518518517,0.6296296296296295,1.0,0.875
634,0.22950819672131148,0.40425531914893614,0.15384615384615385,0.6666666666666666,0.7407407407407407,1.0,0.875
635,0.5081967213114754,0.1276595744680851,0.5128205128205128,0.3333333333333333,0.8148148148148148,1.0,0.875
636,0.3278688524590164,0.36170212765957444,0.4615384615384615,0.4074074074074074,0.8518518518518519,1.0,0.875
637,0.3278688524590164,0.2978723404255319,0.717948717948718,1.0,0.7777777777777777,1.0,0.875
638,0.5081967213114754,0.2978723404255319,0.3076923076923077,0.0,0.48148148148148145,1.0,0.875
639,0.4426229508196722,0.6382978723404256,0.10256410256410256,0.4444444444444444,0.037037037037037035,1.0,0.875
640,0.5573770491803279,0.425531914893617,0.2564102564102564,0.25925925925925924,0.7037037037037037,1.0,0.875
641,0.39344262295081966,0.46808510638297873,0.1794871794871795,0.9259259259259258,0.8888888888888888,1.0,0.875
642,0.42622950819672134,0.5106382978723404,0.23076923076923075,0.5555555555555556,0.9629629629629629,1.0,0.875
643,0.6065573770491803,0.2765957446808511,0.3846153846153846,0.5185185185185185,0.1111111111111111,1.0,0.875
644,0.4426229508196722,0.0,0.6153846153846154,0.07407407407407407,0.9629629629629629,1.0,0.9375
645,0.45901639344262296,0.2978723404255319,0.23076923076923075,0.9259259259259258,0.4074074074074074,1.0,0.9375
646,0.04918032786885246,0.1276595744680851,0.3333333333333333,0.7037037037037037,0.5925925925925926,1.0,0.9375
647,0.27868852459016397,0.2127659574468085,0.28205128205128205,0.8148148148148148,0.1111111111111111,1.0,0.9375
648,0.21311475409836067,0.5319148936170213,0.1794871794871795,0.7407407407407407,0.18518518518518517,1.0,0.9375
649,0.42622950819672134,0.2765957446808511,0.3076923076923077,0.0,0.8888888888888888,1.0,0.9375
650,0.3442622950819672,0.36170212765957444,0.15384615384615385,0.25925925925925924,0.2962962962962963,1.0,0.9375
651,0.27868852459016397,0.2978723404255319,0.15384615384615385,0.3333333333333333,0.14814814814814814,1.0,0.9375
652,0.39344262295081966,0.40425531914893614,0.5897435897435898,0.2222222222222222,0.7777777777777777,1.0,0.9375
653,0.3278688524590164,0.2978723404255319,0.48717948717948717,0.5555555555555556,0.48148148148148145,1.0,0.9375
654,0.5573770491803279,0.36170212765957444,0.4615384615384615,1.0,0.6666666666666666,1.0,0.9375
655,0.49180327868852464,0.8085106382978723,0.0,0.5185185185185185,0.8518518518518519,1.0,0.9375
656,0.5737704918032788,0.14893617021276595,0.6153846153846154,0.037037037037037035,0.37037037037037035,1.0,0.9375
657,0.4426229508196722,0.0,0.10256410256410256,0.6296296296296295,0.4444444444444444,1.0,0.9375
658,0.3278688524590164,0.5106382978723404,0.15384615384615385,0.3333333333333333,0.6666666666666666,1.0,1.0
659,0.11475409836065574,0.5744680851063829,0.3076923076923077,0.5555555555555556,0.2962962962962963,1.0,1.0
660,0.3442622950819672,0.5744680851063829,0.1794871794871795,0.4444444444444444,0.4074074074074074,1.0,1.0
661,0.27868852459016397,0.06382978723404255,0.28205128205128205,0.9629629629629629,0.37037037037037035,1.0,1.0
662,0.36065573770491804,0.5106382978723404,0.15384615384615385,1.0,0.7407407407407407,1.0,1.0
663,0.5081967213114754,0.5744680851063829,0.1794871794871795,0.18518518518518517,0.0,1.0,1.0
664,0.4426229508196722,0.06382978723404255,0.3333333333333333,0.6296296296296295,0.7777777777777777,1.0,1.0
665,0.27868852459016397,0.2127659574468085,0.15384615384615385,0.8148148148148148,0.14814814814814814,1.0,1.0
666,0.3278688524590164,0.48936170212765956,0.3076923076923077,0.5185185185185185,0.7037037037037037,1.0,1.0
667,0.22950819672131148,0.36170212765957444,0.3333333333333333,0.037037037037037035,0.25925925925925924,1.0,1.0
668,0.27868852459016397,0.2978723404255319,0.10256410256410256,0.2222222222222222,0.8518518518518519,1.0,1.0
669,0.11475409836065574,0.6170212765957447,0.10256410256410256,0.5925925925925926,0.1111111111111111,1.0,1.0
670,0.3770491803278689,0.19148936170212766,0.3076923076923077,0.8888888888888888,0.48148148148148145,1.0,1.0
671,0.8524590163934427,0.2978723404255319,0.2564102564102564,0.9259259259259258,0.07407407407407407,1.0,1.0
