,f3,f4,f5,f9,f12,f32,f33,f34,f35,f37
0,0.0,0.11428571428571428,0.0,0.0,0.75,0.0,0.11999999999999998,0.4,0.0,0.0
1,0.42857142857142855,0.0,0.0,0.0,0.25,0.0,0.7866666666666667,0.4,0.0,0.0
2,0.42857142857142855,0.0,0.0,0.0,0.25,1.0,0.11999999999999998,0.8524590163934426,0.15614754098360656,0.0
3,0.0,0.0,0.7058823529411764,0.0,0.75,0.0,0.6802666666666667,0.2525245901639344,0.0,0.0
4,0.0,0.0,0.7058823529411764,0.0,0.75,1.0,0.14693333333333336,0.16721311475409836,0.05512295081967213,0.0
5,0.0,0.0,0.5294117647058824,0.0,0.0,0.0,0.36000000000000004,0.4,0.0,0.0
6,0.42857142857142855,0.0,0.0,0.0,0.25,1.0,0.11973333333333332,0.4,1.0,0.0
7,0.0,0.0,0.0,0.0,0.25,0.0,0.8133333333333332,0.09967213114754098,0.0,0.0
8,0.42857142857142855,0.0,0.0,0.0,0.25,0.0,0.11973333333333332,0.8655737704918033,0.0,0.0
9,0.0,0.0,0.0,0.0,0.25,1.0,0.2,0.8655737704918033,0.15614754098360656,0.0
10,0.42857142857142855,0.0,0.0,0.0,0.25,0.0,0.25333333333333335,0.4,0.0,0.0
11,0.42857142857142855,0.0,0.0,0.0,0.25,1.0,0.013333333333333336,0.8655737704918033,1.0,0.0
12,0.42857142857142855,0.0,0.0,0.0,0.25,1.0,0.25333333333333335,0.4,0.030737704918032786,0.0
13,0.0,0.0,0.5294117647058824,0.0,0.0,0.0,0.25333333333333335,0.3999344262295082,0.0,0.0
14,0.0,0.0,0.0,0.0,0.5,1.0,0.09333333333333334,0.8,0.15594262295081968,0.0
15,0.0,0.0,0.0,0.0,0.25,1.0,1.0,0.8655737704918033,0.15614754098360656,0.0
16,0.0,0.14285714285714285,0.0,0.0,0.25,0.0,0.7869333333333334,0.39344262295081966,0.0,0.0
17,0.0,0.0,0.9411764705882353,0.0,0.75,1.0,0.14666666666666667,0.4,0.8545081967213115,0.0
18,0.0,0.0,0.0,0.0,0.25,1.0,0.7866666666666667,0.865639344262295,0.15614754098360656,0.0
19,0.0,0.0,0.8235294117647058,0.0,0.75,0.0,0.06693333333333333,0.7869508196721311,0.0,0.0
20,0.0,0.0,0.0,0.0,0.5,1.0,0.09333333333333334,0.4,0.15594262295081968,0.0
21,0.14285714285714285,0.7857142857142857,0.0,0.0,1.0,0.0,0.14666666666666667,0.4,0.0,0.0
22,0.0,0.0,1.0,0.0,0.75,0.0,0.20026666666666665,0.03278688524590164,0.0,0.0
23,0.5714285714285714,1.0,0.0,0.0,1.0,0.0,0.7866666666666667,0.3999344262295082,0.0,0.0
24,0.0,0.04285714285714286,0.0,0.0,1.0,0.0,0.06666666666666667,0.4,0.0,0.0
25,1.0,0.0,0.5882352941176471,0.0,0.75,0.0,0.7866666666666667,0.8655737704918033,0.0,0.0
26,0.0,0.0,0.7058823529411764,0.0,0.75,1.0,0.14666666666666667,0.23344262295081966,1.0,0.0
27,0.42857142857142855,0.0,0.0,0.0,0.25,1.0,0.11999999999999998,0.3999344262295082,0.8545081967213115,0.0
28,0.14285714285714285,0.7857142857142857,0.0,0.0,1.0,0.0,0.14666666666666667,0.5901639344262295,0.0,0.0
29,0.8571428571428571,0.0,0.0,0.44285714285714284,0.75,0.0,0.36000000000000004,0.4,0.0,0.8333333333333334
30,0.0,0.0,0.0,0.0,1.0,1.0,0.09333333333333334,0.4,1.0,0.0
31,1.0,0.0,0.5294117647058824,0.0,0.25,1.0,0.30666666666666664,0.8655737704918033,0.8545081967213115,0.0
32,0.0,0.0,0.5294117647058824,0.0,0.0,1.0,0.11973333333333332,0.8655737704918033,0.15614754098360656,0.0
33,0.0,0.0,1.0,0.0,0.75,0.0,1.0,0.29508196721311475,0.0,0.0
34,0.0,0.0,0.0,0.0,0.5,1.0,0.13333333333333336,0.8655737704918033,1.0,0.0
35,0.0,0.0,0.0,0.0,1.0,0.0,0.36000000000000004,0.8,0.0,0.0
36,0.2857142857142857,0.0,0.0,0.5,0.75,0.0,0.3064,0.8655737704918033,0.0,0.0
37,0.0,0.0,0.5882352941176471,0.0,0.75,0.0,0.09333333333333334,0.8655737704918033,0.0,0.0
38,0.42857142857142855,0.0,0.0,0.0,0.25,0.0,0.10693333333333334,0.013114754098360656,0.0,0.0
39,0.42857142857142855,0.0,0.0,0.0,0.25,1.0,0.36000000000000004,0.24583606557377047,1.0,0.0
40,0.0,0.0,0.0,0.0,0.25,0.0,0.36000000000000004,0.03278688524590164,0.0,0.0
41,0.42857142857142855,0.0,0.0,0.0,0.25,1.0,0.11973333333333332,0.8655737704918033,1.0,0.0
42,0.0,0.0,0.5882352941176471,0.0,0.25,0.0,0.11999999999999998,0.4,0.0,0.0
43,0.42857142857142855,0.0,0.0,0.0,0.25,1.0,0.09333333333333334,0.4,0.15614754098360656,0.0
44,0.0,0.0,0.0,0.0,1.0,0.0,0.14640000000000003,0.013114754098360656,0.0,0.0
45,0.0,0.0,0.0,0.0,0.5,1.0,0.09333333333333334,0.4,0.06168032786885246,0.0
46,0.42857142857142855,0.0,0.0,0.0,0.25,1.0,0.0936,0.4,1.0,0.0
47,0.0,0.0,0.5294117647058824,0.0,0.0,1.0,0.11999999999999998,0.8655737704918033,1.0,0.0
48,0.8571428571428571,0.0,0.0,0.44285714285714284,0.75,0.0,0.6,0.8360000000000001,0.0,0.8333333333333334
49,0.0,0.0,0.0,0.0,0.75,1.0,0.11973333333333332,0.8655737704918033,1.0,0.0
50,0.0,0.0,0.0,0.0,0.25,1.0,0.11999999999999998,0.3999344262295082,0.15614754098360656,0.0
51,1.0,0.0,0.0,0.0,0.75,1.0,0.013333333333333336,0.8655737704918033,0.15594262295081968,0.0
52,0.42857142857142855,0.0,0.0,0.0,0.25,1.0,0.35973333333333335,0.8524590163934426,0.15614754098360656,0.0
53,0.0,0.0,0.5294117647058824,0.0,0.0,1.0,0.09306666666666667,0.09836065573770492,1.0,0.0
54,0.0,0.0,0.0,0.0,0.25,0.0,0.11999999999999998,0.8655737704918033,0.0,0.0
55,0.42857142857142855,0.0,0.0,0.0,0.25,1.0,0.11999999999999998,0.24583606557377047,1.0,0.0
56,1.0,0.0,0.0,0.0,0.75,1.0,0.013600000000000001,0.4,0.15614754098360656,0.0
57,0.0,0.0,0.0,0.7142857142857143,0.75,0.0,0.36000000000000004,0.8655737704918033,0.0,0.0
58,0.0,0.0,0.0,0.0,0.75,1.0,0.7866666666666667,0.8524590163934426,0.15614754098360656,0.0
59,0.0,0.0,0.0,0.0,0.25,1.0,0.25333333333333335,0.4,0.15614754098360656,0.0
60,0.0,0.0,0.0,0.0,0.25,1.0,0.25333333333333335,0.4,1.0,0.0
61,0.0,0.0,0.0,0.0,0.5,1.0,0.09333333333333334,0.8,0.15614754098360656,0.0
62,0.0,0.0,0.5294117647058824,0.0,0.0,0.0,0.013600000000000001,0.4,0.0,0.0
63,0.0,0.0,1.0,0.0,0.25,1.0,0.2,0.4,0.15614754098360656,0.0
64,0.42857142857142855,0.0,0.0,0.0,0.25,1.0,0.36000000000000004,0.32786885245901637,0.15614754098360656,0.0
65,1.0,0.0,0.0,0.0,0.75,1.0,0.013600000000000001,0.3377049180327869,0.125,0.0
66,0.0,0.0,0.0,0.0,1.0,1.0,0.25333333333333335,0.21967213114754097,0.12520491803278688,0.0
67,0.42857142857142855,0.0,0.0,0.0,1.0,1.0,0.14666666666666667,0.8655737704918033,0.15614754098360656,0.0
68,0.0,0.0,0.0,0.0,0.25,0.0,0.04000000000000001,0.013114754098360656,0.0,0.0
69,0.0,0.0,0.0,0.0,1.0,0.0,0.09333333333333334,0.16393442622950818,0.0,0.0
70,0.0,0.0,0.8235294117647058,0.0,0.75,0.0,0.14693333333333336,0.4,0.0,1.0
71,0.42857142857142855,0.0,0.0,0.0,0.25,0.0,0.8666666666666667,0.4,0.0,1.0
72,1.0,0.0,0.0,0.0,0.75,1.0,0.11973333333333332,0.4,0.15614754098360656,0.0
73,0.42857142857142855,0.0,0.0,0.0,0.25,0.0,0.14640000000000003,0.8524590163934426,0.0,0.0
74,0.0,0.05714285714285714,0.0,0.0,0.75,0.0,0.06666666666666667,0.740983606557377,0.0,0.0
75,0.42857142857142855,0.0,0.0,0.0,0.25,1.0,0.09333333333333334,0.39934426229508196,0.12540983606557377,0.0
76,1.0,0.0,0.0,0.7142857142857143,1.0,1.0,0.36000000000000004,0.3999344262295082,1.0,0.0
77,0.0,0.0,0.0,0.0,0.75,0.0,0.0936,0.8655737704918033,0.0,0.0
78,0.0,0.0,0.8235294117647058,0.0,0.25,0.0,0.4666666666666667,0.819672131147541,0.0,0.0
79,0.42857142857142855,0.0,0.0,0.0,0.25,1.0,0.7866666666666667,0.8655737704918033,1.0,0.0
80,0.0,0.0,0.5294117647058824,0.0,0.25,0.0,0.11999999999999998,0.4,0.0,0.0
81,0.0,0.0,0.0,0.0,0.5,1.0,0.09333333333333334,0.4,0.15614754098360656,0.0
82,0.7142857142857142,0.0,0.0,0.0,1.0,1.0,0.35973333333333335,0.4,0.00020491803278688525,0.0
83,0.0,0.0,0.5882352941176471,0.0,0.75,0.0,0.14666666666666667,0.3999344262295082,0.0,0.0
84,0.42857142857142855,0.0,0.0,0.0,0.25,1.0,0.36000000000000004,0.4,1.0,0.0
85,0.14285714285714285,0.6428571428571428,0.0,0.0,1.0,0.0,0.7866666666666667,0.419672131147541,0.0,1.0
86,0.42857142857142855,0.0,0.0,0.0,1.0,1.0,0.14666666666666667,0.8655737704918033,1.0,0.0
87,0.0,0.0,0.0,0.0,0.25,0.0,0.36000000000000004,0.4,0.0,0.0
88,0.2857142857142857,0.0,0.0,0.8571428571428571,0.75,0.0,0.36000000000000004,0.7147540983606557,0.0,0.0
89,1.0,0.0,0.0,0.0,1.0,0.0,0.06666666666666667,0.4,0.0,0.0
90,0.0,0.14285714285714285,0.0,0.0,0.25,0.0,0.25360000000000005,0.8655737704918033,0.0,0.0
91,1.0,0.0,0.0,0.0,0.75,1.0,0.013333333333333336,0.4,0.15614754098360656,0.0
92,0.0,0.0,0.0,0.0,0.25,1.0,0.11999999999999998,0.865639344262295,1.0,0.0
93,0.0,0.0,0.0,0.0,0.25,1.0,0.11999999999999998,0.4,1.0,0.0
94,0.14285714285714285,0.7857142857142857,0.0,0.0,1.0,0.0,0.33333333333333337,0.419672131147541,0.0,0.0
95,0.0,0.0,0.5294117647058824,0.0,0.0,1.0,0.09306666666666667,0.3999344262295082,1.0,0.0
96,0.42857142857142855,0.0,0.0,0.0,1.0,1.0,0.14666666666666667,0.4,0.15614754098360656,0.0
97,0.0,0.0,0.0,0.0,1.0,1.0,0.36000000000000004,0.4,0.15594262295081968,0.0
98,0.0,0.0,0.0,0.0,1.0,0.0,0.09333333333333334,0.4,0.0,0.0
99,0.42857142857142855,0.0,0.0,0.0,1.0,1.0,0.35973333333333335,0.4,1.0,0.0
100,0.42857142857142855,0.0,0.0,0.0,1.0,1.0,0.4666666666666667,0.4,0.12540983606557377,0.0
101,0.42857142857142855,0.0,0.0,0.7142857142857143,1.0,1.0,0.2,0.4,1.0,0.0
102,0.0,0.0,0.0,0.0,0.5,1.0,0.19973333333333332,0.4,0.15614754098360656,0.0
103,0.0,0.0,0.0,0.0,0.5,1.0,0.11973333333333332,0.4,0.15594262295081968,0.0
104,0.42857142857142855,0.08571428571428572,0.0,0.0,1.0,0.0,0.06666666666666667,0.01639344262295082,0.0,0.0
105,0.0,0.0,0.5294117647058824,0.0,0.0,1.0,0.11999999999999998,0.4,0.15614754098360656,0.0
106,0.0,0.0,0.5294117647058824,0.0,0.0,0.0,0.36000000000000004,0.4,0.0,0.0
107,0.0,0.0,0.0,0.0,1.0,1.0,0.06666666666666667,0.8,1.0,0.0
108,0.42857142857142855,0.0,0.0,0.0,0.25,1.0,0.11999999999999998,0.8524590163934426,1.0,0.0
109,0.0,0.0,0.0,0.0,0.25,1.0,0.11999999999999998,0.3999344262295082,0.15614754098360656,0.0
110,1.0,0.0,0.0,0.0,1.0,0.0,0.11999999999999998,0.8655737704918033,0.0,0.0
111,0.0,0.0,0.8235294117647058,0.0,0.75,0.0,0.14666666666666667,0.03278688524590164,0.0,0.0
112,0.0,0.0,0.0,0.0,1.0,1.0,0.09333333333333334,0.8,0.15594262295081968,0.0
113,0.42857142857142855,0.0,0.0,0.0,0.25,1.0,0.11973333333333332,0.4,1.0,0.0
114,0.42857142857142855,0.0,0.0,0.7142857142857143,1.0,1.0,0.2,0.7213114754098361,0.15614754098360656,0.0
115,0.2857142857142857,0.0,0.0,0.8571428571428571,0.75,0.0,0.36000000000000004,0.7147540983606557,0.0,0.0
116,0.0,0.0,1.0,0.0,0.75,0.0,0.7866666666666667,0.4,0.0,0.0
117,0.0,0.0,0.5294117647058824,0.0,0.0,1.0,0.09306666666666667,0.34098360655737703,1.0,0.0
118,0.42857142857142855,0.0,0.0,0.0,0.75,0.0,0.0,0.013114754098360656,0.0,0.0
119,0.5714285714285714,0.0,0.0,0.5714285714285714,1.0,0.0,0.14666666666666667,0.04918032786885246,0.0,0.0
120,0.42857142857142855,0.0,0.0,0.0,0.25,1.0,0.11973333333333332,0.4,1.0,0.0
121,0.0,0.0,0.0,0.0,0.75,1.0,0.11999999999999998,0.8524590163934426,1.0,0.0
122,0.0,0.0,0.5294117647058824,0.0,0.0,0.0,0.11973333333333332,0.8655737704918033,0.0,0.0
123,0.0,0.05714285714285714,0.0,0.0,0.75,0.0,0.2,0.740983606557377,0.0,0.0
124,1.0,0.0,0.5882352941176471,0.0,0.75,0.0,0.05360000000000001,0.8655737704918033,0.0,0.0
125,0.0,0.0,0.0,0.0,1.0,0.0,0.36000000000000004,0.8,0.0,0.0
126,0.8571428571428571,0.0,0.0,0.44285714285714284,0.75,0.0,0.35973333333333335,0.8360655737704918,0.0,0.0
127,0.0,0.0,0.0,0.0,1.0,1.0,0.36000000000000004,0.4,1.0,0.0
128,0.42857142857142855,0.0,0.0,0.0,1.0,0.0,0.35973333333333335,0.4,0.0,0.0
129,0.42857142857142855,0.0,0.0,0.0,1.0,1.0,0.4666666666666667,0.4,0.8545081967213115,0.0
130,0.42857142857142855,0.0,0.0,0.0,0.25,0.0,0.25333333333333335,0.8,0.0,0.0
131,0.14285714285714285,0.6428571428571428,0.0,0.0,1.0,0.0,0.22400000000000003,0.4,0.0,0.0
132,0.42857142857142855,0.0,0.0,0.0,1.0,1.0,0.35973333333333335,0.8524590163934426,0.15614754098360656,0.0
133,0.7142857142857142,0.0,0.0,0.0,1.0,0.0,0.25360000000000005,1.0,0.0,0.0
134,0.14285714285714285,0.7857142857142857,0.0,0.0,1.0,0.0,0.22666666666666668,0.5901639344262295,0.0,0.0
135,0.42857142857142855,0.0,0.0,0.0,1.0,1.0,0.4666666666666667,1.0,0.12540983606557377,0.0
136,0.0,0.0,0.0,0.0,0.25,0.0,0.8666666666666667,0.4,0.0,1.0
137,0.0,0.0,0.5882352941176471,0.0,0.75,0.0,0.09333333333333334,0.4,0.0,0.0
138,0.0,0.0,0.0,0.0,1.0,0.0,0.36000000000000004,0.4,0.0,0.0
139,0.8571428571428571,0.0,0.0,0.44285714285714284,0.75,1.0,0.6,0.4,1.0,0.0
140,0.0,0.0,0.7058823529411764,0.0,0.75,0.0,0.09333333333333334,0.03278688524590164,0.0,0.0
141,0.0,0.0,0.5294117647058824,0.0,0.0,1.0,0.11973333333333332,0.8655737704918033,0.1557377049180328,0.0
142,0.42857142857142855,0.0,0.0,0.0,0.75,0.0,0.04000000000000001,0.0380327868852459,0.0,0.0
143,0.42857142857142855,0.0,0.0,0.0,0.25,0.0,0.7866666666666667,0.3999344262295082,0.0,0.0
144,1.0,0.0,0.0,0.0,0.75,0.0,0.11999999999999998,0.8655737704918033,0.0,0.0
145,0.0,0.0,0.5882352941176471,0.0,0.25,0.0,0.36000000000000004,0.819672131147541,0.0,0.0
146,0.42857142857142855,0.0,0.0,0.0,1.0,1.0,0.3602666666666667,0.5442622950819672,0.1805327868852459,0.0
147,0.2857142857142857,0.0,0.0,0.5,0.75,0.0,0.17333333333333334,0.8655737704918033,0.0,0.0
148,0.7142857142857142,0.0,0.0,0.0,1.0,0.0,0.4666666666666667,1.0,0.0,0.0
149,0.0,0.0,0.0,0.0,0.5,1.0,0.11973333333333332,0.34098360655737703,0.15614754098360656,0.0
150,0.0,0.0,0.7058823529411764,0.0,0.75,0.0,0.14666666666666667,0.4656393442622951,0.0,0.0
151,0.0,0.0,0.5882352941176471,0.0,0.25,0.0,0.09333333333333334,0.4,0.0,0.0
152,0.42857142857142855,0.0,0.0,0.7142857142857143,1.0,0.0,0.36000000000000004,0.8655737704918033,0.0,0.0
153,0.42857142857142855,0.0,0.0,0.0,0.25,1.0,0.09333333333333334,0.4,1.0,0.0
154,0.0,0.0,0.0,0.0,0.25,1.0,0.36000000000000004,0.8655737704918033,0.20491803278688525,0.0
155,0.0,0.0,0.0,0.0,0.75,1.0,0.11999999999999998,0.4,1.0,0.0
156,0.0,0.0,0.5294117647058824,0.0,0.0,0.0,0.11973333333333332,0.8655737704918033,0.0,0.0
157,0.0,0.0,1.0,0.0,0.75,0.0,0.7869333333333334,0.6557377049180327,0.0,1.0
158,0.0,0.0,0.0,0.0,1.0,1.0,0.09333333333333334,0.8,1.0,0.0
159,0.0,0.0,0.0,0.0,0.25,0.0,0.2,0.04918032786885246,0.0,0.0
160,1.0,0.0,0.0,0.0,1.0,0.0,0.36000000000000004,0.8,0.0,0.0
161,0.0,0.0,0.0,0.0,0.25,0.0,0.7866666666666667,0.3999344262295082,0.0,0.0
162,0.42857142857142855,0.0,0.0,0.0,0.25,0.0,0.11999999999999998,0.8655737704918033,0.0,0.0
163,0.0,0.0,0.8235294117647058,0.0,0.75,0.0,0.6,0.3999344262295082,0.0,0.0
164,0.0,0.0,0.0,0.0,0.5,1.0,0.11973333333333332,0.3999344262295082,0.0,0.0
165,0.42857142857142855,0.0,0.0,0.0,0.25,1.0,0.7866666666666667,0.4,0.20491803278688525,0.0
166,0.42857142857142855,0.0,0.0,0.0,0.25,0.0,0.17333333333333334,0.6335081967213115,0.0,0.0
167,0.0,0.0,0.0,0.0,0.25,0.0,0.20026666666666665,0.4,0.0,0.0
168,0.42857142857142855,0.0,0.0,0.0,0.25,1.0,0.0936,0.2459016393442623,0.12540983606557377,0.0
169,0.0,0.0,0.0,0.0,1.0,0.0,0.14666666666666667,0.03278688524590164,0.0,0.0
170,0.14285714285714285,0.6428571428571428,0.0,0.0,1.0,0.0,0.09333333333333334,0.4,0.0,0.0
171,0.0,0.0,0.0,0.0,0.25,0.0,0.7866666666666667,0.8655737704918033,0.0,0.0
172,0.0,0.0,0.0,0.0,1.0,1.0,0.09333333333333334,0.4,1.0,0.0
173,0.0,0.0,0.0,0.0,0.5,1.0,0.19973333333333332,0.8,0.15614754098360656,0.0
174,0.42857142857142855,0.0,0.0,0.0,1.0,0.0,0.36000000000000004,0.03278688524590164,0.0,0.0
175,0.0,0.0,0.0,0.0,0.75,1.0,0.25333333333333335,0.21967213114754097,0.8545081967213115,0.0
176,0.0,0.0,0.0,0.0,0.25,1.0,0.25333333333333335,0.819672131147541,1.0,0.0
177,0.8571428571428571,0.0,0.0,0.44285714285714284,0.75,0.0,0.6,0.8360000000000001,0.0,1.0
178,0.42857142857142855,0.0,0.0,0.0,0.25,0.0,0.11999999999999998,0.4,0.0,0.0
179,0.7142857142857142,0.0,0.0,0.0,1.0,1.0,0.14666666666666667,0.8655737704918033,0.00020491803278688525,0.0
180,0.0,0.0,1.0,0.0,0.75,0.0,0.7866666666666667,0.3999344262295082,0.0,0.0
181,0.0,0.0,0.0,0.0,1.0,0.0,0.36000000000000004,0.03278688524590164,0.0,0.0
182,0.0,0.0,0.0,0.0,0.25,1.0,0.11973333333333332,0.4,1.0,0.0
183,0.0,0.0,0.0,0.0,0.25,1.0,0.35973333333333335,0.8524590163934426,1.0,0.0
184,0.0,0.0,0.0,0.0,0.25,1.0,0.11999999999999998,0.4,1.0,0.0
185,0.0,0.0,0.0,0.0,0.25,0.0,0.09333333333333334,0.8655737704918033,0.0,0.0
186,1.0,0.0,0.0,0.0,0.75,1.0,0.013600000000000001,0.4,1.0,0.0
187,0.0,0.0,0.0,0.0,0.5,1.0,0.09333333333333334,0.8,0.15614754098360656,0.0
188,0.42857142857142855,0.0,0.0,0.42857142857142855,1.0,0.0,0.14666666666666667,0.6000655737704919,0.0,0.0
189,0.0,0.0,1.0,0.0,0.75,0.0,1.0,0.6557377049180327,0.0,1.0
190,0.14285714285714285,0.9285714285714285,0.0,0.0,1.0,0.0,0.33333333333333337,0.419672131147541,0.0,0.0
191,0.0,0.0,0.0,0.0,1.0,1.0,0.25333333333333335,0.21967213114754097,0.12540983606557377,0.0
192,0.0,0.0,0.0,0.0,0.5,1.0,0.09333333333333334,0.34098360655737703,1.0,0.0
193,0.0,0.0,0.0,0.0,0.25,0.0,0.36000000000000004,0.8655737704918033,0.0,0.0
194,0.42857142857142855,0.0,0.0,0.0,0.25,0.0,0.7866666666666667,0.8655737704918033,0.0,0.0
195,0.0,0.0,0.0,0.0,0.75,0.0,0.04000000000000001,0.013114754098360656,0.0,0.0
196,0.0,0.0,0.0,0.0,0.25,1.0,0.013333333333333336,0.4,1.0,0.0
197,0.0,0.0,0.0,0.0,0.5,1.0,0.09333333333333334,0.4,1.0,0.0
198,0.0,0.0,0.0,0.0,0.5,1.0,0.11973333333333332,0.34098360655737703,1.0,0.0
199,0.0,0.0,0.5294117647058824,0.0,0.0,1.0,0.013333333333333336,0.4,0.15614754098360656,0.0
200,0.42857142857142855,0.0,0.0,0.0,0.25,0.0,0.11973333333333332,0.4,0.0,0.0
201,0.42857142857142855,0.0,0.0,0.0,0.25,1.0,0.7866666666666667,0.4,0.15614754098360656,0.0
202,0.0,0.0,0.5882352941176471,0.0,0.25,0.0,0.09333333333333334,0.819672131147541,0.0,0.0
203,0.0,0.0,0.0,0.0,0.25,0.0,0.36000000000000004,0.8655737704918033,0.0,0.0
204,0.0,0.0,0.0,0.0,0.25,1.0,0.013333333333333336,0.8655737704918033,0.15614754098360656,0.0
205,0.42857142857142855,0.0,0.0,0.0,0.25,1.0,0.11973333333333332,0.4,0.15614754098360656,0.0
206,0.42857142857142855,0.0,0.0,0.0,0.25,0.0,0.17359999999999998,0.6335081967213115,0.0,0.0
207,0.42857142857142855,0.0,0.0,0.0,0.25,1.0,0.013333333333333336,0.3901639344262295,1.0,0.0
208,0.0,0.0,0.0,0.0,0.5,1.0,0.09333333333333334,0.8,1.0,0.0
209,0.0,0.0,0.0,0.0,0.5,1.0,0.11973333333333332,0.3999344262295082,1.0,0.0
210,0.5714285714285714,1.0,0.0,0.0,1.0,1.0,0.4666666666666667,0.6557377049180327,1.0,0.0
211,0.0,0.0,0.0,0.0,0.25,1.0,0.2,0.4,1.0,0.0
212,1.0,0.0,0.0,0.0,0.75,0.0,0.7866666666666667,0.039344262295081964,0.0,0.0
213,0.14285714285714285,0.7857142857142857,0.0,0.0,1.0,0.0,0.2,0.5901639344262295,0.0,0.0
214,0.0,0.0,0.5294117647058824,0.0,0.0,0.0,0.11999999999999998,0.8655737704918033,0.0,0.0
215,0.42857142857142855,0.0,0.0,0.0,0.25,0.0,0.36000000000000004,0.8655737704918033,0.0,0.0
216,0.0,0.0,0.5294117647058824,0.0,0.0,1.0,0.36000000000000004,0.4,0.15614754098360656,0.0
217,0.14285714285714285,0.7857142857142857,0.0,0.0,1.0,0.0,0.5466666666666666,0.5901639344262295,0.0,0.8333333333333334
218,0.42857142857142855,0.0,0.0,0.0,1.0,1.0,0.14666666666666667,0.8524590163934426,0.15614754098360656,0.0
219,1.0,0.0,0.0,0.0,0.75,1.0,0.013600000000000001,0.8655737704918033,1.0,0.0
220,0.0,0.0,0.5882352941176471,0.0,0.75,0.0,0.0936,0.4,0.0,0.0
221,0.42857142857142855,0.0,0.0,0.0,0.25,1.0,0.7866666666666667,0.8655737704918033,0.15614754098360656,0.0
222,0.2857142857142857,0.0,0.0,0.8571428571428571,0.75,0.0,0.28,0.7147540983606557,0.0,0.0
223,0.0,0.0,0.0,0.0,0.5,1.0,0.11973333333333332,0.34098360655737703,1.0,0.0
224,0.2857142857142857,0.0,0.0,0.8571428571428571,0.75,1.0,0.17333333333333334,0.4,0.25,0.0
225,0.42857142857142855,0.0,0.0,0.0,0.25,1.0,0.7866666666666667,0.8524590163934426,0.15614754098360656,0.0
226,0.2857142857142857,0.0,0.0,0.5,0.75,0.0,0.3064,0.3999344262295082,0.0,0.0
227,0.42857142857142855,0.0,0.0,0.0,1.0,1.0,0.35973333333333335,0.4,0.15594262295081968,0.0
228,0.0,0.0,0.0,0.0,0.25,0.0,0.11973333333333332,0.4,0.0,0.0
229,0.42857142857142855,0.0,0.0,0.0,0.25,0.0,0.11999999999999998,0.8,0.0,0.0
230,0.42857142857142855,0.0,0.0,0.0,0.25,0.0,0.11973333333333332,0.8655737704918033,0.0,0.0
231,0.0,0.0,0.5294117647058824,0.0,0.0,1.0,0.09306666666666667,0.4,0.15594262295081968,0.0
232,0.0,0.0,0.0,0.0,0.5,1.0,0.11973333333333332,0.4,0.08196721311475409,0.0
233,0.0,0.0,0.5294117647058824,0.0,0.0,1.0,0.36000000000000004,0.8655737704918033,0.12540983606557377,0.0
234,1.0,0.0,0.0,0.0,1.0,1.0,0.06666666666666667,0.3999344262295082,0.12540983606557377,0.0
235,0.0,0.0,0.5294117647058824,0.0,0.0,0.0,0.013600000000000001,0.8655737704918033,0.0,0.0
236,0.14285714285714285,0.9285714285714285,0.0,0.0,1.0,0.0,0.7866666666666667,0.419672131147541,0.0,0.8333333333333334
237,0.0,0.0,0.0,0.0,0.5,1.0,0.09333333333333334,0.4,0.15614754098360656,0.0
238,0.0,0.0,0.0,0.0,1.0,0.0,0.09333333333333334,0.1638688524590164,0.0,0.0
239,0.42857142857142855,0.0,0.0,0.0,0.25,0.0,0.11999999999999998,0.4,0.0,0.0
240,0.42857142857142855,0.0,0.0,0.0,0.25,1.0,0.7866666666666667,0.8524590163934426,0.15614754098360656,0.0
241,0.0,0.0,0.0,0.0,0.25,1.0,0.35973333333333335,0.8655737704918033,0.15614754098360656,0.0
242,0.0,0.0,0.0,0.0,0.25,0.0,0.14666666666666667,0.3999344262295082,0.0,0.0
243,0.0,0.0,0.7058823529411764,0.0,0.75,0.0,0.43999999999999995,0.7442622950819672,0.0,1.0
244,0.7142857142857142,0.0,0.0,0.0,1.0,0.0,0.11973333333333332,0.3999344262295082,0.0,0.0
245,0.0,0.0,0.0,0.0,0.25,0.0,0.11973333333333332,0.4,0.0,0.0
246,0.42857142857142855,0.0,0.0,0.0,1.0,1.0,0.14666666666666667,0.8655737704918033,0.15614754098360656,0.0
247,0.42857142857142855,0.0,0.0,0.0,0.25,0.0,0.17359999999999998,0.6334426229508197,0.0,0.0
248,0.0,0.0,0.0,0.0,0.75,1.0,0.11999999999999998,0.4,0.15614754098360656,0.0
249,0.0,0.0,0.0,0.0,0.25,0.0,0.14666666666666667,0.04918032786885246,0.0,0.0
250,0.42857142857142855,0.0,0.0,0.0,0.25,1.0,0.11999999999999998,0.8655737704918033,0.15614754098360656,0.0
251,0.0,0.0,0.5882352941176471,0.0,0.25,1.0,0.0936,0.819672131147541,0.15614754098360656,0.0
252,0.0,0.0,0.7058823529411764,0.0,0.75,0.0,0.14640000000000003,0.39934426229508196,0.0,0.0
253,0.42857142857142855,0.08571428571428572,0.0,0.0,1.0,1.0,0.2,0.4,1.0,0.0
254,0.0,0.0,0.5882352941176471,0.0,0.25,0.0,0.09333333333333334,0.013114754098360656,0.0,0.0
255,0.14285714285714285,0.6428571428571428,0.0,0.0,1.0,0.0,0.09333333333333334,0.5901639344262295,0.0,0.0
256,0.42857142857142855,0.08571428571428572,0.0,0.0,1.0,1.0,0.2,0.4,0.15614754098360656,0.0
257,1.0,0.0,0.0,0.0,1.0,0.0,0.06666666666666667,0.16393442622950818,0.0,0.0
258,0.0,0.0,0.0,0.0,1.0,0.0,0.09333333333333334,0.03278688524590164,0.0,0.0
259,0.8571428571428571,0.0,0.0,0.44285714285714284,0.75,1.0,0.6,0.8360000000000001,0.15614754098360656,0.0
260,0.0,0.0,0.7058823529411764,0.0,0.75,1.0,0.14693333333333336,0.16727868852459016,0.055327868852459015,0.0
261,0.42857142857142855,0.0,0.0,0.0,1.0,1.0,0.36000000000000004,0.9836065573770492,0.8545081967213115,0.0
262,0.42857142857142855,0.0,0.0,0.0,1.0,1.0,0.14666666666666667,0.4,1.0,0.0
263,0.0,0.0,0.0,0.0,0.25,0.0,0.09333333333333334,0.013114754098360656,0.0,0.0
264,0.0,0.0,0.0,0.0,0.75,0.0,0.11999999999999998,0.8655737704918033,0.0,0.0
265,1.0,0.0,0.0,0.0,1.0,0.0,0.36000000000000004,0.4,0.0,0.0
266,0.0,0.0,0.0,0.0,0.5,1.0,0.11999999999999998,0.8,1.0,0.0
267,0.0,0.0,1.0,0.0,0.75,1.0,0.013333333333333336,0.8,0.15614754098360656,0.0
268,0.0,0.0,0.0,0.0,0.75,0.0,0.7866666666666667,0.4,0.0,0.0
269,0.0,0.0,0.0,0.0,0.25,1.0,0.0936,0.4,0.15614754098360656,0.0
270,0.42857142857142855,0.0,0.0,0.0,0.25,0.0,0.01893333333333333,0.4,0.0,0.0
271,0.0,0.0,0.0,0.0,0.25,0.0,0.0936,0.8,0.0,0.0
272,0.42857142857142855,0.0,0.0,0.0,0.25,0.0,0.11973333333333332,0.4,0.0,0.0
273,0.42857142857142855,0.0,0.0,0.0,0.25,1.0,0.7866666666666667,0.09836065573770492,1.0,0.0
274,0.0,0.0,0.0,0.0,0.5,1.0,0.11999999999999998,0.8,0.15614754098360656,0.0
275,1.0,0.0,0.0,0.0,1.0,0.0,0.09333333333333334,0.16393442622950818,0.0,0.0
276,0.0,0.0,1.0,0.0,0.75,0.0,0.7866666666666667,0.8,0.0,0.0
277,0.42857142857142855,0.0,0.0,0.0,1.0,1.0,0.14666666666666667,0.8655737704918033,0.15614754098360656,0.0
278,0.5714285714285714,0.0,0.0,0.5714285714285714,1.0,0.0,0.14666666666666667,0.3999344262295082,0.0,0.0
279,0.0,0.0,0.0,0.0,0.5,1.0,0.25333333333333335,0.4,0.8545081967213115,0.0
280,0.0,0.0,0.0,0.0,0.5,1.0,0.11973333333333332,0.8655737704918033,0.15594262295081968,0.0
281,0.42857142857142855,0.0,0.0,0.0,1.0,1.0,0.14666666666666667,0.8655737704918033,1.0,0.0
282,0.42857142857142855,0.0,0.0,0.0,0.25,1.0,0.7866666666666667,0.09836065573770492,0.15614754098360656,0.0
283,0.2857142857142857,0.0,0.0,0.8571428571428571,0.75,1.0,0.27973333333333333,0.6885245901639344,0.25,0.0
284,0.42857142857142855,0.0,0.0,0.0,0.25,1.0,0.7866666666666667,0.8524590163934426,1.0,0.0
285,0.42857142857142855,0.0,0.0,0.0,0.25,1.0,0.09333333333333334,0.2459016393442623,1.0,0.0
286,0.0,0.0,0.0,0.0,0.75,1.0,0.11999999999999998,0.4,0.15614754098360656,0.0
287,0.42857142857142855,0.08571428571428572,0.0,0.0,1.0,0.0,0.25333333333333335,0.8,0.0,0.0
288,0.5714285714285714,0.0,0.0,0.5714285714285714,1.0,0.0,0.2,0.04918032786885246,0.0,0.0
289,0.42857142857142855,0.08571428571428572,0.0,0.0,1.0,1.0,0.2,0.8655737704918033,0.15614754098360656,0.0
290,0.0,0.0,0.8235294117647058,0.0,0.75,0.0,0.6,0.4,0.0,1.0
291,0.42857142857142855,0.0,0.0,0.0,1.0,1.0,0.14666666666666667,0.4,1.0,0.0
292,0.42857142857142855,0.0,0.0,0.0,0.25,1.0,0.09333333333333334,0.34098360655737703,0.15614754098360656,0.0
293,1.0,0.0,0.8235294117647058,0.0,0.75,0.0,0.14666666666666667,0.03278688524590164,0.0,0.0
294,0.0,0.0,0.0,0.0,0.25,1.0,0.013333333333333336,0.8655737704918033,1.0,0.0
295,0.0,0.0,0.0,0.0,0.75,0.0,0.11999999999999998,0.4,0.0,0.0
296,1.0,0.0,0.0,0.7142857142857143,1.0,1.0,0.4666666666666667,0.4,0.15614754098360656,0.0
297,1.0,0.0,0.0,0.0,1.0,1.0,0.06666666666666667,0.3999344262295082,0.6147540983606558,0.0
298,1.0,0.0,0.0,0.0,0.75,0.0,0.11999999999999998,0.4,0.0,0.0
299,0.42857142857142855,0.0,0.0,0.0,0.25,1.0,0.2,0.4,1.0,0.0
300,0.42857142857142855,0.0,0.0,0.0,0.25,0.0,0.3602666666666667,0.8655737704918033,0.0,0.0
301,0.42857142857142855,0.0,0.0,0.0,0.25,1.0,0.013600000000000001,0.4,0.15614754098360656,0.0
302,0.42857142857142855,0.0,0.0,0.0,1.0,1.0,0.25333333333333335,0.3999344262295082,0.12540983606557377,0.0
303,0.42857142857142855,0.0,0.0,0.0,1.0,1.0,0.14666666666666667,0.9836065573770492,0.8545081967213115,0.0
304,0.0,0.0,0.5294117647058824,0.0,0.0,1.0,0.11999999999999998,0.8524590163934426,0.15614754098360656,0.0
305,0.42857142857142855,0.0,0.0,0.0,0.25,0.0,0.25360000000000005,0.03278688524590164,0.0,0.0
306,0.0,0.0,0.0,0.0,0.5,1.0,0.13333333333333336,0.4,1.0,0.0
307,0.42857142857142855,0.0,0.0,0.0,0.25,1.0,0.11999999999999998,0.24583606557377047,0.15614754098360656,0.0
308,0.42857142857142855,0.0,0.0,0.7142857142857143,1.0,0.0,0.36000000000000004,0.3999344262295082,0.0,0.0
309,0.42857142857142855,0.0,0.0,0.0,1.0,1.0,0.14666666666666667,0.4,1.0,0.0
310,0.14285714285714285,0.9285714285714285,0.0,0.0,1.0,0.0,0.22400000000000003,0.5901639344262295,0.0,0.0
311,0.42857142857142855,0.0,0.0,0.0,0.25,0.0,0.11973333333333332,0.8655737704918033,0.0,0.0
312,0.42857142857142855,0.0,0.0,0.0,0.25,1.0,0.11999999999999998,0.09836065573770492,0.15614754098360656,0.0
313,0.14285714285714285,0.7857142857142857,0.0,0.0,1.0,0.0,0.52,0.5901639344262295,0.0,0.0
314,0.7142857142857142,0.0,0.0,0.0,1.0,1.0,0.11999999999999998,0.4,1.0,0.0
315,0.0,0.05714285714285714,0.0,0.0,0.75,0.0,0.2,0.01639344262295082,0.0,0.0
316,0.42857142857142855,0.0,0.0,0.0,0.25,0.0,0.11973333333333332,0.4,0.0,0.0
317,0.0,0.0,0.0,0.0,0.25,0.0,0.11999999999999998,0.4,0.0,0.0
318,0.42857142857142855,0.0,0.0,0.0,1.0,1.0,0.35973333333333335,0.8655737704918033,1.0,0.0
319,0.7142857142857142,0.0,0.0,0.0,1.0,1.0,0.11999999999999998,0.8655737704918033,0.15614754098360656,0.0
320,0.42857142857142855,0.0,0.0,0.0,0.25,1.0,0.7866666666666667,0.8655737704918033,1.0,0.0
321,0.42857142857142855,0.0,0.0,0.0,0.25,1.0,0.11973333333333332,0.8655737704918033,0.15614754098360656,0.0
322,0.0,0.0,0.5882352941176471,0.0,0.75,0.0,0.0936,0.4,0.0,0.0
323,0.0,0.0,0.0,0.0,1.0,1.0,0.09333333333333334,0.4,0.15594262295081968,0.0
324,0.42857142857142855,0.0,0.0,0.0,0.25,0.0,0.7866666666666667,0.4,0.0,0.0
325,0.14285714285714285,0.9285714285714285,0.0,0.0,1.0,0.0,0.5466666666666666,0.5901639344262295,0.0,1.0
326,0.0,0.0,0.0,0.0,0.5,1.0,0.09333333333333334,0.19678688524590165,1.0,0.0
327,0.0,0.0,0.0,0.0,0.5,1.0,0.11973333333333332,0.19678688524590165,1.0,0.0
328,0.42857142857142855,0.0,0.0,0.0,0.25,0.0,1.0,0.4,0.0,1.0
329,0.42857142857142855,0.0,0.0,0.0,0.25,1.0,0.35973333333333335,0.4,0.15614754098360656,0.0
330,0.0,0.0,1.0,0.0,0.25,1.0,0.04000000000000001,0.8,0.15614754098360656,0.0
331,0.2857142857142857,0.0,0.0,0.5,0.75,0.0,0.3602666666666667,0.3999344262295082,0.0,0.0
332,0.0,0.0,0.5294117647058824,0.0,0.0,1.0,0.04000000000000001,0.8,0.06147540983606557,0.0
333,0.42857142857142855,0.0,0.0,0.0,0.25,0.0,0.36000000000000004,0.8,0.0,0.0
334,0.42857142857142855,0.0,0.0,0.0,0.25,1.0,0.11999999999999998,0.8524590163934426,0.15614754098360656,0.0
335,0.0,0.0,1.0,0.0,0.75,1.0,0.013333333333333336,0.8,1.0,0.0
336,0.0,0.0,0.0,0.0,1.0,1.0,0.36000000000000004,0.8,0.15594262295081968,0.0
337,0.0,0.0,0.0,0.0,0.75,0.0,0.04000000000000001,0.4,0.0,0.0
338,0.0,0.0,0.5294117647058824,0.0,0.0,1.0,0.013333333333333336,0.4,0.15614754098360656,0.0
339,0.42857142857142855,0.08571428571428572,0.0,0.0,1.0,0.0,0.2,0.4,0.0,0.0
340,0.0,0.0,0.0,0.0,0.75,1.0,0.11999999999999998,0.4,1.0,0.0
341,0.5714285714285714,0.0,0.0,0.5714285714285714,1.0,0.0,0.14666666666666667,0.04918032786885246,0.0,0.0
342,0.0,0.0,0.0,0.0,0.25,0.0,0.6,0.8655737704918033,0.0,0.0
343,0.0,0.0,0.5882352941176471,0.0,0.25,1.0,0.36000000000000004,0.819672131147541,1.0,0.0
344,0.0,0.0,0.0,0.0,0.25,0.0,0.11999999999999998,0.4,0.0,0.0
345,1.0,0.0,0.5882352941176471,0.0,0.75,0.0,0.0936,0.8655737704918033,0.0,0.0
346,0.0,0.0,0.0,0.0,0.25,1.0,0.11999999999999998,0.865639344262295,0.15614754098360656,0.0
347,0.42857142857142855,0.0,0.0,0.0,0.25,0.0,0.7869333333333334,0.2525245901639344,0.0,0.0
348,0.42857142857142855,0.0,0.0,0.0,0.25,1.0,0.36000000000000004,0.32786885245901637,1.0,0.0
349,1.0,0.0,0.0,0.0,0.75,1.0,0.11999999999999998,0.8655737704918033,1.0,0.0
350,0.0,0.0,0.0,0.0,0.75,0.0,1.0,0.32786885245901637,0.0,0.0
351,0.0,0.0,0.0,0.0,0.75,0.0,0.04000000000000001,0.3999344262295082,0.0,0.0
352,0.42857142857142855,0.0,0.0,0.0,1.0,1.0,0.36000000000000004,0.4,0.8545081967213115,0.0
353,1.0,0.0,0.0,0.0,1.0,1.0,0.36000000000000004,0.4,0.15614754098360656,0.0
354,0.0,0.0,0.5294117647058824,0.0,0.0,1.0,0.36000000000000004,0.8524590163934426,1.0,0.0
355,0.42857142857142855,0.0,0.0,0.0,0.25,0.0,0.7866666666666667,0.03278688524590164,0.0,0.0
356,0.0,0.0,0.9411764705882353,0.0,0.75,0.0,0.06666666666666667,0.01901639344262295,0.0,0.0
357,1.0,0.0,0.0,0.0,0.75,1.0,0.013333333333333336,0.3901639344262295,0.15614754098360656,0.0
358,0.0,0.0,1.0,0.0,0.25,1.0,0.25333333333333335,0.7868852459016393,0.12520491803278688,0.0
359,0.0,0.0,0.7058823529411764,0.0,0.75,0.0,0.6802666666666667,0.23278688524590163,0.0,0.0
360,0.0,0.0,1.0,0.0,0.75,0.0,1.0,0.4,0.0,0.8333333333333334
361,0.0,0.0,0.0,0.0,0.5,1.0,0.11973333333333332,0.3999344262295082,0.0,0.0
362,0.14285714285714285,0.9285714285714285,0.0,0.0,1.0,0.0,0.33333333333333337,0.5901639344262295,0.0,0.0
363,0.42857142857142855,0.0,0.0,0.0,0.25,0.0,1.0,0.6557377049180327,0.0,1.0
364,0.42857142857142855,0.0,0.0,0.42857142857142855,1.0,0.0,0.14666666666666667,0.6,0.0,0.0
365,0.0,0.0,0.0,0.0,0.25,0.0,0.11999999999999998,0.4,0.0,0.0
366,0.0,0.0,1.0,0.0,0.75,0.0,0.7869333333333334,0.4,0.0,1.0
367,0.0,0.0,0.0,0.0,0.5,1.0,0.2,0.8655737704918033,0.15614754098360656,0.0
368,0.42857142857142855,0.0,0.0,0.0,0.25,0.0,0.04000000000000001,0.8655737704918033,0.0,0.0
369,0.0,0.0,0.0,0.0,1.0,1.0,0.36000000000000004,0.4,0.15614754098360656,0.0
370,0.0,0.0,0.0,0.0,0.25,0.0,0.11999999999999998,0.4,0.0,0.0
371,0.0,0.0,1.0,0.0,0.25,1.0,0.04000000000000001,0.8,0.0,0.0
372,0.14285714285714285,0.9285714285714285,0.0,0.0,1.0,0.0,0.7866666666666667,0.5901639344262295,0.0,0.8333333333333334
373,1.0,0.0,0.0,0.0,1.0,1.0,0.06666666666666667,0.3999344262295082,0.12540983606557377,0.0
374,0.42857142857142855,0.0,0.0,0.0,1.0,1.0,0.35973333333333335,0.9836065573770492,0.12540983606557377,0.0
375,0.42857142857142855,0.0,0.0,0.0,1.0,1.0,0.14666666666666667,0.8655737704918033,1.0,0.0
376,0.0,0.0,0.0,0.0,0.75,0.0,0.6,0.8655737704918033,0.0,0.0
377,0.0,0.0,0.0,0.0,0.25,0.0,0.14666666666666667,0.5902295081967214,0.0,0.0
378,0.42857142857142855,0.0,0.0,0.0,0.25,0.0,1.0,0.2525245901639344,0.0,0.0
379,1.0,0.0,0.0,0.0,0.75,1.0,0.11973333333333332,0.8524590163934426,0.15614754098360656,0.0
380,0.0,0.0,0.0,0.0,0.5,1.0,0.09333333333333334,0.4,1.0,0.0
381,0.0,0.0,0.0,0.0,0.25,1.0,0.11999999999999998,0.2459016393442623,0.12540983606557377,0.0
382,1.0,0.0,0.0,0.0,0.75,1.0,0.04000000000000001,0.4,0.15614754098360656,0.0
383,0.0,0.0,0.0,0.0,0.25,0.0,0.013333333333333336,0.8655737704918033,0.0,0.0
384,0.42857142857142855,0.0,0.0,0.0,0.25,0.0,0.7866666666666667,0.4,0.0,0.0
385,0.0,0.0,1.0,0.0,0.75,0.0,0.25360000000000005,0.8,0.0,0.0
386,0.0,0.0,0.5294117647058824,0.0,0.0,1.0,0.11999999999999998,0.8655737704918033,0.15614754098360656,0.0
387,0.42857142857142855,0.0,0.0,0.0,1.0,0.0,0.14666666666666667,0.4,0.0,0.0
388,0.0,0.0,0.5294117647058824,0.0,0.0,0.0,0.11973333333333332,0.4,0.0,0.0
389,0.2857142857142857,0.0,0.0,0.5,0.75,0.0,0.36000000000000004,0.3999344262295082,0.0,0.0
390,0.14285714285714285,0.9285714285714285,0.0,0.0,1.0,0.0,0.22400000000000003,0.4,0.0,0.0
391,0.0,0.0,0.5294117647058824,0.0,0.0,1.0,0.013333333333333336,0.4,1.0,0.0
392,0.0,0.0,0.0,0.0,0.25,1.0,0.25333333333333335,0.3999344262295082,0.12540983606557377,0.0
393,0.14285714285714285,0.9285714285714285,0.0,0.0,1.0,0.0,0.09333333333333334,0.5901639344262295,0.0,0.0
394,0.42857142857142855,0.0,0.0,0.0,1.0,1.0,0.4666666666666667,0.9836065573770492,0.12540983606557377,0.0
395,0.7142857142857142,0.0,0.0,0.0,1.0,0.0,0.14666666666666667,0.013114754098360656,0.0,0.0
396,0.14285714285714285,0.6428571428571428,0.0,0.0,1.0,0.0,0.09333333333333334,0.5901639344262295,0.0,0.0
397,0.0,0.0,0.0,0.0,0.5,1.0,0.19973333333333332,0.8,1.0,0.0
398,0.42857142857142855,0.0,0.0,0.0,0.25,1.0,0.35973333333333335,0.8655737704918033,1.0,0.0
399,0.42857142857142855,0.0,0.0,0.0,1.0,1.0,0.4666666666666667,0.4,0.12540983606557377,0.0
400,0.42857142857142855,0.08571428571428572,0.0,0.0,1.0,1.0,0.09333333333333334,0.4,0.15614754098360656,0.0
401,0.0,0.0,0.0,0.0,0.5,1.0,0.09333333333333334,0.3999344262295082,0.15614754098360656,0.0
402,0.2857142857142857,0.0,0.0,0.5,0.75,0.0,0.17333333333333334,0.4,0.0,0.0
403,0.42857142857142855,0.0,0.0,0.0,1.0,1.0,0.35973333333333335,0.4,1.0,0.0
404,0.0,0.0,0.5882352941176471,0.0,0.25,0.0,0.04000000000000001,0.8655737704918033,0.0,0.0
405,0.42857142857142855,0.0,0.0,0.0,1.0,1.0,0.25333333333333335,0.21967213114754097,0.12540983606557377,0.0
406,0.5714285714285714,0.0,0.0,1.0,1.0,0.0,0.2,0.3999344262295082,0.0,0.0
407,0.2857142857142857,0.0,0.0,0.8571428571428571,0.75,1.0,0.17333333333333334,0.6885245901639344,0.25,0.0
408,0.0,0.0,0.0,0.0,0.25,0.0,0.25360000000000005,0.04918032786885246,0.0,0.0
409,0.2857142857142857,0.0,0.0,0.8571428571428571,0.75,0.0,0.28,0.7147540983606557,0.0,0.0
410,0.0,0.0,0.0,0.0,0.25,0.0,0.11999999999999998,0.013114754098360656,0.0,0.0
411,1.0,0.0,0.0,0.7142857142857143,1.0,1.0,0.4666666666666667,0.3999344262295082,0.06168032786885246,0.0
412,0.0,0.0,1.0,0.0,0.75,0.0,0.25360000000000005,0.4,0.0,0.0
413,1.0,0.0,0.0,0.0,1.0,0.0,0.14640000000000003,0.1638688524590164,0.0,0.0
414,0.0,0.0,0.0,0.0,0.25,1.0,0.013333333333333336,0.4,0.15614754098360656,0.0
415,0.0,0.0,0.5294117647058824,0.0,0.0,1.0,0.09306666666666667,0.8655737704918033,0.15594262295081968,0.0
416,0.8571428571428571,0.0,0.0,0.44285714285714284,0.75,1.0,0.36000000000000004,0.4,0.15614754098360656,0.0
417,0.0,0.0,0.0,0.0,0.25,0.0,0.11973333333333332,0.8655737704918033,0.0,0.0
418,0.14285714285714285,0.7857142857142857,0.0,0.0,1.0,0.0,0.22400000000000003,0.4,0.0,0.0
419,0.14285714285714285,0.9285714285714285,0.0,0.0,1.0,0.0,0.14666666666666667,0.5901639344262295,0.0,0.0
420,0.0,0.0,0.0,0.7142857142857143,0.75,0.0,0.36000000000000004,0.8655737704918033,0.0,0.0
421,0.7142857142857142,0.0,0.0,0.0,1.0,1.0,0.35973333333333335,0.8655737704918033,0.15614754098360656,0.0
422,0.0,0.0,0.0,0.0,0.25,1.0,0.7866666666666667,0.8655737704918033,1.0,0.0
423,1.0,0.0,0.0,0.0,0.75,0.0,0.013600000000000001,0.013114754098360656,0.0,0.0
424,0.0,0.0,0.0,0.0,0.25,1.0,0.11999999999999998,0.21967213114754097,0.12540983606557377,0.0
425,0.0,0.0,0.0,0.0,0.25,1.0,0.11973333333333332,0.8655737704918033,0.15614754098360656,0.0
426,0.0,0.0,0.5294117647058824,0.0,0.0,1.0,0.11973333333333332,0.8,0.15594262295081968,0.0
427,0.14285714285714285,0.7857142857142857,0.0,0.0,1.0,0.0,0.22400000000000003,0.5901639344262295,0.0,0.0
428,0.0,0.0,0.7058823529411764,0.0,0.75,1.0,0.14693333333333336,0.16727868852459016,0.05512295081967213,0.0
429,0.0,0.0,1.0,0.0,0.25,1.0,0.25333333333333335,0.39344262295081966,0.030737704918032786,0.0
430,0.0,0.0,0.0,0.0,0.75,1.0,0.11973333333333332,0.4,0.15614754098360656,0.0
431,0.42857142857142855,0.0,0.0,0.0,1.0,1.0,0.36000000000000004,0.5455081967213115,0.1805327868852459,0.0
432,0.42857142857142855,0.0,0.0,0.0,0.75,0.0,0.11973333333333332,0.013114754098360656,0.0,0.0
433,0.0,0.0,0.0,0.0,0.25,0.0,0.01893333333333333,0.4,0.0,0.0
434,0.8571428571428571,0.0,0.0,0.44285714285714284,0.75,1.0,0.14666666666666667,0.8360655737704918,1.0,0.0
435,0.0,0.0,0.0,0.0,0.5,1.0,0.11973333333333332,0.8,1.0,0.0
436,0.42857142857142855,0.0,0.0,0.0,0.25,1.0,0.11973333333333332,0.3901639344262295,0.15614754098360656,0.0
437,0.14285714285714285,0.7857142857142857,0.0,0.0,1.0,0.0,0.52,0.5901639344262295,0.0,0.0
438,0.0,0.0,0.0,0.0,0.25,0.0,0.25360000000000005,0.03278688524590164,0.0,0.0
439,0.42857142857142855,0.0,0.0,0.0,1.0,1.0,0.25333333333333335,0.21967213114754097,0.6147540983606558,0.0
440,0.2857142857142857,0.0,0.0,0.5,0.75,0.0,0.30666666666666664,0.8590163934426229,0.0,0.0
441,0.42857142857142855,0.0,0.0,0.0,1.0,1.0,0.14666666666666667,0.4,0.15614754098360656,0.0
442,0.42857142857142855,0.0,0.0,0.0,0.25,0.0,1.0,0.4,0.0,1.0
443,0.0,0.0,0.0,0.0,1.0,1.0,0.06666666666666667,0.4,0.15614754098360656,0.0
444,0.0,0.0,0.7058823529411764,0.0,0.75,0.0,0.6799999999999999,0.4,0.0,1.0
445,0.0,0.0,0.0,0.0,0.75,0.0,0.14640000000000003,0.8524590163934426,0.0,0.0
446,0.42857142857142855,0.0,0.0,0.0,1.0,1.0,0.36000000000000004,0.9836065573770492,0.12540983606557377,0.0
447,0.42857142857142855,0.0,0.0,0.0,0.25,1.0,0.25333333333333335,0.3999344262295082,0.8545081967213115,0.0
448,0.0,0.0,0.0,0.0,0.25,0.0,0.7869333333333334,0.09967213114754098,0.0,0.0
449,0.0,0.0,0.0,0.0,0.25,1.0,0.0936,0.8655737704918033,1.0,0.0
450,0.0,0.0,0.0,0.0,0.75,1.0,0.04000000000000001,0.8655737704918033,1.0,0.0
451,0.42857142857142855,0.0,0.0,0.0,0.25,1.0,0.11999999999999998,0.4,0.15614754098360656,0.0
452,0.0,0.0,0.0,0.0,0.25,1.0,0.2,0.8655737704918033,0.15614754098360656,0.0
453,0.0,0.0,0.9411764705882353,0.0,0.75,1.0,0.36000000000000004,0.8655737704918033,0.12540983606557377,0.0
454,0.0,0.0,0.0,0.7142857142857143,0.75,0.0,0.36000000000000004,1.0,0.0,0.0
455,0.42857142857142855,0.0,0.0,0.0,1.0,1.0,0.4666666666666667,0.4,0.8545081967213115,0.0
456,1.0,0.0,0.0,0.0,0.75,0.0,0.14640000000000003,0.013114754098360656,0.0,0.0
457,0.42857142857142855,0.0,0.0,0.0,1.0,1.0,0.14666666666666667,0.8524590163934426,0.15614754098360656,0.0
458,0.0,0.0,0.0,0.0,1.0,1.0,0.09333333333333334,0.4,0.06147540983606557,0.0
459,1.0,0.0,0.0,0.0,1.0,0.0,0.36000000000000004,0.4,0.0,0.0
460,0.0,0.0,0.0,0.0,0.25,1.0,0.11973333333333332,0.8655737704918033,0.15614754098360656,0.0
461,0.0,0.0,0.8235294117647058,0.0,0.75,0.0,0.6,0.4,0.0,1.0
462,0.0,0.0,0.5882352941176471,0.0,0.25,0.0,0.05360000000000001,0.013114754098360656,0.0,0.0
463,0.42857142857142855,0.0,0.0,0.0,1.0,1.0,0.14666666666666667,0.9836065573770492,0.8545081967213115,0.0
464,0.42857142857142855,0.0,0.0,0.0,0.25,1.0,0.11973333333333332,0.8655737704918033,0.15594262295081968,0.0
465,0.0,0.0,0.0,0.0,0.25,1.0,0.7869333333333334,0.8655737704918033,1.0,0.0
466,0.0,0.0,0.0,0.0,0.5,1.0,0.09333333333333334,0.19678688524590165,0.15614754098360656,0.0
467,0.0,0.05714285714285714,0.0,0.0,0.75,0.0,0.06666666666666667,0.01639344262295082,0.0,0.0
468,0.42857142857142855,0.0,0.0,0.0,0.25,0.0,0.8666666666666667,0.6557377049180327,0.0,1.0
469,0.0,0.0,0.0,0.0,0.5,1.0,0.09333333333333334,0.3999344262295082,1.0,0.0
470,0.0,0.0,0.8235294117647058,0.0,0.75,0.0,0.14666666666666667,0.03278688524590164,0.0,0.0
471,0.42857142857142855,0.0,0.0,0.0,0.25,0.0,0.36000000000000004,0.8655737704918033,0.0,0.0
472,1.0,0.0,0.0,0.0,0.75,0.0,0.013333333333333336,0.3999344262295082,0.0,0.0
473,0.42857142857142855,0.0,0.0,0.0,0.25,1.0,0.36000000000000004,0.3999344262295082,0.12540983606557377,0.0
474,0.0,0.0,0.0,0.0,0.5,1.0,0.09333333333333334,0.4,0.8545081967213115,0.0
475,0.0,0.0,0.5882352941176471,0.0,0.75,0.0,0.7866666666666667,0.4,0.0,0.0
476,0.0,0.0,0.8235294117647058,0.0,0.75,0.0,0.09333333333333334,0.4,0.0,0.0
477,0.0,0.0,0.5294117647058824,0.0,0.0,0.0,0.11999999999999998,0.8655737704918033,0.0,0.0
478,0.0,0.0,0.7058823529411764,0.0,0.75,0.0,1.0,0.2525245901639344,0.0,0.0
479,0.0,0.0,0.8235294117647058,0.0,0.75,0.0,0.09333333333333334,0.8655737704918033,0.0,1.0
480,0.14285714285714285,0.6428571428571428,0.0,0.0,1.0,0.0,0.52,0.419672131147541,0.0,0.0
481,0.0,0.0,0.0,0.0,0.75,0.0,0.11973333333333332,0.013114754098360656,0.0,0.0
482,0.0,0.0,0.0,0.0,0.25,0.0,0.11973333333333332,0.8655737704918033,0.0,0.0
483,0.0,0.0,0.0,0.0,0.75,1.0,0.25333333333333335,0.3999344262295082,0.12581967213114753,0.0
484,0.0,0.0,0.0,0.0,0.25,1.0,0.2,0.8655737704918033,1.0,0.0
485,0.0,0.0,0.0,0.0,1.0,0.0,0.25333333333333335,0.3999344262295082,0.0,0.0
486,0.14285714285714285,0.9285714285714285,0.0,0.0,1.0,0.0,0.2,0.4,0.0,0.0
487,0.14285714285714285,0.7857142857142857,0.0,0.0,1.0,0.0,0.33333333333333337,0.5901639344262295,0.0,0.0
488,0.14285714285714285,0.6428571428571428,0.0,0.0,1.0,0.0,0.7866666666666667,0.5901639344262295,0.0,0.0
489,0.0,0.0,0.0,0.0,0.25,1.0,0.11973333333333332,0.4,0.15614754098360656,0.0
490,0.42857142857142855,0.0,0.0,0.0,0.75,0.0,0.11973333333333332,0.3999344262295082,0.0,0.0
491,0.0,0.0,0.0,0.0,0.25,0.0,0.11973333333333332,0.4,0.0,0.0
492,0.42857142857142855,0.0,0.0,0.0,0.25,1.0,0.013333333333333336,0.8655737704918033,0.15614754098360656,0.0
493,0.8571428571428571,0.0,0.0,0.44285714285714284,0.75,1.0,0.6002666666666666,0.8360655737704918,1.0,0.0
494,0.0,0.0,1.0,0.0,0.25,1.0,0.2,0.8,0.15614754098360656,0.0
495,0.0,0.0,0.5294117647058824,0.0,0.0,1.0,0.11999999999999998,0.4,0.1555327868852459,0.0
496,0.0,0.0,0.5294117647058824,0.0,0.0,1.0,0.11999999999999998,0.3999344262295082,0.6147540983606558,0.0
497,0.0,0.0,1.0,0.0,0.75,1.0,0.7866666666666667,0.13121311475409836,1.0,0.0
498,0.0,0.0,0.0,0.0,0.25,0.0,0.04000000000000001,0.3999344262295082,0.0,0.0
499,0.0,0.0,0.0,0.0,1.0,1.0,0.09333333333333334,0.21967213114754097,0.6147540983606558,0.0
500,0.0,0.0,0.5882352941176471,0.0,0.25,1.0,0.09333333333333334,0.819672131147541,1.0,0.0
501,0.42857142857142855,0.0,0.0,0.0,0.25,1.0,0.11999999999999998,0.8524590163934426,0.15614754098360656,0.0
502,0.0,0.0,0.0,0.0,1.0,1.0,0.09333333333333334,0.4,0.12540983606557377,0.0
503,0.42857142857142855,0.0,0.0,0.0,0.25,1.0,0.7866666666666667,0.4,1.0,0.0
504,1.0,0.0,0.0,0.0,0.75,1.0,0.013333333333333336,0.4,0.15614754098360656,0.0
505,0.0,0.0,0.0,0.0,0.25,0.0,0.09333333333333334,0.39934426229508196,0.0,0.0
506,0.0,0.0,1.0,0.0,0.25,1.0,0.25333333333333335,0.7868852459016393,0.030737704918032786,0.0
507,0.0,0.0,1.0,0.0,0.75,0.0,0.25333333333333335,0.3999344262295082,0.0,0.0
508,0.0,0.0,0.0,0.0,0.25,1.0,0.11999999999999998,0.3999344262295082,0.8545081967213115,0.0
509,0.42857142857142855,0.0,0.0,0.0,1.0,1.0,0.35973333333333335,0.8524590163934426,1.0,0.0
510,0.0,0.0,0.0,0.0,0.25,0.0,0.11973333333333332,0.013114754098360656,0.0,0.0
511,0.42857142857142855,0.0,0.0,0.0,0.25,0.0,0.11973333333333332,0.8655737704918033,0.0,0.0
512,1.0,0.0,0.0,0.0,0.75,1.0,0.013333333333333336,0.8524590163934426,0.15614754098360656,0.0
513,0.42857142857142855,0.0,0.0,0.0,0.25,1.0,0.25333333333333335,0.8655737704918033,0.8545081967213115,0.0
514,0.0,0.0,0.0,0.0,0.5,1.0,0.09333333333333334,0.34098360655737703,1.0,0.0
515,0.0,0.0,0.0,0.0,0.75,0.0,0.013333333333333336,0.4,0.0,0.0
516,0.0,0.0,0.0,0.0,0.5,1.0,0.09333333333333334,0.4,1.0,0.0
517,0.0,0.0,0.0,0.0,0.25,1.0,0.11999999999999998,0.4,0.15614754098360656,0.0
518,0.0,0.0,0.0,0.0,0.25,1.0,0.0936,0.4,1.0,0.0
519,1.0,0.0,0.0,0.0,1.0,1.0,0.36000000000000004,0.4,0.15614754098360656,0.0
520,0.0,0.0,0.0,0.0,0.25,0.0,0.09333333333333334,0.3999344262295082,0.0,0.0
521,0.0,0.0,0.5294117647058824,0.0,0.0,1.0,0.013333333333333336,0.3409180327868852,0.15614754098360656,0.0
522,0.42857142857142855,0.0,0.0,0.0,0.25,0.0,0.2,0.04918032786885246,0.0,0.0
523,0.14285714285714285,0.7857142857142857,0.0,0.0,1.0,0.0,0.5466666666666666,0.5901639344262295,0.0,0.8333333333333334
524,0.0,0.0,0.0,0.0,0.25,1.0,0.013333333333333336,0.4,1.0,0.0
525,0.0,0.0,0.7058823529411764,0.0,0.75,1.0,0.14666666666666667,0.23350819672131148,0.15614754098360656,0.0
526,0.42857142857142855,0.0,0.0,0.0,1.0,1.0,0.14666666666666667,0.8524590163934426,1.0,0.0
527,0.0,0.0,1.0,0.0,0.75,0.0,0.7869333333333334,0.12459016393442623,0.0,0.0
528,0.8571428571428571,0.0,0.0,0.44285714285714284,0.75,0.0,0.6002666666666666,0.3935081967213115,0.0,0.0
529,0.0,0.0,0.0,0.0,0.5,1.0,0.19973333333333332,0.4,0.15614754098360656,0.0
530,0.0,0.0,0.0,0.0,1.0,0.0,0.25333333333333335,0.3999344262295082,0.0,0.0
531,0.0,0.0,0.7058823529411764,0.0,0.75,0.0,0.14640000000000003,0.3999344262295082,0.0,0.0
532,0.42857142857142855,0.0,0.0,0.0,0.25,1.0,0.11973333333333332,0.4,0.030737704918032786,0.0
533,0.7142857142857142,0.0,0.0,0.0,1.0,0.0,0.11999999999999998,0.8655737704918033,0.0,0.0
534,0.14285714285714285,0.6428571428571428,0.0,0.0,1.0,0.0,0.33333333333333337,0.419672131147541,0.0,0.0
535,0.0,0.0,0.0,0.7142857142857143,0.75,0.0,0.36000000000000004,0.4,0.0,0.0
536,0.42857142857142855,0.0,0.0,0.0,0.25,1.0,0.7866666666666667,0.8655737704918033,0.15614754098360656,0.0
537,1.0,0.0,0.0,0.0,0.75,1.0,0.013600000000000001,0.32786885245901637,0.8442622950819673,0.0
538,0.14285714285714285,0.6428571428571428,0.0,0.0,1.0,0.0,0.7866666666666667,0.5901639344262295,0.0,0.0
539,1.0,0.0,0.5294117647058824,0.0,0.25,1.0,0.11999999999999998,0.8655737704918033,0.15614754098360656,0.0
540,0.42857142857142855,0.0,0.0,0.0,1.0,1.0,0.4666666666666667,0.4,0.8545081967213115,0.0
541,0.14285714285714285,0.9285714285714285,0.0,0.0,1.0,0.0,0.2,0.4,0.0,0.0
542,0.14285714285714285,0.9285714285714285,0.0,0.0,1.0,0.0,0.5466666666666666,0.419672131147541,0.0,0.8333333333333334
543,0.42857142857142855,0.0,0.0,0.0,1.0,1.0,0.36000000000000004,0.4,0.12540983606557377,0.0
544,0.42857142857142855,0.0,0.0,0.0,1.0,1.0,0.14666666666666667,0.4,0.15614754098360656,0.0
545,0.0,0.0,0.0,0.0,0.5,1.0,0.09333333333333334,0.34098360655737703,0.15614754098360656,0.0
546,0.0,0.0,0.0,0.0,0.25,0.0,0.14666666666666667,0.3999344262295082,0.0,0.0
547,0.0,0.0,0.0,0.0,1.0,0.0,0.36000000000000004,0.3935081967213115,0.0,0.0
548,0.7142857142857142,0.0,0.0,0.0,1.0,1.0,0.14666666666666667,0.8655737704918033,1.0,0.0
549,0.42857142857142855,0.0,0.0,0.0,0.25,1.0,0.3602666666666667,0.4,0.15614754098360656,0.0
550,0.42857142857142855,0.0,0.0,0.0,0.25,1.0,0.11999999999999998,0.8655737704918033,0.15614754098360656,0.0
551,0.0,0.0,0.0,0.0,1.0,1.0,0.36000000000000004,0.8,0.12540983606557377,0.0
552,0.0,0.0,0.5294117647058824,0.0,0.0,1.0,0.11973333333333332,0.4,1.0,0.0
553,0.0,0.0,0.0,0.0,0.5,1.0,0.09333333333333334,0.3999344262295082,0.15614754098360656,0.0
554,0.0,0.0,0.0,0.0,0.25,0.0,0.11999999999999998,0.013114754098360656,0.0,0.0
555,0.42857142857142855,0.0,0.0,0.0,1.0,0.0,0.14666666666666667,0.8655737704918033,0.0,0.0
556,0.42857142857142855,0.0,0.0,0.0,0.25,0.0,0.14666666666666667,0.3999344262295082,0.0,0.0
557,0.0,0.0,0.0,0.0,0.25,0.0,0.0936,0.4,0.0,0.0
558,0.42857142857142855,0.0,0.0,0.0,1.0,1.0,0.14666666666666667,0.4,0.15614754098360656,0.0
559,0.8571428571428571,0.0,0.0,0.44285714285714284,0.75,1.0,0.35973333333333335,0.8360655737704918,0.15614754098360656,0.0
560,1.0,0.0,0.0,0.0,0.75,1.0,0.04000000000000001,0.8,0.8545081967213115,0.0
561,0.0,0.0,0.0,0.0,0.25,0.0,0.14640000000000003,0.013114754098360656,0.0,0.0
562,0.14285714285714285,0.6428571428571428,0.0,0.0,1.0,0.0,0.33333333333333337,0.419672131147541,0.0,0.0
563,0.42857142857142855,0.08571428571428572,0.0,0.0,1.0,1.0,0.2,0.8655737704918033,0.15614754098360656,0.0
564,0.42857142857142855,0.0,0.0,0.0,0.25,1.0,0.35973333333333335,0.4,0.15614754098360656,0.0
565,0.14285714285714285,0.6428571428571428,0.0,0.0,1.0,0.0,0.7866666666666667,0.5901639344262295,0.0,1.0
566,0.0,0.0,0.0,0.0,0.25,0.0,0.013600000000000001,0.4,0.0,0.0
567,0.0,0.0,0.0,0.0,1.0,1.0,0.09333333333333334,0.3999344262295082,0.00020491803278688525,0.0
568,0.0,0.0,0.0,0.0,0.25,1.0,0.11999999999999998,0.3999344262295082,0.12540983606557377,0.0
569,0.0,0.0,0.5882352941176471,0.0,0.25,0.0,0.013333333333333336,0.819672131147541,0.0,0.0
570,0.0,0.0,0.5882352941176471,0.0,0.25,0.0,0.013333333333333336,0.4,0.0,0.0
571,1.0,0.0,0.0,0.7142857142857143,1.0,1.0,0.4666666666666667,0.19678688524590165,0.06168032786885246,0.0
572,0.42857142857142855,0.0,0.0,0.0,0.25,1.0,0.35973333333333335,0.8524590163934426,0.15614754098360656,0.0
573,0.0,0.0,0.0,0.0,0.75,1.0,0.11999999999999998,0.4,1.0,0.0
574,0.0,0.0,0.0,0.0,0.25,0.0,0.25333333333333335,0.39337704918032784,0.0,0.0
575,0.0,0.0,0.7058823529411764,0.0,0.75,1.0,0.14666666666666667,0.23350819672131148,1.0,0.0
576,0.42857142857142855,0.0,0.0,0.0,0.25,1.0,0.3602666666666667,0.4,1.0,0.0
577,0.0,0.0,1.0,0.0,0.25,1.0,0.04000000000000001,0.39344262295081966,0.12520491803278688,0.0
578,0.42857142857142855,0.0,0.0,0.0,0.75,0.0,0.0936,0.4,0.0,0.0
579,0.0,0.0,0.0,0.0,0.75,0.0,0.11973333333333332,0.013114754098360656,0.0,0.0
580,0.0,0.0,0.0,0.0,0.5,1.0,0.25333333333333335,0.4,0.15614754098360656,0.0
581,0.0,0.0,0.0,0.0,0.25,0.0,0.09333333333333334,0.4,0.0,0.0
582,0.0,0.0,0.7058823529411764,0.0,0.75,1.0,0.14693333333333336,0.23344262295081966,0.15614754098360656,0.0
583,0.8571428571428571,0.0,0.0,0.44285714285714284,0.75,1.0,0.6,0.4,0.15614754098360656,0.0
584,0.42857142857142855,0.0,0.0,0.0,0.25,1.0,0.11973333333333332,0.39934426229508196,0.12540983606557377,0.0
585,1.0,0.0,0.0,0.0,1.0,0.0,0.7866666666666667,0.4,0.0,0.0
586,1.0,0.0,0.0,0.7142857142857143,1.0,1.0,0.4666666666666667,0.19678688524590165,0.06168032786885246,0.0
587,0.0,0.0,0.0,0.0,0.75,0.0,0.2,0.8655737704918033,0.0,0.0
588,1.0,0.0,0.0,0.7142857142857143,1.0,1.0,0.36000000000000004,0.4,0.15614754098360656,0.0
589,0.0,0.0,0.0,0.0,0.5,1.0,0.09333333333333334,0.8655737704918033,0.06168032786885246,0.0
590,0.0,0.0,0.0,0.0,0.25,0.0,0.7866666666666667,0.3999344262295082,0.0,0.0
591,0.0,0.0,0.5294117647058824,0.0,0.0,0.0,0.11999999999999998,0.4,0.0,0.0
592,0.0,0.0,1.0,0.0,0.75,0.0,0.20026666666666665,0.3999344262295082,0.0,0.0
593,0.0,0.0,0.0,0.0,0.5,1.0,0.11973333333333332,0.340327868852459,0.15614754098360656,0.0
594,0.14285714285714285,0.9285714285714285,0.0,0.0,1.0,0.0,0.7333333333333334,0.04268852459016393,0.0,0.0
595,0.42857142857142855,0.0,0.0,0.0,0.25,1.0,0.35973333333333335,0.4,0.8545081967213115,0.0
596,0.0,0.0,0.0,0.0,0.25,1.0,0.11999999999999998,0.3999344262295082,1.0,0.0
597,1.0,0.0,0.5882352941176471,0.0,0.75,0.0,0.09333333333333334,0.4,0.0,0.0
598,0.0,0.0,0.0,0.0,0.25,1.0,0.11999999999999998,0.8655737704918033,0.15614754098360656,0.0
599,0.42857142857142855,0.0,0.0,0.0,1.0,1.0,0.14666666666666667,0.8655737704918033,0.15594262295081968,0.0
600,0.14285714285714285,0.6428571428571428,0.0,0.0,1.0,0.0,0.09333333333333334,0.4,0.0,0.0
601,0.42857142857142855,0.0,0.0,0.0,0.25,0.0,0.11999999999999998,0.8,0.0,0.0
602,0.0,0.0,0.0,0.0,0.5,1.0,0.09333333333333334,0.34098360655737703,0.15614754098360656,0.0
603,0.0,0.0,0.5294117647058824,0.0,0.0,1.0,0.013333333333333336,0.8655737704918033,0.15614754098360656,0.0
604,0.0,0.0,0.0,0.0,0.75,1.0,0.04000000000000001,0.8655737704918033,0.15614754098360656,0.0
605,1.0,0.0,0.0,0.0,1.0,1.0,0.06666666666666667,0.8,1.0,0.0
606,0.0,0.0,0.0,0.0,0.75,0.0,0.7869333333333334,0.0,0.0,0.0
607,0.42857142857142855,0.0,0.0,0.0,0.75,0.0,0.11973333333333332,0.819672131147541,0.0,0.0
608,0.14285714285714285,0.7857142857142857,0.0,0.0,1.0,0.0,0.7866666666666667,0.419672131147541,0.0,1.0
609,1.0,0.0,0.0,0.0,1.0,0.0,0.14666666666666667,0.03278688524590164,0.0,0.0
610,0.0,0.0,0.0,0.0,0.25,1.0,0.2,0.4,0.15614754098360656,0.0
611,0.0,0.0,0.0,0.0,1.0,0.0,0.36000000000000004,0.3999344262295082,0.0,0.0
612,0.0,0.0,0.7058823529411764,0.0,0.75,0.0,0.14640000000000003,0.013114754098360656,0.0,0.0
613,0.42857142857142855,0.0,0.0,0.0,0.25,0.0,0.0936,0.4,0.0,0.0
614,1.0,0.0,0.0,0.0,0.75,1.0,0.013333333333333336,0.8655737704918033,0.15614754098360656,0.0
615,0.0,0.0,1.0,0.0,0.75,0.0,0.04000000000000001,0.3999344262295082,0.0,0.0
616,0.42857142857142855,0.0,0.0,0.0,0.25,1.0,0.11999999999999998,0.4,0.15614754098360656,0.0
617,0.0,0.0,0.0,0.0,0.5,1.0,0.09333333333333334,0.4,0.15594262295081968,0.0
618,0.0,0.0,0.0,0.0,0.75,0.0,0.11973333333333332,0.3999344262295082,0.0,0.0
619,0.0,0.0,0.9411764705882353,0.0,0.75,0.0,0.06666666666666667,0.018360655737704918,0.0,0.0
620,0.0,0.0,0.0,0.0,0.75,1.0,0.11999999999999998,0.4,0.8545081967213115,0.0
621,0.0,0.0,0.5294117647058824,0.0,0.0,1.0,0.04000000000000001,0.8,0.15594262295081968,0.0
622,0.42857142857142855,0.0,0.0,0.0,0.25,1.0,0.04000000000000001,0.4,0.030737704918032786,0.0
623,0.42857142857142855,0.0,0.0,0.0,0.25,1.0,0.7866666666666667,0.4,0.15614754098360656,0.0
624,1.0,0.0,0.0,0.0,0.75,1.0,0.013333333333333336,0.4,0.15594262295081968,0.0
625,0.0,0.0,1.0,0.0,0.75,0.0,1.0,0.6557377049180327,0.0,1.0
626,0.42857142857142855,0.08571428571428572,0.0,0.0,1.0,1.0,0.2,0.4,1.0,0.0
627,0.0,0.0,0.5294117647058824,0.0,0.0,1.0,0.36000000000000004,0.4,1.0,0.0
628,0.42857142857142855,0.0,0.0,0.0,1.0,1.0,0.14666666666666667,0.3999344262295082,0.15614754098360656,0.0
629,0.0,0.0,0.5882352941176471,0.0,0.75,0.0,0.0936,0.4,0.0,0.0
630,0.42857142857142855,0.0,0.0,0.0,0.25,1.0,0.11973333333333332,0.8655737704918033,0.15614754098360656,0.0
631,0.0,0.0,0.7058823529411764,0.0,0.75,0.0,1.0,0.03278688524590164,0.0,0.0
632,0.8571428571428571,0.0,0.0,0.44285714285714284,0.75,1.0,0.6,0.8360000000000001,0.15614754098360656,0.0
633,0.42857142857142855,0.0,0.0,0.0,1.0,1.0,0.35973333333333335,0.09836065573770492,0.15614754098360656,0.0
634,0.8571428571428571,0.0,0.0,0.44285714285714284,0.75,0.0,0.14666666666666667,0.3999344262295082,0.0,0.0
635,0.0,0.0,0.0,0.0,0.5,1.0,0.09333333333333334,0.3999344262295082,1.0,0.0
636,0.0,0.0,0.5294117647058824,0.0,0.0,1.0,0.36000000000000004,0.8655737704918033,0.1555327868852459,0.0
637,0.42857142857142855,0.0,0.0,0.0,1.0,1.0,0.3602666666666667,0.5442622950819672,0.1805327868852459,0.0
638,0.0,0.0,0.0,0.0,0.25,0.0,0.36000000000000004,0.039344262295081964,0.0,0.0
639,0.0,0.0,0.8235294117647058,0.0,0.75,0.0,0.14693333333333336,0.8655737704918033,0.0,1.0
640,0.42857142857142855,0.0,0.0,0.0,1.0,0.0,0.35973333333333335,0.4,0.0,0.0
641,1.0,0.0,0.0,0.0,0.75,1.0,0.013333333333333336,0.8,0.8545081967213115,0.0
642,0.42857142857142855,0.0,0.0,0.0,0.25,1.0,0.3602666666666667,0.09836065573770492,1.0,0.0
643,0.0,0.0,0.7058823529411764,0.0,0.75,0.0,0.20026666666666665,0.8655737704918033,0.0,0.8333333333333334
644,0.0,0.0,0.5294117647058824,0.0,0.0,1.0,0.11973333333333332,0.8655737704918033,1.0,0.0
645,0.0,0.0,0.0,0.0,0.25,1.0,0.013333333333333336,0.8655737704918033,0.15614754098360656,0.0
646,0.2857142857142857,0.0,0.0,0.8571428571428571,0.75,1.0,0.27973333333333333,0.6885245901639344,0.25,0.0
647,0.0,0.0,0.0,0.0,0.5,1.0,0.09333333333333334,0.19678688524590165,1.0,0.0
648,0.0,0.0,0.0,0.0,1.0,1.0,0.09333333333333334,0.8,0.15614754098360656,0.0
649,0.42857142857142855,0.0,0.0,0.0,0.25,1.0,0.11973333333333332,0.4,0.15594262295081968,0.0
650,1.0,0.0,0.0,0.0,0.75,1.0,0.11973333333333332,0.4,0.12540983606557377,0.0
651,0.42857142857142855,0.0,0.0,0.0,0.25,1.0,0.36000000000000004,0.3999344262295082,0.15614754098360656,0.0
652,0.0,0.0,0.5294117647058824,0.0,0.0,1.0,0.11973333333333332,0.8655737704918033,1.0,0.0
653,0.0,0.0,0.0,0.0,0.25,0.0,0.25333333333333335,0.4,0.0,0.0
654,0.8571428571428571,0.0,0.0,0.44285714285714284,0.75,1.0,0.14666666666666667,0.8360655737704918,0.15614754098360656,0.0
655,0.42857142857142855,0.0,0.0,0.0,0.25,1.0,0.25333333333333335,0.8655737704918033,0.12520491803278688,0.0
656,0.42857142857142855,0.0,0.0,0.0,1.0,1.0,0.14666666666666667,0.4,0.00020491803278688525,0.0
657,0.0,0.0,0.7058823529411764,0.0,0.75,1.0,0.14666666666666667,0.16721311475409836,0.055327868852459015,0.0
658,0.0,0.11428571428571428,0.0,0.0,0.75,0.0,0.11973333333333332,0.013114754098360656,0.0,0.0
659,0.0,0.0,0.0,0.0,0.5,1.0,0.09333333333333334,0.34098360655737703,0.0,0.0
660,0.0,0.0,0.5294117647058824,0.0,0.0,1.0,0.04000000000000001,0.4,0.06147540983606557,0.0
661,0.0,0.0,0.5294117647058824,0.0,0.0,0.0,0.04000000000000001,0.4,0.0,0.0
662,0.2857142857142857,0.0,0.0,0.8571428571428571,0.75,1.0,0.17333333333333334,0.4,0.6147540983606558,0.0
663,0.0,0.0,0.7058823529411764,0.0,0.75,0.0,0.6802666666666667,0.4,0.0,1.0
664,0.14285714285714285,0.7857142857142857,0.0,0.0,1.0,0.0,0.5466666666666666,0.5901639344262295,0.0,1.0
665,0.42857142857142855,0.08571428571428572,0.0,0.0,1.0,1.0,0.09333333333333334,0.8655737704918033,1.0,0.0
666,0.0,0.0,0.0,0.0,1.0,1.0,0.36000000000000004,0.4,1.0,0.0
667,0.42857142857142855,0.0,0.0,0.0,0.25,1.0,0.25333333333333335,0.4,0.8545081967213115,0.0
668,0.0,0.0,0.0,0.0,0.25,1.0,0.35973333333333335,0.8655737704918033,1.0,0.0
669,1.0,0.0,0.0,0.0,0.75,1.0,0.013333333333333336,0.24583606557377047,0.15614754098360656,0.0
670,0.0,0.0,0.0,0.0,1.0,0.0,0.09333333333333334,0.3999344262295082,0.0,0.0
671,0.0,0.0,0.5882352941176471,0.0,0.25,1.0,0.09333333333333334,0.819672131147541,1.0,0.0
672,1.0,0.0,0.0,0.0,0.75,0.0,0.04000000000000001,0.3999344262295082,0.0,0.0
673,0.42857142857142855,0.0,0.0,0.0,0.25,1.0,0.11973333333333332,0.4,1.0,0.0
674,1.0,0.0,0.8235294117647058,0.0,0.75,0.0,0.14640000000000003,0.3999344262295082,0.0,0.0
675,0.0,0.0,0.0,0.0,0.5,1.0,0.11973333333333332,0.3409180327868852,0.15614754098360656,0.0
676,0.42857142857142855,0.0,0.0,0.0,1.0,1.0,0.14666666666666667,0.4,0.15614754098360656,0.0
677,0.0,0.0,0.5882352941176471,0.0,0.25,1.0,0.0936,0.819672131147541,1.0,0.0
678,0.42857142857142855,0.0,0.0,0.0,0.25,0.0,0.04000000000000001,0.4,0.0,0.0
679,1.0,0.0,0.0,0.0,0.75,0.0,0.013333333333333336,0.8655737704918033,0.0,0.0
680,0.0,0.0,1.0,0.0,0.75,0.0,0.2,0.013114754098360656,0.0,0.0
681,0.0,0.0,0.0,0.0,1.0,0.0,0.36000000000000004,0.4,0.0,0.0
682,0.2857142857142857,0.0,0.0,0.8571428571428571,1.0,1.0,0.4666666666666667,0.8655737704918033,1.0,0.0
683,0.0,0.0,0.5294117647058824,0.0,0.0,1.0,0.11973333333333332,0.8655737704918033,0.1557377049180328,0.0
684,0.14285714285714285,0.7857142857142857,0.0,0.0,1.0,0.0,0.5466666666666666,0.419672131147541,0.0,1.0
685,1.0,0.0,0.0,0.0,0.75,0.0,0.7866666666666667,0.8655737704918033,0.0,0.0
686,1.0,0.0,0.5882352941176471,0.0,0.75,0.0,0.25360000000000005,0.4,0.0,0.0
687,0.0,0.0,0.0,0.0,0.25,1.0,0.013333333333333336,0.8655737704918033,1.0,0.0
688,0.42857142857142855,0.0,0.0,0.0,0.25,1.0,0.11973333333333332,0.3999344262295082,0.15614754098360656,0.0
689,0.42857142857142855,0.0,0.0,0.0,1.0,1.0,0.14666666666666667,0.4,1.0,0.0
690,0.0,0.0,0.0,0.0,0.25,0.0,0.11999999999999998,0.3999344262295082,0.0,0.0
691,0.42857142857142855,0.0,0.0,0.0,0.25,1.0,0.04000000000000001,0.8655737704918033,0.15594262295081968,0.0
692,0.42857142857142855,0.0,0.0,0.0,1.0,0.0,0.36000000000000004,0.4,0.0,0.0
693,0.0,0.0,0.0,0.0,1.0,1.0,0.36000000000000004,0.8,0.15594262295081968,0.0
694,0.0,0.0,0.0,0.0,0.5,1.0,0.11973333333333332,0.8,1.0,0.0
695,0.42857142857142855,0.0,0.0,0.0,1.0,1.0,0.35973333333333335,1.0,0.8545081967213115,0.0
696,0.0,0.0,0.0,0.0,0.25,0.0,0.36000000000000004,0.4,0.0,0.0
697,0.42857142857142855,0.08571428571428572,0.0,0.0,1.0,0.0,0.06666666666666667,0.4,0.0,0.0
698,0.0,0.0,0.0,0.0,0.75,0.0,0.013333333333333336,0.4,0.0,0.0
699,0.0,0.0,0.0,0.0,0.25,1.0,0.11973333333333332,0.4,1.0,0.0
700,0.0,0.0,0.0,0.0,1.0,0.0,0.09333333333333334,0.3999344262295082,0.0,0.0
701,0.42857142857142855,0.0,0.0,0.0,0.25,0.0,0.013333333333333336,0.4,0.0,0.0
702,0.0,0.0,0.7058823529411764,0.0,0.75,0.0,0.14693333333333336,0.8655737704918033,0.0,1.0
703,0.0,0.0,0.0,0.0,1.0,1.0,0.36000000000000004,0.4,0.15614754098360656,0.0
704,0.0,0.0,0.5882352941176471,0.0,0.25,1.0,0.05360000000000001,0.4,0.15614754098360656,0.0
705,1.0,0.0,0.5882352941176471,0.0,0.75,0.0,0.0936,0.4,0.0,0.0
706,0.0,0.0,0.0,0.0,1.0,0.0,0.09333333333333334,0.3999344262295082,0.0,0.0
707,0.42857142857142855,0.0,0.0,0.0,1.0,1.0,0.35973333333333335,0.8655737704918033,0.15614754098360656,0.0
708,0.0,0.0,0.0,0.0,1.0,1.0,0.36000000000000004,0.21967213114754097,0.12540983606557377,0.0
709,0.0,0.0,0.5294117647058824,0.0,0.0,1.0,0.013333333333333336,0.4,0.15594262295081968,0.0
710,0.0,0.0,0.0,0.0,0.25,1.0,0.013333333333333336,0.4,0.15614754098360656,0.0
711,0.42857142857142855,0.0,0.0,0.0,0.25,1.0,0.04000000000000001,0.8655737704918033,0.030737704918032786,0.0
712,0.0,0.0,0.0,0.7142857142857143,0.75,0.0,0.17333333333333334,0.8655737704918033,0.0,0.0
713,0.0,0.0,0.8235294117647058,0.0,0.75,0.0,0.14666666666666667,0.4,0.0,0.0
714,0.42857142857142855,0.0,0.0,0.0,1.0,0.0,0.14666666666666667,0.3999344262295082,0.0,0.0
715,1.0,0.0,0.8235294117647058,0.0,0.75,0.0,0.14640000000000003,0.39934426229508196,0.0,0.0
716,0.42857142857142855,0.0,0.0,0.0,0.75,0.0,0.11973333333333332,0.3999344262295082,0.0,0.0
717,0.0,0.0,0.0,0.0,0.25,1.0,0.36000000000000004,0.09836065573770492,0.15614754098360656,0.0
718,0.0,0.0,0.5294117647058824,0.0,0.0,0.0,0.11999999999999998,0.8655737704918033,0.0,0.0
719,0.0,0.0,0.5882352941176471,0.0,0.25,1.0,0.04000000000000001,0.8,0.15614754098360656,0.0
720,0.0,0.0,1.0,0.0,0.25,0.0,0.01893333333333333,0.8,0.0,0.0
721,0.8571428571428571,0.0,0.0,0.44285714285714284,0.75,1.0,0.36000000000000004,0.8360000000000001,1.0,0.0
722,0.0,0.0,0.5294117647058824,0.0,0.0,1.0,0.11999999999999998,0.4,1.0,0.0
723,0.0,0.0,0.0,0.0,0.25,0.0,0.36000000000000004,0.3979672131147541,0.0,0.0
724,0.42857142857142855,0.0,0.0,0.0,0.25,1.0,0.11999999999999998,0.3999344262295082,0.15614754098360656,0.0
725,0.0,0.0,0.5294117647058824,0.0,0.0,0.0,0.11973333333333332,0.4,0.0,0.0
726,0.42857142857142855,0.0,0.0,0.0,1.0,0.0,0.14666666666666667,0.013114754098360656,0.0,0.0
727,0.14285714285714285,0.7857142857142857,0.0,0.0,1.0,0.0,0.2,0.5901639344262295,0.0,0.0
728,1.0,0.0,0.0,0.7142857142857143,1.0,1.0,0.4666666666666667,0.3999344262295082,1.0,0.0
729,0.42857142857142855,0.0,0.0,0.0,0.25,1.0,0.25333333333333335,0.09836065573770492,0.12540983606557377,0.0
730,0.0,0.0,0.7058823529411764,0.0,0.75,0.0,0.09333333333333334,0.4,0.0,0.0
731,0.0,0.0,1.0,0.0,0.75,1.0,0.25333333333333335,0.8,1.0,0.0
732,0.5714285714285714,1.0,0.0,0.0,1.0,1.0,0.36000000000000004,0.8655737704918033,0.15614754098360656,0.0
733,1.0,0.0,0.5882352941176471,0.0,0.75,0.0,0.25360000000000005,0.8655737704918033,0.0,0.0
734,0.42857142857142855,0.0,0.0,0.0,1.0,1.0,0.36000000000000004,1.0,0.12540983606557377,0.0
735,0.0,0.0,0.5294117647058824,0.0,0.0,1.0,0.013333333333333336,0.09836065573770492,1.0,0.0
736,0.0,0.0,0.0,0.0,1.0,1.0,0.09333333333333334,0.21967213114754097,0.00020491803278688525,0.0
737,0.0,0.0,0.0,0.0,0.75,1.0,0.3602666666666667,0.8524590163934426,0.15614754098360656,0.0
738,0.42857142857142855,0.0,0.0,0.0,0.25,1.0,0.013333333333333336,0.8655737704918033,0.15614754098360656,0.0
739,0.42857142857142855,0.0,0.0,0.0,0.25,1.0,0.09333333333333334,0.39934426229508196,1.0,0.0
740,0.42857142857142855,0.0,0.0,0.0,0.25,0.0,0.11999999999999998,0.8,0.0,0.0
741,0.42857142857142855,0.0,0.0,0.0,1.0,0.0,0.35973333333333335,0.3999344262295082,0.0,0.0
742,1.0,0.0,0.0,0.0,0.75,1.0,0.013333333333333336,0.3901639344262295,1.0,0.0
743,0.42857142857142855,0.0,0.0,0.0,0.75,1.0,0.11999999999999998,0.8655737704918033,1.0,0.0
744,0.42857142857142855,0.0,0.0,0.0,0.25,0.0,0.36000000000000004,0.4,0.0,0.0
745,0.42857142857142855,0.0,0.0,0.0,0.25,0.0,0.14666666666666667,0.04918032786885246,0.0,0.0
746,0.7142857142857142,0.0,0.0,0.0,1.0,0.0,0.14666666666666667,0.3999344262295082,0.0,0.0
747,0.42857142857142855,0.0,0.0,0.0,0.25,1.0,0.11999999999999998,0.09836065573770492,0.12540983606557377,0.0
748,0.42857142857142855,0.0,0.0,0.0,0.25,1.0,0.11999999999999998,0.09836065573770492,0.15614754098360656,0.0
749,0.0,0.0,0.0,0.0,1.0,1.0,0.36000000000000004,0.8,0.15614754098360656,0.0
750,1.0,0.0,0.8235294117647058,0.0,0.75,0.0,0.6802666666666667,0.6557377049180327,0.0,1.0
751,0.42857142857142855,0.0,0.0,0.0,0.75,0.0,0.09333333333333334,0.8655737704918033,0.0,0.0
752,0.0,0.0,0.8235294117647058,0.0,0.25,0.0,0.09333333333333334,0.4,0.0,0.0
753,0.5714285714285714,1.0,0.0,0.0,1.0,1.0,0.6,0.4,1.0,0.0
754,0.0,0.0,0.0,0.0,0.25,1.0,0.25333333333333335,0.3999344262295082,0.8545081967213115,0.0
755,0.42857142857142855,0.0,0.0,0.0,0.25,1.0,0.11999999999999998,0.3999344262295082,0.15614754098360656,0.0
756,0.42857142857142855,0.0,0.0,0.0,0.25,1.0,0.35973333333333335,0.4,0.15614754098360656,0.0
757,0.42857142857142855,0.0,0.0,0.0,0.25,1.0,0.0936,0.3999344262295082,0.12540983606557377,0.0
758,0.42857142857142855,0.0,0.0,0.0,0.25,1.0,0.11973333333333332,0.8655737704918033,1.0,0.0
759,0.42857142857142855,0.0,0.0,0.0,0.25,1.0,0.25333333333333335,0.4,0.8545081967213115,0.0
760,0.42857142857142855,0.0,0.0,0.0,0.25,0.0,0.04000000000000001,0.4,0.0,0.0
761,0.0,0.0,0.5294117647058824,0.0,0.0,1.0,0.11999999999999998,0.4,1.0,0.0
762,0.0,0.0,0.0,0.0,0.5,1.0,0.11999999999999998,0.8,0.15614754098360656,0.0
763,0.42857142857142855,0.0,0.0,0.0,0.25,0.0,0.04000000000000001,0.3999344262295082,0.0,0.0
764,0.0,0.0,0.0,0.0,0.75,1.0,0.11999999999999998,0.8524590163934426,0.8545081967213115,0.0
765,0.0,0.0,0.0,0.0,1.0,0.0,0.14666666666666667,0.03278688524590164,0.0,0.0
766,0.14285714285714285,0.9285714285714285,0.0,0.0,1.0,0.0,0.22666666666666668,0.4,0.0,0.0
767,0.42857142857142855,0.0,0.0,0.0,1.0,1.0,0.4666666666666667,0.9836065573770492,0.8545081967213115,0.0
768,0.42857142857142855,0.0,0.0,0.0,0.25,0.0,0.11999999999999998,0.4,0.0,0.0
769,0.8571428571428571,0.0,0.0,0.44285714285714284,0.75,0.0,0.6,0.4,0.0,1.0
770,0.42857142857142855,0.0,0.0,0.0,0.25,1.0,0.25333333333333335,0.3999344262295082,0.8545081967213115,0.0
771,0.0,0.0,0.0,0.0,1.0,1.0,0.09333333333333334,0.21967213114754097,0.12520491803278688,0.0
772,0.42857142857142855,0.0,0.0,0.0,0.25,1.0,0.7866666666666667,0.8524590163934426,1.0,0.0
773,0.0,0.0,0.0,0.0,0.5,1.0,0.09333333333333334,0.4,1.0,0.0
774,0.0,0.0,0.0,0.0,0.75,1.0,0.11999999999999998,0.4,1.0,0.0
775,0.0,0.0,0.0,0.0,0.25,0.0,0.11973333333333332,0.4,0.0,0.0
776,1.0,0.0,0.0,0.0,0.75,1.0,0.11973333333333332,0.24583606557377047,1.0,0.0
777,0.42857142857142855,0.0,0.0,0.0,1.0,1.0,0.35973333333333335,0.8655737704918033,1.0,0.0
778,0.0,0.0,0.0,0.0,0.25,1.0,0.013333333333333336,0.4,1.0,0.0
779,0.0,0.0,0.0,0.0,0.75,1.0,0.04000000000000001,0.4,0.15614754098360656,0.0
780,0.42857142857142855,0.0,0.0,0.0,0.25,1.0,0.11973333333333332,0.2459016393442623,0.12540983606557377,0.0
781,1.0,0.0,0.0,0.0,0.75,0.0,0.013333333333333336,0.013114754098360656,0.0,0.0
782,0.0,0.0,0.0,0.0,0.25,0.0,0.04000000000000001,0.4,0.0,0.0
783,0.0,0.0,0.5294117647058824,0.0,0.0,1.0,0.36000000000000004,0.4,1.0,0.0
784,0.42857142857142855,0.0,0.0,0.0,0.25,1.0,0.3602666666666667,0.8655737704918033,1.0,0.0
785,0.0,0.0,0.0,0.0,0.25,0.0,0.7869333333333334,0.3999344262295082,0.0,0.0
786,0.14285714285714285,0.6428571428571428,0.0,0.0,1.0,0.0,0.5466666666666666,0.5901639344262295,0.0,1.0
787,0.42857142857142855,0.0,0.0,0.0,0.25,1.0,0.7866666666666667,0.09836065573770492,0.15614754098360656,0.0
788,0.7142857142857142,0.0,0.0,0.0,1.0,1.0,0.14666666666666667,0.4,1.0,0.0
789,1.0,0.0,0.0,0.0,1.0,0.0,0.14666666666666667,0.16393442622950818,0.0,0.0
790,0.42857142857142855,0.0,0.0,0.0,0.25,1.0,0.7866666666666667,0.8524590163934426,1.0,0.0
791,0.14285714285714285,0.7857142857142857,0.0,0.0,1.0,0.0,0.7866666666666667,0.5901639344262295,0.0,1.0
792,0.42857142857142855,0.0,0.0,0.0,0.25,0.0,0.17333333333333334,0.6334426229508197,0.0,0.0
793,0.0,0.0,0.5882352941176471,0.0,0.75,0.0,0.20026666666666665,0.03278688524590164,0.0,0.0
794,1.0,0.0,0.0,0.0,0.75,1.0,0.11973333333333332,0.8524590163934426,1.0,0.0
795,0.0,0.0,0.0,0.0,0.25,0.0,0.04000000000000001,0.3999344262295082,0.0,0.0
796,0.0,0.0,0.0,0.0,0.75,1.0,0.7866666666666667,0.4,1.0,0.0
797,0.42857142857142855,0.0,0.0,0.0,1.0,1.0,0.35973333333333335,0.9836065573770492,0.8545081967213115,0.0
