,f1,f2
0,0.0,0.0
1,0.0,0.04
2,0.0,0.08
3,0.0,0.12
4,0.0,0.16
5,0.0,0.2
6,0.0,0.96
7,0.0,0.28
8,0.0,0.32
9,0.0,0.24
10,0.0,0.36
11,0.0,0.4
12,0.0,0.44
13,0.0,0.48
14,0.0,0.52
15,0.0,0.56
16,0.0,0.6
17,0.0,0.64
18,0.0,0.68
19,0.0,0.76
20,0.0,0.8
21,0.0,0.84
22,0.0,0.88
23,0.0,0.92
24,0.0,0.72
25,0.0,1.0
26,0.5,0.0
27,0.5,0.04
28,0.5,0.08
29,0.5,0.12
30,0.5,0.16
31,0.5,0.2
32,0.5,0.96
33,0.5,0.28
34,0.5,0.32
35,0.5,0.24
36,0.5,0.36
37,0.5,0.4
38,0.5,0.44
39,0.5,0.48
40,0.5,0.52
41,0.5,0.56
42,0.5,0.6
43,0.5,0.64
44,0.5,0.68
45,0.5,0.76
46,0.5,0.8
47,0.5,0.84
48,0.5,0.88
49,0.5,0.92
50,0.5,0.72
51,0.5,1.0
52,0.75,0.0
53,0.75,0.04
54,0.75,0.08
55,0.75,0.12
56,0.75,0.16
57,0.75,0.2
58,0.75,0.96
59,0.75,0.28
60,0.75,0.32
61,0.75,0.24
62,0.75,0.36
63,0.75,0.4
64,0.75,0.44
65,0.75,0.48
66,0.75,0.52
67,0.75,0.56
68,0.75,0.6
69,0.75,0.64
70,0.75,0.68
71,0.75,0.76
72,0.75,0.8
73,0.75,0.84
74,0.75,0.88
75,0.75,0.92
76,0.75,0.72
77,0.75,1.0
78,0.25,0.0
79,0.25,0.04
80,0.25,0.08
81,0.25,0.12
82,0.25,0.16
83,0.25,0.2
84,0.25,0.96
85,0.25,0.28
86,0.25,0.32
87,0.25,0.24
88,0.25,0.36
89,0.25,0.4
90,0.25,0.44
91,0.25,0.48
92,0.25,0.52
93,0.25,0.56
94,0.25,0.6
95,0.25,0.64
96,0.25,0.68
97,0.25,0.76
98,0.25,0.8
99,0.25,0.84
100,0.25,0.88
101,0.25,0.92
102,0.25,0.72
103,0.25,1.0
104,1.0,0.0
105,1.0,0.04
106,1.0,0.08
107,1.0,0.12
108,1.0,0.16
109,1.0,0.2
110,1.0,0.96
111,1.0,0.28
112,1.0,0.32
113,1.0,0.24
114,1.0,0.36
115,1.0,0.4
116,1.0,0.44
117,1.0,0.48
118,1.0,0.52
119,1.0,0.56
120,1.0,0.6
121,1.0,0.64
122,1.0,0.68
123,1.0,0.76
124,1.0,0.8
125,1.0,0.84
126,1.0,0.88
127,1.0,0.92
128,1.0,0.72
129,1.0,1.0
