,State,City,Store,Sales,Transactions,Units
0,0.6666666666666666,0.1,0.17073170731707318,0.7446140175037973,0.8263305322128851,0.7296823712332486
1,0.3333333333333333,0.35000000000000003,0.03484320557491289,0.32652744913669285,0.21615312791783378,0.08060416101088379
2,1.0,0.9,0.34494773519163763,0.7417724919662323,0.7395891690009337,0.4587230681902318
3,0.6666666666666666,0.675,0.5191637630662022,0.9335702993417994,0.4322128851540616,0.44366840247784994
4,0.0,0.225,0.6480836236933798,0.06709100114694304,0.07469654528478056,0.0595276290135492
5,0.0,0.2,0.01742160278745645,0.9228654976802818,0.5966386554621849,0.5098595720526173
6,0.6666666666666666,0.45,0.9930313588850175,0.6617034687277198,0.6694677871148459,0.24689651768306228
7,1.0,0.025,0.710801393728223,0.0,0.006255835667600372,0.007552012636047286
8,0.6666666666666666,0.5,0.8780487804878049,0.20449684332344825,0.08888888888888888,0.07737110984970015
9,0.0,0.5750000000000001,0.26829268292682923,0.4176525899213672,0.20821661998132585,0.09008119647572745
10,0.0,0.4,0.08013937282229966,0.3042085576416371,0.1350140056022409,0.059552308793405576
11,0.0,0.30000000000000004,0.4878048780487804,0.20811333037125823,0.09299719887955181,0.044892519558725544
12,0.0,0.05,0.47386759581881527,0.10437181619979542,0.13426704014939309,0.05676349366963647
13,0.0,0.15000000000000002,0.794425087108014,0.4177042540220502,0.1976657329598506,0.07176879982230559
14,0.6666666666666666,0.8,0.9337979094076655,0.2617200012399384,0.10550887021475255,0.04314025518892371
15,0.0,0.375,0.6689895470383276,0.9777431054257639,0.3338001867413632,0.27895555171647873
16,0.0,0.625,0.20209059233449478,0.7828144535488071,0.31895424836601305,0.29823045978429874
17,0.3333333333333333,0.17500000000000002,0.6968641114982579,0.2362392667830831,0.09710550887021474,0.08709494311310743
18,0.3333333333333333,0.9500000000000001,0.8954703832752614,0.5500676799718948,0.5355742296918767,0.3369036748192206
19,0.0,0.525,0.8153310104529617,0.4011200777028074,0.14136321195144724,0.1331720921049384
20,0.3333333333333333,0.125,0.7595818815331011,0.015096250219572428,0.01568627450980392,0.014190873417409117
21,0.0,0.55,1.0,0.7028280928713874,0.31223155929038277,0.2587921715738296
22,0.0,0.8250000000000001,0.7630662020905924,0.49277219231444835,0.15602240896358543,0.05622053851279647
23,0.0,0.25,0.10452961672473868,0.003110178861116565,0.0,0.0
24,0.0,0.275,0.2787456445993031,0.80660060550326,0.3183940242763772,0.16365162022754756
25,0.0,0.7250000000000001,0.05923344947735192,1.0,1.0,1.0
26,0.0,0.42500000000000004,0.5923344947735192,0.19704688000495973,0.2299719887955182,0.10918334608455293
27,0.0,0.8500000000000001,0.38327526132404177,0.6044596451709565,0.4626517273576097,0.40526666502134806
28,0.0,0.625,0.20209059233449478,0.25924012440715444,0.2902894491129785,0.14482094819714209
29,0.0,0.775,0.3867595818815331,0.9349755628803769,0.8948646125116713,0.29808238110516055
30,0.0,0.9,0.34494773519163763,0.3386375143367879,0.2130718954248366,0.22967003134332042
31,0.0,0.9500000000000001,0.8954703832752614,0.4553467177796836,0.4010270774976657,0.3141489177916533
32,0.0,0.7000000000000001,0.5853658536585367,0.2023992808357185,0.11157796451914098,0.06071225844665466
33,0.0,0.875,0.470383275261324,0.1754616187396026,0.08618113912231558,0.0938572027937511
34,0.0,0.9750000000000001,0.6341463414634146,0.28883332127837646,0.18860877684407096,0.11476097633209113
35,0.0,0.65,0.0,0.2882133520701805,0.23482726423902894,0.07445889582664923
36,0.0,0.325,0.6027874564459931,0.978797053079697,0.9257703081232492,0.7823983810064414
37,0.0,0.0,0.18118466898954705,0.4676117752818276,0.1672268907563025,0.11115772847306203
38,0.0,0.925,0.9547038327526133,0.2262680953512642,0.23025210084033612,0.09647325945852564
39,0.0,0.07500000000000001,0.578397212543554,0.6448196406245156,0.40121381886087765,0.21849009106838768
40,0.6666666666666666,0.47500000000000003,0.578397212543554,0.16978890048460926,0.1265172735760971,0.04279473827093462
41,0.0,0.75,0.9128919860627178,0.5997065479081205,0.4582633053221288,0.3931982526715862
42,0.6666666666666666,1.0,0.024390243902439025,0.29248080678659627,0.07833800186741362,0.08218366692169106
43,0.0,0.6000000000000001,0.7874564459930314,0.3623926678308311,0.26087768440709613,0.08840297144549471
