,f1,f2
0,0.0,0.2
1,0.0,0.4666666666666667
2,0.0,0.3333333333333333
3,0.0,0.8
4,0.0,0.4666666666666667
5,0.0,0.0
6,0.0,0.13333333333333333
7,0.0,0.13333333333333333
8,0.0,0.13333333333333333
9,0.0,0.26666666666666666
10,0.0,0.06666666666666667
11,0.0,0.7333333333333333
12,0.0,0.3333333333333333
13,0.0,0.9333333333333333
14,0.0,0.2
15,0.0,0.6666666666666666
16,0.0,0.6666666666666666
17,0.0,0.26666666666666666
18,0.0,0.2
19,0.0,0.6666666666666666
20,0.0,0.5333333333333333
21,0.0,0.13333333333333333
22,0.0,0.4666666666666667
23,0.0,0.4
24,0.0,0.6
25,0.0,0.13333333333333333
26,0.0,0.7333333333333333
27,0.0,0.2
28,0.0,0.26666666666666666
29,0.0,0.06666666666666667
30,0.0,0.4
31,0.0,0.13333333333333333
32,0.0,0.26666666666666666
33,0.0,0.4666666666666667
34,0.0,0.4666666666666667
35,0.0,0.5333333333333333
36,0.0,0.4666666666666667
37,0.0,0.7333333333333333
38,0.0,0.4
39,0.0,0.4666666666666667
40,0.0,0.3333333333333333
41,0.0,0.5333333333333333
42,0.0,0.6666666666666666
43,0.0,0.26666666666666666
44,0.0,0.3333333333333333
45,0.0,0.4
46,0.0,0.3333333333333333
47,0.0,0.26666666666666666
48,0.0,0.4
49,0.0,0.7333333333333333
50,0.0,0.8
51,0.0,0.2
52,0.0,0.4666666666666667
53,0.0,0.3333333333333333
54,0.0,0.7333333333333333
55,0.0,0.06666666666666667
56,0.0,0.4
57,0.0,0.26666666666666666
58,0.0,0.3333333333333333
59,0.0,0.4666666666666667
60,0.0,0.2
61,0.0,0.4
62,0.0,0.3333333333333333
63,0.0,0.4
64,0.0,0.4
65,0.0,0.13333333333333333
66,0.0,0.26666666666666666
67,0.0,0.06666666666666667
68,0.0,0.6
69,0.0,0.6666666666666666
70,0.0,0.3333333333333333
71,0.0,0.5333333333333333
72,0.0,0.2
73,0.0,0.5333333333333333
74,0.0,0.2
75,0.0,0.4666666666666667
76,0.0,0.6
77,0.0,0.6666666666666666
78,0.0,0.13333333333333333
79,0.0,0.5333333333333333
80,0.0,0.6
81,0.0,0.26666666666666666
82,0.0,0.06666666666666667
83,0.33333333333333215,0.4666666666666667
84,0.33333333333333215,0.3333333333333333
85,0.33333333333333215,0.7333333333333333
86,0.33333333333333215,0.6
87,0.33333333333333215,0.4
88,0.33333333333333215,0.4666666666666667
89,0.33333333333333215,0.6
90,0.33333333333333215,0.06666666666666667
91,0.33333333333333215,0.6
92,0.33333333333333215,0.6666666666666666
93,0.33333333333333215,0.7333333333333333
94,0.33333333333333215,0.4
95,0.33333333333333215,0.6
96,0.33333333333333215,0.3333333333333333
97,0.33333333333333215,0.6
98,0.33333333333333215,0.6666666666666666
99,0.33333333333333215,0.4
100,0.33333333333333215,0.8
101,0.33333333333333215,0.26666666666666666
102,0.33333333333333215,0.4666666666666667
103,0.33333333333333215,0.4666666666666667
104,0.33333333333333215,0.3333333333333333
105,0.33333333333333215,0.6666666666666666
106,0.33333333333333215,0.2
107,0.33333333333333215,0.4
108,0.33333333333333215,0.4666666666666667
109,0.33333333333333215,0.3333333333333333
110,0.33333333333333215,0.3333333333333333
111,0.33333333333333215,0.2
112,0.33333333333333215,0.5333333333333333
113,0.33333333333333215,0.5333333333333333
114,0.33333333333333215,0.6666666666666666
115,0.33333333333333215,0.5333333333333333
116,0.33333333333333215,0.4666666666666667
117,0.33333333333333215,0.2
118,0.33333333333333215,0.2
119,0.33333333333333215,0.5333333333333333
120,0.33333333333333215,0.4666666666666667
121,0.33333333333333215,0.5333333333333333
122,0.33333333333333215,0.4
123,0.33333333333333215,0.2
124,0.33333333333333215,0.7333333333333333
125,0.33333333333333215,0.6
126,0.33333333333333215,0.6666666666666666
127,0.33333333333333215,0.5333333333333333
128,0.33333333333333215,0.4
129,0.33333333333333215,0.13333333333333333
130,0.33333333333333215,0.3333333333333333
131,0.33333333333333215,0.4
132,0.33333333333333215,0.26666666666666666
133,0.33333333333333215,0.26666666666666666
134,0.33333333333333215,0.4666666666666667
135,0.33333333333333215,0.06666666666666667
136,0.33333333333333215,0.8666666666666667
137,0.33333333333333215,0.4666666666666667
138,0.33333333333333215,0.6666666666666666
139,0.33333333333333215,0.5333333333333333
140,0.33333333333333215,0.26666666666666666
141,0.33333333333333215,0.13333333333333333
142,0.33333333333333215,0.8
143,0.33333333333333215,0.2
144,0.33333333333333215,0.4
145,0.33333333333333215,0.4666666666666667
146,0.33333333333333215,0.2
147,0.33333333333333215,0.4666666666666667
148,0.33333333333333215,1.0
149,0.33333333333333215,0.2
150,0.33333333333333215,0.6
151,0.33333333333333215,0.6666666666666666
152,0.33333333333333215,0.4666666666666667
153,0.33333333333333215,0.26666666666666666
154,0.33333333333333215,0.4666666666666667
155,0.33333333333333215,0.4666666666666667
156,0.33333333333333215,0.4666666666666667
157,0.33333333333333215,0.6
158,0.33333333333333215,0.4
159,0.33333333333333215,0.4666666666666667
160,0.33333333333333215,0.26666666666666666
161,0.33333333333333215,0.4
162,0.33333333333333215,0.4
163,0.33333333333333215,0.5333333333333333
164,0.33333333333333215,0.3333333333333333
165,0.33333333333333215,0.4
166,0.33333333333333215,0.13333333333333333
167,0.33333333333333215,0.13333333333333333
168,0.33333333333333215,0.4
169,0.33333333333333215,0.4666666666666667
170,0.33333333333333215,0.4666666666666667
171,0.33333333333333215,0.4
172,0.33333333333333215,0.8
173,0.33333333333333215,0.5333333333333333
174,0.33333333333333215,0.6
175,0.33333333333333215,0.3333333333333333
176,0.6666666666666679,0.4
177,0.6666666666666679,0.4
178,0.6666666666666679,0.3333333333333333
179,0.6666666666666679,0.8666666666666667
180,0.6666666666666679,0.4
181,0.6666666666666679,0.6
182,0.6666666666666679,0.6
183,0.6666666666666679,0.13333333333333333
184,0.6666666666666679,0.6
185,0.6666666666666679,0.5333333333333333
186,0.6666666666666679,0.4
187,0.6666666666666679,0.26666666666666666
188,0.6666666666666679,0.6
189,0.6666666666666679,0.4
190,0.6666666666666679,0.4666666666666667
191,0.6666666666666679,0.26666666666666666
192,0.6666666666666679,0.0
193,0.6666666666666679,0.3333333333333333
194,0.6666666666666679,0.13333333333333333
195,0.6666666666666679,0.26666666666666666
196,0.6666666666666679,0.2
197,0.6666666666666679,0.06666666666666667
198,0.6666666666666679,0.13333333333333333
199,0.6666666666666679,0.2
200,0.6666666666666679,0.8
201,0.6666666666666679,0.4666666666666667
202,0.6666666666666679,0.26666666666666666
203,0.6666666666666679,0.5333333333333333
204,0.6666666666666679,0.6
205,0.6666666666666679,0.2
206,0.6666666666666679,0.6666666666666666
207,0.6666666666666679,0.4
208,0.6666666666666679,0.5333333333333333
209,0.6666666666666679,0.2
210,0.6666666666666679,0.6
211,0.6666666666666679,0.4666666666666667
212,0.6666666666666679,0.6
213,0.6666666666666679,0.06666666666666667
214,0.6666666666666679,0.13333333333333333
215,0.6666666666666679,0.13333333333333333
216,0.6666666666666679,0.0
217,0.6666666666666679,0.4666666666666667
218,0.6666666666666679,0.3333333333333333
219,0.6666666666666679,0.3333333333333333
220,0.6666666666666679,0.26666666666666666
221,0.6666666666666679,0.13333333333333333
222,0.6666666666666679,0.6666666666666666
223,0.6666666666666679,0.3333333333333333
224,0.6666666666666679,0.06666666666666667
225,0.6666666666666679,0.4666666666666667
226,0.6666666666666679,0.4
227,0.6666666666666679,0.2
228,0.6666666666666679,0.0
229,0.6666666666666679,0.5333333333333333
230,0.6666666666666679,0.2
231,0.6666666666666679,0.3333333333333333
232,0.6666666666666679,0.0
233,0.6666666666666679,0.4
234,0.6666666666666679,0.2
235,0.6666666666666679,0.4
236,0.6666666666666679,0.2
237,0.6666666666666679,0.4666666666666667
238,0.6666666666666679,0.3333333333333333
239,0.6666666666666679,0.26666666666666666
240,0.6666666666666679,0.06666666666666667
241,0.6666666666666679,0.0
242,0.6666666666666679,0.06666666666666667
243,0.6666666666666679,0.6
244,0.6666666666666679,0.3333333333333333
245,0.6666666666666679,0.4666666666666667
246,0.6666666666666679,0.26666666666666666
247,0.6666666666666679,0.2
248,0.6666666666666679,0.26666666666666666
249,0.6666666666666679,0.4
250,0.6666666666666679,0.26666666666666666
251,0.6666666666666679,0.4666666666666667
252,0.6666666666666679,0.4
253,0.6666666666666679,0.4666666666666667
254,0.6666666666666679,0.4
255,0.6666666666666679,0.26666666666666666
256,0.6666666666666679,0.5333333333333333
257,0.6666666666666679,0.6
258,0.6666666666666679,0.0
259,0.6666666666666679,0.13333333333333333
260,0.6666666666666679,0.2
261,0.6666666666666679,0.2
262,0.6666666666666679,0.26666666666666666
263,0.6666666666666679,0.26666666666666666
264,0.6666666666666679,0.13333333333333333
265,0.6666666666666679,0.6
266,0.6666666666666679,0.4666666666666667
267,0.6666666666666679,0.2
268,0.6666666666666679,0.3333333333333333
269,0.6666666666666679,0.6
270,0.6666666666666679,0.3333333333333333
271,0.6666666666666679,0.06666666666666667
272,0.6666666666666679,0.0
273,0.6666666666666679,0.6666666666666666
274,0.6666666666666679,0.4666666666666667
275,0.6666666666666679,0.2
276,0.6666666666666679,0.2
277,0.6666666666666679,0.4
278,0.6666666666666679,0.5333333333333333
279,0.6666666666666679,0.13333333333333333
280,0.6666666666666679,0.3333333333333333
281,1.0,0.26666666666666666
282,1.0,0.06666666666666667
283,1.0,0.5333333333333333
284,1.0,0.4666666666666667
285,1.0,0.2
286,1.0,0.06666666666666667
287,1.0,0.2
288,1.0,0.13333333333333333
289,1.0,0.13333333333333333
290,1.0,0.4
291,1.0,0.4
292,1.0,0.26666666666666666
293,1.0,0.5333333333333333
294,1.0,0.3333333333333333
295,1.0,0.3333333333333333
296,1.0,0.06666666666666667
297,1.0,0.4666666666666667
298,1.0,0.0
299,1.0,0.26666666666666666
300,1.0,0.2
301,1.0,0.13333333333333333
302,1.0,0.2
303,1.0,0.4666666666666667
304,1.0,0.6
305,1.0,0.5333333333333333
306,1.0,0.3333333333333333
307,1.0,0.13333333333333333
308,1.0,0.6
309,1.0,0.6
310,1.0,0.26666666666666666
311,1.0,0.13333333333333333
312,1.0,0.4666666666666667
313,1.0,0.3333333333333333
314,1.0,0.4666666666666667
315,1.0,0.4666666666666667
316,1.0,0.4666666666666667
317,1.0,0.6
318,1.0,0.5333333333333333
319,1.0,0.6666666666666666
320,1.0,0.6666666666666666
321,1.0,0.26666666666666666
322,1.0,0.6
323,1.0,0.6666666666666666
324,1.0,0.6
325,1.0,0.26666666666666666
326,1.0,0.5333333333333333
327,1.0,0.06666666666666667
328,1.0,0.6
329,1.0,0.6
330,1.0,0.2
331,1.0,0.2
332,1.0,0.2
333,1.0,0.8666666666666667
334,1.0,0.4
335,1.0,0.4666666666666667
336,1.0,0.26666666666666666
337,1.0,0.26666666666666666
338,1.0,0.2
339,1.0,0.26666666666666666
340,1.0,0.6
341,1.0,0.8
342,1.0,0.4
343,1.0,0.0
344,1.0,0.13333333333333333
345,1.0,0.3333333333333333
346,1.0,0.26666666666666666
347,1.0,0.0
348,1.0,0.6666666666666666
349,1.0,0.06666666666666667
350,1.0,0.6666666666666666
351,1.0,0.26666666666666666
352,1.0,0.4
353,1.0,0.7333333333333333
354,1.0,0.6
355,1.0,0.4666666666666667
356,1.0,0.8666666666666667
357,1.0,0.2
358,1.0,0.3333333333333333
359,1.0,0.26666666666666666
360,1.0,0.4666666666666667
361,1.0,0.06666666666666667
362,1.0,0.6666666666666666
363,1.0,0.06666666666666667
364,1.0,0.3333333333333333
365,1.0,0.6666666666666666
366,1.0,0.3333333333333333
367,1.0,0.4666666666666667
368,1.0,0.3333333333333333
369,1.0,0.06666666666666667
370,1.0,0.2
371,1.0,0.26666666666666666
372,1.0,0.4
373,1.0,0.2
374,1.0,0.5333333333333333
375,1.0,0.2
376,1.0,0.6
377,1.0,0.5333333333333333
378,1.0,0.5333333333333333
379,1.0,0.3333333333333333
