,f1,f2,f3
0,0.0,1.0,0.030996829869672417
1,0.25,1.0,0.6716425161846692
2,0.5,1.0,1.0
3,0.75,1.0,0.46158798022616027
4,1.0,1.0,0.19512698740450135
5,0.0,0.5,0.030195187717870546
6,0.25,0.5,0.41540853384508875
7,0.5,0.5,0.6288396837157327
8,0.75,0.5,0.2902066050454871
9,1.0,0.5,0.12347718356390666
10,0.0,0.75,0.01651868676440223
11,0.25,0.75,0.25153344426765134
12,0.5,0.75,0.33033729700841724
13,0.75,0.75,0.13661925641617376
14,1.0,0.75,0.05673440137979619
15,0.0,0.25,0.00042511326231917503
16,0.25,0.25,0.008842355856238842
17,0.5,0.25,0.014077322029369253
18,0.75,0.25,0.006765373917479443
19,1.0,0.25,0.003097253768325418
20,0.0,0.0,0.0002793601438097436
21,0.25,0.0,0.004700538071929165
22,0.5,0.0,0.005028482588575385
23,0.75,0.0,0.0016640147696493422
24,1.0,0.0,0.0005465741944103679
25,0.0,1.0,0.005915147392841093
26,0.25,1.0,0.058119056005635786
27,0.5,1.0,0.06527310490580704
28,0.75,1.0,0.026101954306397345
29,1.0,1.0,0.021705068564696162
30,0.0,0.5,0.018061240601960377
31,0.25,0.5,0.1491175863283575
32,0.5,0.5,0.190815124315264
33,0.75,0.5,0.07026514921475507
34,1.0,0.5,0.030741761912280913
35,0.0,0.75,0.005951585672468451
36,0.25,0.75,0.05656435607486852
37,0.5,0.75,0.06255238002696432
38,0.75,0.75,0.023575566918900535
39,1.0,0.75,0.011016506540671194
40,0.0,0.25,3.643827962735786e-05
41,0.25,0.25,0.0009716874567295428
42,0.5,0.25,0.0012510476005392864
43,0.75,0.25,0.0008016421518018729
44,1.0,0.25,0.0006315968468742028
45,0.0,0.0,0.0
46,0.25,0.0,0.0009109569906839464
47,0.5,0.0,0.0008988108974748272
48,0.75,0.0,0.00034009060985534003
49,1.0,0.0,0.00013360702530031216
