,f1,f2,f3,f4,f5,f6,f7
0,1.0,0.0,1.0,1.0,0.0,1.0,0.3333333333333333
1,1.0,1.0,0.0,1.0,1.0,0.5,0.0
2,1.0,1.0,0.0,1.0,1.0,0.5,0.6666666666666666
3,1.0,0.6666666666666667,0.0,0.0,0.0,1.0,0.0
4,0.0,0.3333333333333333,0.0,1.0,0.0,0.0,0.0
5,1.0,0.3333333333333333,0.0,0.0,0.0,0.0,0.0
6,0.0,1.0,0.0,1.0,0.0,1.0,0.0
7,0.0,1.0,0.0,0.0,1.0,0.0,0.0
8,1.0,1.0,0.0,1.0,0.0,0.5,0.6666666666666666
9,1.0,1.0,1.0,1.0,1.0,1.0,0.6666666666666666
10,1.0,1.0,0.0,0.0,0.0,0.5,0.3333333333333333
11,0.0,0.3333333333333333,0.0,1.0,0.0,0.5,0.0
12,1.0,0.6666666666666667,1.0,1.0,1.0,0.5,0.3333333333333333
13,1.0,0.3333333333333333,0.0,0.0,0.0,0.0,0.6666666666666666
14,1.0,0.6666666666666667,1.0,0.0,0.0,0.0,0.6666666666666666
15,1.0,0.6666666666666667,0.0,0.0,0.0,0.0,0.0
16,1.0,0.3333333333333333,0.0,0.0,0.0,1.0,0.6666666666666666
17,1.0,1.0,0.0,0.0,0.0,0.0,0.0
18,0.0,0.6666666666666667,0.0,0.0,0.0,0.0,0.0
19,1.0,0.3333333333333333,0.0,0.0,0.0,0.0,0.0
20,1.0,0.0,0.0,1.0,1.0,0.5,0.0
21,0.0,0.0,1.0,1.0,0.0,0.0,0.0
22,1.0,0.3333333333333333,0.0,1.0,0.0,0.5,0.0
23,1.0,0.6666666666666667,0.0,1.0,0.0,0.0,0.6666666666666666
24,1.0,1.0,0.0,1.0,1.0,0.5,0.6666666666666666
25,0.0,0.6666666666666667,0.0,0.0,0.0,0.5,0.0
26,0.0,0.6666666666666667,0.0,0.0,0.0,0.0,0.0
27,0.0,0.0,0.0,0.0,0.0,1.0,0.0
28,1.0,1.0,0.0,0.0,0.0,0.0,0.0
29,1.0,1.0,0.0,1.0,1.0,0.5,0.6666666666666666
30,0.0,0.0,0.0,0.0,0.0,0.0,0.0
31,1.0,1.0,1.0,0.0,1.0,0.0,0.6666666666666666
32,1.0,0.6666666666666667,0.0,0.0,0.0,0.0,0.0
33,1.0,1.0,0.0,0.0,0.0,0.5,0.6666666666666666
34,1.0,0.6666666666666667,0.0,0.0,1.0,0.0,0.0
35,1.0,1.0,0.0,0.0,0.0,0.0,0.0
36,1.0,1.0,0.0,1.0,1.0,0.5,0.6666666666666666
37,1.0,1.0,0.0,1.0,1.0,0.5,0.3333333333333333
38,1.0,1.0,0.0,0.0,1.0,0.5,0.6666666666666666
39,1.0,0.6666666666666667,1.0,0.0,1.0,0.5,0.0
40,0.0,1.0,0.0,1.0,0.0,0.5,0.6666666666666666
41,1.0,0.0,0.0,0.0,1.0,0.0,0.6666666666666666
42,0.0,0.3333333333333333,0.0,0.0,0.0,0.0,0.0
43,1.0,0.6666666666666667,1.0,0.0,0.0,0.0,0.0
44,0.0,1.0,0.0,1.0,0.0,0.0,0.0
45,1.0,0.6666666666666667,0.0,1.0,0.0,0.5,0.6666666666666666
46,1.0,0.6666666666666667,0.0,0.0,0.0,0.0,0.0
47,1.0,1.0,0.0,1.0,0.0,0.5,0.6666666666666666
48,0.0,0.6666666666666667,1.0,1.0,0.0,0.0,0.0
49,1.0,0.6666666666666667,1.0,1.0,0.0,1.0,0.0
50,0.0,0.3333333333333333,0.0,0.0,0.0,0.0,0.0
51,1.0,1.0,0.0,0.0,0.0,0.0,0.6666666666666666
52,1.0,1.0,0.0,1.0,0.0,0.0,0.0
53,1.0,0.3333333333333333,0.0,1.0,0.0,0.0,0.0
54,1.0,1.0,0.0,0.0,1.0,0.0,0.6666666666666666
55,1.0,1.0,0.0,1.0,1.0,0.5,0.6666666666666666
56,1.0,0.6666666666666667,0.0,0.0,0.0,0.5,0.6666666666666666
57,1.0,1.0,0.0,1.0,0.0,0.0,0.6666666666666666
58,1.0,0.6666666666666667,0.0,1.0,0.0,1.0,0.0
59,1.0,0.0,0.0,1.0,1.0,0.0,0.0
60,0.0,1.0,0.0,0.0,1.0,0.5,0.6666666666666666
61,0.0,0.6666666666666667,0.0,1.0,1.0,1.0,0.0
62,1.0,1.0,0.0,1.0,1.0,0.5,0.6666666666666666
63,0.0,0.6666666666666667,1.0,0.0,0.0,0.0,0.0
64,1.0,1.0,0.0,0.0,0.0,0.5,0.6666666666666666
65,1.0,1.0,0.0,1.0,1.0,0.5,0.6666666666666666
66,1.0,0.6666666666666667,0.0,1.0,0.0,0.5,0.0
67,1.0,0.6666666666666667,0.0,1.0,0.0,0.0,0.6666666666666666
68,1.0,1.0,0.0,1.0,1.0,1.0,0.6666666666666666
69,1.0,0.6666666666666667,0.0,0.0,0.0,0.5,0.0
70,0.0,0.6666666666666667,0.0,0.0,0.0,0.0,0.0
71,1.0,1.0,1.0,0.0,0.0,0.5,0.6666666666666666
72,1.0,1.0,0.0,0.0,1.0,0.5,0.6666666666666666
73,1.0,1.0,0.0,1.0,0.0,0.0,0.3333333333333333
74,1.0,1.0,0.0,1.0,0.0,0.0,0.0
75,0.0,0.6666666666666667,0.0,1.0,0.0,0.0,0.0
76,1.0,1.0,0.0,1.0,1.0,0.5,0.6666666666666666
77,0.0,0.6666666666666667,0.0,1.0,0.0,0.0,0.0
78,1.0,0.3333333333333333,0.0,1.0,0.0,0.5,0.0
79,1.0,1.0,0.0,1.0,1.0,0.0,0.6666666666666666
80,1.0,1.0,0.0,1.0,1.0,0.5,0.0
81,0.0,1.0,0.0,1.0,0.0,0.5,0.0
82,1.0,0.6666666666666667,0.0,1.0,0.0,0.0,0.0
83,1.0,0.6666666666666667,1.0,1.0,1.0,0.5,0.6666666666666666
84,1.0,0.3333333333333333,0.0,0.0,0.0,0.0,0.0
85,1.0,0.6666666666666667,0.0,1.0,0.0,0.0,0.0
86,1.0,0.6666666666666667,0.0,1.0,0.0,0.0,0.0
87,0.0,0.6666666666666667,0.0,1.0,0.0,0.0,1.0
88,0.0,1.0,0.0,1.0,0.0,0.0,0.0
89,0.0,0.6666666666666667,0.0,1.0,0.0,0.0,0.0
90,1.0,1.0,0.0,1.0,0.0,0.5,0.0
91,0.0,1.0,0.0,1.0,0.0,1.0,0.6666666666666666
92,1.0,0.6666666666666667,0.0,0.0,0.0,0.5,0.6666666666666666
93,0.0,0.6666666666666667,0.0,0.0,0.0,0.5,0.0
94,0.0,0.6666666666666667,0.0,1.0,0.0,0.0,0.0
95,1.0,1.0,0.0,0.0,1.0,0.0,0.6666666666666666
96,1.0,1.0,0.0,1.0,1.0,0.5,0.6666666666666666
97,0.0,1.0,0.0,1.0,0.0,0.5,0.6666666666666666
98,1.0,0.3333333333333333,0.0,0.0,0.0,0.0,0.0
99,1.0,1.0,0.0,1.0,0.0,0.0,0.0
100,1.0,1.0,0.0,1.0,0.0,0.0,0.0
101,1.0,0.0,0.0,1.0,0.0,0.0,0.0
102,0.0,1.0,0.0,1.0,0.0,0.0,0.0
103,0.0,0.6666666666666667,1.0,1.0,0.0,0.0,0.0
104,1.0,0.6666666666666667,0.0,0.0,0.0,0.5,0.6666666666666666
105,1.0,0.3333333333333333,0.0,0.0,0.0,0.0,0.6666666666666666
106,1.0,1.0,0.0,0.0,1.0,0.0,0.6666666666666666
107,1.0,0.6666666666666667,0.0,1.0,0.0,0.5,0.6666666666666666
108,1.0,1.0,0.0,0.0,1.0,0.5,0.6666666666666666
109,1.0,1.0,0.0,0.0,0.0,0.5,0.6666666666666666
110,0.0,1.0,0.0,1.0,1.0,0.5,0.6666666666666666
111,1.0,1.0,1.0,1.0,1.0,0.5,0.0
112,1.0,0.0,0.0,1.0,0.0,0.5,0.3333333333333333
113,0.0,1.0,1.0,1.0,1.0,0.5,0.6666666666666666
114,0.0,0.6666666666666667,0.0,0.0,0.0,0.5,0.6666666666666666
115,1.0,0.3333333333333333,0.0,0.0,0.0,0.5,0.3333333333333333
116,1.0,0.6666666666666667,1.0,1.0,0.0,0.0,0.0
117,0.0,1.0,0.0,0.0,0.0,0.0,0.0
118,1.0,1.0,1.0,1.0,1.0,0.0,0.6666666666666666
119,1.0,1.0,0.0,1.0,0.0,0.5,0.6666666666666666
120,1.0,1.0,1.0,1.0,1.0,0.0,0.6666666666666666
121,0.0,1.0,0.0,1.0,0.0,0.5,0.6666666666666666
122,1.0,0.6666666666666667,0.0,0.0,1.0,0.5,0.0
123,1.0,1.0,0.0,0.0,1.0,1.0,0.6666666666666666
124,1.0,0.0,1.0,1.0,0.0,0.5,0.0
125,0.0,0.3333333333333333,0.0,1.0,0.0,0.5,0.0
126,0.0,1.0,1.0,1.0,1.0,1.0,0.6666666666666666
127,1.0,1.0,0.0,0.0,1.0,0.5,0.6666666666666666
128,1.0,0.3333333333333333,0.0,0.0,0.0,0.0,0.0
129,0.0,1.0,0.0,0.0,0.0,0.0,0.0
130,1.0,0.6666666666666667,0.0,1.0,0.0,0.5,0.6666666666666666
131,1.0,0.6666666666666667,0.0,0.0,1.0,0.0,0.6666666666666666
132,1.0,0.3333333333333333,0.0,1.0,0.0,0.0,0.0
133,1.0,1.0,0.0,1.0,1.0,0.0,0.0
134,0.0,0.6666666666666667,0.0,0.0,0.0,0.5,0.0
135,0.0,0.3333333333333333,0.0,1.0,0.0,0.5,0.0
136,1.0,1.0,0.0,0.0,1.0,1.0,0.6666666666666666
137,1.0,0.3333333333333333,0.0,1.0,0.0,0.5,0.6666666666666666
138,1.0,1.0,0.0,0.0,1.0,0.5,0.6666666666666666
139,1.0,0.6666666666666667,1.0,1.0,0.0,0.5,0.0
140,1.0,0.3333333333333333,0.0,0.0,1.0,0.0,0.0
141,1.0,0.0,0.0,1.0,0.0,0.5,0.6666666666666666
142,1.0,0.3333333333333333,1.0,0.0,0.0,0.0,0.0
143,1.0,0.6666666666666667,0.0,0.0,1.0,0.5,0.6666666666666666
144,1.0,0.6666666666666667,0.0,1.0,1.0,0.5,0.6666666666666666
145,1.0,0.6666666666666667,0.0,0.0,0.0,0.0,0.0
146,1.0,1.0,1.0,1.0,0.0,0.5,0.6666666666666666
147,1.0,0.6666666666666667,0.0,0.0,0.0,0.0,0.0
148,1.0,0.3333333333333333,0.0,1.0,0.0,0.0,0.0
149,0.0,0.6666666666666667,0.0,0.0,0.0,0.0,0.0
150,1.0,0.0,1.0,0.0,0.0,0.5,0.6666666666666666
151,0.0,1.0,0.0,1.0,0.0,0.5,0.0
152,0.0,0.6666666666666667,0.0,1.0,0.0,0.5,0.6666666666666666
153,1.0,1.0,0.0,1.0,1.0,0.5,0.6666666666666666
154,1.0,1.0,0.0,1.0,1.0,1.0,0.0
155,1.0,1.0,0.0,1.0,0.0,0.5,0.0
156,1.0,1.0,0.0,0.0,1.0,0.0,0.6666666666666666
157,1.0,1.0,0.0,1.0,0.0,0.0,0.6666666666666666
158,1.0,1.0,0.0,1.0,0.0,0.5,0.6666666666666666
159,1.0,0.6666666666666667,0.0,0.0,0.0,0.0,0.6666666666666666
160,1.0,0.3333333333333333,1.0,0.0,0.0,0.0,0.6666666666666666
161,1.0,1.0,0.0,1.0,1.0,0.0,0.0
162,0.0,0.6666666666666667,0.0,0.0,0.0,0.5,0.0
163,0.0,1.0,0.0,1.0,0.0,0.5,0.0
164,1.0,0.6666666666666667,1.0,0.0,0.0,0.0,0.0
165,1.0,1.0,0.0,0.0,1.0,0.0,0.6666666666666666
166,1.0,0.6666666666666667,0.0,0.0,0.0,0.0,0.0
167,0.0,0.3333333333333333,1.0,1.0,1.0,0.0,0.0
168,1.0,1.0,0.0,1.0,1.0,0.0,0.6666666666666666
169,0.0,0.3333333333333333,0.0,0.0,0.0,0.5,0.0
170,1.0,0.6666666666666667,0.0,0.0,1.0,0.5,0.6666666666666666
171,1.0,1.0,0.0,1.0,1.0,0.0,0.6666666666666666
172,0.0,1.0,0.0,0.0,1.0,0.5,0.0
173,0.0,1.0,0.0,1.0,0.0,0.5,0.0
174,1.0,1.0,0.0,1.0,0.0,0.5,0.3333333333333333
175,1.0,1.0,0.0,0.0,1.0,0.5,0.6666666666666666
176,1.0,1.0,1.0,0.0,0.0,0.0,0.6666666666666666
177,1.0,1.0,0.0,1.0,1.0,0.5,0.3333333333333333
178,1.0,0.6666666666666667,0.0,0.0,0.0,0.0,0.0
179,1.0,0.6666666666666667,1.0,1.0,0.0,0.0,0.0
180,1.0,1.0,0.0,1.0,0.0,0.5,0.6666666666666666
181,0.0,1.0,0.0,1.0,1.0,0.5,0.6666666666666666
182,1.0,0.0,0.0,1.0,0.0,0.0,0.0
183,1.0,0.0,0.0,1.0,0.0,1.0,0.6666666666666666
184,0.0,1.0,0.0,1.0,0.0,0.0,0.0
185,0.0,0.3333333333333333,0.0,0.0,0.0,0.0,0.0
186,1.0,0.6666666666666667,1.0,0.0,0.0,1.0,0.6666666666666666
187,1.0,0.3333333333333333,0.0,0.0,1.0,0.5,0.3333333333333333
188,1.0,0.3333333333333333,0.0,1.0,0.0,0.0,0.6666666666666666
189,1.0,0.6666666666666667,0.0,1.0,0.0,0.5,0.6666666666666666
190,1.0,0.6666666666666667,0.0,0.0,0.0,0.0,0.0
191,1.0,1.0,0.0,0.0,1.0,0.5,0.6666666666666666
192,1.0,1.0,1.0,1.0,1.0,0.5,0.6666666666666666
193,0.0,1.0,1.0,0.0,0.0,0.5,0.0
194,0.0,0.6666666666666667,0.0,1.0,0.0,0.5,0.0
195,1.0,1.0,0.0,1.0,1.0,0.5,0.0
196,1.0,0.0,1.0,1.0,0.0,0.5,0.0
197,0.0,1.0,0.0,1.0,1.0,0.5,0.0
198,0.0,0.3333333333333333,0.0,0.0,0.0,0.0,0.0
199,1.0,0.0,0.0,1.0,0.0,0.0,0.0
200,0.0,1.0,0.0,1.0,0.0,0.0,0.0
201,0.0,1.0,0.0,0.0,1.0,0.0,0.0
202,1.0,0.6666666666666667,1.0,0.0,0.0,0.0,0.6666666666666666
203,0.0,0.6666666666666667,0.0,0.0,0.0,0.0,0.6666666666666666
204,1.0,1.0,0.0,0.0,0.0,0.0,0.6666666666666666
205,1.0,1.0,0.0,1.0,1.0,0.5,0.6666666666666666
206,1.0,1.0,0.0,1.0,1.0,0.5,0.6666666666666666
207,1.0,1.0,0.0,1.0,1.0,0.5,0.6666666666666666
208,1.0,0.3333333333333333,0.0,0.0,0.0,0.0,0.0
209,0.0,1.0,0.0,0.0,1.0,0.5,0.0
210,0.0,0.6666666666666667,0.0,0.0,0.0,0.0,0.0
211,1.0,0.0,0.0,0.0,1.0,0.5,0.6666666666666666
212,1.0,0.6666666666666667,0.0,1.0,0.0,0.5,0.0
213,0.0,1.0,1.0,0.0,1.0,0.5,0.6666666666666666
214,1.0,1.0,0.0,0.0,0.0,0.0,0.0
215,1.0,0.0,0.0,1.0,0.0,0.5,0.6666666666666666
216,0.0,0.3333333333333333,0.0,0.0,0.0,0.0,0.0
217,0.0,1.0,0.0,1.0,1.0,0.5,0.0
218,0.0,1.0,0.0,0.0,0.0,0.5,0.0
219,1.0,1.0,0.0,1.0,0.0,0.0,0.0
220,0.0,0.6666666666666667,0.0,1.0,1.0,0.0,0.0
221,0.0,0.6666666666666667,0.0,1.0,0.0,0.0,0.0
222,0.0,0.6666666666666667,0.0,0.0,0.0,0.0,0.0
223,1.0,1.0,0.0,0.0,1.0,0.5,0.6666666666666666
224,0.0,1.0,0.0,0.0,1.0,0.5,0.0
225,0.0,0.3333333333333333,0.0,0.0,0.0,0.0,0.0
226,1.0,1.0,0.0,0.0,0.0,0.0,0.0
227,0.0,0.6666666666666667,0.0,0.0,0.0,0.0,0.0
228,1.0,1.0,0.0,1.0,1.0,0.5,0.0
229,1.0,1.0,0.0,1.0,1.0,0.0,0.0
230,0.0,0.6666666666666667,0.0,1.0,0.0,0.5,0.0
231,0.0,1.0,0.0,0.5,1.0,0.5,0.0
232,1.0,0.6666666666666667,0.0,1.0,0.0,0.0,0.0
233,0.0,0.3333333333333333,0.0,1.0,1.0,0.0,0.0
234,0.0,0.6666666666666667,0.0,0.0,0.0,0.0,0.0
235,1.0,1.0,0.0,1.0,1.0,0.5,0.0
236,1.0,1.0,1.0,1.0,1.0,1.0,0.6666666666666666
237,1.0,1.0,0.0,1.0,0.0,0.0,0.6666666666666666
238,0.0,0.3333333333333333,0.0,0.0,0.0,0.5,0.0
239,1.0,0.3333333333333333,0.0,0.0,0.0,0.0,0.0
240,1.0,0.3333333333333333,0.0,0.0,0.0,0.0,0.0
241,0.0,0.3333333333333333,0.0,0.0,0.0,0.0,0.0
242,0.0,1.0,0.0,0.0,0.0,0.0,0.0
243,1.0,0.0,0.0,0.0,0.0,0.5,0.0
244,0.0,0.6666666666666667,1.0,0.0,0.0,0.0,0.0
245,1.0,1.0,0.0,0.0,0.0,0.5,0.0
246,1.0,1.0,0.0,0.0,0.0,0.0,0.6666666666666666
247,1.0,1.0,0.0,1.0,1.0,0.5,0.0
248,1.0,1.0,0.0,0.0,0.0,0.0,0.6666666666666666
249,1.0,0.3333333333333333,1.0,1.0,0.0,0.0,0.0
250,1.0,1.0,0.0,0.0,1.0,0.5,0.3333333333333333
251,1.0,1.0,0.0,0.0,0.0,0.5,0.6666666666666666
252,1.0,1.0,0.0,0.0,1.0,0.5,0.6666666666666666
253,0.0,0.6666666666666667,0.0,1.0,0.0,0.0,0.0
254,1.0,1.0,0.0,0.0,0.0,0.5,0.0
255,0.0,0.6666666666666667,0.0,0.0,0.0,0.5,0.0
256,0.0,1.0,0.0,0.0,0.0,0.0,0.0
257,0.0,0.6666666666666667,0.0,0.5,0.0,0.5,0.0
258,1.0,0.3333333333333333,0.0,1.0,0.0,0.0,0.0
259,1.0,0.3333333333333333,0.0,0.0,0.0,0.0,0.6666666666666666
260,0.0,0.6666666666666667,0.0,0.0,0.0,0.5,0.0
261,0.0,0.3333333333333333,1.0,1.0,0.0,0.0,0.0
262,0.0,0.0,0.0,0.0,0.0,0.0,0.0
263,1.0,0.6666666666666667,0.0,0.0,0.0,0.0,0.0
264,1.0,1.0,0.0,1.0,1.0,0.5,0.0
265,1.0,1.0,0.0,0.0,1.0,0.5,0.3333333333333333
266,1.0,1.0,1.0,0.0,1.0,0.5,1.0
267,1.0,0.6666666666666667,1.0,0.0,0.0,0.5,0.3333333333333333
268,1.0,1.0,0.0,0.0,0.0,0.0,0.6666666666666666
269,1.0,0.6666666666666667,0.0,0.0,0.0,0.0,0.0
270,1.0,1.0,0.0,1.0,1.0,0.0,0.6666666666666666
271,1.0,1.0,0.0,1.0,0.0,0.0,0.3333333333333333
272,1.0,1.0,0.0,0.0,1.0,0.5,0.6666666666666666
273,0.0,1.0,0.0,0.0,0.0,0.5,0.0
274,1.0,0.0,0.0,0.0,0.0,0.0,0.0
275,1.0,0.0,0.0,1.0,0.0,0.5,0.6666666666666666
276,0.0,0.6666666666666667,0.0,1.0,0.0,0.5,0.0
277,0.0,0.6666666666666667,0.0,0.0,0.0,0.5,0.0
278,1.0,0.3333333333333333,0.0,1.0,0.0,0.0,0.0
279,0.0,1.0,0.0,0.0,0.0,0.5,0.0
280,1.0,1.0,0.0,0.0,1.0,0.5,0.6666666666666666
281,1.0,0.6666666666666667,0.0,0.0,0.0,0.0,0.0
282,0.0,1.0,0.0,0.5,1.0,0.5,0.6666666666666666
283,1.0,0.3333333333333333,0.0,0.0,0.0,0.0,0.0
284,1.0,1.0,0.0,0.0,0.0,0.0,0.6666666666666666
285,1.0,1.0,0.0,0.5,0.0,1.0,0.3333333333333333
286,0.0,1.0,1.0,1.0,1.0,0.5,0.3333333333333333
287,1.0,0.3333333333333333,0.0,0.0,0.0,0.5,0.6666666666666666
288,1.0,0.3333333333333333,0.0,1.0,0.0,0.0,0.6666666666666666
289,1.0,0.3333333333333333,0.0,0.0,0.0,1.0,0.0
290,1.0,0.6666666666666667,0.0,1.0,0.0,0.5,0.6666666666666666
291,0.0,0.3333333333333333,0.0,0.0,0.0,0.0,0.0
292,1.0,1.0,0.0,0.0,1.0,1.0,0.3333333333333333
293,1.0,1.0,0.0,1.0,1.0,0.0,0.6666666666666666
294,0.0,1.0,0.0,0.0,1.0,0.5,0.0
295,1.0,0.3333333333333333,0.0,0.0,0.0,0.0,0.0
296,1.0,1.0,1.0,1.0,0.0,0.5,0.3333333333333333
297,0.0,1.0,0.0,0.0,1.0,0.5,0.6666666666666666
298,1.0,0.0,0.0,0.0,0.0,0.5,0.6666666666666666
299,1.0,1.0,1.0,0.0,0.0,0.5,0.6666666666666666
300,1.0,1.0,0.0,0.0,1.0,0.5,0.6666666666666666
301,0.0,0.3333333333333333,0.0,1.0,0.0,0.5,0.0
302,1.0,0.6666666666666667,0.0,0.0,0.0,0.0,0.0
