,f1,f2,f3,f4,f5,f6,f7,f8
0,1.0,0.5,0.0,1.0,0.0,0.5,0.5,1.0
1,1.0,0.0,0.0,0.0,0.0,0.5,0.5,0.5
2,0.0,0.5,0.0,0.0,0.0,0.5,0.0,0.5
3,1.0,0.5,1.0,0.0,0.0,1.0,0.0,1.0
4,1.0,1.0,0.0,0.0,0.0,0.5,0.5,0.5
5,0.0,0.5,1.0,1.0,0.0,0.5,1.0,1.0
6,1.0,0.5,0.0,0.0,0.0,0.5,0.0,0.0
7,0.0,1.0,0.0,1.0,1.0,1.0,0.5,0.5
8,1.0,0.0,1.0,1.0,0.0,0.5,0.5,0.5
9,1.0,0.5,0.0,1.0,1.0,0.5,0.0,0.5
10,1.0,1.0,1.0,1.0,0.0,0.5,0.5,1.0
11,1.0,0.5,1.0,0.0,0.0,0.5,0.0,0.5
12,0.0,0.0,0.0,0.0,1.0,0.5,1.0,1.0
13,1.0,0.0,1.0,1.0,1.0,0.5,0.0,0.5
14,1.0,0.5,1.0,0.0,1.0,1.0,0.5,1.0
15,0.0,0.0,0.0,0.0,1.0,0.5,1.0,0.5
16,0.5,0.0,1.0,0.0,1.0,0.5,0.0,1.0
17,1.0,0.5,1.0,0.0,1.0,0.5,0.5,0.5
18,1.0,0.0,1.0,1.0,1.0,0.5,1.0,1.0
19,1.0,1.0,1.0,1.0,0.0,0.5,0.5,0.5
20,0.5,0.0,1.0,1.0,1.0,0.5,0.5,1.0
21,0.5,1.0,0.0,0.0,1.0,0.5,1.0,0.5
22,1.0,1.0,1.0,1.0,1.0,0.5,1.0,1.0
23,1.0,1.0,1.0,1.0,1.0,0.5,0.5,0.5
24,0.0,0.0,1.0,1.0,0.0,0.5,0.0,0.5
25,0.5,1.0,1.0,1.0,1.0,0.5,0.5,0.5
26,0.0,1.0,1.0,0.5,0.0,0.5,0.0,0.5
27,0.5,1.0,0.0,0.0,0.0,0.5,0.0,0.5
28,1.0,1.0,0.0,1.0,0.0,0.5,1.0,1.0
29,1.0,1.0,1.0,1.0,1.0,0.5,1.0,0.5
30,1.0,1.0,1.0,0.0,1.0,0.5,0.5,0.5
31,0.5,0.5,1.0,1.0,1.0,0.5,1.0,0.5
32,1.0,1.0,0.0,0.0,1.0,0.5,0.0,0.5
33,1.0,0.5,1.0,1.0,0.0,0.5,0.5,0.5
34,0.5,1.0,0.0,0.0,0.0,0.5,0.0,0.5
35,1.0,1.0,1.0,1.0,0.0,0.5,0.5,0.5
36,0.5,1.0,0.0,1.0,0.0,0.5,0.5,0.5
37,0.5,0.5,1.0,1.0,1.0,0.5,1.0,0.5
38,0.5,0.5,1.0,1.0,0.0,0.5,0.5,0.20000000000000007
39,1.0,1.0,1.0,0.0,1.0,0.5,0.0,0.5
40,0.5,0.5,1.0,1.0,1.0,0.5,0.5,0.5
41,0.5,1.0,1.0,1.0,0.0,0.5,0.5,1.0
42,0.0,0.0,1.0,0.0,1.0,0.5,0.5,1.0
43,1.0,1.0,1.0,1.0,0.0,0.5,0.5,0.5
44,0.5,0.5,0.0,1.0,0.0,0.5,0.5,0.5
45,0.5,1.0,1.0,1.0,1.0,0.5,0.5,0.5
46,0.5,1.0,1.0,0.0,1.0,0.5,0.5,0.55
47,1.0,1.0,0.0,1.0,1.0,0.5,0.5,0.5
48,0.0,0.0,0.0,0.0,0.0,0.5,1.0,0.6500000000000001
49,1.0,0.0,1.0,0.5,1.0,0.5,0.5,0.5
50,1.0,0.0,1.0,1.0,1.0,0.0,0.0,0.5
51,0.5,0.0,0.0,1.0,1.0,0.5,0.5,0.5
52,1.0,0.5,0.0,0.0,1.0,0.5,1.0,0.5
53,1.0,1.0,1.0,1.0,1.0,0.5,0.0,0.5
54,0.0,0.0,0.0,1.0,1.0,0.5,0.0,0.5
55,1.0,1.0,1.0,1.0,1.0,0.5,0.5,1.0
56,0.0,1.0,1.0,0.0,0.0,0.5,1.0,1.0
57,1.0,0.5,1.0,0.0,1.0,0.5,0.0,0.5
58,0.5,0.5,1.0,0.0,0.0,0.5,0.5,0.5
59,1.0,0.0,1.0,1.0,0.0,0.5,0.0,0.5
60,1.0,0.0,1.0,1.0,1.0,0.5,1.0,0.5
61,1.0,0.5,0.0,0.0,0.0,0.5,0.5,0.5
62,1.0,1.0,1.0,1.0,0.0,0.5,1.0,0.5
63,1.0,0.5,0.0,1.0,0.0,0.5,1.0,0.5
64,0.0,1.0,0.0,1.0,1.0,1.0,1.0,0.5
65,1.0,1.0,1.0,0.0,0.0,0.5,0.5,0.5
66,1.0,0.5,0.0,1.0,1.0,0.5,0.5,0.5
67,1.0,1.0,0.0,1.0,1.0,0.5,0.5,0.5
68,1.0,1.0,0.0,0.0,0.0,0.5,0.5,0.5
69,1.0,1.0,0.0,0.5,0.0,0.5,0.5,0.5
70,1.0,0.5,0.0,1.0,1.0,1.0,1.0,0.6500000000000001
71,0.5,0.5,0.0,1.0,0.0,0.5,0.5,0.5
72,1.0,1.0,0.0,1.0,0.0,0.5,0.0,0.5
73,1.0,1.0,0.0,0.0,0.0,0.5,0.5,0.5
74,1.0,0.5,0.0,0.0,0.0,0.5,0.0,0.5
75,0.5,1.0,1.0,1.0,0.0,0.5,1.0,0.5
76,1.0,1.0,0.0,1.0,0.0,0.5,0.0,0.5
77,1.0,1.0,0.0,1.0,0.0,0.5,1.0,0.5
78,1.0,1.0,0.0,1.0,1.0,1.0,0.5,0.5
79,1.0,1.0,1.0,0.0,0.0,0.5,0.5,0.5
80,1.0,1.0,0.0,1.0,0.0,0.5,0.5,1.0
81,1.0,1.0,0.0,1.0,0.0,0.5,0.5,0.5
82,1.0,0.5,1.0,1.0,0.0,0.5,1.0,0.5
83,0.0,1.0,0.0,1.0,1.0,0.5,1.0,0.0
84,1.0,1.0,0.0,1.0,0.0,0.5,1.0,0.5
85,1.0,1.0,0.0,1.0,1.0,0.5,0.5,0.5
86,1.0,1.0,0.0,1.0,1.0,0.5,0.5,1.0
87,1.0,1.0,1.0,1.0,1.0,0.5,0.5,1.0
88,1.0,1.0,0.0,1.0,1.0,0.5,0.5,0.5
89,1.0,1.0,1.0,1.0,1.0,0.5,0.5,1.0
