,f1,f2,f3
0,0.3502024291497976,0.18264379414732593,0.6610079304407636
1,0.4827935222672065,0.0474268415741675,0.7452801910927186
2,0.47064777327935226,0.021190716448032294,0.6479028364163611
3,0.5728744939271254,0.18668012108980828,0.45558790520648673
4,0.3744939271255061,0.384460141271443,0.794779804213613
5,0.42813765182186236,0.006054490413723513,0.7746922975042231
6,0.548582995951417,0.13218970736629668,0.4068690210913012
7,0.1548582995951417,0.5993945509586276,0.2706550455773794
8,0.07995951417004049,0.27144298688193746,0.5110870489605382
9,0.1194331983805668,0.2613521695257316,0.4815703806286261
10,0.7024291497975708,0.020181634712411706,0.6964730102447446
11,0.3218623481781377,0.022199798183652874,0.6297067386672307
12,0.5192307692307692,0.0,0.2951178877562638
13,0.763157894736842,0.002018163471241171,0.16410180148570874
14,0.9726720647773279,0.0030272452068617547,0.10330950096080782
15,0.9989878542510121,0.007063572149344097,0.11072875011327543
16,0.07692307692307693,0.005045408678102926,0.12500493764624143
17,0.23785425101214575,0.011099899091826439,0.4345639884098921
18,0.8906882591093117,0.00807265388496468,0.03132907495230808
19,0.5576923076923077,0.01715438950554995,0.36641517588476835
20,0.5050607287449392,0.018163471241170532,0.5664793071959514
21,0.9159919028340081,0.015136226034308777,0.05250867283039817
22,0.7651821862348178,0.04137235116044399,0.6095774071896777
23,0.8188259109311741,0.027245206861755803,0.2428229859631431
24,0.2793522267206478,0.030272452068617558,0.13525897664086695
25,0.9423076923076923,0.03632694248234107,0.22529143730815793
26,0.37044534412955465,0.04238143289606458,0.6488787476734973
27,0.5384615384615384,0.03632694248234107,0.01543566305037325
28,0.8765182186234818,0.07870837537840565,0.5023363780215492
29,0.6103238866396761,0.04540867810292634,0.09111990463952868
30,0.8107287449392713,0.050454086781029264,0.5006819760808797
31,0.9858299595141701,0.08577194752774975,0.4632673973608573
32,0.19838056680161942,0.046417759838546915,0.031236131023057112
33,0.2793522267206478,0.0474268415741675,0.027760028069066633
34,0.29959514170040485,0.06054490413723511,0.2379364588827676
35,0.19028340080971662,0.07769929364278506,0.4680238029402811
36,0.1285425101214575,0.07063572149344097,0.5931356261051614
37,0.923076923076923,0.07669021190716448,0.25141797582063685
38,0.4048582995951417,0.0676084762865792,0.02908215546266324
39,0.8279352226720648,0.07164480322906155,0.3905782738918179
40,0.8087044534412955,0.07063572149344097,0.14104938343320927
41,0.3400809716599191,0.07971745711402624,0.23769480466671478
42,0.016194331983805668,0.07669021190716448,0.00022306543020256253
43,0.010121457489878541,0.07870837537840565,0.011748112657336551
44,0.4159919028340081,0.09182643794147326,0.16168293572694925
45,0.6659919028340081,0.08678102926337034,0.005411660280644215
46,0.05465587044534413,0.09283551967709384,0.14295938117931906
47,0.33400809716599195,0.10797174571140263,0.25590484400523283
48,0.002024291497975707,0.1170534813319879,0.3761092277056558
49,0.3977732793522267,0.12008072653884966,0.37094386883752717
50,0.44129554655870445,0.11503531786074672,0.20229478561320924
51,0.631578947368421,0.11604439959636731,0.17943522621390584
52,0.902834008097166,0.12714429868819374,0.15841595661377383
53,0.22267206477732793,0.12714429868819374,0.049471729942119125
54,0.7651821862348178,0.1301715438950555,0.11800161257717257
55,0.8441295546558704,0.14026236125126135,0.23280595398810766
56,0.43319838056680166,0.14026236125126135,0.07152964795163197
57,0.9939271255060728,0.13723511604439959,0.012902940978281374
58,0.4018218623481782,0.1442986881937437,0.21278583162742504
59,0.31376518218623484,0.15338042381432895,0.2871037974565894
60,0.46659919028340086,0.1503531786074672,0.03664314410723868
61,0.8684210526315789,0.15438950554994954,0.4961997550927465
62,0.9999999999999999,0.15438950554994954,0.1526325206161253
63,0.7327935222672064,0.16145307769929365,0.00977073056251987
64,0.771255060728745,0.16246215943491424,0.1569056177634437
65,0.9190283400809717,0.17356205852674067,0.3747336575527399
66,0.8168016194331984,0.1634712411705348,0.003422660194671079
67,0.6234817813765182,0.18163471241170534,0.10170157098476407
68,0.8299595141700404,0.1846619576185671,0.47333787209521183
69,0.8066801619433198,0.20787083753784055,0.16967843724077358
70,0.2702429149797571,0.18768920282542886,0.06983109764456852
71,0.9554655870445344,0.19576185671039353,0.22709919673209156
72,0.17712550607287447,0.20988900100908173,0.17439301805203467
73,0.42611336032388664,0.23511604439959635,1.0
74,0.624493927125506,0.20282542885973764,0.1358561413863052
75,0.011133603238866398,0.21695257315842584,0.22738267571630721
76,0.38461538461538464,0.20988900100908173,0.14743927856922112
77,0.9170040485829959,0.20787083753784055,0.05525284234153649
78,0.9392712550607287,0.218970736629667,0.44222953897487505
79,0.24291497975708504,0.21392532795156408,0.10270071822421334
80,0.4827935222672065,0.21392532795156408,0.13185490523204613
81,0.5060728744939271,0.22199798183652875,0.010904646499383053
82,0.9595141700404858,0.2250252270433905,0.060701680193881
83,0.7540485829959513,0.23713420787083753,0.5067186842857375
84,0.37044534412955465,0.2330978809283552,0.1347849626016865
85,0.8451417004048583,0.23814328960645811,0.4633603412901083
86,0.4807692307692308,0.2330978809283552,0.09521408472303872
87,0.14473684210526316,0.248234106962664,0.2627246048140309
88,0.5,0.2613521695257316,0.2721979148029473
89,0.0050607287449392704,0.2704339051463169,0.46142943115991686
90,0.8987854251012145,0.25428859737638754,0.004321892710175246
91,0.9119433198380567,0.2563067608476287,0.136425422952968
92,0.208502024291498,0.26639757820383453,0.41810826573598814
93,0.30060728744939275,0.26337033299697277,0.15550216443175235
94,0.8967611336032388,0.2946518668012109,0.8120650514560829
95,0.38056680161943324,0.26437941473259335,0.03428701550072388
96,0.15789473684210525,0.27144298688193746,0.2316952740335575
97,0.763157894736842,0.27144298688193746,0.36969842018556276
98,0.10931174089068825,0.2865792129162462,0.3474964390857106
99,0.7975708502024291,0.2835519677093845,0.06451935208786919
100,0.5688259109311741,0.3097880928355197,0.45748628496143995
101,0.14372469635627533,0.3097880928355197,0.7431053031482432
102,0.5020242914979757,0.3037336024217962,0.19321416372537847
103,0.7591093117408907,0.2946518668012109,0.07076286053531056
104,0.402834008097166,0.2956609485368315,0.08214152107387418
105,0.798582995951417,0.29969727547931385,0.15625501025868627
106,0.354251012145749,0.30776992936427855,0.21639670327882954
107,0.1194331983805668,0.3037336024217962,0.07740602787853157
108,0.19331983805668018,0.3037336024217962,0.12954292499192555
109,0.08299595141700405,0.30676084762865796,0.03658970134791928
110,0.4473684210526316,0.3107971745711403,0.2151140770551646
111,0.8795546558704453,0.3168516649848638,0.43138298243127393
112,0.9767206477732793,0.3148335015136226,0.11507620240399474
113,0.08704453441295547,0.31886982845610495,0.1598333515348529
114,0.24797570850202433,0.32593340060544906,0.20439067121782106
115,0.3775303643724697,0.32593340060544906,0.1187660763952626
116,0.43218623481781376,0.38042381432896066,0.4788982426626577
117,0.951417004048583,0.36226034308779015,0.7689088615065746
118,0.002024291497975707,0.34207870837537846,0.3275483482701974
119,0.1174089068825911,0.34207870837537846,0.03248855046971544
120,0.2692307692307693,0.35519677093844604,0.257333856917468
121,0.7327935222672064,0.3511604439959637,0.18067370407117656
122,0.7672064777327935,0.35519677093844604,0.1918920363317821
123,0.5789473684210525,0.3662966700302725,0.21387792279612505
124,0.12550607287449395,0.3652875882946519,0.1597566727932207
125,0.18218623481781376,0.36326942482341074,0.10149709434041176
126,0.6143724696356275,0.3642785065590313,0.10277042617115162
127,0.8299595141700404,0.37033299697275485,0.5756366078254141
128,0.7641700404858299,0.37033299697275485,0.2915441936765598
129,0.1791497975708502,0.3773965691220989,0.08136776286285896
130,0.6336032388663967,0.3773965691220989,0.007317010830291348
131,0.9109311740890688,0.39051463168516654,0.3479588351337347
132,0.6366396761133603,0.3915237134207871,0.17792721096180697
133,0.8157894736842105,0.3925327951564077,0.12321111981169552
134,0.4959514170040486,0.39757820383451065,0.2913327462375136
135,0.8663967611336032,0.40060544904137235,0.42932659799659356
136,0.978744939271255,0.42280524722502527,0.3518369205817361
137,0.7682186234817814,0.44399596367305755,0.43313497549765667
138,0.8188259109311741,0.4298688193743693,0.3501941366322233
139,0.47469635627530365,0.4480322906155399,0.3344378170259338
140,0.2894736842105263,0.43491422805247226,0.06970329974184819
141,0.32894736842105265,0.45206861755802225,0.10563542279031612
142,0.4291497975708502,0.532795156407669,0.8150276392009609
143,0.8562753036437246,0.45105953582240166,0.03704745019948086
144,0.14878542510121456,0.4651866801210898,0.18724019267276526
145,0.38663967611336036,0.4732593340060545,0.3519879544667691
146,0.2732793522267207,0.4651866801210898,0.019773820948167486
147,0.8026315789473684,0.47023208879919276,0.2151837850021029
148,0.3390688259109312,0.4752774974772957,0.44278255535391897
149,0.5161943319838056,0.47023208879919276,0.0011641227138697863
150,0.2732793522267207,0.5005045408678103,0.27780243373678737
151,0.06680161943319839,0.4813319878910192,0.05578959353296142
152,0.812753036437247,0.5025227043390514,0.17804106727513969
153,0.7803643724696356,0.48738647830474274,0.126687222765686
154,0.4888663967611336,0.5105953582240161,0.27496067309993577
155,0.5688259109311741,0.49041372351160445,0.0007505222287024216
156,0.9757085020242915,0.49848637739656915,0.03537910666942401
157,0.7661943319838056,0.5176589303733602,0.1551791842776049
158,0.9352226720647773,0.5247225025227044,0.007902557584573144
159,0.7246963562753036,0.5479313824419778,0.38541291502368924
160,0.2884615384615385,0.5368314833501513,0.00524436120799221
161,0.7975708502024291,0.5560040363269425,0.33482818152878824
162,0.5556680161943319,0.5479313824419778,0.1415280446688525
163,0.5151821862348178,0.5529767911200807,0.24167977563335474
164,0.32894736842105265,0.5590312815338042,0.2667699893346841
165,0.06376518218623482,0.5640766902119071,0.1239500240492416
166,0.6852226720647773,0.5630676084762866,0.061505645181902935
167,0.5040485829959513,0.5701311806256306,0.20373076932013834
168,0.3643724696356275,0.5691220988900101,0.178791589503842
169,0.5556680161943319,0.5771947527749748,0.2822985963143084
170,0.23481781376518218,0.5842583249243188,0.20233196318490954
171,0.6933198380566802,0.5882946518668012,0.13454563198386493
172,0.3977732793522267,0.5943491422805247,0.4782220755773562
173,0.4736842105263158,0.6135216952573158,0.34305836646397136
174,0.8218623481781376,0.5943491422805247,0.36988663164229607
175,0.5455465587044535,0.6004036326942482,0.13530544860549254
176,0.2874493927125506,0.6205852674066599,0.39355247962785256
177,0.7682186234817814,0.6115035317860746,0.008388189614910169
178,0.3370445344129555,0.6205852674066599,0.0703190532731367
179,0.0,0.6205852674066599,0.02720468809179144
180,0.7277327935222672,0.627648839556004,0.24539056200870413
181,0.8238866396761133,0.6367305751765893,0.16880011710935094
182,0.7935222672064777,0.6357214934409687,0.07983186443198476
183,0.5445344129554656,0.6377396569122099,0.027227924074104126
184,0.4230769230769231,0.6397578203834511,0.0024862501074663923
185,0.7864372469635628,0.656912209889001,0.3818438681404476
186,0.4311740890688259,0.6488395560040363,0.07015640139694723
187,0.5010121457489878,0.6458123107971745,0.05352873245392886
188,0.3815789473684211,0.656912209889001,0.26884263895698324
189,0.6842105263157895,0.6599394550958627,0.13431559575896856
190,0.23178137651821862,0.6680121089808274,0.2287675402621484
191,0.5506072874493927,0.6670030272452069,0.1405312210276346
192,0.40384615384615385,0.715438950554995,0.745131480805917
193,0.8107287449392713,0.6750756811301715,0.1355982219826335
194,0.6953441295546559,0.6881937436932392,0.5321667321146833
195,0.5536437246963563,0.6821392532795156,0.058645295759200855
196,0.3785425101214575,0.6922300706357215,0.18097577184124247
197,0.7277327935222672,0.7114026236125126,0.22385777719945998
198,0.8451417004048583,0.7124117053481331,0.36785813038639115
199,0.4807692307692308,0.7083753784056508,0.1573540722220802
200,0.3744939271255061,0.7174571140262361,0.21921755153159983
201,0.7661943319838056,0.7174571140262361,0.09767477524996104
202,0.8016194331983806,0.7194752774974773,0.022843294211684406
203,0.5809716599190283,0.7265388496468214,0.38655147815701485
204,0.28542510121457493,0.7315842583249242,0.08604051890595699
205,0.354251012145749,0.8072653884964682,0.6399073349025367
206,0.7661943319838056,0.7346115035317861,0.1949475680059113
207,0.8704453441295547,0.7356205852674066,0.2455834206619002
208,0.6325910931174089,0.7386478304742684,0.13845392420887292
209,0.4534412955465587,0.7406659939455096,0.031129245504418313
210,0.48582995951417,0.7426841574167508,0.05202304080006137
211,0.5931174089068826,0.7648839556004036,0.3827407770577206
212,0.2297570850202429,0.7840565085771948,0.7248371738539433
213,0.7297570850202428,0.7447023208879919,0.050649794245376634
214,0.2793522267206478,0.7477295660948536,0.05179532817339616
215,0.771255060728745,0.7547931382441978,0.3245509065518498
216,0.16093117408906882,0.75882946518668,0.012338306608080996
217,0.44230769230769235,0.7618567103935419,0.12545106850664667
218,0.5080971659919028,0.7679112008072654,0.574175064537941
219,0.902834008097166,0.7820383451059536,0.597601581905676
220,0.8663967611336032,0.7628657921291624,0.06216554707958566
221,0.8734817813765182,0.7669021190716447,0.05686774311227394
222,0.06680161943319839,0.7699293642785066,0.03550458097391296
223,0.4534412955465587,0.7901109989909182,0.3896116570276068
224,0.7469635627530364,0.7911200807265388,0.07725731759172982
225,0.3228744939271255,0.79313824419778,0.01280302625433638
226,0.5971659919028339,0.7991927346115035,0.12158924824626427
227,0.6082995951417004,0.7991927346115035,0.05445817174643974
228,0.7641700404858299,0.8092835519677094,0.2921204460379164
229,0.9149797570850202,0.8102926337033299,0.2010748965417889
230,0.6082995951417004,0.8213925327951563,0.2252403181470698
231,0.7378542510121457,0.8153380423814329,0.26909358756596113
232,0.48582995951417,0.8254288597376387,0.41836386154142857
233,0.39473684210526316,0.8274470232088799,0.22344185311606146
234,0.9362348178137652,0.8284561049445005,0.29192061659002666
235,0.7884615384615384,0.846619576185671,0.41406288121533474
236,0.17611336032388664,0.8304742684157417,0.1943085784923101
237,0.5263157894736842,0.8324924318869829,0.017773202871037896
238,0.6892712550607287,0.8506559031281533,0.19568182504699483
239,0.12955465587044535,0.8557013118062563,0.21816031433636873
240,0.1082995951417004,0.8557013118062563,0.12239553683251736
241,0.21862348178137653,0.863773965691221,0.18703106883195042
242,0.8846153846153846,0.8627648839556004,0.013455957357325299
243,0.059716599190283395,0.8678102926337034,0.036296927970778436
244,0.7469635627530364,0.8869828456104945,0.35700925024455865
245,0.2884615384615385,0.8728557013118062,0.17396082878101715
246,0.12753036437246962,0.8768920282542886,0.17910759886329575
247,0.6649797570850202,0.9394550958627649,0.5043323489022159
248,0.09615384615384616,0.8768920282542886,0.06678486036336428
249,0.27530364372469635,0.9273461150353178,0.43215674064228893
250,0.8896761133603238,0.8819374369323915,0.2811902399579894
251,0.5890688259109311,0.8849646821392533,0.17831525186643027
252,0.1659919028340081,0.8940464177598385,0.35665838691163587
253,0.3765182186234818,0.9071644803229061,0.3273973143851644
254,0.9352226720647773,0.8940464177598385,0.009364100872046421
255,0.7348178137651822,0.8960645812310797,0.009301363719801947
256,0.5910931174089068,0.9031281533804237,0.05857791141049373
257,0.028340080971659923,0.9081735620585267,0.22855609282310219
258,0.7277327935222672,0.9132189707366296,0.2390076376673863
259,0.5,0.9142280524722503,0.1185453345632913
260,0.9898785425101214,0.9182643794147326,0.335773886008918
261,0.4018218623481782,0.9323915237134207,0.22821917107956702
262,0.18218623481781376,0.9717457114026236,0.8834088115492126
263,0.4807692307692308,0.9465186680121089,0.03800709626899823
264,0.013157894736842105,0.9788092835519677,0.522600478196516
265,0.23178137651821862,0.9515640766902119,0.04844702312212601
266,0.9878542510121456,0.9606458123107972,0.37947379794454494
267,0.771255060728745,0.9535822401614531,0.02232977900257216
268,0.4817813765182186,0.9566094853683148,0.002365422999439981
269,0.3582995951417004,0.9717457114026236,0.3217161167096919
270,0.7246963562753036,0.9717457114026236,0.20782494940364848
271,0.45546558704453444,0.9798183652875883,0.26665148582488907
272,0.1214574898785425,0.9919273461150353,0.30222112754927777
273,0.694331983805668,0.9788092835519677,0.024987975379153204
274,0.39068825910931176,0.9828456104944501,0.05148164241217379
275,0.6153846153846153,0.9808274470232089,0.03292771053542676
276,0.3674089068825911,0.9919273461150353,0.15095488269314328
277,0.8238866396761133,0.9969727547931382,0.20597536521155202
278,0.4453441295546559,0.10292633703329969,0.048300636433555644
279,0.1366396761133603,0.248234106962664,0.5400855548868758
280,0.1882591093117409,0.1503531786074672,0.6575341510850042
281,0.14878542510121456,0.36226034308779015,0.4940202199518088
282,0.11842105263157894,0.4278506559031282,0.32911910067454053
283,0.5263157894736842,0.14228052472250252,0.33213513117873805
284,0.5809716599190283,0.25731584258324924,0.28997344127221647
285,0.7004048582995951,0.3925327951564077,0.06410110440623928
286,0.8491902834008097,0.10090817356205853,0.09396631247284293
287,0.9382591093117408,0.6912209889001009,0.5818754690763929
288,0.4716599190283401,0.4813319878910192,0.37717808289204335
289,0.4534412955465587,0.5539858728557013,0.5344810359530353
290,0.2702429149797571,0.496468213925328,0.44390252970139443
291,0.15587044534412958,0.5317860746720484,0.062430437277951056
292,0.1740890688259109,0.42280524722502527,0.19363473500523976
293,0.31781376518218624,0.7608476286579212,0.28099738130479335
294,0.7510121457489878,0.7457114026236125,0.5744422783345376
295,0.97165991902834,0.8940464177598385,0.2461619966214882
296,0.19433198380566802,0.29162462159434915,0.1734333719825173
297,0.7894736842105263,0.34207870837537846,0.021446811674686872
298,0.4827935222672065,0.5257315842583249,0.11212058545381043
299,0.18623481781376516,0.022199798183652874,0.468274751549259
300,0.5728744939271254,0.0,0.002760434698757086
301,0.8623481781376517,0.009081735620585268,0.41173695938582655
302,0.8987854251012145,0.0,0.11992555191266996
303,0.9746963562753036,0.02825428859737639,0.5193427934762657
304,0.5678137651821862,0.01311806256306761,0.24141720903322061
305,0.7074898785425101,0.02421796165489405,0.18323430932204376
306,0.8653846153846153,0.0474268415741675,0.2213482911096808
307,0.7489878542510121,0.050454086781029264,0.05491592059800132
308,0.8967611336032388,0.056508577194752774,0.048925684357769006
309,0.9868421052631579,0.07164480322906155,0.5347017777850068
310,0.659919028340081,0.06861755802219979,0.11356818715189598
311,0.7550607287449392,0.0817356205852674,0.025761733590168312
312,0.032388663967611336,0.08980827447023208,0.08622873036269041
313,0.42206477732793524,0.09182643794147326,0.08849656223641678
314,0.659919028340081,0.09182643794147326,0.11861039531376705
315,0.6902834008097166,0.09081735620585267,0.027334809592743037
316,0.6933198380566802,0.11301715438950555,0.29045442610609096
317,0.5242914979757085,0.10797174571140263,0.022357662181347493
318,0.4058704453441296,0.11301715438950555,0.08450229687685162
319,0.6639676113360323,0.11503531786074672,0.0026930503500500746
320,0.7479757085020242,0.12714429868819374,0.06890165835205764
321,0.41801619433198384,0.13420787083753785,0.18272776490762543
322,0.04048582995951417,0.14026236125126135,0.014529459740175166
323,0.6659919028340081,0.14732593340060546,0.08776927599002715
324,0.7368421052631579,0.15338042381432895,0.1347315198423671
325,0.9868421052631579,0.16145307769929365,0.02654013899764618
326,0.2945344129554656,0.1705348133198789,0.04899306870647613
327,0.42813765182186236,0.1846619576185671,0.16794503296024088
328,0.742914979757085,0.177598385469223,0.16321418696136092
329,0.458502024291498,0.18365287588294651,0.021876677347473117
330,0.8876518218623481,0.20282542885973764,0.22495219196639138
331,0.9838056680161943,0.19979818365287588,0.0672170496343818
332,0.11032388663967611,0.22805247225025227,0.11182316488020694
333,0.13562753036437247,0.23007063572149344,0.029409782813273333
334,0.8876518218623481,0.25731584258324924,0.31344875420280827
335,0.9342105263157895,0.30070635721493444,0.5499074046104836
336,0.2459514170040486,0.2593340060544904,0.08191845564367162
337,0.8997975708502024,0.28153380423814334,0.3111437447573814
338,0.6558704453441295,0.3118062563067609,0.06143826083319592
339,0.2682186234817814,0.34712411705348134,0.5142006705904495
340,0.6578947368421052,0.3481331987891019,0.2812529771102338
341,0.7925101214574899,0.35519677093844604,0.02571526162554294
342,0.6487854251012145,0.3652875882946519,0.17503433116386713
343,0.9311740890688259,0.36932391523713426,0.0038548494656885923
344,0.8917004048582996,0.4056508577194753,0.46825848636164025
345,0.11538461538461538,0.3935418768920283,0.08716746404812636
346,0.11639676113360324,0.4026236125126135,0.060961923195784085
347,0.624493927125506,0.41372351160444,0.14418624104543332
348,0.8299595141700404,0.4187689202825429,0.362260582247245
349,0.9736842105263157,0.41372351160444,0.11590107977609809
350,0.32894736842105265,0.42381432896064586,0.010502664005372142
351,0.978744939271255,0.42583249243188703,0.018402897991714018
352,0.9008097165991903,0.43592330978809285,0.011246215439380758
353,0.6214574898785424,0.4409687184661958,0.06946629272225802
354,0.8046558704453441,0.4470232088799193,0.37419922995954613
355,0.6255060728744939,0.4611503531786075,0.08224143579781906
356,0.8653846153846153,0.4682139253279516,0.11182084128197567
357,0.6649797570850202,0.46215943491422806,0.042229074255228705
358,0.444331983805668,0.4833501513622604,0.16214068457851083
359,0.8228744939271255,0.4823410696266398,0.19035846149913926
360,0.3502024291497976,0.4974772956609486,0.023005946087873874
361,0.4757085020242915,0.5005045408678103,0.010841909347138579
362,0.7975708502024291,0.5126135216952573,0.12807673450798962
363,0.4251012145748988,0.5136226034308778,0.13153192507789857
364,0.832995951417004,0.5227043390514632,0.15040883710879327
365,0.208502024291498,0.5257315842583249,0.03911312902708619
366,0.41295546558704455,0.5438950554994955,0.43684576187300606
367,0.47975708502024295,0.5681130171543894,0.47515260231383916
368,0.35121457489878544,0.5650857719475277,0.045456552198472555
369,0.4392712550607288,0.5812310797174571,0.2316790088459385
370,0.9149797570850202,0.6478304742684157,0.00352489851684723
371,0.16801619433198378,0.6841574167507568,0.3995334214751597
372,0.6963562753036437,0.669021190716448,0.23052650412322506
373,0.8370445344129555,0.6770938446014126,0.12301361396203703
374,0.8016194331983806,0.6992936427850656,0.05792265670927366
375,0.4139676113360324,0.7214934409687185,0.3461882532815016
376,0.27530364372469635,0.751765893037336,0.3561169885237482
377,0.7115384615384615,0.7477295660948536,0.5793009222361379
378,0.9291497975708501,0.7315842583249242,0.11193469759530816
379,0.638663967611336,0.7830474268415741,0.004428778228813934
380,0.27125506072874495,0.7961654894046417,0.08478809945929866
381,0.29149797570850206,0.7991927346115035,0.03863679138967435
382,0.7742914979757085,0.8395560040363269,0.3974770370404793
383,0.2773279352226721,0.8335015136226034,0.008497398731780015
384,0.5060728744939271,0.8486377396569121,0.05905424904790557
385,0.5232793522267206,0.8748738647830474,0.03648281582928059
386,0.6508097165991903,0.887991927346115,0.06138946527033906
387,0.9078947368421052,0.8900100908173562,0.08767168486431343
388,0.7580971659919028,0.9061553985872856,0.030174246631363477
389,0.29554655870445345,0.9182643794147326,0.017912618764914567
390,0.23886639676113364,0.929364278506559,0.07019590256687891
391,0.9068825910931174,0.9313824419778002,0.15075737684348478
392,0.7753036437246963,0.9475277497477296,0.5190337549115057
393,0.3016194331983806,0.9778002018163471,0.02524124758636226
394,0.8178137651821862,0.9798183652875883,0.02233210260080354
395,0.48582995951417,0.9838546922300706,0.0166485813270999
396,0.28643724696356276,0.4147325933400606,0.5963840164324866
397,0.3876518218623482,0.15943491422805248,0.49778444908647745
398,0.1842105263157895,0.3562058526740666,0.470361342760946
399,0.3917004048582996,0.2956609485368315,0.5526306617375402
400,0.4048582995951417,0.4581231079717457,0.7991481688884138
401,0.2257085020242915,0.3168516649848638,0.42132180208984427
402,0.17813765182186236,0.29969727547931385,0.48671482711267366
403,0.12246963562753037,0.33501513622603435,0.4213496852686195
404,0.30971659919028344,0.384460141271443,0.0891494933394057
405,0.6194331983805668,0.1442986881937437,0.560066176077627
406,0.6133603238866396,0.301715438950555,0.6948232555005379
407,0.5101214574898785,0.19677093844601412,0.46429907497554435
408,0.6002024291497975,0.18668012108980828,0.5870756819179911
409,0.6295546558704453,0.2129162462159435,0.4202552705016881
410,0.5161943319838056,0.3794147325933401,0.7053863330599234
411,0.458502024291498,0.5671039354187689,0.5224076195433199
412,0.4473684210526316,0.6175580221997982,0.898902564555368
413,0.32388663967611336,0.6488395560040363,0.6284310832382595
414,0.06578947368421052,0.5257315842583249,0.3586938589622345
415,0.2975708502024292,0.5691220988900101,0.5453043565143237
416,0.23582995951417007,0.6801210898082745,0.026928179902269367
417,0.2257085020242915,0.00807265388496468,0.6548713075119609
418,0.3603238866396761,0.002018163471241171,0.14190214398408796
419,0.5910931174089068,0.0,0.11356121635720218
420,0.8714574898785424,0.0030272452068617547,0.5062516410412509
421,0.4827935222672065,0.012108980827447022,0.20664223790392844
422,0.5172064777327935,0.01715438950554995,0.5416377185053688
423,0.8694331983805668,0.021190716448032294,0.2861418277888407
424,0.3937246963562753,0.021190716448032294,0.06474474111630313
425,0.5931174089068826,0.02522704339051463,0.10478033864120617
426,0.07489878542510121,0.030272452068617558,0.12712173563493478
427,0.4625506072874494,0.046417759838546915,0.395283560310154
428,0.26315789473684215,0.038345105953582245,0.18156596579198692
429,0.874493927125506,0.056508577194752774,0.44818259764340673
430,0.5890688259109311,0.04238143289606458,0.004224301584461632
431,0.4959514170040486,0.06559031281533804,0.73583941147904
432,0.3208502024291498,0.055499495459132187,0.33720754611761594
433,0.2550607287449393,0.05852674066599395,0.030195159015445006
434,0.97165991902834,0.06054490413723511,0.01678567362274519
435,0.4008097165991903,0.06861755802219979,0.09941282672695628
436,0.5809716599190283,0.08577194752774975,0.18836016702024094
437,0.4696356275303644,0.08375378405650857,0.10743853501778722
438,0.8825910931174089,0.08577194752774975,0.1729686523362618
439,0.9999999999999999,0.08375378405650857,0.018514430706815355
440,0.6710526315789473,0.09081735620585267,0.08736961709424751
441,0.520242914979757,0.13218970736629668,0.7164373662478768
442,0.9746963562753036,0.10998990918264379,0.3064152223567328
443,0.26315789473684215,0.11099899091826437,0.041120717898909476
444,0.5931174089068826,0.11099899091826437,0.017073799803423606
445,0.9240890688259109,0.12411705348133198,0.2780301463634526
446,0.5678137651821862,0.1170534813319879,0.007031208247844312
447,0.9777327935222672,0.12613521695257315,0.013360689829842953
448,0.8137651821862348,0.12815338042381433,0.058538410240562055
449,0.978744939271255,0.1705348133198789,0.4216145754669852
450,0.4382591093117409,0.15136226034308778,0.06471453433929641
451,0.8006072874493927,0.16044399596367306,0.5599476725678317
452,0.9493927125506073,0.14530776992936428,0.0014754848768609996
453,0.8593117408906882,0.17457114026236126,0.2240924606208189
454,0.20546558704453444,0.16548940464177597,0.04432031266337799
455,0.6710526315789473,0.18970736629667004,0.27852042559025214
456,0.7732793522267206,0.18264379414732593,0.31151319687615453
457,0.9261133603238866,0.18163471241170534,0.1563061294197743
458,0.3876518218623482,0.18163471241170534,0.02951666833191202
459,0.2651821862348178,0.19677093844601412,0.3066568765727856
460,0.15789473684210525,0.19677093844601412,0.231943899044304
461,0.21558704453441296,0.20383451059535823,0.23358203579735426
462,0.9757085020242915,0.19979818365287588,0.004842378713981299
463,0.8643724696356275,0.20383451059535823,0.07081630329462996
464,0.08906882591093117,0.2058526740665994,0.07504989927201666
465,0.9767206477732793,0.218970736629667,0.30323886357457697
466,0.3299595141700405,0.22906155398587286,0.05534346267255619
467,0.6578947368421052,0.2472250252270434,0.5631217077517562
468,0.5232793522267206,0.23208879919273462,0.22494057397523515
469,0.6993927125506072,0.23410696266397577,0.16369052459877265
470,0.6214574898785424,0.24419778002018164,0.22346508909837415
471,0.20647773279352227,0.24419778002018164,0.06309498637209632
472,0.2368421052631579,0.24419778002018164,0.057873861146416905
473,0.9412955465587044,0.248234106962664,0.04950193671912584
474,0.022267206477732795,0.2563067608476287,0.1907255900196808
475,0.3390688259109312,0.25428859737638754,0.13516138551515333
476,0.8684210526315789,0.25731584258324924,0.16268208296639852
477,0.9797570850202428,0.26437941473259335,0.2577544281973293
478,0.4767206477732794,0.2704339051463169,0.8152716170152451
479,0.4119433198380567,0.26337033299697277,0.10400193323372842
480,0.298582995951417,0.27144298688193746,0.042333636175636125
481,0.590080971659919,0.27245206861755805,0.06442176096215557
482,0.020242914979757082,0.27245206861755805,0.020515048783944834
483,0.6558704453441295,0.28052472250252275,0.528665069580149
484,0.11032388663967611,0.277497477295661,0.02752069745124508
485,0.8522267206477733,0.2764883955600404,0.0067477292636284325
486,0.9544534412955465,0.277497477295661,0.09632011748112657
487,0.7530364372469636,0.28557013118062563,0.04948334793327558
488,0.05161943319838057,0.289606458123108,0.07237311410958558
489,0.7803643724696356,0.29061553985872857,0.11242730042033888
490,0.7105263157894737,0.29061553985872857,0.006294627608529391
491,0.31376518218623484,0.2966700302724521,0.266760694941759
492,0.9797570850202428,0.30776992936427855,0.11122600013476869
493,0.05060728744939272,0.30877901109989914,0.050735767379933905
494,0.43319838056680166,0.3229061553985873,0.15997044383049808
495,0.5192307692307692,0.3097880928355197,0.09320184865475278
496,0.7105263157894737,0.31886982845610495,0.17129798520797368
497,0.14473684210526316,0.3380423814328961,0.30516280291007447
498,0.8704453441295547,0.34207870837537846,0.16413897905740915
499,0.9757085020242915,0.3329969727547932,0.01992717843143177
500,0.7196356275303644,0.343087790110999,0.19376950370265378
501,0.08198380566801619,0.3481331987891019,0.18115236530681955
502,0.575910931174089,0.3874873864783048,0.5688517009900852
503,0.8350202429149797,0.37336024217961655,0.22655779834420386
504,0.14777327935222673,0.36326942482341074,0.2096094728452692
505,0.30971659919028344,0.3642785065590313,0.3076699654016225
506,0.47874493927125505,0.3652875882946519,0.16249154791143372
507,0.541497975708502,0.3673057517658931,0.24382910399728608
508,0.9817813765182186,0.3662966700302725,0.2536416593279688
509,0.34210526315789475,0.3763874873864783,0.35474374196906366
510,0.22064777327935226,0.37235116044399597,0.019016327924771148
511,0.05364372469635628,0.38244197780020184,0.31989441569637067
512,0.42813765182186236,0.38143289606458125,0.4420506219110668
513,0.6255060728744939,0.38042381432896066,0.16349998954380796
514,0.7753036437246963,0.3854692230070636,0.045084776481468025
515,0.11133603238866398,0.38849646821392536,0.02039654527414969
516,0.21558704453441296,0.38950554994954595,0.049980597954768835
517,0.38866396761133604,0.39757820383451065,0.24699152119005408
518,0.03744939271255061,0.4117053481331988,0.2710942056430906
519,0.8451417004048583,0.4066599394550959,0.1663789277523603
520,0.33805668016194335,0.4117053481331988,0.003961734984327281
521,0.3481781376518219,0.41574167507568116,0.015121977289150879
522,0.5425101214574899,0.41675075681130175,0.04965297060415874
523,0.9817813765182186,0.4207870837537841,0.17674217586385577
524,0.8380566801619432,0.4268415741675076,0.12310191069482568
525,0.7854251012145749,0.4278506559031282,0.0909502819686453
526,0.15587044534412958,0.4470232088799193,0.5908306166597345
527,0.32388663967611336,0.44399596367305755,0.30285314626818505
528,0.9827935222672064,0.44399596367305755,0.33303204009601106
529,0.9433198380566802,0.4399596367305752,0.011492516851896117
530,0.5030364372469636,0.4480322906155399,0.4132380038432314
531,0.7277327935222672,0.4581231079717457,0.3450311013623256
532,0.611336032388664,0.46417759838546924,0.559136736785116
533,0.05263157894736842,0.4540867810292634,0.018107801016341907
534,0.09008097165991903,0.4742684157416751,0.38897034391577423
535,0.0,0.4762865792129163,0.12574151828555624
536,0.10323886639676114,0.4843592330978809,0.010063503939660823
537,0.43218623481781376,0.4843592330978809,0.00657810659274527
538,0.5161943319838056,0.4914228052472251,0.24259992053294044
539,0.8157894736842105,0.4863773965691221,0.031807736187951186
540,0.19838056680161942,0.4883955600403633,0.036647791303701216
541,0.854251012145749,0.4944500504540868,0.10613034921357811
542,0.2408906882591093,0.503531786074672,0.39134738490637055
543,0.6882591093117408,0.496468213925328,0.17108886136715884
544,0.9423076923076923,0.49344096871846627,0.07307484077543114
545,0.40384615384615385,0.5045408678102926,0.1278048735149303
546,0.42206477732793524,0.5045408678102926,0.14739977739928944
547,0.9858299595141701,0.508577194752775,0.2824078054311784
548,0.5495951417004048,0.5045408678102926,0.12521870868351903
549,0.15991902834008098,0.5186680121089808,0.4456777587500901
550,0.10121457489878542,0.5227043390514632,0.4994527926165343
551,0.6649797570850202,0.520686175580222,0.30261846284682614
552,0.13562753036437247,0.5186680121089808,0.022896736971003806
553,0.45951417004048584,0.5186680121089808,0.012796055459642575
554,0.7469635627530364,0.5307769929364278,0.1021779086221759
555,0.21356275303643724,0.5428859737638748,0.6417824786751772
556,0.3491902834008097,0.5317860746720484,0.13838886345839718
557,0.992914979757085,0.5297679112008072,0.007198507320496206
558,0.8572874493927125,0.5479313824419778,0.1600076214021986
559,0.9311740890688259,0.544904137235116,0.05417701636045513
560,0.9574898785425101,0.5489404641775983,0.019151096622185282
561,0.08097165991902834,0.5509586276488395,0.011836409390125202
562,0.012145748987854251,0.5590312815338042,0.3883545903844857
563,0.714574898785425,0.5640766902119071,0.14492049808651686
564,0.9251012145748988,0.5671039354187689,0.2170914591499814
565,0.3987854251012146,0.5620585267406659,0.024137538426505678
566,0.11234817813765181,0.5923309788092835,0.56354692622808
567,0.7489878542510121,0.574167507568113,0.23197410582131062
568,0.38663967611336036,0.5771947527749748,0.25002149328363943
569,0.8502024291497975,0.5751765893037336,0.004259155557930772
570,0.07793522267206478,0.5842583249243188,0.06120357741183691
571,0.8481781376518218,0.5842583249243188,0.011762054246724274
572,0.014170040485829961,0.6064581231079718,0.8785315788617624
573,0.5860323886639676,0.5842583249243188,0.058540733838793435
574,0.6993927125506072,0.5852674066599395,0.12488875773467756
575,0.9240890688259109,0.5913218970736629,0.15500026721379656
576,0.05161943319838057,0.5903128153380424,0.1389953225967604
577,0.3400809716599191,0.5903128153380424,0.03264655514944215
578,0.8572874493927125,0.6992936427850656,0.6551756988802581
579,0.9008097165991903,0.5983854692230071,0.025060006924322753
580,0.4119433198380567,0.6044399596367306,0.05528072552031171
581,0.9979757085020243,0.6064581231079718,0.03786768037512167
582,0.9018218623481781,0.6125126135216953,0.26201358375526007
583,0.8876518218623481,0.6306760847628657,0.5172701438539665
584,0.5688259109311741,0.6377396569122099,0.2640234962253146
585,0.5040485829959513,0.6357214934409687,0.2260605483227106
586,0.27226720647773284,0.6559031281533804,0.8805716981088233
587,0.40890688259109315,0.6326942482341069,0.11279675253911192
588,0.09615384615384616,0.6488395560040363,0.9207211519470592
589,0.008097165991902834,0.6387487386478304,0.048105454182128304
590,0.029352226720647773,0.6417759838546923,0.18905724648962396
591,0.05161943319838057,0.6458123107971745,0.039352459644907634
592,0.4139676113360324,0.6508577194752775,0.0427611782501911
593,0.7398785425101214,0.6498486377396568,0.014434192212692931
594,0.8896761133603238,0.6589303733602422,0.31747322633938013
595,0.575910931174089,0.6579212916246215,0.06617607762676969
596,0.8107287449392713,0.710393541876892,0.5386309823940963
597,0.016194331983805668,0.6670030272452069,0.23158606491668732
598,0.9210526315789473,0.6619576185671039,0.08447209009984502
599,0.05668016194331983,0.6700302724520686,0.34056514556181117
600,0.33299595141700405,0.6750756811301715,0.19643699447215968
601,0.888663967611336,0.6740665993945509,0.05738590551784872
602,0.42408906882591096,0.6851664984863773,0.08290366129373294
603,0.8947368421052632,0.79313824419778,0.9045372902662147
604,0.024291497975708502,0.6972754793138244,0.4322055362051459
605,0.4676113360323887,0.6942482341069627,0.11614970478684461
606,0.14372469635627533,0.6972754793138244,0.1352032102833164
607,0.5657894736842105,0.7033299697275479,0.08396089848896415
608,0.9574898785425101,0.7033299697275479,0.08666324323193919
609,0.12044534412955467,0.7235116044399597,0.8018969855960146
610,0.5121457489878543,0.722502522704339,0.22145750022655075
611,0.7479757085020242,0.715438950554995,0.2330336666147731
612,0.9574898785425101,0.7255297679112008,0.2873036269044792
613,0.31983805668016196,0.7255297679112008,0.031580023561286086
614,0.9827935222672064,0.7376387487386478,0.195105572685638
615,0.4352226720647773,0.7325933400605449,0.18185176837443395
616,0.004048582995951417,0.7386478304742684,0.38721370365292873
617,0.17206477732793524,0.7467204843592331,0.5300522577242214
618,0.2975708502024292,0.751765893037336,0.6098864457544374
619,0.14068825910931176,0.7679112008072654,0.5250286383482005
620,0.37955465587044535,0.7608476286579212,0.24757706794433576
621,0.4352226720647773,0.7527749747729566,0.07232431854672872
622,0.03036437246963563,0.7547931382441978,0.01946710598163892
623,0.04048582995951417,0.7749747729566094,0.5609282310214304
624,0.964574898785425,0.7709384460141271,0.12746795177139514
625,0.7601214574898785,0.8183652875882946,0.353547088879956
626,0.0931174089068826,0.7820383451059536,0.26921441467398755
627,0.023279352226720645,0.8113017154389506,0.3795249171056331
628,0.17307692307692307,0.7991927346115035,0.26444871470163844
629,0.9817813765182186,0.7981836528758829,0.05953523388177995
630,0.059716599190283395,0.8032290615539859,0.37181057097779335
631,0.145748987854251,0.805247225025227,0.1273029762969744
632,0.9473684210526315,0.8304742684157417,0.5018437751965182
633,0.0010121457489878534,0.8123107971745711,0.1583113946933663
634,0.17712550607287447,0.8123107971745711,0.056979275827375275
635,0.8066801619433198,0.8153380423814329,0.1275841316829589
636,0.458502024291498,0.8133198789101918,0.06935708360538795
637,0.10425101214574899,0.8213925327951563,0.32934681330120574
638,0.3218623481781377,0.8264379414732593,0.11239477004510112
639,0.30060728744939275,0.8375378405650857,0.3990292006589725
640,0.06275303643724696,0.8405650857719476,0.2985010467810033
641,0.38967611336032393,0.8385469223007064,0.21931978985377587
642,0.8289473684210525,0.851664984863774,0.35544314503667807
643,0.0050607287449392704,0.846619576185671,0.38605655173375275
644,0.3309716599190284,0.8415741675075681,0.13287031765911417
645,0.9352226720647773,0.8476286579212916,0.10098357913129963
646,0.1467611336032389,0.8557013118062563,0.09109899225544704
647,0.3168016194331984,0.8617558022199798,0.0891262573570929
648,0.35627530364372473,0.8688193743693239,0.47675820869165164
649,0.41801619433198384,0.8607467204843592,0.053628647177873745
650,0.06578947368421052,0.8789101917255298,0.2610167601140422
651,0.73582995951417,0.8849646821392533,0.44520142111267813
652,0.3674089068825911,0.9434914228052472,0.9884005976294653
653,0.8906882591093117,0.9021190716448032,0.5724346894627145
654,0.15283400809716602,0.8779011099899091,0.08100295794054846
655,0.5020242914979757,0.9071644803229061,0.42151466074304034
656,0.7874493927125505,0.8849646821392533,0.06358061840243323
657,0.9281376518218624,0.8869828456104945,0.18965905843152486
658,0.11234817813765181,0.8900100908173562,0.152026061477762
659,0.7874493927125505,0.9041372351160444,0.24886898856092576
660,0.9989878542510121,0.9041372351160444,0.18554396596393308
661,0.75,0.9263370332996973,0.48445164243540983
662,0.1740890688259109,0.9122098890010091,0.1001796141432777
663,0.9696356275303644,0.9091826437941473,0.02838042879681757
664,0.7196356275303644,0.9202825428859738,0.17432098650686512
665,0.8653846153846153,0.9323915237134207,0.2095118817195557
666,0.937246963562753,0.9364278506559031,0.018463311545727223
667,0.7085020242914979,0.9465186680121089,0.24676845575985162
668,0.9696356275303644,0.9384460141271442,0.014234362764803055
669,0.5060728744939271,0.941473259334006,0.046839093146082256
670,0.7165991902834008,0.9778002018163471,0.42081293407719456
671,0.8836032388663967,0.9545913218970736,0.01696226708832227
672,0.9696356275303644,0.9606458123107972,0.22544247119319094
673,0.8522267206477733,0.9747729566094854,0.1433450984857111
674,0.8724696356275303,0.9757820383451059,0.25138544544539887
675,0.861336032388664,0.9979818365287587,0.22408781342435635
676,0.7348178137651822,0.9949545913218971,0.007477339108249548
677,0.37955465587044535,0.41775983854692234,0.4925029103067847
678,0.3218623481781377,0.14732593340060546,0.5849449423399099
679,0.1174089068825911,0.3047426841574168,0.02959334707354422
680,0.3016194331983806,0.3794147325933401,0.601679496801567
681,0.22874493927125505,0.10998990918264379,0.2216526824779782
682,0.6882591093117408,0.1987891019172553,0.7365899337077425
683,0.7095141700404858,0.4117053481331988,0.8576912263254387
684,0.6670040485829959,0.2946518668012109,0.5685101320500875
685,0.8107287449392713,0.02522704339051463,0.779076927366643
686,0.8927125506072874,0.030272452068617558,0.7574465514316852
687,0.8087044534412955,0.22906155398587286,0.39592487342198635
688,0.7196356275303644,0.1715438950554995,0.7524717276185208
689,0.7560728744939271,0.09182643794147326,0.448830881549933
690,0.7935222672064777,0.48032290615539863,0.49468941624241636
691,0.9412955465587044,0.11099899091826437,0.21335511319408795
692,0.7044534412955465,0.23713420787083753,0.5761292106504449
693,0.6740890688259109,0.5227043390514632,0.5415633633619678
694,0.6882591093117408,0.5782038345105953,0.49872782996837584
695,0.6629554655870445,0.6730575176589303,0.6104278441423251
696,0.7165991902834008,0.6528758829465187,0.39260212795126026
697,0.6740890688259109,0.7941473259334005,0.7290568282419422
698,0.5981781376518218,0.9142280524722503,0.7889382782601827
699,0.5607287449392713,0.7608476286579212,0.6353066104046082
700,0.5819838056680161,0.8446014127144299,0.5270524924076428
701,0.43319838056680166,0.9737638748738647,0.6180422755462199
702,0.6174089068825911,0.715438950554995,0.7993619399256914
703,0.5242914979757085,0.8698284561049445,0.5455320691409892
704,0.4888663967611336,0.8728557013118062,0.6423285242595275
705,0.7115384615384615,0.00807265388496468,0.24331326518994245
706,0.771255060728745,0.004036326942482342,0.37304207804037015
707,0.8390688259109311,0.0,0.04358373202406318
708,0.9342105263157895,0.026236125126135216,0.4685977317034066
709,0.07287449392712551,0.016145307769929364,0.011940971310532622
710,0.5384615384615384,0.020181634712411706,0.14442557166325487
711,0.7034412955465587,0.027245206861755803,0.05761361814451382
712,0.7550607287449392,0.027245206861755803,0.02536207469438867
713,0.8481781376518218,0.03733602421796166,0.6266070586267068
714,0.9625506072874493,0.050454086781029264,0.48628031424342477
715,0.22368421052631582,0.07063572149344097,0.5170006064591385
716,0.5991902834008097,0.06054490413723511,0.28065581236479564
717,0.1659919028340081,0.05348133198789101,0.04931837245885495
718,0.6305668016194331,0.06458123107971746,0.2660868514546887
719,0.812753036437247,0.06659939455095862,0.044543378093580555
720,0.8572874493927125,0.07870837537840565,0.4693575483250344
721,0.1740890688259109,0.0746720484359233,0.14771811035697446
722,0.9068825910931174,0.07769929364278506,0.021072712359451407
723,0.9493927125506073,0.08577194752774975,0.04353958365766897
724,0.33299595141700405,0.08678102926337034,0.13577713904644173
725,0.33299595141700405,0.10494450050454086,0.2955384590361251
726,0.9412955465587044,0.09889001009081735,0.029807118110821595
727,0.16700404858299595,0.10797174571140263,0.2515271849375068
728,0.8704453441295547,0.12008072653884966,0.5929404438537341
729,0.3066801619433199,0.10494450050454086,0.10604437607902084
730,0.6265182186234818,0.11200807265388496,0.23220646564443836
731,0.8309716599190283,0.12916246215943492,0.7275441657933811
732,0.5323886639676113,0.11099899091826437,0.03467040920888442
733,0.35728744939271256,0.11402623612512613,0.034793559915142214
734,0.7004048582995951,0.12108980827447022,0.25787990250181825
735,0.6700404858299595,0.12008072653884966,0.35339140779846023
736,0.36639676113360325,0.13319878910191726,0.10904878859206213
737,0.28643724696356276,0.136226034308779,0.40925768007305396
738,0.6457489878542509,0.13723511604439959,0.10852133179356227
739,0.12246963562753037,0.1432896064581231,0.07176433137299099
740,0.7925101214574899,0.14530776992936428,0.07774062602383547
741,0.7439271255060729,0.1634712411705348,0.5667139906173105
742,0.2894736842105263,0.15539858728557013,0.26711620547114434
743,0.3522267206477733,0.15237134207870837,0.07593286659990195
744,0.1659919028340081,0.1634712411705348,0.11173022095095586
745,0.9129554655870445,0.16548940464177597,0.06841602632172072
746,0.8765182186234818,0.17255297679112008,0.09931058840478013
747,0.3775303643724697,0.18264379414732593,0.23097031138539903
748,0.8410931174089068,0.19475277497477295,0.21355726624020888
749,0.4979757085020243,0.17658930373360243,0.041629585911559186
750,0.5637651821862348,0.18062563067608475,0.20061482409199594
751,0.9089068825910931,0.18062563067608475,0.014204155987796452
752,0.28238866396761136,0.19475277497477295,0.28533089200612516
753,0.6497975708502024,0.18264379414732593,0.10461303956855428
754,0.8765182186234818,0.19374369323915236,0.0073565120002231366
755,0.7378542510121457,0.20686175580221997,0.22132970232383065
756,0.4898785425101215,0.20383451059535823,0.02878241129082859
757,0.8755060728744939,0.20686175580221997,0.1196629853125355
758,0.9048582995951416,0.21089808274470231,0.020285012559048354
759,0.4868421052631579,0.22401614530776992,0.31176182188690105
760,0.8785425101214575,0.23208879919273462,0.46430604577023804
761,0.17611336032388664,0.2260343087790111,0.3607014478340579
762,0.21963562753036436,0.23007063572149344,0.4118694044850094
763,0.5688259109311741,0.2502522704339052,0.20926558030704034
764,0.8441295546558704,0.24217961654894046,0.0019378809248851159
765,0.18218623481781376,0.2512613521695258,0.24340620911919364
766,0.6214574898785424,0.25832492431886983,0.12134759403021145
767,0.8765182186234818,0.2593340060544904,0.16633477938596586
768,0.9433198380566802,0.26538849646821394,0.1504204550999495
769,0.7753036437246963,0.289606458123108,0.6482234929722773
770,0.38461538461538464,0.26437941473259335,0.007560988644575439
771,0.6842105263157895,0.26538849646821394,0.05438614020127008
772,0.2591093117408907,0.27346115035317864,0.37730820439299484
773,0.7338056680161943,0.2875882946518668,0.04836337358580012
774,0.06275303643724696,0.29263370332996974,0.22218943366940314
775,0.2773279352226721,0.3047426841574168,0.17772505791568594
776,0.4676113360323887,0.2946518668012109,0.15546266326182068
777,0.8350202429149797,0.3239152371342079,0.42621762356314485
778,0.5293522267206477,0.3037336024217962,0.12575778347317512
779,0.73582995951417,0.3027245206861756,0.35480647912130825
780,0.6153846153846153,0.30676084762865796,0.00980326093775774
781,0.9504048582995951,0.3158425832492432,0.44179502610562615
782,0.5708502024291497,0.33501513622603435,0.4678890342428671
783,0.6852226720647773,0.330978809283552,0.09952668304028878
784,0.6376518218623481,0.33602421796165494,0.15144283832171146
785,0.798582995951417,0.37336024217961655,0.4292568900496555
786,0.9817813765182186,0.33501513622603435,0.01464796324997042
787,0.12449392712550607,0.343087790110999,0.11618920595677651
788,0.7540485829959513,0.34510595358224017,0.19942049460111944
789,0.07995951417004049,0.34712411705348134,0.06860191418022299
790,0.5222672064777327,0.3572149344096872,0.019336984480687436
791,0.9686234817813765,0.36125126135216956,0.19703183561936666
792,0.6761133603238866,0.3773965691220989,0.08692813343030481
793,0.75,0.40060544904137235,0.09701952054874097
794,0.3036437246963563,0.40968718466195764,0.000643636710063733
795,0.8825910931174089,0.4117053481331988,0.1636254638482969
796,0.30870445344129555,0.4187689202825429,0.17586617933066429
797,0.6609311740890688,0.42381432896064586,0.07368129991379446
798,0.812753036437247,0.4339051463168517,0.1445975179323693
799,0.12955465587044535,0.45105953582240166,0.31686212000455416
800,0.5637651821862348,0.4460141271442987,0.06363173756352136
801,0.7469635627530364,0.4460141271442987,0.026442547871932565
802,0.5587044534412955,0.47124117053481335,0.04690647749478927
803,0.31376518218623484,0.4742684157416751,0.14318012301129035
804,0.17206477732793524,0.47830474268415746,0.08548053173221926
805,0.6923076923076923,0.4833501513622604,0.09727279275595013
806,0.23380566801619435,0.5136226034308778,0.3717989529866369
807,0.5516194331983806,0.4894046417759839,0.21831134822140175
808,0.7419028340080971,0.5005045408678103,0.45653825688307903
809,0.8178137651821862,0.5025227043390514,0.011464633673120894
810,0.5445344129554656,0.5227043390514632,0.13324209337611848
811,0.4493927125506073,0.5277497477295661,0.2697349006777937
812,0.5708502024291497,0.5287588294651867,0.000562310771968999
813,0.6417004048582996,0.5428859737638748,0.5670485887626141
814,0.5323886639676113,0.5428859737638748,0.0015591344131868912
815,0.5637651821862348,0.557013118062563,0.13243348119163412
816,0.46558704453441296,0.5590312815338042,0.014222744773646712
817,0.9311740890688259,0.5691220988900101,0.379548153087946
818,0.5080971659919028,0.5610494450050454,0.02769729091682216
819,0.1740890688259109,0.5721493440968718,0.1822955756366078
820,0.4979757085020243,0.5893037336024217,0.32889835884256924
821,0.5242914979757085,0.5993945509586276,0.29282681990022474
822,0.43319838056680166,0.5872855701311805,0.05372856190181863
823,0.18016194331983804,0.5893037336024217,0.017062181812267263
824,0.5738866396761133,0.5993945509586276,0.3243650186933479
825,0.0840080971659919,0.5993945509586276,0.2871200626442084
826,0.18623481781376516,0.6004036326942482,0.14857551810431568
827,0.6396761133603238,0.6074672048435923,0.44185543965963936
828,0.9433198380566802,0.6185671039354187,0.27255807252879516
829,0.7651821862348178,0.6185671039354187,0.14017106330178664
830,0.4564777327935223,0.6185671039354187,0.08706987292241264
831,0.145748987854251,0.627648839556004,0.11322429461366701
832,0.2368421052631579,0.6326942482341069,0.47372591299983513
833,0.06376518218623482,0.6407669021190716,0.25398555186619787
834,0.7641700404858299,0.6347124117053481,0.2107294471927449
835,0.5101214574898785,0.6337033299697276,0.02354037368106765
836,0.5728744939271254,0.6367305751765893,0.04602351016690398
837,0.5890688259109311,0.6387487386478304,0.039668469004361384
838,0.45951417004048584,0.6427850655903128,0.0766206516763599
839,0.590080971659919,0.6548940464177598,0.5517988135707431
840,0.257085020242915,0.6559031281533804,0.11522026549433395
841,0.8451417004048583,0.6559031281533804,0.20320098892340732
842,0.5263157894736842,0.6649848637739657,0.04598865619343495
843,0.5495951417004048,0.6740665993945509,0.1331421786521736
844,0.4109311740890688,0.6791120080726538,0.06001854231388559
845,0.8431174089068826,0.6760847628657921,0.03332039863651248
846,0.7641700404858299,0.6851664984863773,0.02375182112011376
847,0.3370445344129555,0.6992936427850656,0.23537120643543774
848,0.08299595141700405,0.6942482341069627,0.0030462372812041227
849,0.409919028340081,0.6942482341069627,0.02168149509604589
850,0.5374493927125505,0.6972754793138244,0.1460567376216113
851,0.15991902834008098,0.710393541876892,0.2067305346367171
852,0.5475708502024291,0.7305751765893037,0.43125053733209084
853,0.8168016194331984,0.7315842583249242,0.11521097110140888
854,0.6467611336032388,0.7366296670030272,0.08554791608092627
855,0.701417004048583,0.7386478304742684,0.07814028491961511
856,0.5232793522267206,0.7719475277497477,0.4663368706243739
857,0.7398785425101214,0.7467204843592331,0.03977767812123145
858,0.5850202429149797,0.7537840565085772,0.1695250797575093
859,0.7398785425101214,0.7648839556004036,0.32291509339703095
860,0.1700404858299595,0.7709384460141271,0.10655324409167066
861,0.402834008097166,0.7689202825428859,0.17814795279377837
862,0.5870445344129555,0.7911200807265388,0.3413063733975886
863,0.8360323886639676,0.7800201816347124,0.28773349257726555
864,0.5060728744939271,0.8133198789101918,0.721572518338999
865,0.97165991902834,0.7870837537840565,0.39545318298103715
866,0.7307692307692307,0.7911200807265388,0.20304763144014293
867,0.6255060728744939,0.79313824419778,0.19589327248604105
868,0.17813765182186236,0.8032290615539859,0.272253681160498
869,0.39979757085020245,0.7981836528758829,0.013353719035149147
870,0.8299595141700404,0.8002018163471241,0.17945149140152472
871,0.4726720647773279,0.8143289606458123,0.42103599950739723
872,0.5384615384615384,0.805247225025227,0.10120432096327081
873,0.29959514170040485,0.8213925327951563,0.23536423564074382
874,0.8906882591093117,0.8153380423814329,0.011868939765363073
875,0.3815789473684211,0.8335015136226034,0.09817434886968568
876,0.44230769230769235,0.8577194752774975,0.3918074573561635
877,0.7965587044534412,0.8355196770938446,0.12272316418312745
878,0.3400809716599191,0.8375378405650857,0.0040105305471840325
879,0.8684210526315789,0.8415741675075681,0.1767932950249439
880,0.9878542510121456,0.8395560040363269,0.002314303838351961
881,0.0050607287449392704,0.8738647830474268,0.2734131566779051
882,0.6558704453441295,0.8688193743693239,0.22194545585511916
883,0.40890688259109315,0.9122098890010091,0.8217010133211885
884,0.4959514170040486,0.9041372351160444,0.5846498453645376
885,0.019230769230769232,0.9071644803229061,0.25977828225677146
886,0.3117408906882591,0.9677093844601412,0.6128374155081592
887,0.5708502024291497,0.9727547931382442,0.7082071813126934
888,0.018218623481781375,0.9697275479313824,0.09417543631365788
889,0.3603238866396761,0.9969727547931382,0.5577054002746494
890,0.1700404858299595,0.9909182643794148,0.012888999388893652
891,0.9453441295546559,0.9969727547931382,0.33583894675939374
892,0.22469635627530365,0.12613521695257315,0.6777076309289513
893,0.04554655870445344,0.18062563067608475,0.18921757476758205
894,0.38663967611336036,0.09989909182643794,0.46554452362750876
895,0.3107287449392713,0.36831483350151367,0.6302922854215124
896,0.6720647773279352,0.3390514631685167,0.0841003143828406
897,0.7338056680161943,0.2119071644803229,0.44010809378971893
898,0.8036437246963563,0.6377396569122099,0.34893706998910246
899,0.3431174089068826,0.5973763874873864,0.36714246213115775
900,0.20242914979757087,0.9091826437941473,0.28410635573824206
901,0.8836032388663967,0.8829465186680121,0.4512543945051549
902,0.9777327935222672,0.9697275479313824,0.9876059270343683
903,0.9493927125506073,0.7325933400605449,0.5591344131868846
904,0.9220647773279352,0.8375378405650857,0.7687578276215415
905,0.9220647773279352,0.8375378405650857,0.7687578276215415
906,0.8937246963562753,0.8072653884964682,0.027227924074104126
907,0.1082995951417004,0.0010090817356205838,0.05954220467647375
908,0.2935222672064777,0.006054490413723513,0.05508089607242195
909,0.3370445344129555,0.006054490413723513,0.03960340825388553
910,0.4159919028340081,0.016145307769929364,0.22612560907318635
911,0.9139676113360323,0.021190716448032294,0.3406906198663001
912,0.2874493927125506,0.034308779011099896,0.11917967688042996
913,0.771255060728745,0.030272452068617558,0.0002718609930594251
914,0.22773279352226722,0.035317860746720484,0.13846554220002927
915,0.7753036437246963,0.03733602421796166,0.027160539725397115
916,0.05263157894736842,0.05348133198789101,0.23988595779880895
917,0.5678137651821862,0.055499495459132187,0.09748424019499635
918,0.2550607287449393,0.07063572149344097,0.10530779543970614
919,0.2884615384615385,0.06861755802219979,0.052188016274481996
920,0.5678137651821862,0.07366296670030271,0.04444578696786694
921,0.8238866396761133,0.07769929364278506,0.08262018230951718
922,0.0354251012145749,0.11099899091826437,0.2877149037914152
923,0.2773279352226721,0.08678102926337034,0.01524280439717729
924,0.7742914979757085,0.10292633703329969,0.06280453659318674
925,0.14372469635627533,0.11503531786074672,0.028812618067835083
926,0.7732793522267206,0.1220988900100908,0.08621014157684026
927,0.8147773279352226,0.12613521695257315,0.08728364395969024
928,0.29554655870445345,0.13420787083753785,0.06391986374419967
929,0.06680161943319839,0.13925327951564076,0.0005204860038061643
930,0.008097165991902834,0.14833501513622604,0.33302506930131737
931,0.8087044534412955,0.14228052472250252,0.11369830865284747
932,0.7267206477732793,0.14530776992936428,0.02022692260326653
933,0.9271255060728745,0.14631685166498487,0.030878296895440416
934,0.9534412955465587,0.15438950554994954,0.22437593960503477
935,0.03036437246963563,0.15338042381432895,0.0066547853343773555
936,0.15384615384615385,0.15640766902119072,0.13429468337488693
937,0.32388663967611336,0.15640766902119072,0.01950660715157071
938,0.36133603238866396,0.1574167507568113,0.027613641380496157
939,0.26315789473684215,0.1634712411705348,0.06619931360908249
940,0.7763157894736842,0.16649848637739656,0.1499720006413131
941,0.5334008097165992,0.19071644803229063,0.06199127721223974
942,0.016194331983805668,0.24419778002018164,0.39164248188174267
943,0.3269230769230769,0.23814328960645811,0.30221648035281523
944,0.22773279352226722,0.23410696266397577,0.15753298928588866
945,0.9109311740890688,0.23007063572149344,0.027727497693828762
946,0.7813765182186234,0.23410696266397577,0.07435049620440226
947,0.2935222672064777,0.23814328960645811,0.14705588486106036
948,0.8370445344129555,0.25327951564076695,0.3318725645786039
949,0.17105263157894735,0.24318869828456105,0.16534027934297935
950,0.22469635627530365,0.25731584258324924,0.05191847887965384
951,0.2793522267206478,0.2835519677093845,0.36085712891555344
952,0.5172064777327935,0.27144298688193746,0.1302771820330091
953,0.763157894736842,0.277497477295661,0.2181231367646682
954,0.032388663967611336,0.2835519677093845,0.40813305852911574
955,0.10121457489878542,0.2785065590312816,0.03362246640657862
956,0.8572874493927125,0.29162462159434915,0.062293344982305765
957,0.0010121457489878534,0.2956609485368315,0.02755322782648295
958,0.7307692307692307,0.30676084762865796,0.009038797119667596
959,0.6558704453441295,0.3138244197780021,0.33602251101966474
960,0.30870445344129555,0.3289606458123108,0.11399340562821958
961,0.6467611336032388,0.3329969727547932,0.04465491080868189
962,0.7267206477732793,0.33602421796165494,0.15651990045705166
963,0.7651821862348178,0.3400605449041373,0.03837422478954011
964,0.28542510121457493,0.343087790110999,0.06605292692051201
965,0.7257085020242915,0.35519677093844604,0.05902636586913024
966,0.10931174089068825,0.3562058526740666,0.02371464354841335
967,0.8147773279352226,0.38042381432896066,0.2229353087016429
968,0.7520242914979757,0.38042381432896066,0.4088394323914243
969,0.3603238866396761,0.38244197780020184,0.14354028073713831
970,0.002024291497975707,0.39556004036326947,0.18284859201565173
971,0.832995951417004,0.40968718466195764,0.12904102777396975
972,0.4726720647773279,0.41574167507568116,0.060436789995515494
973,0.7621457489878543,0.42482341069626645,0.2743588611580349
974,0.8350202429149797,0.4278506559031282,0.4155406896904271
975,0.28542510121457493,0.4268415741675076,0.015688935257582526
976,0.6811740890688259,0.4268415741675076,0.07816816809839044
977,0.8076923076923077,0.45307769929364283,0.10226388175673318
978,0.010121457489878541,0.47225025227043393,0.5677874930001604
979,0.7388663967611335,0.455095862764884,0.12140103678953085
980,0.23178137651821862,0.47023208879919276,0.00573696403302304
981,0.2257085020242915,0.4762865792129163,0.048491171488520224
982,0.9139676113360323,0.47830474268415746,0.07356976719869324
983,0.5222672064777327,0.47931382441977805,0.06263491392230358
984,0.03643724696356275,0.48032290615539863,0.0012593902413521318
985,0.5161943319838056,0.4823410696266398,0.01969946580476667
986,0.37955465587044535,0.5045408678102926,0.18826257589452722
987,0.8380566801619432,0.5025227043390514,0.00497947100962659
988,0.5384615384615384,0.5116044399596367,0.06628296314540849
989,0.4888663967611336,0.5136226034308778,0.20875671229439063
990,0.19635627530364375,0.5237134207870837,0.027613641380496157
991,0.38866396761133604,0.5277497477295661,0.08921223049165017
992,0.6224696356275303,0.5398587285570131,0.3221599239718659
993,0.5111336032388664,0.5630676084762866,0.5371299379366913
994,0.8825910931174089,0.544904137235116,0.009461691997760036
995,0.058704453441295545,0.5489404641775983,0.008146535398857235
996,0.5556680161943319,0.549949545913219,0.19311657259966497
997,0.3036437246963563,0.5610494450050454,0.19202448143096473
998,0.5556680161943319,0.5691220988900101,0.39542297620403055
999,0.8785425101214575,0.5630676084762866,0.09085733803939422
1000,0.06072874493927126,0.5681130171543894,0.16610241956283822
1001,0.5253036437246963,0.5782038345105953,0.10874904442022737
1002,0.058704453441295545,0.5943491422805247,0.1112864136887819
1003,0.7864372469635628,0.5923309788092835,0.528260763487907
1004,0.6295546558704453,0.5872855701311805,0.09563000880643724
1005,0.305668016194332,0.5933400605449041,0.058524468651174444
1006,0.9848178137651821,0.5963673057517659,0.22239623391198682
1007,0.3076923076923077,0.6094853683148335,0.2563091500974749
1008,0.49089068825910936,0.6185671039354187,0.1678381474416022
1009,0.7995951417004048,0.6175580221997982,0.3642797891102246
1010,0.7813765182186234,0.6427850655903128,0.14124921288109915
1011,0.004048582995951417,0.644803229061554,0.1869776260726309
1012,0.9838056680161943,0.6417759838546923,0.27777222695978077
1013,0.4827935222672065,0.644803229061554,0.3718361305583374
1014,0.2773279352226721,0.6458123107971745,0.2733388015345043
1015,0.30971659919028344,0.6579212916246215,0.18008583371866338
1016,0.6983805668016194,0.6538849646821392,0.002950969753721888
1017,0.6234817813765182,0.6609485368314834,0.05141193446523551
1018,0.4159919028340081,0.6902119071644803,0.2319299574549164
1019,0.3036437246963563,0.6801210898082745,0.15677781986072348
1020,0.44129554655870445,0.686175580221998,0.15770028835854044
1021,0.0030364372469635637,0.6841574167507568,0.022847941408147054
1022,0.6214574898785424,0.710393541876892,0.5387239263233475
1023,0.05566801619433198,0.6942482341069627,0.13687852460806704
1024,0.7823886639676113,0.7184661957618567,0.27352236579477507
1025,0.3927125506072875,0.7124117053481331,0.0
1026,0.46659919028340086,0.7295660948536832,0.18910371845424956
1027,0.3694331983805668,0.7608476286579212,0.5943043960154938
1028,0.004048582995951417,0.7346115035317861,0.1354076869276687
1029,0.8663967611336032,0.7325933400605449,0.011590107977609843
1030,0.6609311740890688,0.7436932391523713,0.6850246417592428
1031,0.022267206477732795,0.7487386478304743,0.26801079079018597
1032,0.16497975708502022,0.7447023208879919,0.02851984469069413
1033,0.9210526315789473,0.756811301715439,0.14922380201084195
1034,0.23987854251012147,0.7618567103935419,0.15738892619554945
1035,0.5404858299595141,0.75882946518668,0.005618460523227897
1036,0.5607287449392713,0.7911200807265388,0.3619794268612603
1037,0.652834008097166,0.7699293642785066,0.0718688932933984
1038,0.15587044534412958,0.7689202825428859,0.0046309312749350795
1039,0.47975708502024295,0.781029263370333,0.36763738855441985
1040,0.6022267206477733,0.781029263370333,0.07741996946791929
1041,0.5121457489878543,0.7891019172552977,0.4144393041288016
1042,0.23076923076923078,0.7911200807265388,0.04764538173233546
1043,0.8340080971659919,0.7971745711402624,0.08788545590159103
1044,0.6659919028340081,0.7971745711402624,0.01425992234534701
1045,0.4726720647773279,0.8042381432896064,0.19987824345268101
1046,0.9048582995951416,0.8102926337033299,0.12140568398599338
1047,0.8228744939271255,0.817356205852674,0.1290294097828133
1048,0.4686234817813765,0.8213925327951563,0.15213527059463205
1049,0.16902834008097167,0.8365287588294652,0.35273615309724027
1050,0.0840080971659919,0.8254288597376387,0.023112831606512563
1051,0.6174089068825911,0.8274470232088799,0.006336452376692447
1052,0.5364372469635628,0.8415741675075681,0.2459249896018979
1053,0.4959514170040486,0.8375378405650857,0.0010084416323742351
1054,0.049595141700404854,0.8496468213925328,0.20961412004173174
1055,0.6012145748987854,0.8506559031281533,0.021161009092239835
1056,0.4190283400809717,0.8647830474268415,0.5722395072112872
1057,0.5121457489878543,0.8577194752774975,0.07173180099775311
1058,0.8836032388663967,0.863773965691221,0.09934776597648054
1059,0.07591093117408906,0.8698284561049445,0.05348458408753465
1060,0.5263157894736842,0.8839556004036326,0.36119172706085745
1061,0.6194331983805668,0.9041372351160444,0.06195177604230806
1062,0.03340080971659919,0.9212916246215943,0.2452093213466645
1063,0.9989878542510121,0.9081735620585267,0.019634405054290816
1064,0.6022267206477733,0.9202825428859738,0.03484932627269277
1065,0.8927125506072874,0.9303733602421796,0.26959316118568577
1066,0.6477732793522267,0.9404641775983854,0.3021816263793461
1067,0.5293522267206477,0.9283551967709385,0.12625270989643722
1068,0.3724696356275304,0.9344096871846619,0.07823322884886619
1069,0.8046558704453441,0.9485368314833501,0.27465628173163836
1070,0.15384615384615385,0.9545913218970736,0.07163653347027066
1071,0.8572874493927125,0.9717457114026236,0.46306524431473595
1072,0.47064777327935226,0.970736629667003,0.710979234002607
1073,0.15688259109311742,0.9737638748738647,0.24631767770298374
1074,0.6568825910931174,0.9737638748738647,0.1153759465758295
1075,0.6366396761133603,0.9727547931382442,0.030717968617482216
1076,0.3451417004048583,0.9919273461150353,0.4757125894875768
1077,0.652834008097166,0.9939455095862764,0.24869471869358006
1078,0.05465587044534413,0.9949545913218971,0.009159624227694119
1079,0.4352226720647773,1.0,0.01962511066136574
