,f2
0,0.6666666666666666
1,0.0
2,0.6666666666666666
3,0.3333333333333333
4,1.0
5,0.6666666666666666
6,0.6666666666666666
7,1.0
8,0.0
9,0.6666666666666666
10,1.0
11,0.6666666666666666
12,1.0
13,0.6666666666666666
14,0.0
15,1.0
16,0.3333333333333333
17,0.3333333333333333
18,1.0
19,0.6666666666666666
20,0.0
21,0.3333333333333333
22,1.0
23,0.6666666666666666
24,0.0
25,0.6666666666666666
26,0.3333333333333333
27,0.3333333333333333
28,1.0
29,0.0
30,0.3333333333333333
31,1.0
32,0.0
33,0.6666666666666666
34,0.3333333333333333
35,0.3333333333333333
36,0.0
37,1.0
38,0.0
39,0.0
40,1.0
41,1.0
42,0.3333333333333333
43,0.3333333333333333
44,0.0
45,1.0
46,1.0
47,1.0
48,1.0
49,0.0
50,0.3333333333333333
51,0.6666666666666666
52,0.6666666666666666
53,1.0
54,0.0
55,0.6666666666666666
56,0.3333333333333333
57,0.0
58,0.6666666666666666
59,1.0
60,0.6666666666666666
61,0.6666666666666666
62,0.6666666666666666
63,0.0
64,1.0
65,0.0
66,0.0
67,0.6666666666666666
68,1.0
69,1.0
70,0.6666666666666666
71,0.3333333333333333
72,1.0
73,1.0
74,0.0
75,0.6666666666666666
76,0.6666666666666666
77,1.0
78,0.3333333333333333
79,0.6666666666666666
80,1.0
81,0.6666666666666666
82,0.0
83,1.0
84,0.3333333333333333
85,0.6666666666666666
86,0.0
87,0.6666666666666666
88,1.0
89,0.6666666666666666
90,1.0
91,0.6666666666666666
92,0.6666666666666666
93,1.0
94,0.3333333333333333
95,0.6666666666666666
96,0.3333333333333333
97,0.0
98,0.6666666666666666
99,1.0
100,0.6666666666666666
101,0.0
102,0.6666666666666666
103,1.0
104,0.6666666666666666
105,0.6666666666666666
106,0.6666666666666666
107,0.6666666666666666
108,0.0
109,0.6666666666666666
110,0.3333333333333333
111,1.0
112,1.0
113,0.0
114,1.0
115,0.6666666666666666
116,0.6666666666666666
117,1.0
118,1.0
119,0.6666666666666666
120,1.0
121,1.0
122,0.3333333333333333
123,0.6666666666666666
124,0.6666666666666666
125,0.6666666666666666
126,0.6666666666666666
127,1.0
128,0.6666666666666666
129,0.0
130,0.6666666666666666
131,0.0
132,1.0
133,1.0
134,0.6666666666666666
135,0.0
136,0.0
137,0.6666666666666666
138,0.0
139,0.6666666666666666
140,0.3333333333333333
141,0.6666666666666666
142,0.0
143,0.6666666666666666
144,0.6666666666666666
145,0.6666666666666666
146,0.0
147,0.6666666666666666
148,0.3333333333333333
149,0.3333333333333333
150,0.6666666666666666
151,0.6666666666666666
152,0.0
153,0.0
154,0.6666666666666666
155,1.0
156,0.6666666666666666
157,0.6666666666666666
158,0.6666666666666666
159,1.0
160,1.0
161,0.6666666666666666
162,0.6666666666666666
163,0.6666666666666666
164,1.0
165,1.0
166,0.3333333333333333
167,1.0
168,0.6666666666666666
169,0.0
170,1.0
171,0.6666666666666666
172,1.0
173,1.0
174,0.6666666666666666
175,0.6666666666666666
176,1.0
177,0.0
178,1.0
179,0.6666666666666666
180,0.0
181,0.0
182,0.6666666666666666
183,0.6666666666666666
184,1.0
185,0.0
186,0.6666666666666666
187,0.6666666666666666
188,0.0
189,0.0
190,1.0
191,0.6666666666666666
192,0.0
193,0.6666666666666666
194,0.3333333333333333
195,1.0
196,0.0
197,0.0
198,1.0
199,0.0
200,0.0
201,0.6666666666666666
202,0.6666666666666666
203,1.0
204,0.6666666666666666
205,1.0
206,1.0
207,0.6666666666666666
208,0.6666666666666666
209,1.0
210,0.0
211,0.6666666666666666
212,0.6666666666666666
213,0.6666666666666666
214,0.6666666666666666
215,1.0
216,0.6666666666666666
217,0.6666666666666666
218,1.0
219,0.0
220,1.0
221,0.6666666666666666
222,0.6666666666666666
223,1.0
224,0.0
225,0.6666666666666666
226,0.6666666666666666
227,0.6666666666666666
228,0.0
229,0.6666666666666666
230,0.0
231,0.6666666666666666
232,0.3333333333333333
233,1.0
234,0.6666666666666666
235,1.0
236,0.6666666666666666
237,0.3333333333333333
238,1.0
239,0.6666666666666666
240,0.6666666666666666
241,1.0
242,0.6666666666666666
243,0.6666666666666666
244,0.6666666666666666
245,0.3333333333333333
246,0.6666666666666666
247,0.0
248,1.0
249,0.0
250,0.6666666666666666
251,0.6666666666666666
252,0.6666666666666666
253,0.6666666666666666
254,0.0
255,0.6666666666666666
256,0.6666666666666666
257,1.0
258,0.6666666666666666
259,0.6666666666666666
260,0.0
261,0.6666666666666666
262,0.6666666666666666
263,0.3333333333333333
264,0.6666666666666666
265,0.6666666666666666
266,0.6666666666666666
267,1.0
268,0.0
269,0.0
270,0.0
271,1.0
272,0.0
273,0.0
274,1.0
275,0.0
276,0.6666666666666666
277,1.0
278,1.0
279,1.0
280,1.0
281,0.0
282,1.0
283,0.0
284,0.6666666666666666
285,1.0
286,0.6666666666666666
287,0.6666666666666666
288,0.6666666666666666
289,0.6666666666666666
290,1.0
291,0.6666666666666666
292,0.0
293,1.0
294,0.6666666666666666
295,0.0
296,0.0
297,0.6666666666666666
298,0.6666666666666666
299,1.0
300,1.0
301,1.0
302,1.0
303,0.6666666666666666
304,0.6666666666666666
305,0.0
306,1.0
307,0.6666666666666666
308,0.0
309,1.0
310,1.0
311,0.6666666666666666
312,0.6666666666666666
313,0.3333333333333333
314,0.3333333333333333
315,0.0
316,1.0
317,0.3333333333333333
318,1.0
319,0.3333333333333333
320,0.0
321,0.6666666666666666
322,1.0
323,0.6666666666666666
324,0.6666666666666666
325,1.0
326,0.6666666666666666
327,0.3333333333333333
328,0.6666666666666666
329,0.0
330,0.6666666666666666
331,1.0
332,1.0
333,1.0
334,0.0
335,0.3333333333333333
336,0.6666666666666666
337,0.0
338,0.0
339,0.0
340,0.6666666666666666
341,0.6666666666666666
342,1.0
343,0.3333333333333333
344,0.6666666666666666
345,0.6666666666666666
346,0.6666666666666666
347,1.0
348,1.0
349,0.0
350,0.6666666666666666
351,0.0
352,0.6666666666666666
353,0.6666666666666666
354,0.0
355,1.0
356,0.0
357,0.6666666666666666
358,0.6666666666666666
359,0.0
360,0.6666666666666666
361,1.0
362,1.0
363,0.0
364,0.3333333333333333
365,0.0
366,0.3333333333333333
367,0.0
368,1.0
369,1.0
370,0.6666666666666666
371,0.6666666666666666
372,0.6666666666666666
373,0.6666666666666666
374,1.0
375,1.0
376,0.6666666666666666
377,0.6666666666666666
378,0.6666666666666666
