,f1,f2,f3
0,1.0,0.36363636363636365,0.09756097560975607
1,1.0,0.2727272727272727,0.1170731707317072
2,0.3333333333333333,0.6363636363636364,0.09756097560975607
3,0.3333333333333333,0.0,0.1707317073170731
4,0.3333333333333333,0.7272727272727273,0.024390243902439046
5,0.6666666666666666,0.5454545454545454,0.024390243902439046
6,0.6666666666666666,0.4545454545454546,0.07317073170731703
7,0.6666666666666666,0.09090909090909091,0.04878048780487798
8,0.0,1.0,0.024390243902439046
9,0.0,0.9090909090909092,0.024390243902439046
10,0.0,0.8181818181818182,0.09756097560975607
11,1.0,0.18181818181818182,0.14634146341463417
12,1.0,0.36363636363636365,0.31707317073170727
13,1.0,0.2727272727272727,0.41463414634146345
14,0.3333333333333333,0.6363636363636364,0.3902439024390244
15,0.3333333333333333,0.0,0.5365853658536585
16,0.3333333333333333,0.7272727272727273,0.6829268292682927
17,0.6666666666666666,0.5454545454545454,0.6829268292682927
18,0.6666666666666666,0.4545454545454546,0.7073170731707318
19,0.6666666666666666,0.09090909090909091,0.5609756097560975
20,0.0,1.0,0.4878048780487806
21,0.0,0.9090909090909092,0.5121951219512194
22,0.0,0.8181818181818182,0.5365853658536585
23,1.0,0.18181818181818182,0.5121951219512194
24,1.0,0.36363636363636365,0.6829268292682927
25,1.0,0.2727272727272727,0.7073170731707318
26,0.3333333333333333,0.6363636363636364,0.6097560975609756
27,0.3333333333333333,0.0,0.5121951219512194
28,0.3333333333333333,0.7272727272727273,0.4390243902439025
29,0.6666666666666666,0.5454545454545454,0.3902439024390244
30,0.6666666666666666,0.4545454545454546,0.4878048780487806
31,0.6666666666666666,0.09090909090909091,0.3902439024390244
32,0.0,1.0,0.36585365853658536
33,0.0,0.9090909090909092,0.46341463414634154
34,0.0,0.8181818181818182,0.4878048780487806
35,1.0,0.18181818181818182,0.7317073170731708
36,1.0,0.36363636363636365,0.8780487804878049
37,1.0,0.2727272727272727,0.9024390243902439
38,0.3333333333333333,0.6363636363636364,0.9756097560975611
39,0.3333333333333333,0.0,0.8292682926829268
40,0.3333333333333333,0.7272727272727273,0.7073170731707318
41,0.6666666666666666,0.5454545454545454,0.7073170731707318
42,0.6666666666666666,0.4545454545454546,0.7560975609756097
43,0.6666666666666666,0.09090909090909091,0.7317073170731708
44,0.0,1.0,0.7317073170731708
45,0.0,0.9090909090909092,0.7804878048780487
46,0.0,0.8181818181818182,0.926829268292683
47,1.0,0.18181818181818182,1.0
48,1.0,0.36363636363636365,0.9756097560975611
49,1.0,0.2727272727272727,0.926829268292683
50,0.3333333333333333,0.6363636363636364,0.9756097560975611
51,0.3333333333333333,0.0,0.8292682926829268
52,0.3333333333333333,0.7272727272727273,0.7560975609756097
53,0.6666666666666666,0.5454545454545454,0.7317073170731708
54,0.6666666666666666,0.4545454545454546,0.6097560975609756
55,0.6666666666666666,0.09090909090909091,0.6341463414634146
56,0.0,1.0,0.5365853658536585
57,0.0,0.9090909090909092,0.5609756097560975
58,0.0,0.8181818181818182,0.46341463414634154
59,1.0,0.18181818181818182,0.4878048780487806
60,1.0,0.36363636363636365,0.5853658536585366
61,1.0,0.2727272727272727,0.5609756097560975
62,0.3333333333333333,0.6363636363636364,0.5365853658536585
63,0.3333333333333333,0.0,0.41463414634146345
64,0.3333333333333333,0.7272727272727273,0.41463414634146345
65,0.6666666666666666,0.5454545454545454,0.41463414634146345
66,0.6666666666666666,0.4545454545454546,0.41463414634146345
67,0.6666666666666666,0.09090909090909091,0.3414634146341463
68,0.0,1.0,0.2926829268292682
69,0.0,0.9090909090909092,0.31707317073170727
70,0.0,0.8181818181818182,0.3902439024390244
71,1.0,0.18181818181818182,0.36585365853658536
72,1.0,0.36363636363636365,0.5365853658536585
73,1.0,0.2727272727272727,0.3414634146341463
74,0.3333333333333333,0.6363636363636364,0.36585365853658536
75,0.3333333333333333,0.0,0.3414634146341463
76,0.3333333333333333,0.7272727272727273,0.2926829268292682
77,0.6666666666666666,0.5454545454545454,0.3414634146341463
78,0.6666666666666666,0.4545454545454546,0.3902439024390244
79,0.6666666666666666,0.09090909090909091,0.2926829268292682
80,0.0,1.0,0.2926829268292682
81,0.0,0.9090909090909092,0.2682926829268293
82,0.0,0.8181818181818182,0.19512195121951215
83,1.0,0.18181818181818182,0.07317073170731703
84,1.0,0.36363636363636365,0.24390243902439024
85,1.0,0.2727272727272727,0.24390243902439024
86,0.3333333333333333,0.6363636363636364,0.2926829268292682
87,0.3333333333333333,0.0,0.2195121951219512
88,0.3333333333333333,0.7272727272727273,0.24390243902439024
89,0.6666666666666666,0.5454545454545454,0.24390243902439024
90,0.6666666666666666,0.4545454545454546,0.2195121951219512
91,0.6666666666666666,0.09090909090909091,0.09756097560975607
92,0.0,1.0,0.14634146341463417
93,0.0,0.9090909090909092,0.12195121951219512
94,0.0,0.8181818181818182,0.12195121951219512
95,1.0,0.18181818181818182,0.07317073170731703
96,1.0,0.36363636363636365,0.09756097560975607
97,1.0,0.2727272727272727,0.19512195121951215
98,0.3333333333333333,0.6363636363636364,0.14634146341463417
99,0.3333333333333333,0.0,0.1707317073170731
100,0.3333333333333333,0.7272727272727273,0.12195121951219512
101,0.6666666666666666,0.5454545454545454,0.19512195121951215
102,0.6666666666666666,0.4545454545454546,0.1707317073170731
103,0.6666666666666666,0.09090909090909091,0.14634146341463417
104,0.0,1.0,0.04878048780487798
105,0.0,0.9090909090909092,0.0
106,0.0,0.8181818181818182,0.04878048780487798
107,1.0,0.18181818181818182,0.14634146341463417
