,f1,f2,f3,f4,f5,f6,f7,f8
0,0.9999999999999998,0.0,0.2857142857142856,0.0,1.0,0.0,0.0,0.0
1,0.9999999999999998,0.0,0.2857142857142856,0.0,1.0,0.33333333333333337,0.0,0.0
2,0.9999999999999998,0.0,0.2857142857142856,0.0,1.0,0.6666666666666666,0.0,0.0
3,0.9999999999999998,0.0,0.2857142857142856,0.0,1.0,0.9999999999999999,0.0,0.0
4,0.7777777777777779,0.16666666666666652,0.4285714285714286,0.11111111111111116,1.0,0.0,0.0,0.0
5,0.7777777777777779,0.16666666666666652,0.4285714285714286,0.11111111111111116,1.0,0.33333333333333337,0.0,0.0
6,0.7777777777777779,0.16666666666666652,0.4285714285714286,0.11111111111111116,1.0,0.6666666666666666,0.0,0.0
7,0.7777777777777779,0.16666666666666652,0.4285714285714286,0.11111111111111116,1.0,0.9999999999999999,0.0,0.0
8,0.6666666666666667,0.25,0.2857142857142856,0.33333333333333326,1.0,0.0,0.0,0.0
9,0.6666666666666667,0.25,0.2857142857142856,0.33333333333333326,1.0,0.33333333333333337,0.0,0.0
10,0.6666666666666667,0.25,0.2857142857142856,0.33333333333333326,1.0,0.6666666666666666,0.0,0.0
11,0.6666666666666667,0.25,0.2857142857142856,0.33333333333333326,1.0,0.9999999999999999,0.0,0.0
12,0.5555555555555556,0.33333333333333304,0.4285714285714286,0.33333333333333326,1.0,0.0,0.0,0.0
13,0.5555555555555556,0.33333333333333304,0.4285714285714286,0.33333333333333326,1.0,0.33333333333333337,0.0,0.0
14,0.5555555555555556,0.33333333333333304,0.4285714285714286,0.33333333333333326,1.0,0.6666666666666666,0.0,0.0
15,0.5555555555555556,0.33333333333333304,0.4285714285714286,0.33333333333333326,1.0,0.9999999999999999,0.0,0.0
16,0.47222222222222254,0.4166666666666665,0.5714285714285714,0.33333333333333326,1.0,0.0,0.0,0.0
17,0.47222222222222254,0.4166666666666665,0.5714285714285714,0.33333333333333326,1.0,0.33333333333333337,0.0,0.0
18,0.47222222222222254,0.4166666666666665,0.5714285714285714,0.33333333333333326,1.0,0.6666666666666666,0.0,0.0
19,0.47222222222222254,0.4166666666666665,0.5714285714285714,0.33333333333333326,1.0,0.9999999999999999,0.0,0.0
20,0.38888888888888906,0.5,0.9999999999999998,0.11111111111111116,1.0,0.0,0.0,0.0
21,0.38888888888888906,0.5,0.9999999999999998,0.11111111111111116,1.0,0.33333333333333337,0.0,0.0
22,0.38888888888888906,0.5,0.9999999999999998,0.11111111111111116,1.0,0.6666666666666666,0.0,0.0
23,0.38888888888888906,0.5,0.9999999999999998,0.11111111111111116,1.0,0.9999999999999999,0.0,0.0
24,0.33333333333333326,0.583333333333333,0.0,1.0,0.0,0.0,0.0,0.0
25,0.33333333333333326,0.583333333333333,0.0,1.0,0.0,0.33333333333333337,0.0,0.0
26,0.33333333333333326,0.583333333333333,0.0,1.0,0.0,0.6666666666666666,0.0,0.0
27,0.33333333333333326,0.583333333333333,0.0,1.0,0.0,0.9999999999999999,0.0,0.0
28,0.25,0.6666666666666665,0.1428571428571428,1.0,0.0,0.0,0.0,0.0
29,0.25,0.6666666666666665,0.1428571428571428,1.0,0.0,0.33333333333333337,0.0,0.0
30,0.25,0.6666666666666665,0.1428571428571428,1.0,0.0,0.6666666666666666,0.0,0.0
31,0.25,0.6666666666666665,0.1428571428571428,1.0,0.0,0.9999999999999999,0.0,0.0
32,0.19444444444444442,0.75,0.2857142857142856,1.0,0.0,0.0,0.0,0.0
33,0.19444444444444442,0.75,0.2857142857142856,1.0,0.0,0.33333333333333337,0.0,0.0
34,0.19444444444444442,0.75,0.2857142857142856,1.0,0.0,0.6666666666666666,0.0,0.0
35,0.19444444444444442,0.75,0.2857142857142856,1.0,0.0,0.9999999999999999,0.0,0.0
36,0.11111111111111116,0.833333333333333,0.4285714285714286,1.0,0.0,0.0,0.0,0.0
37,0.11111111111111116,0.833333333333333,0.4285714285714286,1.0,0.0,0.33333333333333337,0.0,0.0
38,0.11111111111111116,0.833333333333333,0.4285714285714286,1.0,0.0,0.6666666666666666,0.0,0.0
39,0.11111111111111116,0.833333333333333,0.4285714285714286,1.0,0.0,0.9999999999999999,0.0,0.0
40,0.05555555555555558,0.9166666666666665,0.5714285714285714,1.0,0.0,0.0,0.0,0.0
41,0.05555555555555558,0.9166666666666665,0.5714285714285714,1.0,0.0,0.33333333333333337,0.0,0.0
42,0.05555555555555558,0.9166666666666665,0.5714285714285714,1.0,0.0,0.6666666666666666,0.0,0.0
43,0.05555555555555558,0.9166666666666665,0.5714285714285714,1.0,0.0,0.9999999999999999,0.0,0.0
44,0.0,1.0,0.7142857142857142,1.0,0.0,0.0,0.0,0.0
45,0.0,1.0,0.7142857142857142,1.0,0.0,0.33333333333333337,0.0,0.0
46,0.0,1.0,0.7142857142857142,1.0,0.0,0.6666666666666666,0.0,0.0
47,0.0,1.0,0.7142857142857142,1.0,0.0,0.9999999999999999,0.0,0.0
48,0.9999999999999998,0.0,0.2857142857142856,0.0,1.0,0.0,0.25,0.2
49,0.9999999999999998,0.0,0.2857142857142856,0.0,1.0,0.33333333333333337,0.25,0.2
50,0.9999999999999998,0.0,0.2857142857142856,0.0,1.0,0.6666666666666666,0.25,0.2
51,0.9999999999999998,0.0,0.2857142857142856,0.0,1.0,0.9999999999999999,0.25,0.2
52,0.7777777777777779,0.16666666666666652,0.4285714285714286,0.11111111111111116,1.0,0.0,0.25,0.2
53,0.7777777777777779,0.16666666666666652,0.4285714285714286,0.11111111111111116,1.0,0.33333333333333337,0.25,0.2
54,0.7777777777777779,0.16666666666666652,0.4285714285714286,0.11111111111111116,1.0,0.6666666666666666,0.25,0.2
55,0.7777777777777779,0.16666666666666652,0.4285714285714286,0.11111111111111116,1.0,0.9999999999999999,0.25,0.2
56,0.6666666666666667,0.25,0.2857142857142856,0.33333333333333326,1.0,0.0,0.25,0.2
57,0.6666666666666667,0.25,0.2857142857142856,0.33333333333333326,1.0,0.33333333333333337,0.25,0.2
58,0.6666666666666667,0.25,0.2857142857142856,0.33333333333333326,1.0,0.6666666666666666,0.25,0.2
59,0.6666666666666667,0.25,0.2857142857142856,0.33333333333333326,1.0,0.9999999999999999,0.25,0.2
60,0.5555555555555556,0.33333333333333304,0.4285714285714286,0.33333333333333326,1.0,0.0,0.25,0.2
61,0.5555555555555556,0.33333333333333304,0.4285714285714286,0.33333333333333326,1.0,0.33333333333333337,0.25,0.2
62,0.5555555555555556,0.33333333333333304,0.4285714285714286,0.33333333333333326,1.0,0.6666666666666666,0.25,0.2
63,0.5555555555555556,0.33333333333333304,0.4285714285714286,0.33333333333333326,1.0,0.9999999999999999,0.25,0.2
64,0.47222222222222254,0.4166666666666665,0.5714285714285714,0.33333333333333326,1.0,0.0,0.25,0.2
65,0.47222222222222254,0.4166666666666665,0.5714285714285714,0.33333333333333326,1.0,0.33333333333333337,0.25,0.2
66,0.47222222222222254,0.4166666666666665,0.5714285714285714,0.33333333333333326,1.0,0.6666666666666666,0.25,0.2
67,0.47222222222222254,0.4166666666666665,0.5714285714285714,0.33333333333333326,1.0,0.9999999999999999,0.25,0.2
68,0.38888888888888906,0.5,0.9999999999999998,0.11111111111111116,1.0,0.0,0.25,0.2
69,0.38888888888888906,0.5,0.9999999999999998,0.11111111111111116,1.0,0.33333333333333337,0.25,0.2
70,0.38888888888888906,0.5,0.9999999999999998,0.11111111111111116,1.0,0.6666666666666666,0.25,0.2
71,0.38888888888888906,0.5,0.9999999999999998,0.11111111111111116,1.0,0.9999999999999999,0.25,0.2
72,0.33333333333333326,0.583333333333333,0.0,1.0,0.0,0.0,0.25,0.2
73,0.33333333333333326,0.583333333333333,0.0,1.0,0.0,0.33333333333333337,0.25,0.2
74,0.33333333333333326,0.583333333333333,0.0,1.0,0.0,0.6666666666666666,0.25,0.2
75,0.33333333333333326,0.583333333333333,0.0,1.0,0.0,0.9999999999999999,0.25,0.2
76,0.25,0.6666666666666665,0.1428571428571428,1.0,0.0,0.0,0.25,0.2
77,0.25,0.6666666666666665,0.1428571428571428,1.0,0.0,0.33333333333333337,0.25,0.2
78,0.25,0.6666666666666665,0.1428571428571428,1.0,0.0,0.6666666666666666,0.25,0.2
79,0.25,0.6666666666666665,0.1428571428571428,1.0,0.0,0.9999999999999999,0.25,0.2
80,0.19444444444444442,0.75,0.2857142857142856,1.0,0.0,0.0,0.25,0.2
81,0.19444444444444442,0.75,0.2857142857142856,1.0,0.0,0.33333333333333337,0.25,0.2
82,0.19444444444444442,0.75,0.2857142857142856,1.0,0.0,0.6666666666666666,0.25,0.2
83,0.19444444444444442,0.75,0.2857142857142856,1.0,0.0,0.9999999999999999,0.25,0.2
84,0.11111111111111116,0.833333333333333,0.4285714285714286,1.0,0.0,0.0,0.25,0.2
85,0.11111111111111116,0.833333333333333,0.4285714285714286,1.0,0.0,0.33333333333333337,0.25,0.2
86,0.11111111111111116,0.833333333333333,0.4285714285714286,1.0,0.0,0.6666666666666666,0.25,0.2
87,0.11111111111111116,0.833333333333333,0.4285714285714286,1.0,0.0,0.9999999999999999,0.25,0.2
88,0.05555555555555558,0.9166666666666665,0.5714285714285714,1.0,0.0,0.0,0.25,0.2
89,0.05555555555555558,0.9166666666666665,0.5714285714285714,1.0,0.0,0.33333333333333337,0.25,0.2
90,0.05555555555555558,0.9166666666666665,0.5714285714285714,1.0,0.0,0.6666666666666666,0.25,0.2
91,0.05555555555555558,0.9166666666666665,0.5714285714285714,1.0,0.0,0.9999999999999999,0.25,0.2
92,0.0,1.0,0.7142857142857142,1.0,0.0,0.0,0.25,0.2
93,0.0,1.0,0.7142857142857142,1.0,0.0,0.33333333333333337,0.25,0.2
94,0.0,1.0,0.7142857142857142,1.0,0.0,0.6666666666666666,0.25,0.2
95,0.0,1.0,0.7142857142857142,1.0,0.0,0.9999999999999999,0.25,0.2
96,0.9999999999999998,0.0,0.2857142857142856,0.0,1.0,0.0,0.25,0.4
97,0.9999999999999998,0.0,0.2857142857142856,0.0,1.0,0.33333333333333337,0.25,0.4
98,0.9999999999999998,0.0,0.2857142857142856,0.0,1.0,0.6666666666666666,0.25,0.4
99,0.9999999999999998,0.0,0.2857142857142856,0.0,1.0,0.9999999999999999,0.25,0.4
100,0.7777777777777779,0.16666666666666652,0.4285714285714286,0.11111111111111116,1.0,0.0,0.25,0.4
101,0.7777777777777779,0.16666666666666652,0.4285714285714286,0.11111111111111116,1.0,0.33333333333333337,0.25,0.4
102,0.7777777777777779,0.16666666666666652,0.4285714285714286,0.11111111111111116,1.0,0.6666666666666666,0.25,0.4
103,0.7777777777777779,0.16666666666666652,0.4285714285714286,0.11111111111111116,1.0,0.9999999999999999,0.25,0.4
104,0.6666666666666667,0.25,0.2857142857142856,0.33333333333333326,1.0,0.0,0.25,0.4
105,0.6666666666666667,0.25,0.2857142857142856,0.33333333333333326,1.0,0.33333333333333337,0.25,0.4
106,0.6666666666666667,0.25,0.2857142857142856,0.33333333333333326,1.0,0.6666666666666666,0.25,0.4
107,0.6666666666666667,0.25,0.2857142857142856,0.33333333333333326,1.0,0.9999999999999999,0.25,0.4
108,0.5555555555555556,0.33333333333333304,0.4285714285714286,0.33333333333333326,1.0,0.0,0.25,0.4
109,0.5555555555555556,0.33333333333333304,0.4285714285714286,0.33333333333333326,1.0,0.33333333333333337,0.25,0.4
110,0.5555555555555556,0.33333333333333304,0.4285714285714286,0.33333333333333326,1.0,0.6666666666666666,0.25,0.4
111,0.5555555555555556,0.33333333333333304,0.4285714285714286,0.33333333333333326,1.0,0.9999999999999999,0.25,0.4
112,0.47222222222222254,0.4166666666666665,0.5714285714285714,0.33333333333333326,1.0,0.0,0.25,0.4
113,0.47222222222222254,0.4166666666666665,0.5714285714285714,0.33333333333333326,1.0,0.33333333333333337,0.25,0.4
114,0.47222222222222254,0.4166666666666665,0.5714285714285714,0.33333333333333326,1.0,0.6666666666666666,0.25,0.4
115,0.47222222222222254,0.4166666666666665,0.5714285714285714,0.33333333333333326,1.0,0.9999999999999999,0.25,0.4
116,0.38888888888888906,0.5,0.9999999999999998,0.11111111111111116,1.0,0.0,0.25,0.4
117,0.38888888888888906,0.5,0.9999999999999998,0.11111111111111116,1.0,0.33333333333333337,0.25,0.4
118,0.38888888888888906,0.5,0.9999999999999998,0.11111111111111116,1.0,0.6666666666666666,0.25,0.4
119,0.38888888888888906,0.5,0.9999999999999998,0.11111111111111116,1.0,0.9999999999999999,0.25,0.4
120,0.33333333333333326,0.583333333333333,0.0,1.0,0.0,0.0,0.25,0.4
121,0.33333333333333326,0.583333333333333,0.0,1.0,0.0,0.33333333333333337,0.25,0.4
122,0.33333333333333326,0.583333333333333,0.0,1.0,0.0,0.6666666666666666,0.25,0.4
123,0.33333333333333326,0.583333333333333,0.0,1.0,0.0,0.9999999999999999,0.25,0.4
124,0.25,0.6666666666666665,0.1428571428571428,1.0,0.0,0.0,0.25,0.4
125,0.25,0.6666666666666665,0.1428571428571428,1.0,0.0,0.33333333333333337,0.25,0.4
126,0.25,0.6666666666666665,0.1428571428571428,1.0,0.0,0.6666666666666666,0.25,0.4
127,0.25,0.6666666666666665,0.1428571428571428,1.0,0.0,0.9999999999999999,0.25,0.4
128,0.19444444444444442,0.75,0.2857142857142856,1.0,0.0,0.0,0.25,0.4
129,0.19444444444444442,0.75,0.2857142857142856,1.0,0.0,0.33333333333333337,0.25,0.4
130,0.19444444444444442,0.75,0.2857142857142856,1.0,0.0,0.6666666666666666,0.25,0.4
131,0.19444444444444442,0.75,0.2857142857142856,1.0,0.0,0.9999999999999999,0.25,0.4
132,0.11111111111111116,0.833333333333333,0.4285714285714286,1.0,0.0,0.0,0.25,0.4
133,0.11111111111111116,0.833333333333333,0.4285714285714286,1.0,0.0,0.33333333333333337,0.25,0.4
134,0.11111111111111116,0.833333333333333,0.4285714285714286,1.0,0.0,0.6666666666666666,0.25,0.4
135,0.11111111111111116,0.833333333333333,0.4285714285714286,1.0,0.0,0.9999999999999999,0.25,0.4
136,0.05555555555555558,0.9166666666666665,0.5714285714285714,1.0,0.0,0.0,0.25,0.4
137,0.05555555555555558,0.9166666666666665,0.5714285714285714,1.0,0.0,0.33333333333333337,0.25,0.4
138,0.05555555555555558,0.9166666666666665,0.5714285714285714,1.0,0.0,0.6666666666666666,0.25,0.4
139,0.05555555555555558,0.9166666666666665,0.5714285714285714,1.0,0.0,0.9999999999999999,0.25,0.4
140,0.0,1.0,0.7142857142857142,1.0,0.0,0.0,0.25,0.4
141,0.0,1.0,0.7142857142857142,1.0,0.0,0.33333333333333337,0.25,0.4
142,0.0,1.0,0.7142857142857142,1.0,0.0,0.6666666666666666,0.25,0.4
143,0.0,1.0,0.7142857142857142,1.0,0.0,0.9999999999999999,0.25,0.4
144,0.9999999999999998,0.0,0.2857142857142856,0.0,1.0,0.0,0.25,0.6000000000000001
145,0.9999999999999998,0.0,0.2857142857142856,0.0,1.0,0.33333333333333337,0.25,0.6000000000000001
146,0.9999999999999998,0.0,0.2857142857142856,0.0,1.0,0.6666666666666666,0.25,0.6000000000000001
147,0.9999999999999998,0.0,0.2857142857142856,0.0,1.0,0.9999999999999999,0.25,0.6000000000000001
148,0.7777777777777779,0.16666666666666652,0.4285714285714286,0.11111111111111116,1.0,0.0,0.25,0.6000000000000001
149,0.7777777777777779,0.16666666666666652,0.4285714285714286,0.11111111111111116,1.0,0.33333333333333337,0.25,0.6000000000000001
150,0.7777777777777779,0.16666666666666652,0.4285714285714286,0.11111111111111116,1.0,0.6666666666666666,0.25,0.6000000000000001
151,0.7777777777777779,0.16666666666666652,0.4285714285714286,0.11111111111111116,1.0,0.9999999999999999,0.25,0.6000000000000001
152,0.6666666666666667,0.25,0.2857142857142856,0.33333333333333326,1.0,0.0,0.25,0.6000000000000001
153,0.6666666666666667,0.25,0.2857142857142856,0.33333333333333326,1.0,0.33333333333333337,0.25,0.6000000000000001
154,0.6666666666666667,0.25,0.2857142857142856,0.33333333333333326,1.0,0.6666666666666666,0.25,0.6000000000000001
155,0.6666666666666667,0.25,0.2857142857142856,0.33333333333333326,1.0,0.9999999999999999,0.25,0.6000000000000001
156,0.5555555555555556,0.33333333333333304,0.4285714285714286,0.33333333333333326,1.0,0.0,0.25,0.6000000000000001
157,0.5555555555555556,0.33333333333333304,0.4285714285714286,0.33333333333333326,1.0,0.33333333333333337,0.25,0.6000000000000001
158,0.5555555555555556,0.33333333333333304,0.4285714285714286,0.33333333333333326,1.0,0.6666666666666666,0.25,0.6000000000000001
159,0.5555555555555556,0.33333333333333304,0.4285714285714286,0.33333333333333326,1.0,0.9999999999999999,0.25,0.6000000000000001
160,0.47222222222222254,0.4166666666666665,0.5714285714285714,0.33333333333333326,1.0,0.0,0.25,0.6000000000000001
161,0.47222222222222254,0.4166666666666665,0.5714285714285714,0.33333333333333326,1.0,0.33333333333333337,0.25,0.6000000000000001
162,0.47222222222222254,0.4166666666666665,0.5714285714285714,0.33333333333333326,1.0,0.6666666666666666,0.25,0.6000000000000001
163,0.47222222222222254,0.4166666666666665,0.5714285714285714,0.33333333333333326,1.0,0.9999999999999999,0.25,0.6000000000000001
164,0.38888888888888906,0.5,0.9999999999999998,0.11111111111111116,1.0,0.0,0.25,0.6000000000000001
165,0.38888888888888906,0.5,0.9999999999999998,0.11111111111111116,1.0,0.33333333333333337,0.25,0.6000000000000001
166,0.38888888888888906,0.5,0.9999999999999998,0.11111111111111116,1.0,0.6666666666666666,0.25,0.6000000000000001
167,0.38888888888888906,0.5,0.9999999999999998,0.11111111111111116,1.0,0.9999999999999999,0.25,0.6000000000000001
168,0.33333333333333326,0.583333333333333,0.0,1.0,0.0,0.0,0.25,0.6000000000000001
169,0.33333333333333326,0.583333333333333,0.0,1.0,0.0,0.33333333333333337,0.25,0.6000000000000001
170,0.33333333333333326,0.583333333333333,0.0,1.0,0.0,0.6666666666666666,0.25,0.6000000000000001
171,0.33333333333333326,0.583333333333333,0.0,1.0,0.0,0.9999999999999999,0.25,0.6000000000000001
172,0.25,0.6666666666666665,0.1428571428571428,1.0,0.0,0.0,0.25,0.6000000000000001
173,0.25,0.6666666666666665,0.1428571428571428,1.0,0.0,0.33333333333333337,0.25,0.6000000000000001
174,0.25,0.6666666666666665,0.1428571428571428,1.0,0.0,0.6666666666666666,0.25,0.6000000000000001
175,0.25,0.6666666666666665,0.1428571428571428,1.0,0.0,0.9999999999999999,0.25,0.6000000000000001
176,0.19444444444444442,0.75,0.2857142857142856,1.0,0.0,0.0,0.25,0.6000000000000001
177,0.19444444444444442,0.75,0.2857142857142856,1.0,0.0,0.33333333333333337,0.25,0.6000000000000001
178,0.19444444444444442,0.75,0.2857142857142856,1.0,0.0,0.6666666666666666,0.25,0.6000000000000001
179,0.19444444444444442,0.75,0.2857142857142856,1.0,0.0,0.9999999999999999,0.25,0.6000000000000001
180,0.11111111111111116,0.833333333333333,0.4285714285714286,1.0,0.0,0.0,0.25,0.6000000000000001
181,0.11111111111111116,0.833333333333333,0.4285714285714286,1.0,0.0,0.33333333333333337,0.25,0.6000000000000001
182,0.11111111111111116,0.833333333333333,0.4285714285714286,1.0,0.0,0.6666666666666666,0.25,0.6000000000000001
183,0.11111111111111116,0.833333333333333,0.4285714285714286,1.0,0.0,0.9999999999999999,0.25,0.6000000000000001
184,0.05555555555555558,0.9166666666666665,0.5714285714285714,1.0,0.0,0.0,0.25,0.6000000000000001
185,0.05555555555555558,0.9166666666666665,0.5714285714285714,1.0,0.0,0.33333333333333337,0.25,0.6000000000000001
186,0.05555555555555558,0.9166666666666665,0.5714285714285714,1.0,0.0,0.6666666666666666,0.25,0.6000000000000001
187,0.05555555555555558,0.9166666666666665,0.5714285714285714,1.0,0.0,0.9999999999999999,0.25,0.6000000000000001
188,0.0,1.0,0.7142857142857142,1.0,0.0,0.0,0.25,0.6000000000000001
189,0.0,1.0,0.7142857142857142,1.0,0.0,0.33333333333333337,0.25,0.6000000000000001
190,0.0,1.0,0.7142857142857142,1.0,0.0,0.6666666666666666,0.25,0.6000000000000001
191,0.0,1.0,0.7142857142857142,1.0,0.0,0.9999999999999999,0.25,0.6000000000000001
192,0.9999999999999998,0.0,0.2857142857142856,0.0,1.0,0.0,0.25,0.8
193,0.9999999999999998,0.0,0.2857142857142856,0.0,1.0,0.33333333333333337,0.25,0.8
194,0.9999999999999998,0.0,0.2857142857142856,0.0,1.0,0.6666666666666666,0.25,0.8
195,0.9999999999999998,0.0,0.2857142857142856,0.0,1.0,0.9999999999999999,0.25,0.8
196,0.7777777777777779,0.16666666666666652,0.4285714285714286,0.11111111111111116,1.0,0.0,0.25,0.8
197,0.7777777777777779,0.16666666666666652,0.4285714285714286,0.11111111111111116,1.0,0.33333333333333337,0.25,0.8
198,0.7777777777777779,0.16666666666666652,0.4285714285714286,0.11111111111111116,1.0,0.6666666666666666,0.25,0.8
199,0.7777777777777779,0.16666666666666652,0.4285714285714286,0.11111111111111116,1.0,0.9999999999999999,0.25,0.8
200,0.6666666666666667,0.25,0.2857142857142856,0.33333333333333326,1.0,0.0,0.25,0.8
201,0.6666666666666667,0.25,0.2857142857142856,0.33333333333333326,1.0,0.33333333333333337,0.25,0.8
202,0.6666666666666667,0.25,0.2857142857142856,0.33333333333333326,1.0,0.6666666666666666,0.25,0.8
203,0.6666666666666667,0.25,0.2857142857142856,0.33333333333333326,1.0,0.9999999999999999,0.25,0.8
204,0.5555555555555556,0.33333333333333304,0.4285714285714286,0.33333333333333326,1.0,0.0,0.25,0.8
205,0.5555555555555556,0.33333333333333304,0.4285714285714286,0.33333333333333326,1.0,0.33333333333333337,0.25,0.8
206,0.5555555555555556,0.33333333333333304,0.4285714285714286,0.33333333333333326,1.0,0.6666666666666666,0.25,0.8
207,0.5555555555555556,0.33333333333333304,0.4285714285714286,0.33333333333333326,1.0,0.9999999999999999,0.25,0.8
208,0.47222222222222254,0.4166666666666665,0.5714285714285714,0.33333333333333326,1.0,0.0,0.25,0.8
209,0.47222222222222254,0.4166666666666665,0.5714285714285714,0.33333333333333326,1.0,0.33333333333333337,0.25,0.8
210,0.47222222222222254,0.4166666666666665,0.5714285714285714,0.33333333333333326,1.0,0.6666666666666666,0.25,0.8
211,0.47222222222222254,0.4166666666666665,0.5714285714285714,0.33333333333333326,1.0,0.9999999999999999,0.25,0.8
212,0.38888888888888906,0.5,0.9999999999999998,0.11111111111111116,1.0,0.0,0.25,0.8
213,0.38888888888888906,0.5,0.9999999999999998,0.11111111111111116,1.0,0.33333333333333337,0.25,0.8
214,0.38888888888888906,0.5,0.9999999999999998,0.11111111111111116,1.0,0.6666666666666666,0.25,0.8
215,0.38888888888888906,0.5,0.9999999999999998,0.11111111111111116,1.0,0.9999999999999999,0.25,0.8
216,0.33333333333333326,0.583333333333333,0.0,1.0,0.0,0.0,0.25,0.8
217,0.33333333333333326,0.583333333333333,0.0,1.0,0.0,0.33333333333333337,0.25,0.8
218,0.33333333333333326,0.583333333333333,0.0,1.0,0.0,0.6666666666666666,0.25,0.8
219,0.33333333333333326,0.583333333333333,0.0,1.0,0.0,0.9999999999999999,0.25,0.8
220,0.25,0.6666666666666665,0.1428571428571428,1.0,0.0,0.0,0.25,0.8
221,0.25,0.6666666666666665,0.1428571428571428,1.0,0.0,0.33333333333333337,0.25,0.8
222,0.25,0.6666666666666665,0.1428571428571428,1.0,0.0,0.6666666666666666,0.25,0.8
223,0.25,0.6666666666666665,0.1428571428571428,1.0,0.0,0.9999999999999999,0.25,0.8
224,0.19444444444444442,0.75,0.2857142857142856,1.0,0.0,0.0,0.25,0.8
225,0.19444444444444442,0.75,0.2857142857142856,1.0,0.0,0.33333333333333337,0.25,0.8
226,0.19444444444444442,0.75,0.2857142857142856,1.0,0.0,0.6666666666666666,0.25,0.8
227,0.19444444444444442,0.75,0.2857142857142856,1.0,0.0,0.9999999999999999,0.25,0.8
228,0.11111111111111116,0.833333333333333,0.4285714285714286,1.0,0.0,0.0,0.25,0.8
229,0.11111111111111116,0.833333333333333,0.4285714285714286,1.0,0.0,0.33333333333333337,0.25,0.8
230,0.11111111111111116,0.833333333333333,0.4285714285714286,1.0,0.0,0.6666666666666666,0.25,0.8
231,0.11111111111111116,0.833333333333333,0.4285714285714286,1.0,0.0,0.9999999999999999,0.25,0.8
232,0.05555555555555558,0.9166666666666665,0.5714285714285714,1.0,0.0,0.0,0.25,0.8
233,0.05555555555555558,0.9166666666666665,0.5714285714285714,1.0,0.0,0.33333333333333337,0.25,0.8
234,0.05555555555555558,0.9166666666666665,0.5714285714285714,1.0,0.0,0.6666666666666666,0.25,0.8
235,0.05555555555555558,0.9166666666666665,0.5714285714285714,1.0,0.0,0.9999999999999999,0.25,0.8
236,0.0,1.0,0.7142857142857142,1.0,0.0,0.0,0.25,0.8
237,0.0,1.0,0.7142857142857142,1.0,0.0,0.33333333333333337,0.25,0.8
238,0.0,1.0,0.7142857142857142,1.0,0.0,0.6666666666666666,0.25,0.8
239,0.0,1.0,0.7142857142857142,1.0,0.0,0.9999999999999999,0.25,0.8
240,0.9999999999999998,0.0,0.2857142857142856,0.0,1.0,0.0,0.25,1.0
241,0.9999999999999998,0.0,0.2857142857142856,0.0,1.0,0.33333333333333337,0.25,1.0
242,0.9999999999999998,0.0,0.2857142857142856,0.0,1.0,0.6666666666666666,0.25,1.0
243,0.9999999999999998,0.0,0.2857142857142856,0.0,1.0,0.9999999999999999,0.25,1.0
244,0.7777777777777779,0.16666666666666652,0.4285714285714286,0.11111111111111116,1.0,0.0,0.25,1.0
245,0.7777777777777779,0.16666666666666652,0.4285714285714286,0.11111111111111116,1.0,0.33333333333333337,0.25,1.0
246,0.7777777777777779,0.16666666666666652,0.4285714285714286,0.11111111111111116,1.0,0.6666666666666666,0.25,1.0
247,0.7777777777777779,0.16666666666666652,0.4285714285714286,0.11111111111111116,1.0,0.9999999999999999,0.25,1.0
248,0.6666666666666667,0.25,0.2857142857142856,0.33333333333333326,1.0,0.0,0.25,1.0
249,0.6666666666666667,0.25,0.2857142857142856,0.33333333333333326,1.0,0.33333333333333337,0.25,1.0
250,0.6666666666666667,0.25,0.2857142857142856,0.33333333333333326,1.0,0.6666666666666666,0.25,1.0
251,0.6666666666666667,0.25,0.2857142857142856,0.33333333333333326,1.0,0.9999999999999999,0.25,1.0
252,0.5555555555555556,0.33333333333333304,0.4285714285714286,0.33333333333333326,1.0,0.0,0.25,1.0
253,0.5555555555555556,0.33333333333333304,0.4285714285714286,0.33333333333333326,1.0,0.33333333333333337,0.25,1.0
254,0.5555555555555556,0.33333333333333304,0.4285714285714286,0.33333333333333326,1.0,0.6666666666666666,0.25,1.0
255,0.5555555555555556,0.33333333333333304,0.4285714285714286,0.33333333333333326,1.0,0.9999999999999999,0.25,1.0
256,0.47222222222222254,0.4166666666666665,0.5714285714285714,0.33333333333333326,1.0,0.0,0.25,1.0
257,0.47222222222222254,0.4166666666666665,0.5714285714285714,0.33333333333333326,1.0,0.33333333333333337,0.25,1.0
258,0.47222222222222254,0.4166666666666665,0.5714285714285714,0.33333333333333326,1.0,0.6666666666666666,0.25,1.0
259,0.47222222222222254,0.4166666666666665,0.5714285714285714,0.33333333333333326,1.0,0.9999999999999999,0.25,1.0
260,0.38888888888888906,0.5,0.9999999999999998,0.11111111111111116,1.0,0.0,0.25,1.0
261,0.38888888888888906,0.5,0.9999999999999998,0.11111111111111116,1.0,0.33333333333333337,0.25,1.0
262,0.38888888888888906,0.5,0.9999999999999998,0.11111111111111116,1.0,0.6666666666666666,0.25,1.0
263,0.38888888888888906,0.5,0.9999999999999998,0.11111111111111116,1.0,0.9999999999999999,0.25,1.0
264,0.33333333333333326,0.583333333333333,0.0,1.0,0.0,0.0,0.25,1.0
265,0.33333333333333326,0.583333333333333,0.0,1.0,0.0,0.33333333333333337,0.25,1.0
266,0.33333333333333326,0.583333333333333,0.0,1.0,0.0,0.6666666666666666,0.25,1.0
267,0.33333333333333326,0.583333333333333,0.0,1.0,0.0,0.9999999999999999,0.25,1.0
268,0.25,0.6666666666666665,0.1428571428571428,1.0,0.0,0.0,0.25,1.0
269,0.25,0.6666666666666665,0.1428571428571428,1.0,0.0,0.33333333333333337,0.25,1.0
270,0.25,0.6666666666666665,0.1428571428571428,1.0,0.0,0.6666666666666666,0.25,1.0
271,0.25,0.6666666666666665,0.1428571428571428,1.0,0.0,0.9999999999999999,0.25,1.0
272,0.19444444444444442,0.75,0.2857142857142856,1.0,0.0,0.0,0.25,1.0
273,0.19444444444444442,0.75,0.2857142857142856,1.0,0.0,0.33333333333333337,0.25,1.0
274,0.19444444444444442,0.75,0.2857142857142856,1.0,0.0,0.6666666666666666,0.25,1.0
275,0.19444444444444442,0.75,0.2857142857142856,1.0,0.0,0.9999999999999999,0.25,1.0
276,0.11111111111111116,0.833333333333333,0.4285714285714286,1.0,0.0,0.0,0.25,1.0
277,0.11111111111111116,0.833333333333333,0.4285714285714286,1.0,0.0,0.33333333333333337,0.25,1.0
278,0.11111111111111116,0.833333333333333,0.4285714285714286,1.0,0.0,0.6666666666666666,0.25,1.0
279,0.11111111111111116,0.833333333333333,0.4285714285714286,1.0,0.0,0.9999999999999999,0.25,1.0
280,0.05555555555555558,0.9166666666666665,0.5714285714285714,1.0,0.0,0.0,0.25,1.0
281,0.05555555555555558,0.9166666666666665,0.5714285714285714,1.0,0.0,0.33333333333333337,0.25,1.0
282,0.05555555555555558,0.9166666666666665,0.5714285714285714,1.0,0.0,0.6666666666666666,0.25,1.0
283,0.05555555555555558,0.9166666666666665,0.5714285714285714,1.0,0.0,0.9999999999999999,0.25,1.0
284,0.0,1.0,0.7142857142857142,1.0,0.0,0.0,0.25,1.0
285,0.0,1.0,0.7142857142857142,1.0,0.0,0.33333333333333337,0.25,1.0
286,0.0,1.0,0.7142857142857142,1.0,0.0,0.6666666666666666,0.25,1.0
287,0.0,1.0,0.7142857142857142,1.0,0.0,0.9999999999999999,0.25,1.0
288,0.9999999999999998,0.0,0.2857142857142856,0.0,1.0,0.0,0.625,0.2
289,0.9999999999999998,0.0,0.2857142857142856,0.0,1.0,0.33333333333333337,0.625,0.2
290,0.9999999999999998,0.0,0.2857142857142856,0.0,1.0,0.6666666666666666,0.625,0.2
291,0.9999999999999998,0.0,0.2857142857142856,0.0,1.0,0.9999999999999999,0.625,0.2
292,0.7777777777777779,0.16666666666666652,0.4285714285714286,0.11111111111111116,1.0,0.0,0.625,0.2
293,0.7777777777777779,0.16666666666666652,0.4285714285714286,0.11111111111111116,1.0,0.33333333333333337,0.625,0.2
294,0.7777777777777779,0.16666666666666652,0.4285714285714286,0.11111111111111116,1.0,0.6666666666666666,0.625,0.2
295,0.7777777777777779,0.16666666666666652,0.4285714285714286,0.11111111111111116,1.0,0.9999999999999999,0.625,0.2
296,0.6666666666666667,0.25,0.2857142857142856,0.33333333333333326,1.0,0.0,0.625,0.2
297,0.6666666666666667,0.25,0.2857142857142856,0.33333333333333326,1.0,0.33333333333333337,0.625,0.2
298,0.6666666666666667,0.25,0.2857142857142856,0.33333333333333326,1.0,0.6666666666666666,0.625,0.2
299,0.6666666666666667,0.25,0.2857142857142856,0.33333333333333326,1.0,0.9999999999999999,0.625,0.2
300,0.5555555555555556,0.33333333333333304,0.4285714285714286,0.33333333333333326,1.0,0.0,0.625,0.2
301,0.5555555555555556,0.33333333333333304,0.4285714285714286,0.33333333333333326,1.0,0.33333333333333337,0.625,0.2
302,0.5555555555555556,0.33333333333333304,0.4285714285714286,0.33333333333333326,1.0,0.6666666666666666,0.625,0.2
303,0.5555555555555556,0.33333333333333304,0.4285714285714286,0.33333333333333326,1.0,0.9999999999999999,0.625,0.2
304,0.47222222222222254,0.4166666666666665,0.5714285714285714,0.33333333333333326,1.0,0.0,0.625,0.2
305,0.47222222222222254,0.4166666666666665,0.5714285714285714,0.33333333333333326,1.0,0.33333333333333337,0.625,0.2
306,0.47222222222222254,0.4166666666666665,0.5714285714285714,0.33333333333333326,1.0,0.6666666666666666,0.625,0.2
307,0.47222222222222254,0.4166666666666665,0.5714285714285714,0.33333333333333326,1.0,0.9999999999999999,0.625,0.2
308,0.38888888888888906,0.5,0.9999999999999998,0.11111111111111116,1.0,0.0,0.625,0.2
309,0.38888888888888906,0.5,0.9999999999999998,0.11111111111111116,1.0,0.33333333333333337,0.625,0.2
310,0.38888888888888906,0.5,0.9999999999999998,0.11111111111111116,1.0,0.6666666666666666,0.625,0.2
311,0.38888888888888906,0.5,0.9999999999999998,0.11111111111111116,1.0,0.9999999999999999,0.625,0.2
312,0.33333333333333326,0.583333333333333,0.0,1.0,0.0,0.0,0.625,0.2
313,0.33333333333333326,0.583333333333333,0.0,1.0,0.0,0.33333333333333337,0.625,0.2
314,0.33333333333333326,0.583333333333333,0.0,1.0,0.0,0.6666666666666666,0.625,0.2
315,0.33333333333333326,0.583333333333333,0.0,1.0,0.0,0.9999999999999999,0.625,0.2
316,0.25,0.6666666666666665,0.1428571428571428,1.0,0.0,0.0,0.625,0.2
317,0.25,0.6666666666666665,0.1428571428571428,1.0,0.0,0.33333333333333337,0.625,0.2
318,0.25,0.6666666666666665,0.1428571428571428,1.0,0.0,0.6666666666666666,0.625,0.2
319,0.25,0.6666666666666665,0.1428571428571428,1.0,0.0,0.9999999999999999,0.625,0.2
320,0.19444444444444442,0.75,0.2857142857142856,1.0,0.0,0.0,0.625,0.2
321,0.19444444444444442,0.75,0.2857142857142856,1.0,0.0,0.33333333333333337,0.625,0.2
322,0.19444444444444442,0.75,0.2857142857142856,1.0,0.0,0.6666666666666666,0.625,0.2
323,0.19444444444444442,0.75,0.2857142857142856,1.0,0.0,0.9999999999999999,0.625,0.2
324,0.11111111111111116,0.833333333333333,0.4285714285714286,1.0,0.0,0.0,0.625,0.2
325,0.11111111111111116,0.833333333333333,0.4285714285714286,1.0,0.0,0.33333333333333337,0.625,0.2
326,0.11111111111111116,0.833333333333333,0.4285714285714286,1.0,0.0,0.6666666666666666,0.625,0.2
327,0.11111111111111116,0.833333333333333,0.4285714285714286,1.0,0.0,0.9999999999999999,0.625,0.2
328,0.05555555555555558,0.9166666666666665,0.5714285714285714,1.0,0.0,0.0,0.625,0.2
329,0.05555555555555558,0.9166666666666665,0.5714285714285714,1.0,0.0,0.33333333333333337,0.625,0.2
330,0.05555555555555558,0.9166666666666665,0.5714285714285714,1.0,0.0,0.6666666666666666,0.625,0.2
331,0.05555555555555558,0.9166666666666665,0.5714285714285714,1.0,0.0,0.9999999999999999,0.625,0.2
332,0.0,1.0,0.7142857142857142,1.0,0.0,0.0,0.625,0.2
333,0.0,1.0,0.7142857142857142,1.0,0.0,0.33333333333333337,0.625,0.2
334,0.0,1.0,0.7142857142857142,1.0,0.0,0.6666666666666666,0.625,0.2
335,0.0,1.0,0.7142857142857142,1.0,0.0,0.9999999999999999,0.625,0.2
336,0.9999999999999998,0.0,0.2857142857142856,0.0,1.0,0.0,0.625,0.4
337,0.9999999999999998,0.0,0.2857142857142856,0.0,1.0,0.33333333333333337,0.625,0.4
338,0.9999999999999998,0.0,0.2857142857142856,0.0,1.0,0.6666666666666666,0.625,0.4
339,0.9999999999999998,0.0,0.2857142857142856,0.0,1.0,0.9999999999999999,0.625,0.4
340,0.7777777777777779,0.16666666666666652,0.4285714285714286,0.11111111111111116,1.0,0.0,0.625,0.4
341,0.7777777777777779,0.16666666666666652,0.4285714285714286,0.11111111111111116,1.0,0.33333333333333337,0.625,0.4
342,0.7777777777777779,0.16666666666666652,0.4285714285714286,0.11111111111111116,1.0,0.6666666666666666,0.625,0.4
343,0.7777777777777779,0.16666666666666652,0.4285714285714286,0.11111111111111116,1.0,0.9999999999999999,0.625,0.4
344,0.6666666666666667,0.25,0.2857142857142856,0.33333333333333326,1.0,0.0,0.625,0.4
345,0.6666666666666667,0.25,0.2857142857142856,0.33333333333333326,1.0,0.33333333333333337,0.625,0.4
346,0.6666666666666667,0.25,0.2857142857142856,0.33333333333333326,1.0,0.6666666666666666,0.625,0.4
347,0.6666666666666667,0.25,0.2857142857142856,0.33333333333333326,1.0,0.9999999999999999,0.625,0.4
348,0.5555555555555556,0.33333333333333304,0.4285714285714286,0.33333333333333326,1.0,0.0,0.625,0.4
349,0.5555555555555556,0.33333333333333304,0.4285714285714286,0.33333333333333326,1.0,0.33333333333333337,0.625,0.4
350,0.5555555555555556,0.33333333333333304,0.4285714285714286,0.33333333333333326,1.0,0.6666666666666666,0.625,0.4
351,0.5555555555555556,0.33333333333333304,0.4285714285714286,0.33333333333333326,1.0,0.9999999999999999,0.625,0.4
352,0.47222222222222254,0.4166666666666665,0.5714285714285714,0.33333333333333326,1.0,0.0,0.625,0.4
353,0.47222222222222254,0.4166666666666665,0.5714285714285714,0.33333333333333326,1.0,0.33333333333333337,0.625,0.4
354,0.47222222222222254,0.4166666666666665,0.5714285714285714,0.33333333333333326,1.0,0.6666666666666666,0.625,0.4
355,0.47222222222222254,0.4166666666666665,0.5714285714285714,0.33333333333333326,1.0,0.9999999999999999,0.625,0.4
356,0.38888888888888906,0.5,0.9999999999999998,0.11111111111111116,1.0,0.0,0.625,0.4
357,0.38888888888888906,0.5,0.9999999999999998,0.11111111111111116,1.0,0.33333333333333337,0.625,0.4
358,0.38888888888888906,0.5,0.9999999999999998,0.11111111111111116,1.0,0.6666666666666666,0.625,0.4
359,0.38888888888888906,0.5,0.9999999999999998,0.11111111111111116,1.0,0.9999999999999999,0.625,0.4
360,0.33333333333333326,0.583333333333333,0.0,1.0,0.0,0.0,0.625,0.4
361,0.33333333333333326,0.583333333333333,0.0,1.0,0.0,0.33333333333333337,0.625,0.4
362,0.33333333333333326,0.583333333333333,0.0,1.0,0.0,0.6666666666666666,0.625,0.4
363,0.33333333333333326,0.583333333333333,0.0,1.0,0.0,0.9999999999999999,0.625,0.4
364,0.25,0.6666666666666665,0.1428571428571428,1.0,0.0,0.0,0.625,0.4
365,0.25,0.6666666666666665,0.1428571428571428,1.0,0.0,0.33333333333333337,0.625,0.4
366,0.25,0.6666666666666665,0.1428571428571428,1.0,0.0,0.6666666666666666,0.625,0.4
367,0.25,0.6666666666666665,0.1428571428571428,1.0,0.0,0.9999999999999999,0.625,0.4
368,0.19444444444444442,0.75,0.2857142857142856,1.0,0.0,0.0,0.625,0.4
369,0.19444444444444442,0.75,0.2857142857142856,1.0,0.0,0.33333333333333337,0.625,0.4
370,0.19444444444444442,0.75,0.2857142857142856,1.0,0.0,0.6666666666666666,0.625,0.4
371,0.19444444444444442,0.75,0.2857142857142856,1.0,0.0,0.9999999999999999,0.625,0.4
372,0.11111111111111116,0.833333333333333,0.4285714285714286,1.0,0.0,0.0,0.625,0.4
373,0.11111111111111116,0.833333333333333,0.4285714285714286,1.0,0.0,0.33333333333333337,0.625,0.4
374,0.11111111111111116,0.833333333333333,0.4285714285714286,1.0,0.0,0.6666666666666666,0.625,0.4
375,0.11111111111111116,0.833333333333333,0.4285714285714286,1.0,0.0,0.9999999999999999,0.625,0.4
376,0.05555555555555558,0.9166666666666665,0.5714285714285714,1.0,0.0,0.0,0.625,0.4
377,0.05555555555555558,0.9166666666666665,0.5714285714285714,1.0,0.0,0.33333333333333337,0.625,0.4
378,0.05555555555555558,0.9166666666666665,0.5714285714285714,1.0,0.0,0.6666666666666666,0.625,0.4
379,0.05555555555555558,0.9166666666666665,0.5714285714285714,1.0,0.0,0.9999999999999999,0.625,0.4
380,0.0,1.0,0.7142857142857142,1.0,0.0,0.0,0.625,0.4
381,0.0,1.0,0.7142857142857142,1.0,0.0,0.33333333333333337,0.625,0.4
382,0.0,1.0,0.7142857142857142,1.0,0.0,0.6666666666666666,0.625,0.4
383,0.0,1.0,0.7142857142857142,1.0,0.0,0.9999999999999999,0.625,0.4
384,0.9999999999999998,0.0,0.2857142857142856,0.0,1.0,0.0,0.625,0.6000000000000001
385,0.9999999999999998,0.0,0.2857142857142856,0.0,1.0,0.33333333333333337,0.625,0.6000000000000001
386,0.9999999999999998,0.0,0.2857142857142856,0.0,1.0,0.6666666666666666,0.625,0.6000000000000001
387,0.9999999999999998,0.0,0.2857142857142856,0.0,1.0,0.9999999999999999,0.625,0.6000000000000001
388,0.7777777777777779,0.16666666666666652,0.4285714285714286,0.11111111111111116,1.0,0.0,0.625,0.6000000000000001
389,0.7777777777777779,0.16666666666666652,0.4285714285714286,0.11111111111111116,1.0,0.33333333333333337,0.625,0.6000000000000001
390,0.7777777777777779,0.16666666666666652,0.4285714285714286,0.11111111111111116,1.0,0.6666666666666666,0.625,0.6000000000000001
391,0.7777777777777779,0.16666666666666652,0.4285714285714286,0.11111111111111116,1.0,0.9999999999999999,0.625,0.6000000000000001
392,0.6666666666666667,0.25,0.2857142857142856,0.33333333333333326,1.0,0.0,0.625,0.6000000000000001
393,0.6666666666666667,0.25,0.2857142857142856,0.33333333333333326,1.0,0.33333333333333337,0.625,0.6000000000000001
394,0.6666666666666667,0.25,0.2857142857142856,0.33333333333333326,1.0,0.6666666666666666,0.625,0.6000000000000001
395,0.6666666666666667,0.25,0.2857142857142856,0.33333333333333326,1.0,0.9999999999999999,0.625,0.6000000000000001
396,0.5555555555555556,0.33333333333333304,0.4285714285714286,0.33333333333333326,1.0,0.0,0.625,0.6000000000000001
397,0.5555555555555556,0.33333333333333304,0.4285714285714286,0.33333333333333326,1.0,0.33333333333333337,0.625,0.6000000000000001
398,0.5555555555555556,0.33333333333333304,0.4285714285714286,0.33333333333333326,1.0,0.6666666666666666,0.625,0.6000000000000001
399,0.5555555555555556,0.33333333333333304,0.4285714285714286,0.33333333333333326,1.0,0.9999999999999999,0.625,0.6000000000000001
400,0.47222222222222254,0.4166666666666665,0.5714285714285714,0.33333333333333326,1.0,0.0,0.625,0.6000000000000001
401,0.47222222222222254,0.4166666666666665,0.5714285714285714,0.33333333333333326,1.0,0.33333333333333337,0.625,0.6000000000000001
402,0.47222222222222254,0.4166666666666665,0.5714285714285714,0.33333333333333326,1.0,0.6666666666666666,0.625,0.6000000000000001
403,0.47222222222222254,0.4166666666666665,0.5714285714285714,0.33333333333333326,1.0,0.9999999999999999,0.625,0.6000000000000001
404,0.38888888888888906,0.5,0.9999999999999998,0.11111111111111116,1.0,0.0,0.625,0.6000000000000001
405,0.38888888888888906,0.5,0.9999999999999998,0.11111111111111116,1.0,0.33333333333333337,0.625,0.6000000000000001
406,0.38888888888888906,0.5,0.9999999999999998,0.11111111111111116,1.0,0.6666666666666666,0.625,0.6000000000000001
407,0.38888888888888906,0.5,0.9999999999999998,0.11111111111111116,1.0,0.9999999999999999,0.625,0.6000000000000001
408,0.33333333333333326,0.583333333333333,0.0,1.0,0.0,0.0,0.625,0.6000000000000001
409,0.33333333333333326,0.583333333333333,0.0,1.0,0.0,0.33333333333333337,0.625,0.6000000000000001
410,0.33333333333333326,0.583333333333333,0.0,1.0,0.0,0.6666666666666666,0.625,0.6000000000000001
411,0.33333333333333326,0.583333333333333,0.0,1.0,0.0,0.9999999999999999,0.625,0.6000000000000001
412,0.25,0.6666666666666665,0.1428571428571428,1.0,0.0,0.0,0.625,0.6000000000000001
413,0.25,0.6666666666666665,0.1428571428571428,1.0,0.0,0.33333333333333337,0.625,0.6000000000000001
414,0.25,0.6666666666666665,0.1428571428571428,1.0,0.0,0.6666666666666666,0.625,0.6000000000000001
415,0.25,0.6666666666666665,0.1428571428571428,1.0,0.0,0.9999999999999999,0.625,0.6000000000000001
416,0.19444444444444442,0.75,0.2857142857142856,1.0,0.0,0.0,0.625,0.6000000000000001
417,0.19444444444444442,0.75,0.2857142857142856,1.0,0.0,0.33333333333333337,0.625,0.6000000000000001
418,0.19444444444444442,0.75,0.2857142857142856,1.0,0.0,0.6666666666666666,0.625,0.6000000000000001
419,0.19444444444444442,0.75,0.2857142857142856,1.0,0.0,0.9999999999999999,0.625,0.6000000000000001
420,0.11111111111111116,0.833333333333333,0.4285714285714286,1.0,0.0,0.0,0.625,0.6000000000000001
421,0.11111111111111116,0.833333333333333,0.4285714285714286,1.0,0.0,0.33333333333333337,0.625,0.6000000000000001
422,0.11111111111111116,0.833333333333333,0.4285714285714286,1.0,0.0,0.6666666666666666,0.625,0.6000000000000001
423,0.11111111111111116,0.833333333333333,0.4285714285714286,1.0,0.0,0.9999999999999999,0.625,0.6000000000000001
424,0.05555555555555558,0.9166666666666665,0.5714285714285714,1.0,0.0,0.0,0.625,0.6000000000000001
425,0.05555555555555558,0.9166666666666665,0.5714285714285714,1.0,0.0,0.33333333333333337,0.625,0.6000000000000001
426,0.05555555555555558,0.9166666666666665,0.5714285714285714,1.0,0.0,0.6666666666666666,0.625,0.6000000000000001
427,0.05555555555555558,0.9166666666666665,0.5714285714285714,1.0,0.0,0.9999999999999999,0.625,0.6000000000000001
428,0.0,1.0,0.7142857142857142,1.0,0.0,0.0,0.625,0.6000000000000001
429,0.0,1.0,0.7142857142857142,1.0,0.0,0.33333333333333337,0.625,0.6000000000000001
430,0.0,1.0,0.7142857142857142,1.0,0.0,0.6666666666666666,0.625,0.6000000000000001
431,0.0,1.0,0.7142857142857142,1.0,0.0,0.9999999999999999,0.625,0.6000000000000001
432,0.9999999999999998,0.0,0.2857142857142856,0.0,1.0,0.0,0.625,0.8
433,0.9999999999999998,0.0,0.2857142857142856,0.0,1.0,0.33333333333333337,0.625,0.8
434,0.9999999999999998,0.0,0.2857142857142856,0.0,1.0,0.6666666666666666,0.625,0.8
435,0.9999999999999998,0.0,0.2857142857142856,0.0,1.0,0.9999999999999999,0.625,0.8
436,0.7777777777777779,0.16666666666666652,0.4285714285714286,0.11111111111111116,1.0,0.0,0.625,0.8
437,0.7777777777777779,0.16666666666666652,0.4285714285714286,0.11111111111111116,1.0,0.33333333333333337,0.625,0.8
438,0.7777777777777779,0.16666666666666652,0.4285714285714286,0.11111111111111116,1.0,0.6666666666666666,0.625,0.8
439,0.7777777777777779,0.16666666666666652,0.4285714285714286,0.11111111111111116,1.0,0.9999999999999999,0.625,0.8
440,0.6666666666666667,0.25,0.2857142857142856,0.33333333333333326,1.0,0.0,0.625,0.8
441,0.6666666666666667,0.25,0.2857142857142856,0.33333333333333326,1.0,0.33333333333333337,0.625,0.8
442,0.6666666666666667,0.25,0.2857142857142856,0.33333333333333326,1.0,0.6666666666666666,0.625,0.8
443,0.6666666666666667,0.25,0.2857142857142856,0.33333333333333326,1.0,0.9999999999999999,0.625,0.8
444,0.5555555555555556,0.33333333333333304,0.4285714285714286,0.33333333333333326,1.0,0.0,0.625,0.8
445,0.5555555555555556,0.33333333333333304,0.4285714285714286,0.33333333333333326,1.0,0.33333333333333337,0.625,0.8
446,0.5555555555555556,0.33333333333333304,0.4285714285714286,0.33333333333333326,1.0,0.6666666666666666,0.625,0.8
447,0.5555555555555556,0.33333333333333304,0.4285714285714286,0.33333333333333326,1.0,0.9999999999999999,0.625,0.8
448,0.47222222222222254,0.4166666666666665,0.5714285714285714,0.33333333333333326,1.0,0.0,0.625,0.8
449,0.47222222222222254,0.4166666666666665,0.5714285714285714,0.33333333333333326,1.0,0.33333333333333337,0.625,0.8
450,0.47222222222222254,0.4166666666666665,0.5714285714285714,0.33333333333333326,1.0,0.6666666666666666,0.625,0.8
451,0.47222222222222254,0.4166666666666665,0.5714285714285714,0.33333333333333326,1.0,0.9999999999999999,0.625,0.8
452,0.38888888888888906,0.5,0.9999999999999998,0.11111111111111116,1.0,0.0,0.625,0.8
453,0.38888888888888906,0.5,0.9999999999999998,0.11111111111111116,1.0,0.33333333333333337,0.625,0.8
454,0.38888888888888906,0.5,0.9999999999999998,0.11111111111111116,1.0,0.6666666666666666,0.625,0.8
455,0.38888888888888906,0.5,0.9999999999999998,0.11111111111111116,1.0,0.9999999999999999,0.625,0.8
456,0.33333333333333326,0.583333333333333,0.0,1.0,0.0,0.0,0.625,0.8
457,0.33333333333333326,0.583333333333333,0.0,1.0,0.0,0.33333333333333337,0.625,0.8
458,0.33333333333333326,0.583333333333333,0.0,1.0,0.0,0.6666666666666666,0.625,0.8
459,0.33333333333333326,0.583333333333333,0.0,1.0,0.0,0.9999999999999999,0.625,0.8
460,0.25,0.6666666666666665,0.1428571428571428,1.0,0.0,0.0,0.625,0.8
461,0.25,0.6666666666666665,0.1428571428571428,1.0,0.0,0.33333333333333337,0.625,0.8
462,0.25,0.6666666666666665,0.1428571428571428,1.0,0.0,0.6666666666666666,0.625,0.8
463,0.25,0.6666666666666665,0.1428571428571428,1.0,0.0,0.9999999999999999,0.625,0.8
464,0.19444444444444442,0.75,0.2857142857142856,1.0,0.0,0.0,0.625,0.8
465,0.19444444444444442,0.75,0.2857142857142856,1.0,0.0,0.33333333333333337,0.625,0.8
466,0.19444444444444442,0.75,0.2857142857142856,1.0,0.0,0.6666666666666666,0.625,0.8
467,0.19444444444444442,0.75,0.2857142857142856,1.0,0.0,0.9999999999999999,0.625,0.8
468,0.11111111111111116,0.833333333333333,0.4285714285714286,1.0,0.0,0.0,0.625,0.8
469,0.11111111111111116,0.833333333333333,0.4285714285714286,1.0,0.0,0.33333333333333337,0.625,0.8
470,0.11111111111111116,0.833333333333333,0.4285714285714286,1.0,0.0,0.6666666666666666,0.625,0.8
471,0.11111111111111116,0.833333333333333,0.4285714285714286,1.0,0.0,0.9999999999999999,0.625,0.8
472,0.05555555555555558,0.9166666666666665,0.5714285714285714,1.0,0.0,0.0,0.625,0.8
473,0.05555555555555558,0.9166666666666665,0.5714285714285714,1.0,0.0,0.33333333333333337,0.625,0.8
474,0.05555555555555558,0.9166666666666665,0.5714285714285714,1.0,0.0,0.6666666666666666,0.625,0.8
475,0.05555555555555558,0.9166666666666665,0.5714285714285714,1.0,0.0,0.9999999999999999,0.625,0.8
476,0.0,1.0,0.7142857142857142,1.0,0.0,0.0,0.625,0.8
477,0.0,1.0,0.7142857142857142,1.0,0.0,0.33333333333333337,0.625,0.8
478,0.0,1.0,0.7142857142857142,1.0,0.0,0.6666666666666666,0.625,0.8
479,0.0,1.0,0.7142857142857142,1.0,0.0,0.9999999999999999,0.625,0.8
480,0.9999999999999998,0.0,0.2857142857142856,0.0,1.0,0.0,0.625,1.0
481,0.9999999999999998,0.0,0.2857142857142856,0.0,1.0,0.33333333333333337,0.625,1.0
482,0.9999999999999998,0.0,0.2857142857142856,0.0,1.0,0.6666666666666666,0.625,1.0
483,0.9999999999999998,0.0,0.2857142857142856,0.0,1.0,0.9999999999999999,0.625,1.0
484,0.7777777777777779,0.16666666666666652,0.4285714285714286,0.11111111111111116,1.0,0.0,0.625,1.0
485,0.7777777777777779,0.16666666666666652,0.4285714285714286,0.11111111111111116,1.0,0.33333333333333337,0.625,1.0
486,0.7777777777777779,0.16666666666666652,0.4285714285714286,0.11111111111111116,1.0,0.6666666666666666,0.625,1.0
487,0.7777777777777779,0.16666666666666652,0.4285714285714286,0.11111111111111116,1.0,0.9999999999999999,0.625,1.0
488,0.6666666666666667,0.25,0.2857142857142856,0.33333333333333326,1.0,0.0,0.625,1.0
489,0.6666666666666667,0.25,0.2857142857142856,0.33333333333333326,1.0,0.33333333333333337,0.625,1.0
490,0.6666666666666667,0.25,0.2857142857142856,0.33333333333333326,1.0,0.6666666666666666,0.625,1.0
491,0.6666666666666667,0.25,0.2857142857142856,0.33333333333333326,1.0,0.9999999999999999,0.625,1.0
492,0.5555555555555556,0.33333333333333304,0.4285714285714286,0.33333333333333326,1.0,0.0,0.625,1.0
493,0.5555555555555556,0.33333333333333304,0.4285714285714286,0.33333333333333326,1.0,0.33333333333333337,0.625,1.0
494,0.5555555555555556,0.33333333333333304,0.4285714285714286,0.33333333333333326,1.0,0.6666666666666666,0.625,1.0
495,0.5555555555555556,0.33333333333333304,0.4285714285714286,0.33333333333333326,1.0,0.9999999999999999,0.625,1.0
496,0.47222222222222254,0.4166666666666665,0.5714285714285714,0.33333333333333326,1.0,0.0,0.625,1.0
497,0.47222222222222254,0.4166666666666665,0.5714285714285714,0.33333333333333326,1.0,0.33333333333333337,0.625,1.0
498,0.47222222222222254,0.4166666666666665,0.5714285714285714,0.33333333333333326,1.0,0.6666666666666666,0.625,1.0
499,0.47222222222222254,0.4166666666666665,0.5714285714285714,0.33333333333333326,1.0,0.9999999999999999,0.625,1.0
500,0.38888888888888906,0.5,0.9999999999999998,0.11111111111111116,1.0,0.0,0.625,1.0
501,0.38888888888888906,0.5,0.9999999999999998,0.11111111111111116,1.0,0.33333333333333337,0.625,1.0
502,0.38888888888888906,0.5,0.9999999999999998,0.11111111111111116,1.0,0.6666666666666666,0.625,1.0
503,0.38888888888888906,0.5,0.9999999999999998,0.11111111111111116,1.0,0.9999999999999999,0.625,1.0
504,0.33333333333333326,0.583333333333333,0.0,1.0,0.0,0.0,0.625,1.0
505,0.33333333333333326,0.583333333333333,0.0,1.0,0.0,0.33333333333333337,0.625,1.0
506,0.33333333333333326,0.583333333333333,0.0,1.0,0.0,0.6666666666666666,0.625,1.0
507,0.33333333333333326,0.583333333333333,0.0,1.0,0.0,0.9999999999999999,0.625,1.0
508,0.25,0.6666666666666665,0.1428571428571428,1.0,0.0,0.0,0.625,1.0
509,0.25,0.6666666666666665,0.1428571428571428,1.0,0.0,0.33333333333333337,0.625,1.0
510,0.25,0.6666666666666665,0.1428571428571428,1.0,0.0,0.6666666666666666,0.625,1.0
511,0.25,0.6666666666666665,0.1428571428571428,1.0,0.0,0.9999999999999999,0.625,1.0
512,0.19444444444444442,0.75,0.2857142857142856,1.0,0.0,0.0,0.625,1.0
513,0.19444444444444442,0.75,0.2857142857142856,1.0,0.0,0.33333333333333337,0.625,1.0
514,0.19444444444444442,0.75,0.2857142857142856,1.0,0.0,0.6666666666666666,0.625,1.0
515,0.19444444444444442,0.75,0.2857142857142856,1.0,0.0,0.9999999999999999,0.625,1.0
516,0.11111111111111116,0.833333333333333,0.4285714285714286,1.0,0.0,0.0,0.625,1.0
517,0.11111111111111116,0.833333333333333,0.4285714285714286,1.0,0.0,0.33333333333333337,0.625,1.0
518,0.11111111111111116,0.833333333333333,0.4285714285714286,1.0,0.0,0.6666666666666666,0.625,1.0
519,0.11111111111111116,0.833333333333333,0.4285714285714286,1.0,0.0,0.9999999999999999,0.625,1.0
520,0.05555555555555558,0.9166666666666665,0.5714285714285714,1.0,0.0,0.0,0.625,1.0
521,0.05555555555555558,0.9166666666666665,0.5714285714285714,1.0,0.0,0.33333333333333337,0.625,1.0
522,0.05555555555555558,0.9166666666666665,0.5714285714285714,1.0,0.0,0.6666666666666666,0.625,1.0
523,0.05555555555555558,0.9166666666666665,0.5714285714285714,1.0,0.0,0.9999999999999999,0.625,1.0
524,0.0,1.0,0.7142857142857142,1.0,0.0,0.0,0.625,1.0
525,0.0,1.0,0.7142857142857142,1.0,0.0,0.33333333333333337,0.625,1.0
526,0.0,1.0,0.7142857142857142,1.0,0.0,0.6666666666666666,0.625,1.0
527,0.0,1.0,0.7142857142857142,1.0,0.0,0.9999999999999999,0.625,1.0
528,0.9999999999999998,0.0,0.2857142857142856,0.0,1.0,0.0,1.0,0.2
529,0.9999999999999998,0.0,0.2857142857142856,0.0,1.0,0.33333333333333337,1.0,0.2
530,0.9999999999999998,0.0,0.2857142857142856,0.0,1.0,0.6666666666666666,1.0,0.2
531,0.9999999999999998,0.0,0.2857142857142856,0.0,1.0,0.9999999999999999,1.0,0.2
532,0.7777777777777779,0.16666666666666652,0.4285714285714286,0.11111111111111116,1.0,0.0,1.0,0.2
533,0.7777777777777779,0.16666666666666652,0.4285714285714286,0.11111111111111116,1.0,0.33333333333333337,1.0,0.2
534,0.7777777777777779,0.16666666666666652,0.4285714285714286,0.11111111111111116,1.0,0.6666666666666666,1.0,0.2
535,0.7777777777777779,0.16666666666666652,0.4285714285714286,0.11111111111111116,1.0,0.9999999999999999,1.0,0.2
536,0.6666666666666667,0.25,0.2857142857142856,0.33333333333333326,1.0,0.0,1.0,0.2
537,0.6666666666666667,0.25,0.2857142857142856,0.33333333333333326,1.0,0.33333333333333337,1.0,0.2
538,0.6666666666666667,0.25,0.2857142857142856,0.33333333333333326,1.0,0.6666666666666666,1.0,0.2
539,0.6666666666666667,0.25,0.2857142857142856,0.33333333333333326,1.0,0.9999999999999999,1.0,0.2
540,0.5555555555555556,0.33333333333333304,0.4285714285714286,0.33333333333333326,1.0,0.0,1.0,0.2
541,0.5555555555555556,0.33333333333333304,0.4285714285714286,0.33333333333333326,1.0,0.33333333333333337,1.0,0.2
542,0.5555555555555556,0.33333333333333304,0.4285714285714286,0.33333333333333326,1.0,0.6666666666666666,1.0,0.2
543,0.5555555555555556,0.33333333333333304,0.4285714285714286,0.33333333333333326,1.0,0.9999999999999999,1.0,0.2
544,0.47222222222222254,0.4166666666666665,0.5714285714285714,0.33333333333333326,1.0,0.0,1.0,0.2
545,0.47222222222222254,0.4166666666666665,0.5714285714285714,0.33333333333333326,1.0,0.33333333333333337,1.0,0.2
546,0.47222222222222254,0.4166666666666665,0.5714285714285714,0.33333333333333326,1.0,0.6666666666666666,1.0,0.2
547,0.47222222222222254,0.4166666666666665,0.5714285714285714,0.33333333333333326,1.0,0.9999999999999999,1.0,0.2
548,0.38888888888888906,0.5,0.9999999999999998,0.11111111111111116,1.0,0.0,1.0,0.2
549,0.38888888888888906,0.5,0.9999999999999998,0.11111111111111116,1.0,0.33333333333333337,1.0,0.2
550,0.38888888888888906,0.5,0.9999999999999998,0.11111111111111116,1.0,0.6666666666666666,1.0,0.2
551,0.38888888888888906,0.5,0.9999999999999998,0.11111111111111116,1.0,0.9999999999999999,1.0,0.2
552,0.33333333333333326,0.583333333333333,0.0,1.0,0.0,0.0,1.0,0.2
553,0.33333333333333326,0.583333333333333,0.0,1.0,0.0,0.33333333333333337,1.0,0.2
554,0.33333333333333326,0.583333333333333,0.0,1.0,0.0,0.6666666666666666,1.0,0.2
555,0.33333333333333326,0.583333333333333,0.0,1.0,0.0,0.9999999999999999,1.0,0.2
556,0.25,0.6666666666666665,0.1428571428571428,1.0,0.0,0.0,1.0,0.2
557,0.25,0.6666666666666665,0.1428571428571428,1.0,0.0,0.33333333333333337,1.0,0.2
558,0.25,0.6666666666666665,0.1428571428571428,1.0,0.0,0.6666666666666666,1.0,0.2
559,0.25,0.6666666666666665,0.1428571428571428,1.0,0.0,0.9999999999999999,1.0,0.2
560,0.19444444444444442,0.75,0.2857142857142856,1.0,0.0,0.0,1.0,0.2
561,0.19444444444444442,0.75,0.2857142857142856,1.0,0.0,0.33333333333333337,1.0,0.2
562,0.19444444444444442,0.75,0.2857142857142856,1.0,0.0,0.6666666666666666,1.0,0.2
563,0.19444444444444442,0.75,0.2857142857142856,1.0,0.0,0.9999999999999999,1.0,0.2
564,0.11111111111111116,0.833333333333333,0.4285714285714286,1.0,0.0,0.0,1.0,0.2
565,0.11111111111111116,0.833333333333333,0.4285714285714286,1.0,0.0,0.33333333333333337,1.0,0.2
566,0.11111111111111116,0.833333333333333,0.4285714285714286,1.0,0.0,0.6666666666666666,1.0,0.2
567,0.11111111111111116,0.833333333333333,0.4285714285714286,1.0,0.0,0.9999999999999999,1.0,0.2
568,0.05555555555555558,0.9166666666666665,0.5714285714285714,1.0,0.0,0.0,1.0,0.2
569,0.05555555555555558,0.9166666666666665,0.5714285714285714,1.0,0.0,0.33333333333333337,1.0,0.2
570,0.05555555555555558,0.9166666666666665,0.5714285714285714,1.0,0.0,0.6666666666666666,1.0,0.2
571,0.05555555555555558,0.9166666666666665,0.5714285714285714,1.0,0.0,0.9999999999999999,1.0,0.2
572,0.0,1.0,0.7142857142857142,1.0,0.0,0.0,1.0,0.2
573,0.0,1.0,0.7142857142857142,1.0,0.0,0.33333333333333337,1.0,0.2
574,0.0,1.0,0.7142857142857142,1.0,0.0,0.6666666666666666,1.0,0.2
575,0.0,1.0,0.7142857142857142,1.0,0.0,0.9999999999999999,1.0,0.2
576,0.9999999999999998,0.0,0.2857142857142856,0.0,1.0,0.0,1.0,0.4
577,0.9999999999999998,0.0,0.2857142857142856,0.0,1.0,0.33333333333333337,1.0,0.4
578,0.9999999999999998,0.0,0.2857142857142856,0.0,1.0,0.6666666666666666,1.0,0.4
579,0.9999999999999998,0.0,0.2857142857142856,0.0,1.0,0.9999999999999999,1.0,0.4
580,0.7777777777777779,0.16666666666666652,0.4285714285714286,0.11111111111111116,1.0,0.0,1.0,0.4
581,0.7777777777777779,0.16666666666666652,0.4285714285714286,0.11111111111111116,1.0,0.33333333333333337,1.0,0.4
582,0.7777777777777779,0.16666666666666652,0.4285714285714286,0.11111111111111116,1.0,0.6666666666666666,1.0,0.4
583,0.7777777777777779,0.16666666666666652,0.4285714285714286,0.11111111111111116,1.0,0.9999999999999999,1.0,0.4
584,0.6666666666666667,0.25,0.2857142857142856,0.33333333333333326,1.0,0.0,1.0,0.4
585,0.6666666666666667,0.25,0.2857142857142856,0.33333333333333326,1.0,0.33333333333333337,1.0,0.4
586,0.6666666666666667,0.25,0.2857142857142856,0.33333333333333326,1.0,0.6666666666666666,1.0,0.4
587,0.6666666666666667,0.25,0.2857142857142856,0.33333333333333326,1.0,0.9999999999999999,1.0,0.4
588,0.5555555555555556,0.33333333333333304,0.4285714285714286,0.33333333333333326,1.0,0.0,1.0,0.4
589,0.5555555555555556,0.33333333333333304,0.4285714285714286,0.33333333333333326,1.0,0.33333333333333337,1.0,0.4
590,0.5555555555555556,0.33333333333333304,0.4285714285714286,0.33333333333333326,1.0,0.6666666666666666,1.0,0.4
591,0.5555555555555556,0.33333333333333304,0.4285714285714286,0.33333333333333326,1.0,0.9999999999999999,1.0,0.4
592,0.47222222222222254,0.4166666666666665,0.5714285714285714,0.33333333333333326,1.0,0.0,1.0,0.4
593,0.47222222222222254,0.4166666666666665,0.5714285714285714,0.33333333333333326,1.0,0.33333333333333337,1.0,0.4
594,0.47222222222222254,0.4166666666666665,0.5714285714285714,0.33333333333333326,1.0,0.6666666666666666,1.0,0.4
595,0.47222222222222254,0.4166666666666665,0.5714285714285714,0.33333333333333326,1.0,0.9999999999999999,1.0,0.4
596,0.38888888888888906,0.5,0.9999999999999998,0.11111111111111116,1.0,0.0,1.0,0.4
597,0.38888888888888906,0.5,0.9999999999999998,0.11111111111111116,1.0,0.33333333333333337,1.0,0.4
598,0.38888888888888906,0.5,0.9999999999999998,0.11111111111111116,1.0,0.6666666666666666,1.0,0.4
599,0.38888888888888906,0.5,0.9999999999999998,0.11111111111111116,1.0,0.9999999999999999,1.0,0.4
600,0.33333333333333326,0.583333333333333,0.0,1.0,0.0,0.0,1.0,0.4
601,0.33333333333333326,0.583333333333333,0.0,1.0,0.0,0.33333333333333337,1.0,0.4
602,0.33333333333333326,0.583333333333333,0.0,1.0,0.0,0.6666666666666666,1.0,0.4
603,0.33333333333333326,0.583333333333333,0.0,1.0,0.0,0.9999999999999999,1.0,0.4
604,0.25,0.6666666666666665,0.1428571428571428,1.0,0.0,0.0,1.0,0.4
605,0.25,0.6666666666666665,0.1428571428571428,1.0,0.0,0.33333333333333337,1.0,0.4
606,0.25,0.6666666666666665,0.1428571428571428,1.0,0.0,0.6666666666666666,1.0,0.4
607,0.25,0.6666666666666665,0.1428571428571428,1.0,0.0,0.9999999999999999,1.0,0.4
608,0.19444444444444442,0.75,0.2857142857142856,1.0,0.0,0.0,1.0,0.4
609,0.19444444444444442,0.75,0.2857142857142856,1.0,0.0,0.33333333333333337,1.0,0.4
610,0.19444444444444442,0.75,0.2857142857142856,1.0,0.0,0.6666666666666666,1.0,0.4
611,0.19444444444444442,0.75,0.2857142857142856,1.0,0.0,0.9999999999999999,1.0,0.4
612,0.11111111111111116,0.833333333333333,0.4285714285714286,1.0,0.0,0.0,1.0,0.4
613,0.11111111111111116,0.833333333333333,0.4285714285714286,1.0,0.0,0.33333333333333337,1.0,0.4
614,0.11111111111111116,0.833333333333333,0.4285714285714286,1.0,0.0,0.6666666666666666,1.0,0.4
615,0.11111111111111116,0.833333333333333,0.4285714285714286,1.0,0.0,0.9999999999999999,1.0,0.4
616,0.05555555555555558,0.9166666666666665,0.5714285714285714,1.0,0.0,0.0,1.0,0.4
617,0.05555555555555558,0.9166666666666665,0.5714285714285714,1.0,0.0,0.33333333333333337,1.0,0.4
618,0.05555555555555558,0.9166666666666665,0.5714285714285714,1.0,0.0,0.6666666666666666,1.0,0.4
619,0.05555555555555558,0.9166666666666665,0.5714285714285714,1.0,0.0,0.9999999999999999,1.0,0.4
620,0.0,1.0,0.7142857142857142,1.0,0.0,0.0,1.0,0.4
621,0.0,1.0,0.7142857142857142,1.0,0.0,0.33333333333333337,1.0,0.4
622,0.0,1.0,0.7142857142857142,1.0,0.0,0.6666666666666666,1.0,0.4
623,0.0,1.0,0.7142857142857142,1.0,0.0,0.9999999999999999,1.0,0.4
624,0.9999999999999998,0.0,0.2857142857142856,0.0,1.0,0.0,1.0,0.6000000000000001
625,0.9999999999999998,0.0,0.2857142857142856,0.0,1.0,0.33333333333333337,1.0,0.6000000000000001
626,0.9999999999999998,0.0,0.2857142857142856,0.0,1.0,0.6666666666666666,1.0,0.6000000000000001
627,0.9999999999999998,0.0,0.2857142857142856,0.0,1.0,0.9999999999999999,1.0,0.6000000000000001
628,0.7777777777777779,0.16666666666666652,0.4285714285714286,0.11111111111111116,1.0,0.0,1.0,0.6000000000000001
629,0.7777777777777779,0.16666666666666652,0.4285714285714286,0.11111111111111116,1.0,0.33333333333333337,1.0,0.6000000000000001
630,0.7777777777777779,0.16666666666666652,0.4285714285714286,0.11111111111111116,1.0,0.6666666666666666,1.0,0.6000000000000001
631,0.7777777777777779,0.16666666666666652,0.4285714285714286,0.11111111111111116,1.0,0.9999999999999999,1.0,0.6000000000000001
632,0.6666666666666667,0.25,0.2857142857142856,0.33333333333333326,1.0,0.0,1.0,0.6000000000000001
633,0.6666666666666667,0.25,0.2857142857142856,0.33333333333333326,1.0,0.33333333333333337,1.0,0.6000000000000001
634,0.6666666666666667,0.25,0.2857142857142856,0.33333333333333326,1.0,0.6666666666666666,1.0,0.6000000000000001
635,0.6666666666666667,0.25,0.2857142857142856,0.33333333333333326,1.0,0.9999999999999999,1.0,0.6000000000000001
636,0.5555555555555556,0.33333333333333304,0.4285714285714286,0.33333333333333326,1.0,0.0,1.0,0.6000000000000001
637,0.5555555555555556,0.33333333333333304,0.4285714285714286,0.33333333333333326,1.0,0.33333333333333337,1.0,0.6000000000000001
638,0.5555555555555556,0.33333333333333304,0.4285714285714286,0.33333333333333326,1.0,0.6666666666666666,1.0,0.6000000000000001
639,0.5555555555555556,0.33333333333333304,0.4285714285714286,0.33333333333333326,1.0,0.9999999999999999,1.0,0.6000000000000001
640,0.47222222222222254,0.4166666666666665,0.5714285714285714,0.33333333333333326,1.0,0.0,1.0,0.6000000000000001
641,0.47222222222222254,0.4166666666666665,0.5714285714285714,0.33333333333333326,1.0,0.33333333333333337,1.0,0.6000000000000001
642,0.47222222222222254,0.4166666666666665,0.5714285714285714,0.33333333333333326,1.0,0.6666666666666666,1.0,0.6000000000000001
643,0.47222222222222254,0.4166666666666665,0.5714285714285714,0.33333333333333326,1.0,0.9999999999999999,1.0,0.6000000000000001
644,0.38888888888888906,0.5,0.9999999999999998,0.11111111111111116,1.0,0.0,1.0,0.6000000000000001
645,0.38888888888888906,0.5,0.9999999999999998,0.11111111111111116,1.0,0.33333333333333337,1.0,0.6000000000000001
646,0.38888888888888906,0.5,0.9999999999999998,0.11111111111111116,1.0,0.6666666666666666,1.0,0.6000000000000001
647,0.38888888888888906,0.5,0.9999999999999998,0.11111111111111116,1.0,0.9999999999999999,1.0,0.6000000000000001
648,0.33333333333333326,0.583333333333333,0.0,1.0,0.0,0.0,1.0,0.6000000000000001
649,0.33333333333333326,0.583333333333333,0.0,1.0,0.0,0.33333333333333337,1.0,0.6000000000000001
650,0.33333333333333326,0.583333333333333,0.0,1.0,0.0,0.6666666666666666,1.0,0.6000000000000001
651,0.33333333333333326,0.583333333333333,0.0,1.0,0.0,0.9999999999999999,1.0,0.6000000000000001
652,0.25,0.6666666666666665,0.1428571428571428,1.0,0.0,0.0,1.0,0.6000000000000001
653,0.25,0.6666666666666665,0.1428571428571428,1.0,0.0,0.33333333333333337,1.0,0.6000000000000001
654,0.25,0.6666666666666665,0.1428571428571428,1.0,0.0,0.6666666666666666,1.0,0.6000000000000001
655,0.25,0.6666666666666665,0.1428571428571428,1.0,0.0,0.9999999999999999,1.0,0.6000000000000001
656,0.19444444444444442,0.75,0.2857142857142856,1.0,0.0,0.0,1.0,0.6000000000000001
657,0.19444444444444442,0.75,0.2857142857142856,1.0,0.0,0.33333333333333337,1.0,0.6000000000000001
658,0.19444444444444442,0.75,0.2857142857142856,1.0,0.0,0.6666666666666666,1.0,0.6000000000000001
659,0.19444444444444442,0.75,0.2857142857142856,1.0,0.0,0.9999999999999999,1.0,0.6000000000000001
660,0.11111111111111116,0.833333333333333,0.4285714285714286,1.0,0.0,0.0,1.0,0.6000000000000001
661,0.11111111111111116,0.833333333333333,0.4285714285714286,1.0,0.0,0.33333333333333337,1.0,0.6000000000000001
662,0.11111111111111116,0.833333333333333,0.4285714285714286,1.0,0.0,0.6666666666666666,1.0,0.6000000000000001
663,0.11111111111111116,0.833333333333333,0.4285714285714286,1.0,0.0,0.9999999999999999,1.0,0.6000000000000001
664,0.05555555555555558,0.9166666666666665,0.5714285714285714,1.0,0.0,0.0,1.0,0.6000000000000001
665,0.05555555555555558,0.9166666666666665,0.5714285714285714,1.0,0.0,0.33333333333333337,1.0,0.6000000000000001
666,0.05555555555555558,0.9166666666666665,0.5714285714285714,1.0,0.0,0.6666666666666666,1.0,0.6000000000000001
667,0.05555555555555558,0.9166666666666665,0.5714285714285714,1.0,0.0,0.9999999999999999,1.0,0.6000000000000001
668,0.0,1.0,0.7142857142857142,1.0,0.0,0.0,1.0,0.6000000000000001
669,0.0,1.0,0.7142857142857142,1.0,0.0,0.33333333333333337,1.0,0.6000000000000001
670,0.0,1.0,0.7142857142857142,1.0,0.0,0.6666666666666666,1.0,0.6000000000000001
671,0.0,1.0,0.7142857142857142,1.0,0.0,0.9999999999999999,1.0,0.6000000000000001
672,0.9999999999999998,0.0,0.2857142857142856,0.0,1.0,0.0,1.0,0.8
673,0.9999999999999998,0.0,0.2857142857142856,0.0,1.0,0.33333333333333337,1.0,0.8
674,0.9999999999999998,0.0,0.2857142857142856,0.0,1.0,0.6666666666666666,1.0,0.8
675,0.9999999999999998,0.0,0.2857142857142856,0.0,1.0,0.9999999999999999,1.0,0.8
676,0.7777777777777779,0.16666666666666652,0.4285714285714286,0.11111111111111116,1.0,0.0,1.0,0.8
677,0.7777777777777779,0.16666666666666652,0.4285714285714286,0.11111111111111116,1.0,0.33333333333333337,1.0,0.8
678,0.7777777777777779,0.16666666666666652,0.4285714285714286,0.11111111111111116,1.0,0.6666666666666666,1.0,0.8
679,0.7777777777777779,0.16666666666666652,0.4285714285714286,0.11111111111111116,1.0,0.9999999999999999,1.0,0.8
680,0.6666666666666667,0.25,0.2857142857142856,0.33333333333333326,1.0,0.0,1.0,0.8
681,0.6666666666666667,0.25,0.2857142857142856,0.33333333333333326,1.0,0.33333333333333337,1.0,0.8
682,0.6666666666666667,0.25,0.2857142857142856,0.33333333333333326,1.0,0.6666666666666666,1.0,0.8
683,0.6666666666666667,0.25,0.2857142857142856,0.33333333333333326,1.0,0.9999999999999999,1.0,0.8
684,0.5555555555555556,0.33333333333333304,0.4285714285714286,0.33333333333333326,1.0,0.0,1.0,0.8
685,0.5555555555555556,0.33333333333333304,0.4285714285714286,0.33333333333333326,1.0,0.33333333333333337,1.0,0.8
686,0.5555555555555556,0.33333333333333304,0.4285714285714286,0.33333333333333326,1.0,0.6666666666666666,1.0,0.8
687,0.5555555555555556,0.33333333333333304,0.4285714285714286,0.33333333333333326,1.0,0.9999999999999999,1.0,0.8
688,0.47222222222222254,0.4166666666666665,0.5714285714285714,0.33333333333333326,1.0,0.0,1.0,0.8
689,0.47222222222222254,0.4166666666666665,0.5714285714285714,0.33333333333333326,1.0,0.33333333333333337,1.0,0.8
690,0.47222222222222254,0.4166666666666665,0.5714285714285714,0.33333333333333326,1.0,0.6666666666666666,1.0,0.8
691,0.47222222222222254,0.4166666666666665,0.5714285714285714,0.33333333333333326,1.0,0.9999999999999999,1.0,0.8
692,0.38888888888888906,0.5,0.9999999999999998,0.11111111111111116,1.0,0.0,1.0,0.8
693,0.38888888888888906,0.5,0.9999999999999998,0.11111111111111116,1.0,0.33333333333333337,1.0,0.8
694,0.38888888888888906,0.5,0.9999999999999998,0.11111111111111116,1.0,0.6666666666666666,1.0,0.8
695,0.38888888888888906,0.5,0.9999999999999998,0.11111111111111116,1.0,0.9999999999999999,1.0,0.8
696,0.33333333333333326,0.583333333333333,0.0,1.0,0.0,0.0,1.0,0.8
697,0.33333333333333326,0.583333333333333,0.0,1.0,0.0,0.33333333333333337,1.0,0.8
698,0.33333333333333326,0.583333333333333,0.0,1.0,0.0,0.6666666666666666,1.0,0.8
699,0.33333333333333326,0.583333333333333,0.0,1.0,0.0,0.9999999999999999,1.0,0.8
700,0.25,0.6666666666666665,0.1428571428571428,1.0,0.0,0.0,1.0,0.8
701,0.25,0.6666666666666665,0.1428571428571428,1.0,0.0,0.33333333333333337,1.0,0.8
702,0.25,0.6666666666666665,0.1428571428571428,1.0,0.0,0.6666666666666666,1.0,0.8
703,0.25,0.6666666666666665,0.1428571428571428,1.0,0.0,0.9999999999999999,1.0,0.8
704,0.19444444444444442,0.75,0.2857142857142856,1.0,0.0,0.0,1.0,0.8
705,0.19444444444444442,0.75,0.2857142857142856,1.0,0.0,0.33333333333333337,1.0,0.8
706,0.19444444444444442,0.75,0.2857142857142856,1.0,0.0,0.6666666666666666,1.0,0.8
707,0.19444444444444442,0.75,0.2857142857142856,1.0,0.0,0.9999999999999999,1.0,0.8
708,0.11111111111111116,0.833333333333333,0.4285714285714286,1.0,0.0,0.0,1.0,0.8
709,0.11111111111111116,0.833333333333333,0.4285714285714286,1.0,0.0,0.33333333333333337,1.0,0.8
710,0.11111111111111116,0.833333333333333,0.4285714285714286,1.0,0.0,0.6666666666666666,1.0,0.8
711,0.11111111111111116,0.833333333333333,0.4285714285714286,1.0,0.0,0.9999999999999999,1.0,0.8
712,0.05555555555555558,0.9166666666666665,0.5714285714285714,1.0,0.0,0.0,1.0,0.8
713,0.05555555555555558,0.9166666666666665,0.5714285714285714,1.0,0.0,0.33333333333333337,1.0,0.8
714,0.05555555555555558,0.9166666666666665,0.5714285714285714,1.0,0.0,0.6666666666666666,1.0,0.8
715,0.05555555555555558,0.9166666666666665,0.5714285714285714,1.0,0.0,0.9999999999999999,1.0,0.8
716,0.0,1.0,0.7142857142857142,1.0,0.0,0.0,1.0,0.8
717,0.0,1.0,0.7142857142857142,1.0,0.0,0.33333333333333337,1.0,0.8
718,0.0,1.0,0.7142857142857142,1.0,0.0,0.6666666666666666,1.0,0.8
719,0.0,1.0,0.7142857142857142,1.0,0.0,0.9999999999999999,1.0,0.8
720,0.9999999999999998,0.0,0.2857142857142856,0.0,1.0,0.0,1.0,1.0
721,0.9999999999999998,0.0,0.2857142857142856,0.0,1.0,0.33333333333333337,1.0,1.0
722,0.9999999999999998,0.0,0.2857142857142856,0.0,1.0,0.6666666666666666,1.0,1.0
723,0.9999999999999998,0.0,0.2857142857142856,0.0,1.0,0.9999999999999999,1.0,1.0
724,0.7777777777777779,0.16666666666666652,0.4285714285714286,0.11111111111111116,1.0,0.0,1.0,1.0
725,0.7777777777777779,0.16666666666666652,0.4285714285714286,0.11111111111111116,1.0,0.33333333333333337,1.0,1.0
726,0.7777777777777779,0.16666666666666652,0.4285714285714286,0.11111111111111116,1.0,0.6666666666666666,1.0,1.0
727,0.7777777777777779,0.16666666666666652,0.4285714285714286,0.11111111111111116,1.0,0.9999999999999999,1.0,1.0
728,0.6666666666666667,0.25,0.2857142857142856,0.33333333333333326,1.0,0.0,1.0,1.0
729,0.6666666666666667,0.25,0.2857142857142856,0.33333333333333326,1.0,0.33333333333333337,1.0,1.0
730,0.6666666666666667,0.25,0.2857142857142856,0.33333333333333326,1.0,0.6666666666666666,1.0,1.0
731,0.6666666666666667,0.25,0.2857142857142856,0.33333333333333326,1.0,0.9999999999999999,1.0,1.0
732,0.5555555555555556,0.33333333333333304,0.4285714285714286,0.33333333333333326,1.0,0.0,1.0,1.0
733,0.5555555555555556,0.33333333333333304,0.4285714285714286,0.33333333333333326,1.0,0.33333333333333337,1.0,1.0
734,0.5555555555555556,0.33333333333333304,0.4285714285714286,0.33333333333333326,1.0,0.6666666666666666,1.0,1.0
735,0.5555555555555556,0.33333333333333304,0.4285714285714286,0.33333333333333326,1.0,0.9999999999999999,1.0,1.0
736,0.47222222222222254,0.4166666666666665,0.5714285714285714,0.33333333333333326,1.0,0.0,1.0,1.0
737,0.47222222222222254,0.4166666666666665,0.5714285714285714,0.33333333333333326,1.0,0.33333333333333337,1.0,1.0
738,0.47222222222222254,0.4166666666666665,0.5714285714285714,0.33333333333333326,1.0,0.6666666666666666,1.0,1.0
739,0.47222222222222254,0.4166666666666665,0.5714285714285714,0.33333333333333326,1.0,0.9999999999999999,1.0,1.0
740,0.38888888888888906,0.5,0.9999999999999998,0.11111111111111116,1.0,0.0,1.0,1.0
741,0.38888888888888906,0.5,0.9999999999999998,0.11111111111111116,1.0,0.33333333333333337,1.0,1.0
742,0.38888888888888906,0.5,0.9999999999999998,0.11111111111111116,1.0,0.6666666666666666,1.0,1.0
743,0.38888888888888906,0.5,0.9999999999999998,0.11111111111111116,1.0,0.9999999999999999,1.0,1.0
744,0.33333333333333326,0.583333333333333,0.0,1.0,0.0,0.0,1.0,1.0
745,0.33333333333333326,0.583333333333333,0.0,1.0,0.0,0.33333333333333337,1.0,1.0
746,0.33333333333333326,0.583333333333333,0.0,1.0,0.0,0.6666666666666666,1.0,1.0
747,0.33333333333333326,0.583333333333333,0.0,1.0,0.0,0.9999999999999999,1.0,1.0
748,0.25,0.6666666666666665,0.1428571428571428,1.0,0.0,0.0,1.0,1.0
749,0.25,0.6666666666666665,0.1428571428571428,1.0,0.0,0.33333333333333337,1.0,1.0
750,0.25,0.6666666666666665,0.1428571428571428,1.0,0.0,0.6666666666666666,1.0,1.0
751,0.25,0.6666666666666665,0.1428571428571428,1.0,0.0,0.9999999999999999,1.0,1.0
752,0.19444444444444442,0.75,0.2857142857142856,1.0,0.0,0.0,1.0,1.0
753,0.19444444444444442,0.75,0.2857142857142856,1.0,0.0,0.33333333333333337,1.0,1.0
754,0.19444444444444442,0.75,0.2857142857142856,1.0,0.0,0.6666666666666666,1.0,1.0
755,0.19444444444444442,0.75,0.2857142857142856,1.0,0.0,0.9999999999999999,1.0,1.0
756,0.11111111111111116,0.833333333333333,0.4285714285714286,1.0,0.0,0.0,1.0,1.0
757,0.11111111111111116,0.833333333333333,0.4285714285714286,1.0,0.0,0.33333333333333337,1.0,1.0
758,0.11111111111111116,0.833333333333333,0.4285714285714286,1.0,0.0,0.6666666666666666,1.0,1.0
759,0.11111111111111116,0.833333333333333,0.4285714285714286,1.0,0.0,0.9999999999999999,1.0,1.0
760,0.05555555555555558,0.9166666666666665,0.5714285714285714,1.0,0.0,0.0,1.0,1.0
761,0.05555555555555558,0.9166666666666665,0.5714285714285714,1.0,0.0,0.33333333333333337,1.0,1.0
762,0.05555555555555558,0.9166666666666665,0.5714285714285714,1.0,0.0,0.6666666666666666,1.0,1.0
763,0.05555555555555558,0.9166666666666665,0.5714285714285714,1.0,0.0,0.9999999999999999,1.0,1.0
764,0.0,1.0,0.7142857142857142,1.0,0.0,0.0,1.0,1.0
765,0.0,1.0,0.7142857142857142,1.0,0.0,0.33333333333333337,1.0,1.0
766,0.0,1.0,0.7142857142857142,1.0,0.0,0.6666666666666666,1.0,1.0
767,0.0,1.0,0.7142857142857142,1.0,0.0,0.9999999999999999,1.0,1.0
