,f1,f2,f3,f4,f5,f6,f7,f8,f9
0,0.2,1.0,0.6,0.0,0.9999999999999998,0.9999999999999998,0.0,0.4000002404435703,1.0
1,0.40000080945442773,1.0,0.4000002105928188,0.0,0.9999999999999998,0.5000000369107203,1.0,0.6000000000000001,1.0
2,0.40000080945442773,1.0,0.4000002105928188,0.0,0.9999999999999998,0.5000000369107203,0.0,0.4000002404435703,1.0
3,0.8,0.4999995892077763,0.3000002105928188,0.0,0.9999999999999998,0.5000000369107203,1.0,0.20000048088714062,1.0
4,0.40000080945442773,1.0,0.0,0.0,0.9999999999999998,0.5000000369107203,1.0,0.7999990382257189,1.0
5,0.8,0.4999995892077763,0.3000002105928188,0.0,0.9999999999999998,0.5000000369107203,0.0,0.4000002404435703,1.0
6,0.6000008094544277,1.0,0.5000001474149731,0.0,0.9999999999999998,0.5000000369107203,0.0,0.4000002404435703,1.0
7,0.8,0.4999995892077763,0.4000002105928188,0.0,0.9999999999999998,0.0,0.0,0.4000002404435703,1.0
8,0.40000080945442773,1.0,1.0,0.0,0.9999999999999998,0.5000000369107203,0.0,0.4000002404435703,1.0
9,0.40000080945442773,1.0,0.4000002105928188,0.0,0.9999999999999998,0.5000000369107203,1.0,0.20000048088714062,1.0
10,0.40000080945442773,1.0,0.0,0.0,0.9999999999999998,0.9999999999999998,0.0,1.0000000000000002,1.0
11,0.6000008094544277,0.4999995892077763,0.5000001474149731,0.0,0.9999999999999998,0.5000000369107203,0.0,0.4000002404435703,1.0
12,0.8,0.0,0.2,0.0,0.9999999999999998,0.0,0.0,0.6000000000000001,1.0
13,0.6000008094544277,0.4999995892077763,0.5000001474149731,0.0,0.9999999999999998,0.9999999999999998,0.0,0.6000000000000001,1.0
14,0.40000080945442773,1.0,0.6,0.0,0.9999999999999998,0.9999999999999998,0.0,0.20000048088714062,1.0
15,0.8,0.0,0.6,0.0,0.9999999999999998,0.0,0.0,0.4000002404435703,1.0
16,0.40000080945442773,1.0,0.3000002105928188,0.0,0.9999999999999998,0.5000000369107203,0.0,0.4000002404435703,1.0
17,0.6000008094544277,1.0,0.6,0.0,0.9999999999999998,0.9999999999999998,0.0,0.4000002404435703,1.0
18,0.8,0.4999995892077763,0.6,0.0,0.9999999999999998,0.9999999999999998,0.0,0.4000002404435703,1.0
19,0.6000008094544277,0.4999995892077763,0.6,0.0,0.9999999999999998,0.0,1.0,0.6000000000000001,1.0
20,0.6000008094544277,0.4999995892077763,0.8,0.0,0.9999999999999998,0.5000000369107203,0.0,0.4000002404435703,1.0
21,0.8,0.4999995892077763,0.3000002105928188,0.0,0.9999999999999998,0.5000000369107203,0.0,0.4000002404435703,1.0
22,0.2,1.0,0.5000001474149731,0.0,0.9999999999999998,0.5000000369107203,1.0,0.4000002404435703,1.0
23,0.6000008094544277,1.0,0.8,0.0,0.9999999999999998,0.5000000369107203,0.0,0.20000048088714062,1.0
24,0.6000008094544277,1.0,0.7000000000000001,0.0,0.9999999999999998,0.5000000369107203,1.0,0.20000048088714062,1.0
25,0.40000080945442773,1.0,0.5000001474149731,0.0,0.9999999999999998,0.5000000369107203,0.0,0.20000048088714062,1.0
26,0.6000008094544277,1.0,0.4000002105928188,0.0,0.9999999999999998,0.0,0.0,0.4000002404435703,1.0
27,0.8,0.4999995892077763,0.5000001474149731,0.0,0.9999999999999998,0.9999999999999998,1.0,0.20000048088714062,1.0
28,0.40000080945442773,1.0,0.8,0.0,0.9999999999999998,0.5000000369107203,1.0,0.4000002404435703,1.0
29,0.8,0.4999995892077763,0.6,0.0,0.9999999999999998,0.5000000369107203,0.0,0.4000002404435703,1.0
30,0.6000008094544277,0.4999995892077763,0.8,0.0,0.9999999999999998,0.9999999999999998,1.0,0.20000048088714062,1.0
31,0.6000008094544277,1.0,0.3000002105928188,0.0,0.9999999999999998,0.5000000369107203,1.0,0.4000002404435703,1.0
32,0.6000008094544277,1.0,0.2,0.0,0.9999999999999998,0.9999999999999998,0.0,0.4000002404435703,1.0
33,0.6000008094544277,0.4999995892077763,0.2,0.0,0.9999999999999998,0.0,1.0,0.20000048088714062,1.0
34,0.6000008094544277,0.4999995892077763,0.2,0.0,0.9999999999999998,0.0,0.0,0.20000048088714062,1.0
35,0.2,1.0,0.6,0.0,0.9999999999999998,0.5000000369107203,0.0,0.20000048088714062,1.0
36,0.6000008094544277,0.4999995892077763,0.0,0.0,0.9999999999999998,0.5000000369107203,0.0,1.0000000000000002,1.0
37,0.6000008094544277,0.4999995892077763,0.3000002105928188,0.0,0.9999999999999998,0.0,1.0,1.0000000000000002,1.0
38,0.40000080945442773,1.0,0.2,0.0,0.9999999999999998,0.5000000369107203,0.0,0.4000002404435703,1.0
39,0.40000080945442773,1.0,0.6,0.0,0.9999999999999998,0.0,0.0,0.4000002404435703,1.0
40,0.6000008094544277,0.4999995892077763,0.4000002105928188,0.0,0.9999999999999998,0.0,1.0,0.4000002404435703,1.0
41,0.8,0.4999995892077763,0.5000001474149731,0.0,0.9999999999999998,0.5000000369107203,0.0,0.4000002404435703,1.0
42,0.8,0.4999995892077763,0.10000000000000003,0.0,0.9999999999999998,0.0,0.0,1.0000000000000002,1.0
43,0.40000080945442773,1.0,0.2,0.0,0.9999999999999998,0.5000000369107203,0.0,0.20000048088714062,1.0
44,0.6000008094544277,0.4999995892077763,1.0,0.0,0.9999999999999998,0.0,1.0,0.6000000000000001,1.0
45,0.6000008094544277,0.4999995892077763,0.6,0.0,0.9999999999999998,0.0,0.0,0.20000048088714062,1.0
46,0.40000080945442773,1.0,0.5000001474149731,0.0,0.9999999999999998,0.5000000369107203,1.0,0.4000002404435703,1.0
47,0.6000008094544277,1.0,0.5000001474149731,0.0,0.9999999999999998,0.0,1.0,0.20000048088714062,1.0
48,0.40000080945442773,1.0,0.4000002105928188,0.0,0.9999999999999998,0.0,1.0,0.6000000000000001,1.0
49,0.40000080945442773,1.0,0.4000002105928188,0.0,0.9999999999999998,0.0,1.0,0.4000002404435703,1.0
50,0.6000008094544277,0.0,0.3000002105928188,0.0,0.9999999999999998,0.5000000369107203,0.0,0.4000002404435703,1.0
51,0.2,1.0,0.4000002105928188,0.0,0.9999999999999998,0.5000000369107203,0.0,0.7999990382257189,1.0
52,0.6000008094544277,1.0,0.3000002105928188,0.0,0.9999999999999998,0.0,0.0,0.4000002404435703,1.0
53,1.0,0.4999995892077763,0.4000002105928188,0.0,0.9999999999999998,0.9999999999999998,0.0,0.20000048088714062,1.0
54,1.0,0.4999995892077763,0.8,0.0,0.9999999999999998,0.0,1.0,0.20000048088714062,1.0
55,1.0,0.4999995892077763,0.8,0.0,0.9999999999999998,0.0,1.0,0.6000000000000001,1.0
56,0.6000008094544277,0.4999995892077763,0.0,0.0,0.9999999999999998,0.0,1.0,1.0000000000000002,1.0
57,0.6000008094544277,0.4999995892077763,0.10000000000000003,0.0,0.9999999999999998,0.5000000369107203,1.0,0.6000000000000001,1.0
58,0.8,0.4999995892077763,0.6,0.0,0.9999999999999998,0.0,0.0,0.20000048088714062,1.0
59,0.8,0.4999995892077763,0.3000002105928188,0.0,0.9999999999999998,0.0,1.0,0.20000048088714062,1.0
60,0.40000080945442773,1.0,0.4000002105928188,0.0,0.9999999999999998,0.5000000369107203,0.0,1.0000000000000002,1.0
61,0.40000080945442773,1.0,0.2,0.0,0.9999999999999998,0.0,1.0,0.7999990382257189,1.0
62,0.6000008094544277,0.4999995892077763,0.0,0.0,0.9999999999999998,0.0,0.0,0.4000002404435703,1.0
63,0.0,1.0,0.7000000000000001,0.0,0.9999999999999998,0.5000000369107203,1.0,0.6000000000000001,1.0
64,0.40000080945442773,1.0,0.5000001474149731,0.0,0.9999999999999998,0.0,0.0,0.7999990382257189,1.0
65,0.40000080945442773,1.0,0.2,0.0,0.9999999999999998,0.0,1.0,0.20000048088714062,1.0
66,0.40000080945442773,1.0,0.5000001474149731,0.0,0.9999999999999998,0.0,1.0,0.7999990382257189,1.0
67,0.6000008094544277,0.4999995892077763,0.4000002105928188,0.0,0.9999999999999998,0.9999999999999998,0.0,0.20000048088714062,1.0
68,0.6000008094544277,0.4999995892077763,0.7000000000000001,0.0,0.9999999999999998,0.9999999999999998,0.0,0.4000002404435703,1.0
69,0.8,0.4999995892077763,1.0,0.0,0.9999999999999998,0.5000000369107203,0.0,0.4000002404435703,1.0
70,0.8,0.4999995892077763,0.2,0.0,0.9999999999999998,0.0,0.0,0.4000002404435703,1.0
71,0.40000080945442773,1.0,0.5000001474149731,0.0,0.9999999999999998,0.5000000369107203,1.0,0.20000048088714062,1.0
72,0.8,0.4999995892077763,0.4000002105928188,0.0,0.9999999999999998,0.5000000369107203,0.0,0.20000048088714062,1.0
73,0.6000008094544277,1.0,0.3000002105928188,0.0,0.9999999999999998,0.5000000369107203,1.0,0.7999990382257189,1.0
74,0.2,1.0,0.10000000000000003,0.0,0.9999999999999998,0.5000000369107203,0.0,0.7999990382257189,1.0
75,0.6000008094544277,0.4999995892077763,0.2,0.0,0.9999999999999998,0.0,0.0,0.4000002404435703,1.0
76,0.6000008094544277,0.4999995892077763,0.2,0.0,0.9999999999999998,0.5000000369107203,0.0,0.4000002404435703,1.0
77,0.2,1.0,0.5000001474149731,0.0,0.9999999999999998,0.0,0.0,1.0000000000000002,1.0
78,0.6000008094544277,1.0,0.5000001474149731,0.0,0.9999999999999998,0.5000000369107203,0.0,0.4000002404435703,1.0
79,0.40000080945442773,1.0,0.5000001474149731,0.0,0.9999999999999998,0.5000000369107203,1.0,1.0000000000000002,1.0
80,0.6000008094544277,0.4999995892077763,0.2,0.0,0.9999999999999998,0.5000000369107203,1.0,0.4000002404435703,1.0
81,0.8,0.4999995892077763,0.2,0.0,0.9999999999999998,0.0,0.0,0.20000048088714062,1.0
82,0.8,0.4999995892077763,0.3000002105928188,0.0,0.9999999999999998,0.5000000369107203,1.0,0.4000002404435703,1.0
83,0.6000008094544277,0.4999995892077763,0.3000002105928188,0.0,0.9999999999999998,0.5000000369107203,1.0,0.4000002404435703,1.0
84,0.40000080945442773,1.0,0.4000002105928188,0.0,0.9999999999999998,0.0,0.0,0.7999990382257189,1.0
85,0.6000008094544277,0.4999995892077763,0.7000000000000001,0.0,0.9999999999999998,0.9999999999999998,0.0,0.20000048088714062,1.0
86,0.8,0.4999995892077763,0.5000001474149731,0.0,0.9999999999999998,0.5000000369107203,1.0,0.4000002404435703,1.0
87,1.0,0.4999995892077763,0.0,0.0,0.9999999999999998,0.0,0.0,0.7999990382257189,1.0
88,0.6000008094544277,0.4999995892077763,0.4000002105928188,0.0,0.9999999999999998,0.9999999999999998,1.0,0.20000048088714062,1.0
89,0.40000080945442773,1.0,0.8,0.0,0.9999999999999998,0.0,1.0,0.20000048088714062,1.0
90,0.2,1.0,0.0,0.0,0.9999999999999998,0.5000000369107203,1.0,1.0000000000000002,1.0
91,0.6000008094544277,0.4999995892077763,0.4000002105928188,0.0,0.9999999999999998,0.9999999999999998,0.0,0.20000048088714062,1.0
92,0.6000008094544277,0.4999995892077763,0.5000001474149731,0.0,0.9999999999999998,0.5000000369107203,1.0,0.20000048088714062,1.0
93,0.8,0.4999995892077763,0.4000002105928188,0.0,0.9999999999999998,0.5000000369107203,1.0,0.20000048088714062,1.0
94,0.6000008094544277,1.0,0.2,0.0,0.9999999999999998,0.0,0.0,0.4000002404435703,1.0
95,0.40000080945442773,1.0,0.6,0.0,0.9999999999999998,0.5000000369107203,1.0,0.7999990382257189,1.0
96,0.8,0.4999995892077763,0.6,0.0,0.9999999999999998,0.5000000369107203,0.0,0.20000048088714062,1.0
97,0.8,0.4999995892077763,0.3000002105928188,0.0,0.9999999999999998,0.5000000369107203,1.0,0.20000048088714062,1.0
98,0.40000080945442773,1.0,0.6,0.0,0.9999999999999998,0.0,0.0,0.6000000000000001,1.0
99,0.2,1.0,0.5000001474149731,0.0,0.9999999999999998,0.5000000369107203,0.0,0.4000002404435703,1.0
100,0.40000080945442773,0.4999995892077763,0.4000002105928188,0.0,0.9999999999999998,0.9999999999999998,0.0,0.4000002404435703,1.0
101,0.6000008094544277,0.4999995892077763,0.6,0.0,0.9999999999999998,0.9999999999999998,1.0,0.4000002404435703,1.0
102,0.6000008094544277,1.0,0.5000001474149731,0.0,0.9999999999999998,0.5000000369107203,1.0,0.7999990382257189,1.0
103,0.40000080945442773,1.0,0.4000002105928188,0.0,0.9999999999999998,0.5000000369107203,0.0,0.7999990382257189,1.0
104,0.40000080945442773,1.0,0.2,0.0,0.9999999999999998,0.5000000369107203,1.0,0.4000002404435703,1.0
105,0.40000080945442773,1.0,0.6,0.0,0.9999999999999998,0.0,1.0,0.20000048088714062,1.0
106,0.40000080945442773,1.0,0.4000002105928188,0.0,0.9999999999999998,0.5000000369107203,0.0,0.20000048088714062,1.0
107,0.2,1.0,0.8,0.0,0.9999999999999998,0.5000000369107203,1.0,0.6000000000000001,1.0
108,0.40000080945442773,1.0,0.6,0.0,0.9999999999999998,0.9999999999999998,1.0,0.6000000000000001,1.0
109,0.8,0.4999995892077763,0.6,0.0,0.9999999999999998,0.0,1.0,0.20000048088714062,1.0
110,0.6000008094544277,0.4999995892077763,0.5000001474149731,0.0,0.9999999999999998,0.0,0.0,0.4000002404435703,1.0
111,0.6000008094544277,0.4999995892077763,0.3000002105928188,0.0,0.9999999999999998,0.0,1.0,1.0000000000000002,1.0
112,0.40000080945442773,1.0,0.4000002105928188,0.0,0.9999999999999998,0.5000000369107203,1.0,0.20000048088714062,1.0
113,0.40000080945442773,1.0,0.2,0.0,0.9999999999999998,0.0,1.0,0.20000048088714062,1.0
114,0.40000080945442773,1.0,0.7000000000000001,0.0,0.9999999999999998,0.5000000369107203,1.0,0.6000000000000001,1.0
115,0.6000008094544277,0.4999995892077763,0.4000002105928188,0.0,0.9999999999999998,0.5000000369107203,1.0,0.20000048088714062,1.0
116,0.2,1.0,0.3000002105928188,0.0,0.9999999999999998,0.0,0.0,0.4000002404435703,1.0
117,0.40000080945442773,0.4999995892077763,0.4000002105928188,0.0,0.9999999999999998,0.9999999999999998,0.0,0.20000048088714062,1.0
118,0.2,1.0,0.2,0.0,0.9999999999999998,0.0,1.0,0.4000002404435703,1.0
119,0.8,0.4999995892077763,0.3000002105928188,0.0,0.9999999999999998,0.0,0.0,0.7999990382257189,1.0
120,0.8,0.4999995892077763,0.4000002105928188,0.0,0.9999999999999998,0.0,0.0,0.4000002404435703,1.0
121,0.6000008094544277,0.4999995892077763,0.3000002105928188,0.0,0.9999999999999998,0.5000000369107203,1.0,0.6000000000000001,1.0
122,0.6000008094544277,0.4999995892077763,0.8,0.0,0.9999999999999998,0.9999999999999998,0.0,0.20000048088714062,1.0
123,0.6000008094544277,0.4999995892077763,0.6,0.0,0.9999999999999998,0.0,1.0,0.4000002404435703,1.0
124,0.8,0.4999995892077763,0.2,0.0,0.9999999999999998,0.0,1.0,0.4000002404435703,1.0
125,1.0,0.4999995892077763,0.2,0.0,0.9999999999999998,0.5000000369107203,0.0,1.0000000000000002,1.0
126,0.2,1.0,0.6,0.2500004314880412,0.4999988859149695,0.5000000369107203,1.0,0.6000000000000001,1.0
127,0.2,1.0,0.5000001474149731,0.2500004314880412,0.4999988859149695,0.5000000369107203,1.0,0.20000048088714062,0.0
128,0.6000008094544277,1.0,0.5000001474149731,0.0,0.4999988859149695,0.5000000369107203,0.0,0.20000048088714062,1.0
129,0.40000080945442773,1.0,0.7000000000000001,0.37499964042663236,0.4999988859149695,0.5000000369107203,1.0,0.20000048088714062,0.0
130,0.40000080945442773,1.0,0.7000000000000001,0.37499964042663236,0.4999988859149695,0.5000000369107203,1.0,0.6000000000000001,0.0
131,0.40000080945442773,1.0,0.8,0.12499992808532646,0.4999988859149695,0.9999999999999998,1.0,0.20000048088714062,0.0
132,0.40000080945442773,1.0,0.6,0.2500004314880412,0.9999999999999998,0.5000000369107203,0.0,0.20000048088714062,1.0
133,0.6000008094544277,0.4999995892077763,0.8,0.0,0.9999999999999998,0.9999999999999998,0.0,0.6000000000000001,1.0
134,0.8,0.4999995892077763,0.6,0.0,0.9999999999999998,0.5000000369107203,0.0,0.4000002404435703,0.0
135,0.2,1.0,0.4000002105928188,0.12499992808532646,0.9999999999999998,0.5000000369107203,1.0,1.0000000000000002,1.0
136,0.2,1.0,0.8,0.12499992808532646,0.9999999999999998,0.9999999999999998,1.0,0.6000000000000001,0.0
137,0.40000080945442773,1.0,0.10000000000000003,0.0,0.9999999999999998,0.0,0.0,0.4000002404435703,0.0
138,0.2,1.0,0.8,0.0,0.9999999999999998,0.5000000369107203,0.0,0.4000002404435703,0.0
139,0.40000080945442773,1.0,0.6,0.0,0.9999999999999998,0.5000000369107203,0.0,0.7999990382257189,1.0
140,0.6000008094544277,0.4999995892077763,0.8,0.12499992808532646,0.4999988859149695,0.5000000369107203,0.0,0.4000002404435703,1.0
141,0.6000008094544277,1.0,0.4000002105928188,0.12499992808532646,0.4999988859149695,0.5000000369107203,0.0,0.4000002404435703,1.0
142,0.8,0.4999995892077763,0.2,0.0,0.9999999999999998,0.0,0.0,0.20000048088714062,1.0
143,0.40000080945442773,1.0,0.9,0.0,0.9999999999999998,0.5000000369107203,0.0,0.4000002404435703,0.0
144,0.8,0.4999995892077763,0.9,0.2500004314880412,0.4999988859149695,0.9999999999999998,0.0,1.0000000000000002,1.0
145,0.40000080945442773,1.0,0.5000001474149731,0.0,0.0,0.5000000369107203,0.0,0.7999990382257189,0.0
146,0.8,0.4999995892077763,1.0,0.0,0.9999999999999998,0.5000000369107203,1.0,0.20000048088714062,0.0
147,0.6000008094544277,1.0,0.6,0.12499992808532646,0.4999988859149695,0.5000000369107203,0.0,0.4000002404435703,0.0
148,0.2,1.0,0.4000002105928188,0.0,0.9999999999999998,0.9999999999999998,0.0,1.0000000000000002,1.0
149,0.6000008094544277,0.0,0.6,0.0,0.9999999999999998,0.9999999999999998,1.0,0.20000048088714062,1.0
150,0.6000008094544277,0.4999995892077763,0.5000001474149731,0.6249994965972853,0.4999988859149695,0.9999999999999998,1.0,0.20000048088714062,1.0
151,0.8,0.4999995892077763,0.6,0.12499992808532646,0.4999988859149695,0.9999999999999998,0.0,0.4000002404435703,1.0
152,0.6000008094544277,0.4999995892077763,0.7000000000000001,0.6249994965972853,0.9999999999999998,0.9999999999999998,0.0,0.4000002404435703,1.0
153,0.8,0.4999995892077763,0.3000002105928188,0.0,0.9999999999999998,0.9999999999999998,1.0,0.20000048088714062,0.0
154,0.2,0.0,0.3000002105928188,0.0,0.9999999999999998,0.9999999999999998,1.0,0.20000048088714062,1.0
155,0.8,0.4999995892077763,0.8,0.12499992808532646,0.9999999999999998,0.5000000369107203,1.0,0.20000048088714062,0.0
156,0.6000008094544277,0.4999995892077763,0.5000001474149731,0.12499992808532646,0.4999988859149695,0.9999999999999998,1.0,0.20000048088714062,1.0
157,0.6000008094544277,1.0,0.6,0.0,0.9999999999999998,0.0,0.0,1.0000000000000002,1.0
158,0.6000008094544277,0.4999995892077763,0.6,0.0,0.9999999999999998,0.0,1.0,1.0000000000000002,1.0
159,0.40000080945442773,1.0,0.7000000000000001,0.0,0.9999999999999998,0.0,0.0,0.4000002404435703,1.0
160,0.40000080945442773,1.0,0.5000001474149731,0.0,0.9999999999999998,0.9999999999999998,1.0,0.20000048088714062,0.0
161,0.40000080945442773,1.0,0.6,0.12499992808532646,0.4999988859149695,0.5000000369107203,1.0,0.4000002404435703,1.0
162,0.8,0.4999995892077763,0.2,0.0,0.9999999999999998,0.5000000369107203,1.0,0.20000048088714062,0.0
163,0.8,0.4999995892077763,0.5000001474149731,0.12499992808532646,0.0,0.0,1.0,0.20000048088714062,0.0
164,0.8,0.4999995892077763,0.5000001474149731,0.12499992808532646,0.0,0.0,1.0,0.4000002404435703,0.0
165,0.40000080945442773,1.0,0.4000002105928188,0.12499992808532646,0.9999999999999998,0.5000000369107203,1.0,0.20000048088714062,1.0
166,0.40000080945442773,1.0,0.4000002105928188,0.12499992808532646,0.9999999999999998,0.5000000369107203,1.0,0.4000002404435703,1.0
167,0.40000080945442773,0.4999995892077763,0.8,0.6249994965972853,0.4999988859149695,0.5000000369107203,1.0,0.20000048088714062,0.0
168,0.6000008094544277,1.0,0.2,0.0,0.9999999999999998,0.5000000369107203,1.0,0.20000048088714062,1.0
169,0.40000080945442773,0.4999995892077763,0.6,0.0,0.9999999999999998,0.5000000369107203,0.0,0.20000048088714062,0.0
170,0.2,1.0,0.4000002105928188,0.12499992808532646,0.4999988859149695,0.5000000369107203,1.0,0.20000048088714062,0.0
171,0.2,1.0,0.3000002105928188,0.0,0.9999999999999998,0.0,0.0,0.4000002404435703,1.0
172,0.8,0.4999995892077763,0.6,0.2500004314880412,0.4999988859149695,0.5000000369107203,1.0,0.6000000000000001,1.0
173,0.6000008094544277,0.4999995892077763,0.4000002105928188,0.12499992808532646,0.4999988859149695,0.5000000369107203,1.0,0.20000048088714062,1.0
174,0.6000008094544277,1.0,0.5000001474149731,0.12499992808532646,0.4999988859149695,0.5000000369107203,0.0,0.4000002404435703,0.0
175,0.40000080945442773,1.0,0.6,0.0,0.9999999999999998,0.5000000369107203,1.0,0.6000000000000001,0.0
176,0.40000080945442773,0.4999995892077763,0.5000001474149731,0.0,0.9999999999999998,0.5000000369107203,0.0,0.4000002404435703,1.0
177,0.8,0.4999995892077763,0.2,0.0,0.9999999999999998,0.5000000369107203,0.0,0.4000002404435703,1.0
178,0.6000008094544277,1.0,0.5000001474149731,0.12499992808532646,0.9999999999999998,0.5000000369107203,1.0,0.20000048088714062,0.0
179,0.40000080945442773,1.0,0.4000002105928188,0.0,0.9999999999999998,0.9999999999999998,1.0,0.4000002404435703,0.0
180,0.40000080945442773,1.0,0.7000000000000001,0.0,0.4999988859149695,0.9999999999999998,1.0,0.20000048088714062,0.0
181,0.40000080945442773,1.0,0.7000000000000001,0.0,0.4999988859149695,0.9999999999999998,1.0,0.4000002404435703,0.0
182,0.40000080945442773,1.0,0.5000001474149731,0.0,0.9999999999999998,0.0,1.0,0.4000002404435703,0.0
183,0.6000008094544277,0.4999995892077763,0.6,0.37499964042663236,0.0,0.9999999999999998,0.0,0.20000048088714062,0.0
184,0.6000008094544277,0.4999995892077763,0.6,0.37499964042663236,0.0,0.9999999999999998,0.0,0.4000002404435703,0.0
185,0.40000080945442773,1.0,0.4000002105928188,0.2500004314880412,0.9999999999999998,0.5000000369107203,1.0,0.4000002404435703,0.0
186,0.6000008094544277,0.4999995892077763,0.5000001474149731,0.0,0.9999999999999998,0.0,0.0,0.7999990382257189,1.0
187,0.8,0.4999995892077763,0.3000002105928188,0.0,0.9999999999999998,0.5000000369107203,0.0,0.20000048088714062,0.0
188,0.40000080945442773,1.0,0.2,0.0,0.9999999999999998,0.5000000369107203,1.0,0.20000048088714062,1.0
189,0.6000008094544277,0.4999995892077763,0.4000002105928188,0.0,0.4999988859149695,0.5000000369107203,1.0,0.20000048088714062,1.0
190,0.40000080945442773,1.0,0.3000002105928188,0.5000002876586941,0.9999999999999998,0.9999999999999998,1.0,0.7999990382257189,0.0
191,0.40000080945442773,1.0,0.5000001474149731,0.0,0.9999999999999998,0.5000000369107203,0.0,0.20000048088714062,0.0
192,0.6000008094544277,0.4999995892077763,0.6,0.2500004314880412,0.4999988859149695,0.5000000369107203,0.0,0.4000002404435703,1.0
193,0.2,1.0,0.2,0.0,0.9999999999999998,0.5000000369107203,0.0,0.7999990382257189,1.0
194,0.6000008094544277,1.0,1.0,0.0,0.4999988859149695,0.5000000369107203,1.0,0.20000048088714062,0.0
195,0.6000008094544277,0.4999995892077763,0.7000000000000001,0.0,0.9999999999999998,0.5000000369107203,0.0,0.20000048088714062,1.0
196,0.6000008094544277,1.0,0.2,0.12499992808532646,0.9999999999999998,0.0,1.0,0.20000048088714062,1.0
197,0.40000080945442773,1.0,0.2,0.0,0.9999999999999998,0.5000000369107203,0.0,0.4000002404435703,0.0
198,0.6000008094544277,0.4999995892077763,0.3000002105928188,0.0,0.4999988859149695,0.5000000369107203,0.0,1.0000000000000002,0.0
199,0.6000008094544277,1.0,0.5000001474149731,0.0,0.9999999999999998,0.0,0.0,0.4000002404435703,1.0
200,0.8,0.4999995892077763,0.5000001474149731,0.0,0.9999999999999998,0.9999999999999998,1.0,0.4000002404435703,1.0
201,0.6000008094544277,1.0,0.3000002105928188,0.0,0.9999999999999998,0.5000000369107203,0.0,0.4000002404435703,1.0
202,0.40000080945442773,1.0,0.8,0.0,0.9999999999999998,0.0,0.0,0.4000002404435703,1.0
203,0.6000008094544277,0.4999995892077763,0.7000000000000001,0.0,0.9999999999999998,0.5000000369107203,0.0,0.4000002404435703,1.0
204,0.6000008094544277,1.0,0.5000001474149731,0.0,0.9999999999999998,0.5000000369107203,0.0,0.6000000000000001,1.0
205,0.2,1.0,0.0,0.0,0.9999999999999998,0.5000000369107203,1.0,1.0000000000000002,1.0
206,0.6000008094544277,0.4999995892077763,0.6,0.0,0.9999999999999998,0.9999999999999998,0.0,0.0,1.0
207,0.6000008094544277,1.0,0.5000001474149731,0.0,0.9999999999999998,0.5000000369107203,0.0,0.6000000000000001,1.0
208,0.6000008094544277,1.0,0.6,0.0,0.9999999999999998,0.9999999999999998,0.0,0.6000000000000001,1.0
209,0.40000080945442773,1.0,0.7000000000000001,0.0,0.9999999999999998,0.0,1.0,0.20000048088714062,1.0
210,0.40000080945442773,1.0,0.4000002105928188,0.0,0.9999999999999998,0.5000000369107203,0.0,0.4000002404435703,1.0
211,0.6000008094544277,0.4999995892077763,0.4000002105928188,0.0,0.9999999999999998,0.5000000369107203,1.0,1.0000000000000002,1.0
212,0.40000080945442773,1.0,0.6,0.0,0.9999999999999998,0.9999999999999998,1.0,0.6000000000000001,1.0
213,0.6000008094544277,1.0,0.5000001474149731,0.0,0.9999999999999998,0.0,1.0,0.20000048088714062,1.0
214,0.8,0.4999995892077763,0.8,0.0,0.9999999999999998,0.5000000369107203,1.0,0.4000002404435703,1.0
215,0.40000080945442773,0.4999995892077763,0.4000002105928188,0.0,0.9999999999999998,0.5000000369107203,1.0,0.20000048088714062,1.0
216,0.6000008094544277,0.4999995892077763,0.4000002105928188,0.0,0.9999999999999998,0.5000000369107203,0.0,0.20000048088714062,1.0
217,0.40000080945442773,1.0,0.3000002105928188,0.0,0.9999999999999998,0.5000000369107203,0.0,0.20000048088714062,1.0
218,0.8,0.4999995892077763,0.6,0.0,0.9999999999999998,0.9999999999999998,1.0,1.0000000000000002,1.0
219,0.2,1.0,0.3000002105928188,0.0,0.9999999999999998,0.0,1.0,0.4000002404435703,1.0
220,0.40000080945442773,1.0,0.5000001474149731,0.0,0.9999999999999998,0.9999999999999998,0.0,0.6000000000000001,1.0
221,0.2,1.0,0.6,0.0,0.9999999999999998,0.0,1.0,0.20000048088714062,1.0
222,0.8,0.4999995892077763,0.5000001474149731,0.0,0.9999999999999998,0.9999999999999998,0.0,0.7999990382257189,0.0
223,0.8,0.4999995892077763,0.4000002105928188,0.0,0.9999999999999998,0.9999999999999998,1.0,0.4000002404435703,1.0
224,0.2,1.0,0.5000001474149731,0.12499992808532646,0.4999988859149695,0.9999999999999998,0.0,0.4000002404435703,0.0
225,0.40000080945442773,0.4999995892077763,0.4000002105928188,0.12499992808532646,0.9999999999999998,0.9999999999999998,1.0,0.4000002404435703,0.0
226,0.40000080945442773,1.0,0.6,0.6249994965972853,0.4999988859149695,0.9999999999999998,0.0,0.4000002404435703,1.0
227,0.6000008094544277,1.0,0.6,0.0,0.9999999999999998,0.9999999999999998,1.0,0.20000048088714062,0.0
228,0.8,0.4999995892077763,0.8,0.12499992808532646,0.4999988859149695,0.9999999999999998,1.0,0.4000002404435703,1.0
229,0.8,0.4999995892077763,0.9,0.0,0.9999999999999998,0.0,1.0,0.6000000000000001,0.0
230,0.6000008094544277,1.0,1.0,0.37499964042663236,0.4999988859149695,0.5000000369107203,1.0,0.20000048088714062,1.0
231,0.40000080945442773,1.0,0.6,0.12499992808532646,0.9999999999999998,0.5000000369107203,1.0,0.20000048088714062,1.0
232,0.2,1.0,0.6,0.12499992808532646,0.9999999999999998,0.9999999999999998,1.0,0.20000048088714062,0.0
233,1.0,0.4999995892077763,0.3000002105928188,0.37499964042663236,0.0,0.0,0.0,0.4000002404435703,0.0
234,0.8,0.4999995892077763,0.6,0.0,0.9999999999999998,0.9999999999999998,1.0,0.20000048088714062,0.0
235,0.6000008094544277,1.0,0.5000001474149731,0.12499992808532646,0.4999988859149695,0.9999999999999998,0.0,0.4000002404435703,0.0
236,0.40000080945442773,1.0,0.5000001474149731,0.0,0.9999999999999998,0.5000000369107203,1.0,0.4000002404435703,1.0
237,0.40000080945442773,1.0,0.5000001474149731,0.0,0.9999999999999998,0.5000000369107203,1.0,0.4000002404435703,1.0
238,0.2,1.0,0.7000000000000001,0.0,0.9999999999999998,0.9999999999999998,0.0,0.4000002404435703,1.0
239,0.40000080945442773,1.0,0.4000002105928188,0.12499992808532646,0.4999988859149695,0.5000000369107203,1.0,0.6000000000000001,0.0
240,0.8,0.4999995892077763,0.4000002105928188,0.12499992808532646,0.9999999999999998,0.5000000369107203,0.0,0.4000002404435703,0.0
241,0.40000080945442773,1.0,0.3000002105928188,0.6249994965972853,0.4999988859149695,0.9999999999999998,0.0,0.4000002404435703,1.0
242,0.6000008094544277,0.4999995892077763,0.5000001474149731,0.2500004314880412,0.9999999999999998,0.9999999999999998,0.0,0.4000002404435703,0.0
243,0.6000008094544277,0.4999995892077763,0.4000002105928188,0.12499992808532646,0.4999988859149695,0.9999999999999998,1.0,0.6000000000000001,1.0
244,0.40000080945442773,1.0,0.6,0.5000002876586941,0.4999988859149695,0.9999999999999998,0.0,0.20000048088714062,0.0
245,0.2,1.0,0.6,0.37499964042663236,0.9999999999999998,0.5000000369107203,1.0,0.20000048088714062,0.0
246,0.2,1.0,0.3000002105928188,0.2500004314880412,0.4999988859149695,0.9999999999999998,0.0,0.4000002404435703,0.0
247,0.6000008094544277,0.4999995892077763,0.6,0.37499964042663236,0.4999988859149695,0.9999999999999998,0.0,0.7999990382257189,0.0
248,0.8,0.4999995892077763,0.7000000000000001,0.2500004314880412,0.4999988859149695,0.9999999999999998,0.0,0.4000002404435703,1.0
249,0.2,1.0,0.4000002105928188,0.12499992808532646,0.4999988859149695,0.5000000369107203,0.0,0.4000002404435703,1.0
250,0.40000080945442773,1.0,0.5000001474149731,0.0,0.9999999999999998,0.9999999999999998,0.0,0.20000048088714062,1.0
251,0.40000080945442773,1.0,1.0,0.0,0.9999999999999998,0.5000000369107203,1.0,0.4000002404435703,0.0
252,0.2,1.0,0.8,0.0,0.9999999999999998,0.0,0.0,0.20000048088714062,1.0
253,0.8,0.4999995892077763,1.0,0.0,0.9999999999999998,0.9999999999999998,1.0,0.20000048088714062,1.0
254,0.40000080945442773,1.0,0.6,0.0,0.4999988859149695,0.9999999999999998,1.0,0.6000000000000001,1.0
255,0.40000080945442773,1.0,0.6,0.2500004314880412,0.4999988859149695,0.9999999999999998,1.0,0.20000048088714062,1.0
256,0.40000080945442773,1.0,0.6,0.0,0.9999999999999998,0.0,0.0,0.4000002404435703,0.0
257,0.40000080945442773,1.0,0.4000002105928188,0.12499992808532646,0.4999988859149695,0.5000000369107203,0.0,0.4000002404435703,0.0
258,0.6000008094544277,0.4999995892077763,0.6,0.2500004314880412,0.4999988859149695,0.5000000369107203,0.0,0.7999990382257189,0.0
259,0.6000008094544277,0.4999995892077763,0.6,0.12499992808532646,0.9999999999999998,0.9999999999999998,1.0,0.20000048088714062,1.0
260,0.8,0.4999995892077763,0.5000001474149731,0.12499992808532646,0.9999999999999998,0.5000000369107203,1.0,0.6000000000000001,1.0
261,0.40000080945442773,0.4999995892077763,0.5000001474149731,0.5000002876586941,0.4999988859149695,0.9999999999999998,0.0,0.7999990382257189,0.0
262,0.8,0.4999995892077763,0.5000001474149731,0.0,0.9999999999999998,0.9999999999999998,0.0,0.20000048088714062,1.0
263,0.6000008094544277,0.0,0.4000002105928188,0.0,0.0,0.0,0.0,0.20000048088714062,1.0
264,0.6000008094544277,0.0,0.4000002105928188,0.0,0.0,0.0,0.0,0.4000002404435703,1.0
265,0.2,1.0,0.7000000000000001,0.37499964042663236,0.4999988859149695,0.9999999999999998,0.0,0.4000002404435703,1.0
266,0.40000080945442773,1.0,0.6,0.12499992808532646,0.4999988859149695,0.5000000369107203,0.0,0.6000000000000001,1.0
267,0.8,0.4999995892077763,0.4000002105928188,1.0,0.4999988859149695,0.9999999999999998,0.0,0.4000002404435703,0.0
268,0.2,1.0,0.7000000000000001,0.0,0.9999999999999998,0.9999999999999998,0.0,0.4000002404435703,1.0
269,0.40000080945442773,1.0,0.5000001474149731,0.0,0.9999999999999998,0.5000000369107203,0.0,0.4000002404435703,0.0
270,0.6000008094544277,0.4999995892077763,0.6,0.2500004314880412,0.4999988859149695,0.9999999999999998,0.0,0.7999990382257189,1.0
271,0.6000008094544277,1.0,0.5000001474149731,0.0,0.9999999999999998,0.9999999999999998,1.0,0.4000002404435703,0.0
272,0.40000080945442773,1.0,0.3000002105928188,0.0,0.4999988859149695,0.9999999999999998,1.0,0.20000048088714062,1.0
273,0.8,0.4999995892077763,0.6,0.0,0.4999988859149695,0.5000000369107203,1.0,0.6000000000000001,0.0
274,0.8,0.4999995892077763,0.6,0.12499992808532646,0.4999988859149695,0.5000000369107203,0.0,1.0000000000000002,0.0
275,0.40000080945442773,1.0,0.5000001474149731,0.37499964042663236,0.4999988859149695,0.9999999999999998,1.0,0.20000048088714062,1.0
276,0.2,1.0,0.5000001474149731,0.2500004314880412,0.4999988859149695,0.9999999999999998,0.0,0.7999990382257189,0.0
277,0.8,0.4999995892077763,0.2,0.2500004314880412,0.4999988859149695,0.9999999999999998,0.0,0.20000048088714062,0.0
278,0.6000008094544277,1.0,0.7000000000000001,0.6249994965972853,0.4999988859149695,0.9999999999999998,1.0,0.6000000000000001,1.0
279,0.6000008094544277,0.4999995892077763,0.8,0.2500004314880412,0.4999988859149695,0.9999999999999998,0.0,0.4000002404435703,0.0
280,0.6000008094544277,0.4999995892077763,0.8,0.2500004314880412,0.4999988859149695,0.9999999999999998,0.0,0.4000002404435703,0.0
281,0.2,1.0,0.6,0.0,0.9999999999999998,0.5000000369107203,0.0,0.20000048088714062,1.0
282,0.2,1.0,0.4000002105928188,0.0,0.9999999999999998,0.9999999999999998,0.0,0.20000048088714062,0.0
283,0.8,0.4999995892077763,0.4000002105928188,0.0,0.9999999999999998,0.0,1.0,0.20000048088714062,1.0
284,0.40000080945442773,0.4999995892077763,0.6,0.12499992808532646,0.9999999999999998,0.9999999999999998,0.0,0.4000002404435703,1.0
285,0.6000008094544277,0.4999995892077763,0.6,0.12499992808532646,0.9999999999999998,0.9999999999999998,0.0,0.4000002404435703,1.0
