,f1,f2,f3,f4,f5,f6,f7
0,0.40433279367569475,0.4899690791949382,0.5584086928719113,0.45172803547390644,0.7228747404157432,0.530944381035605,0.7767709439801973
1,0.5059899681936554,0.546239980428769,0.6437363546847206,0.48900030832696006,0.6185688468426236,0.5192285525157203,0.5480798699588882
2,0.19402403509191396,0.3100070588420515,0.2480664008538515,0.6065759183884246,0.15259049919282391,0.27398745862662777,0.2147651621367733
3,0.47014692294190596,0.36488386752654794,0.5169360747343831,0.09300292827783735,0.6981633120168977,0.37334799215541203,0.22161523613439335
4,0.2668940115681556,0.2916779728075345,0.4004830079230236,0.4116704955544837,0.3747468675757704,0.326500844244267,0.3561723898277662
5,0.25637916852580694,0.3487135729440816,0.47356920549330245,0.01261725533345065,0.0,0.31387668938725394,0.1844958157090495
6,0.4568154884623593,0.3114398190221882,0.4629554015189542,0.45172803547390644,0.48810786144836554,0.3158710318152351,0.3906184782006376
7,0.16496591278017864,0.04446139521870024,0.03681577682071774,0.4778064269923389,0.1151627552551962,0.03104262524902951,0.3460479926395808
8,0.4533232539904063,0.29457272528563266,0.3850277777968002,0.0,0.7154230267724532,0.3171637383676629,0.1752449959067487
9,0.5039218332880964,0.5312818976502408,0.5811862446623813,0.6796461216335845,0.49911308977889124,0.49523569725439504,0.5729064761365635
10,0.0,0.3664687910793029,0.43242579075203624,0.4807306126675093,0.3459547358125859,0.31738160618538835,0.39985945650820015
11,0.4424912983426901,0.3100022871683457,0.48169888964141894,0.24209204655326094,0.11008248536220294,0.29111843568869916,0.1673895842760424
12,0.7896543168430429,0.5152901050009044,0.44785711910619197,0.26761361747289863,0.7427818996497089,0.3925298543946097,0.38754904335229373
13,0.31789974789193143,0.38182176355524655,0.5033121597683089,0.6202309532168886,0.3133921241773935,0.36479225683862365,0.4091423595833477
14,0.48622698742030024,0.3836311085376223,0.5220721403988379,0.10422139840321326,0.5109656757915527,0.3901002424139823,0.3529871379536967
15,0.4876509646658908,0.7828597310889582,0.881760187747516,0.3784667094502075,0.5413727633073213,0.7044440676078656,0.5659918650899187
16,0.5311030325740951,0.4630906276168945,0.4883187293791337,0.8828659584157703,0.49958141292141756,0.39854367766831816,0.5199662392733206
17,0.7116527951070113,0.8672870926819346,0.7472397495543217,0.5018189750480456,0.7869206375457861,0.6800577435165486,0.7024345565493098
18,0.16783175057281202,0.28823484628758567,0.2857411577139549,0.6104286129782809,0.33236131955838455,0.22189156236575033,0.45124017538053063
19,0.25450208240566596,0.28623223504082085,0.42898880533445694,0.1681781146814217,0.38516491963677224,0.3591899156321937,0.47247281819677095
20,0.43814559085204785,0.3297437077439537,0.3553559296292263,0.31621333553635533,0.31927791259567223,0.25097247098313025,0.22546375844090533
21,0.5706013822381255,0.6862870670532841,0.7214716323915444,0.3964369069224637,0.6921327101333401,0.5755177353526767,0.5937680482882549
22,0.38118686799083445,0.7090805076428193,0.6666502692711056,0.6926760137680394,0.5390499505640015,0.5833521384798299,0.6220988518171231
23,0.5748684537616435,0.5055914670181014,0.5220426555228291,0.3517133439848346,0.6628410926211658,0.3856203408064791,0.47050412558932897
24,0.6589231264636295,0.7336074945938104,0.6620169968326014,0.5936156198744158,0.791662258481087,0.5864309261269888,0.8209262805585069
25,0.4545932864276,0.5130884673337328,0.5560974875765949,0.3316433210903065,0.32631208471427914,0.4699144628437536,0.5379228684775464
26,0.03174929415188149,0.15421249645089913,0.31038798406462287,0.42574528593437094,0.2754981652059146,0.21085086341969042,0.4217412558956053
27,0.5071048652332995,0.5190901005940706,0.5691081837004409,0.17642566610214833,0.38294666228338736,0.4308175296953654,0.35473917873814764
28,0.45666127454819505,0.2238518750988257,0.44898932883367487,0.45172803547390644,0.3856414372017292,0.29971367583877057,0.2754659270432165
29,0.3605523596482132,0.4821370103341691,0.49280665089016545,0.5373592066749918,0.7004381652878588,0.4475146440843678,0.6521889904147777
30,0.06224121199235766,0.06036204081267332,0.39614029467070944,0.4180197583022159,0.49173981817936696,0.31154235681554304,0.3671922125201551
31,0.4424912983426901,0.4702585711570853,0.28686147837853115,0.3299819032409952,0.04267112873935769,0.1543405588165384,0.002798365348564813
32,0.43473765172305484,0.44541769614104043,0.4567839601665792,0.3206889610826691,0.4207582180068965,0.3928359240675502,0.4078107242976571
33,0.34384428385589483,0.4921366591533623,0.5488643433953991,0.4792698629903805,0.4697340707610818,0.4435231368380878,0.5248290954969326
34,0.3488867469519531,0.03221037908584218,0.21029292672662098,0.2827653628611102,0.23775747763572963,0.09401726531248383,0.13048688514306422
35,0.1545044505364191,0.2934697767219747,0.4269899019435745,0.40303497671313476,0.3510274063138229,0.3163940889272699,0.558560783977639
36,0.7631353297675895,0.376864183285181,0.4362675369384624,0.3201432618524531,0.4577441261674481,0.3398066624655343,0.30894595113612183
37,0.355113161258516,0.35525344380947127,0.6022691389373772,0.6859818632327225,0.4577441261674481,0.4127645804273825,0.5171280216601805
38,0.3127850258199644,0.6927320526029308,0.6845357094567165,0.4477787497384308,0.44617466425011676,0.6017596990817503,0.4195174370098603
39,0.24802977882017568,0.24201237996814348,0.3113821379936329,0.5834153459645994,0.45841226061044676,0.2637280870845684,0.3753005621438638
40,0.05316976258445394,0.15219096026096213,0.0,0.10400294678658845,0.01261963155462631,0.0,0.037045481854286744
41,0.39007771480992764,0.4232680720536747,0.21833222546289538,0.38948456512981927,0.5122290534199329,0.24614072864502884,0.46144765794076514
42,0.6339265359521553,0.9449925948296909,0.87698538790417,0.527257681921928,0.8969989831945826,0.7368012535141671,0.7974617488308362
43,0.08806032020454907,0.007131100108564048,0.21383432665027224,0.625087436387809,0.22595368413837102,0.09797726018246572,0.34610366076511206
44,0.4524016401295217,0.3992659871827272,0.5235236523109941,0.13243597917467326,0.39747812739494537,0.32491783715379247,0.42222115033550117
45,0.36033835532536335,0.5328336441421261,0.5528344914612179,0.34237079443365304,0.3739431171416318,0.41980967232471333,0.38215217604595464
46,0.9457901110056397,0.932653199391943,0.9743706044232183,0.4124048640568051,0.9201516012351952,0.8568677141601505,0.7349213422585424
47,0.4624117875371802,0.5327388397022086,0.46642396428761373,0.850324377279696,0.4599349611071801,0.45544263491247966,0.5948915301711167
48,0.7680364389432773,0.5664433457473531,0.5683730591627922,0.2331527227254861,0.5334184442542198,0.5059412136145445,0.5092561110530013
49,0.5053579773762618,0.46430549933687204,0.6273642114933796,0.9017764219339071,0.427947378615315,0.474805967354818,0.6628964672206324
50,0.4137691015758801,0.6746162091617068,0.7968226393780524,0.6098734847616611,0.3683825894908709,0.6516048037980846,0.5652299481455115
51,0.7004600420176852,0.34323278898630843,0.5043687455444548,0.7320307942278809,0.6544910781695708,0.37228854278442924,0.4776384682679064
52,0.6108325802992853,0.48950486094264467,0.39201897479221903,0.477644209026821,0.5924255281284005,0.38505343738614684,0.5161223598366793
53,0.3359569650623407,0.575638181254371,0.5510679859607858,0.4222402639514458,0.523347439583858,0.4820083708299107,0.5605221823007456
54,0.2796625094011692,0.5262660508409881,0.5859374756274209,0.7504705785044918,0.3781532056759058,0.4504757371921675,0.36946257588689757
55,1.0,0.7048800509064794,0.7895560726632131,0.45172803547390644,0.9447350725377244,0.6662930581428544,0.9573578453397291
56,0.2742889728187191,0.4938744559887595,0.4214692108272116,0.744201036807047,0.2626352341089536,0.38747772393917196,0.47309232292320086
57,0.5206161276032354,0.5470365174481325,0.4940951875279963,0.44295743050825837,0.5236860120376066,0.48284998690782027,0.5427192425096441
58,0.6304790138111929,0.5467025542059436,0.5818963070554226,0.6153111265988457,0.6169028289577356,0.46074159073767795,0.636595443035958
59,0.2751178022728901,0.3517138773606889,0.45742566520353195,0.44201805094827895,0.3205204726508857,0.3074824389709233,0.368576737156392
60,0.1534932489191489,0.0,0.1836758829160519,0.03652275350078432,0.19949874785995098,0.07976358139615297,0.0
61,0.548863197750889,0.6829147697840869,0.9251839437767926,0.31307278462046895,0.5146369130475046,0.7139873288139355,0.5372145934685774
62,0.5764000896236371,0.5715643311297844,0.5925669597729656,0.7154382674813252,0.6730812050091994,0.5346813552835202,0.6241123290147388
63,0.6734512498266714,0.9999999999999998,0.9202104444028991,0.8376964124802065,0.8068871723406214,0.8209672200424651,0.8923417123510782
64,0.521467545632428,0.47655215716135474,0.29905150577930195,0.48254377183077873,0.5841047126820436,0.3042558512876845,0.49642796580448767
65,0.37425869923535793,0.39787309878457283,0.4355398121535669,0.5616674112103557,0.41474175235207555,0.3640399646671256,0.4950433253859597
66,0.24560635906387854,0.41366142582930154,0.3701261595070159,0.4263389270384764,0.39166619928423935,0.3266318048812351,0.38206536248413403
67,0.5380203800158339,0.5435944423139155,0.5092613136893295,0.207309330560501,0.5267084873492314,0.46084380960168725,0.3596589188013467
68,0.7470461320025439,0.7408082916915688,0.6613482703334742,0.7801069752086518,0.7148962801181364,0.596991835981387,0.7671771422971535
69,0.46312425728846873,0.4702585711570853,0.5340138670986143,0.4998551043271679,0.5418845831921482,0.42134553600260505,0.5088684835208339
70,0.4424912983426901,0.4702585711570853,0.5213683078747597,0.4120030173114669,0.4577441261674481,0.42134553600260505,0.5145839605356524
71,0.27720702528494956,0.6011389580756613,0.5213683078747597,0.3693254817426304,0.35098741175206327,0.5112008458608839,0.5323504867962222
72,0.5441882678953459,0.4560097873407909,0.4721230293925788,0.35017442236914476,0.43056249592722756,0.3722164380483038,0.477900008885133
73,0.5682315471484232,0.5873455141432588,0.722002017754689,0.4643166546264272,0.5977794866303153,0.5911997559176138,0.4747438994137178
74,0.4829148010161825,0.6006659423307916,0.6143121033856169,0.6061730150235274,0.4120024096362192,0.5508200420543061,0.3825277969545413
75,0.08586699403410453,0.09648321537264687,0.2815653098373492,0.4689716726832943,0.2042509433403802,0.13526516197357102,0.3497391089214261
76,0.613980025045429,0.5009127106496244,0.5132618597111881,0.2349971058921647,0.5443471176382614,0.42227002850812734,0.36225834701744936
77,0.37960791844209874,0.6536037980294118,0.6238576417684198,0.4681286156368431,0.4577441261674481,0.5443099614298353,0.4353158379962142
78,0.6588465047124008,0.6251912578480552,0.8125363567543686,0.4318935939690234,0.8072331401756092,0.5916613764110538,0.7118250097946028
79,0.3599849297508364,0.508147206008017,0.5465091961235795,0.47057743891769643,0.2829406388728746,0.43164964286275614,0.229570151066018
80,0.42011266659318713,0.3028279724103443,0.3588418409184793,0.20984199391704125,0.45792943572034084,0.28158997692726123,0.29339787146299284
81,0.616837634725356,0.6577485403081699,0.7353402908509913,0.7975917276287651,0.714655097184915,0.6045372764007663,0.7453704045690286
82,0.43474023676936596,0.5933582543503015,0.64340017954197,0.45172803547390644,0.4690760093373574,0.5366956615916376,0.636909444609254
83,0.7579903455288697,0.7174158667658119,0.7279933445596523,1.0000000000000002,1.0,0.5563488112268921,0.9999999999999999
84,0.4115121115046434,0.3792119096518539,0.5213683078747597,0.45172803547390644,0.5023173894637443,0.46210521955689315,0.4932359059317051
85,0.5831975137497553,0.5213671414892372,0.6511870116496076,0.45172803547390644,0.5956923910384504,0.5312086931417063,0.5824062162863678
86,0.33411243258533563,0.32808802683006977,0.5261265296087885,0.45172803547390644,0.2165012053536372,0.3761690273803882,0.4179399496073788
87,0.6364426748774044,0.6733306160254117,0.657478722762347,0.4965797717366859,0.6819688126742622,0.5666844132010151,0.5661212865348414
88,0.2651489666778886,0.38391297876197217,0.46449903940176207,0.4698883349227549,0.3879945030046244,0.31919875946710197,0.381909137438836
89,0.434505225887218,0.44659367557514473,0.4999006264566004,0.3052401175559104,0.3486572206283806,0.385800645802608,0.4205148551342395
90,0.22016748099159175,0.23296908778574815,0.3169482263077988,0.49196721545904626,0.17489955074674057,0.21037444911278158,0.3229267322483807
91,0.5264719017208775,0.49087749443960715,0.5896343084038896,0.21198689580422914,0.5906352083356249,0.45926686158767427,0.3156160878752391
92,0.34891038748588377,0.4684188438229218,0.4897030538189914,0.6188248343527221,0.38193704823677366,0.4429579769126918,0.5409922222782866
93,0.6866157001001822,0.6847877820135542,0.7342139400537088,0.23026983475714766,0.8734151974268426,0.6055786348539949,0.7631500373849439
94,0.38636266891728244,0.810053814055406,0.5680983457196443,0.7498081496762139,0.42165933246024767,0.5728729398460326,0.717499963007558
95,0.3046797068906505,0.22022815286048625,0.25610356907005305,0.374265249816249,0.2634533587840987,0.24122215680663744,0.24930916759317587
96,0.43027297501905837,0.5033502900584522,0.5646072983552156,0.4145930425738974,0.5389868263098831,0.4143571940023325,0.47117074212998244
97,0.6542056860515565,0.46971041278410275,0.621932536168812,0.5685869798878647,0.499330820003102,0.4354193378497965,0.4562510708414642
98,0.4424912983426901,0.5921143302365559,0.5213683078747597,0.4169908168030054,0.6274985231763683,0.4811619989811602,0.3847788709915968
99,0.2863006555318637,0.4975599403991893,0.531064980025233,0.5739519119723441,0.44970572928005015,0.45238430312175093,0.6359358776368288
100,0.5672685807012805,0.34742701828408307,0.45935487015203,0.46369242528152854,0.6603053354003452,0.3409022936720257,0.545882900986435
101,0.5524450525981085,0.48471119799850654,0.587042359532719,0.5188466499648545,0.482868038330244,0.44488724900243387,0.5363639409763183
102,0.6503548314482936,0.8298837217703379,0.709593631068948,0.5965387937020425,0.6610999903656034,0.6197633557775507,0.7936038250022919
103,0.4586485880216097,0.4728793163383149,0.4595352224806999,0.476269188804421,0.3815824014543774,0.42523755183239975,0.369738265100089
104,0.32967492740912696,0.3124807987310906,0.3204098553749711,0.4861348277181362,0.15114480416579956,0.255627844135454,0.295682024500598
105,0.5356035818923589,0.48849857696289123,0.528959693299461,0.38464338503369855,0.6795471908372349,0.43169134001145404,0.4316457709348797
106,0.4219588300142371,0.4919314502254044,0.6328038667569702,0.5429913650094685,0.4381653728631365,0.47533659399684824,0.5298158735066429
107,0.4342464521503361,0.34135168917428904,0.4495265052295517,0.5407727594308378,0.5036749434470097,0.33427293037419425,0.32450936038458433
108,0.47100903180931286,0.45793268198219955,0.5205046863452153,0.37990998908700047,0.38244032518120347,0.4407442734757773,0.38689318298647773
109,0.4140603963370171,0.565620685836346,0.5902158738050349,0.6370586404961464,0.49826501805994605,0.5038903456997443,0.6737123625638154
110,0.49218052032399284,0.5694768362110328,0.5750240102003213,0.44261797804332026,0.48110725756023454,0.48701087209780697,0.4799529910004509
111,0.45387539378736225,0.4031122976653089,0.47885340888157507,0.5892617204830618,0.4577441261674481,0.39234350758434533,0.4212650780672518
112,0.24632513241390055,0.14665757107178834,0.26968732753725344,0.3663796890929184,0.2123549381094145,0.19168973323414054,0.20209949417727385
113,0.3380953773467939,0.4716918525369865,0.52708301898651,0.19221493812377666,0.3213916740621896,0.4049620608165385,0.3370627311000056
114,0.43121674525479275,0.30196693242702555,0.4106413466530404,0.5321337662811083,0.4311417837900962,0.2742962471159292,0.2927916006524286
115,0.5107939628061906,0.5401907562382129,0.5267020934109785,0.32607293918241986,0.43389762585651054,0.4777302917080217,0.33272119622002316
116,0.46784737338581794,0.47393590508154304,0.6646990838231056,0.5275722232376019,0.5360361116975941,0.5122358690404333,0.5334024731143678
117,0.18905595935374298,0.19486849536852896,0.2732606947732483,0.4882624476074521,0.1410130893657699,0.17578225805915643,0.308784955860433
118,0.4612803527249209,0.4965464764433701,0.5123784642922172,0.19599837936050218,0.5123544688852255,0.41791821336029633,0.2765793706014452
119,0.49552322984591063,0.7129522850242376,0.6331351721395542,0.4898195287525121,0.4334781377314782,0.6026517988323434,0.6432402002968797
120,0.6155146944633461,0.4041432757304551,0.46028278773377407,0.6418125420258118,0.7674289712308959,0.3653130957417544,0.6011821672948975
121,0.4304309890328472,0.42505079990325084,0.4953886129484944,0.5257451399776014,0.4529575209131606,0.4003325121040625,0.5610866325477868
122,0.5160822988717357,0.6723216901020246,0.6394943180171005,0.36617695245363324,0.5647146861067835,0.5603155470352166,0.48135021695401475
123,0.3726267032315623,0.3285155184713735,0.4216145997996854,0.6104556284122601,0.3473057104566798,0.3371371990948913,0.3662468153791394
124,0.47798417990800235,0.649358032858374,0.7240045068869441,0.4350687805158781,0.47078249780854453,0.5853114470169885,0.5744436828799928
125,0.20129386216063355,0.12109103321814574,0.28532190179961225,0.39408658207507785,0.37171881597668244,0.19565009924413362,0.39050402740594614
126,0.4633875732045157,0.4506593033241365,0.5258597295259113,0.39708897550642147,0.4427374610588551,0.4202251765139735,0.456512634615149
127,0.4424912983426901,0.361981548665662,0.42796074379803695,0.3275388376412982,0.4053470340449521,0.3304876129820322,0.28493688371546855
128,0.28037667533426436,0.3660564232173718,0.5034394583426638,0.4210780092997386,0.2598313220644838,0.37764688964257925,0.4188512951766001
129,0.4288737718135096,0.4202068411818409,0.41445813531861275,0.238486359171332,0.40965514113218054,0.3232007708388146,0.3545171198821651
130,0.47136677123083853,0.5823981242272089,0.5637735516629432,0.3276015990522231,0.46517344965650326,0.4706601262820287,0.48756554927570417
131,0.4096281672647936,0.36530879810004346,0.4490512851182944,0.44808426501583776,0.4577441261674481,0.3268251084089183,0.4064835697866297
132,0.6433254870789925,0.7525281693196153,0.6924299426030283,0.2203059570876532,0.45187031486660173,0.5948644786996317,0.29134427570153243
133,0.48572713568942333,0.5824926590810413,0.6016077741460019,0.6585592815015654,0.40330507577996155,0.5060223379160579,0.6413950589722047
134,0.6806048232038715,0.741897707033756,0.7624809194807222,0.45891820621135965,0.8692263174858927,0.6547103048948852,0.7641595200240494
135,0.5126597057104993,0.5225271793995109,0.5547898238143598,0.5238027329608166,0.5600322792240263,0.46123777040797287,0.5162344370944045
136,0.43937007102206793,0.5086252180816634,0.5800624714139371,0.5006203655199859,0.4829209365572005,0.47652636529873343,0.5655595571716396
137,0.5351835811819197,0.5631871412325913,0.6393935843649045,0.6930986884548546,0.6327239210508541,0.5150537193662437,0.7138773898420074
138,0.4720171101687371,0.5835537678842958,0.6015101887176635,0.45172803547390644,0.4703682629543236,0.48960716046810626,0.46417808224094864
139,0.43813334246227076,0.5187983814914127,0.547862352196121,0.5174842375419384,0.4319965878561006,0.4451435945450393,0.39197338572682694
140,0.6302343966686206,0.6881808823423161,0.6602548855298196,0.5157614103965616,0.6440417274950941,0.5778379473416366,0.6363752366966321
141,0.46726135072632946,0.4395172475246335,0.5563468915826271,0.5892940369236422,0.4902739431120414,0.42546516423320946,0.4894882763136039
142,0.4667712194219601,0.5083094878450283,0.5410910743307256,0.5805582377226204,0.47209270435100203,0.4523305568694343,0.5539471722919453
143,0.4212087017649522,0.3378542859892121,0.4017834906912632,0.45048535237407156,0.44573664516979516,0.3374998891974443,0.48697783836639336
144,0.40519620729833755,0.6347239206644815,0.5605606322805292,0.4747606852958665,0.34194903181453906,0.4799561391913485,0.29480588832608146
145,0.5389242002771887,0.6229882542780525,0.6956595827635143,0.49762517142868845,0.5744754757852523,0.5962087391889611,0.5622951565234162
146,0.4485219504355452,0.42232218434318053,0.47360608061081394,0.6189523987784655,0.5025636471585747,0.4006236757584144,0.5710404476865852
147,0.5666516679615818,0.62847142856578,0.673086351652534,0.44795763184801074,0.6468483766806663,0.5370996949652035,0.6336013940373093
148,0.46701703530840544,0.45396653149859983,0.4987948484937717,0.47120288606140887,0.46381391507113584,0.39929088608477936,0.4077369246653492
149,0.41869752906431984,0.36344111468885787,0.47176292394400954,0.34538978932823744,0.5100677065003378,0.36794740438529194,0.3902357714158393
150,0.3964939546938749,0.4987013858557957,0.6097831503406815,0.5693481757817014,0.36238333722341726,0.4829884739189686,0.4653132349787471
151,0.5513546686474591,0.6179388260288023,0.604346595744697,0.4723918696061979,0.5449599822320441,0.5169830518741271,0.41615616131872507
152,0.41516848418527375,0.4027775436372705,0.5024540547639531,0.5476783771484065,0.5328633656393621,0.39392223361794676,0.49509356332204124
153,0.3385925380199967,0.248092498724049,0.4182912072447421,0.5036482879544038,0.2963237372849808,0.3053105362566633,0.3756891275125886
154,0.5359379417310011,0.5788794057690055,0.6135627405062313,0.32353840435564374,0.5828896855461796,0.5120807670404124,0.3724334336926513
155,0.4984038766104716,0.5555475658227674,0.5990870074722665,0.5219799925862916,0.5265642689146268,0.48929076792415716,0.6002155935728509
156,0.3726216880786243,0.31587313523261157,0.4380018373452928,0.5197010970119758,0.3964314769390677,0.34949221702565786,0.4299872822415878
157,0.24221207093654123,0.28643662622432065,0.38112081296689293,0.16957109743632487,0.24190821611044874,0.25516742337367804,0.10179640392708522
158,0.5248093744445615,0.5547363004169561,0.6045469216990501,0.4659741773104149,0.5390974510126971,0.5045662175535915,0.4795412112823729
159,0.49824874121292195,0.4380949023535835,0.5292812496504615,0.38096287465994655,0.5195768152044006,0.42098216403817107,0.4077210740697061
160,0.5312901263202043,0.6050664139698502,0.6560905367548572,0.6077991614792542,0.5593109235374193,0.5438984362067415,0.600458898479239
161,0.5929578739222191,0.7233015690233653,0.7080848709410834,0.3256185480000283,0.5910114037288736,0.6228725855367894,0.5253891807516017
162,0.43803972627409427,0.5635539939771592,0.6097767017129608,0.746675702495081,0.4645148017025426,0.5119777282159133,0.6325193622146392
163,0.461790348927757,0.530843739386171,0.561301463568373,0.3806223028946282,0.4054998719238976,0.46413632210830724,0.4295495557120881
164,0.4434431580608871,0.41328686292270056,0.4705504868200321,0.5723387494010289,0.50866410564331,0.3859018634517034,0.42336085331733747
165,0.4651444098202272,0.3858265726834458,0.48004887793497203,0.3111430480839893,0.44861574359019785,0.3854743101588245,0.37155470399481555
166,0.4262603144571022,0.5471690459675546,0.5982112020310552,0.5030213633341892,0.4573021033807314,0.5011193798516252,0.5046885228279954
167,0.37636351407248647,0.37313639183180036,0.3469491066691289,0.4162879767537967,0.27729193617660186,0.36814046624040975,0.29793097972172744
168,0.2600521931451356,0.25236934717069576,0.5213683078747597,0.48369927486259184,0.355711003257929,0.2662636811162952,0.48815202131450086
169,0.41556517870531157,0.45768293743298755,0.517025813381203,0.23692069970815724,0.392156479058652,0.36969380802347906,0.35016633399712865
170,0.5117949384042993,0.4390897558833298,0.48041198893864406,0.39421371668947525,0.5068678015420374,0.40869309682427485,0.5404905491894464
171,0.5487653247987553,0.609874922121073,0.6296075730401249,0.42756198208684215,0.600734068941988,0.5315893360634046,0.5588406876662243
172,0.5143022213033845,0.6012772737097096,0.6798134307376673,0.5685977341259187,0.4577441261674481,0.5558479620973867,0.5625895098419231
173,0.4424912983426901,0.5001763722030578,0.5485144530296794,0.5142278972403095,0.6363603405119138,0.44614745059481264,0.6077790948913913
174,0.5057089565347214,0.6206770837845155,0.6303251017646716,0.38159006791225225,0.46582125105131295,0.5149708688321202,0.4147137571151981
175,0.5270416720229587,0.5032618388639397,0.4897656473573827,0.6250357873910598,0.5491397157014841,0.41241444003590527,0.5534177461879433
176,0.4314717759750917,0.5171169281477958,0.5666455688111949,0.39247614164228756,0.4330212731796537,0.46605434779259425,0.4882622228991112
177,0.49402196216203287,0.46421676058386874,0.5354023003986126,0.24157189423492526,0.5305429075174255,0.41531470070652365,0.3491908797733594
178,0.46801882637853665,0.48422210593676357,0.5652330149803714,0.4653747247987349,0.5147343790719756,0.4584338507793262,0.5428757338542116
179,0.5665026078305994,0.5833367600720146,0.6748060618013653,0.4981863080497496,0.6206904627140434,0.5466049876850133,0.6295976424132022
180,0.41750269945703583,0.5188081135490838,0.5951430153448425,0.6013248057210183,0.43308412541974955,0.46834348759457173,0.5132170926987988
181,0.4639693064811661,0.4273352094847429,0.5377465572888096,0.38869434801572184,0.5233925004067885,0.4182034474056325,0.45128307271936036
182,0.3855772715030268,0.4674537975279818,0.459572582671978,0.6004494590971958,0.42870770881109693,0.4023502190904219,0.400143215747077
183,0.3645600539855526,0.31633177305294413,0.409488573602354,0.45172803547390644,0.3942772023840601,0.29896165123332713,0.3289546940884827
184,0.39267135619618965,0.4320214693325878,0.5267971583579807,0.212266461221619,0.5015165206781576,0.40378968993936354,0.4396491291770748
185,0.5864455714340281,0.7162533037325414,0.6763672764747745,0.22519170324771634,0.592023559406511,0.5733845002488838,0.40955427824017493
186,0.42428939197133864,0.43448584559827197,0.5103144944378588,0.5324840893913401,0.4463687717565529,0.4105994100203021,0.5502713971636627
187,0.4153048963451881,0.4097226652919453,0.47368998886118446,0.4809632391041504,0.49693873718884085,0.38637363419289095,0.4378960347737754
188,0.22967569721471615,0.2772228478017249,0.36050358950782774,0.314069185819023,0.31013940599651857,0.27136210049917375,0.4090752290110036
189,0.4056671016176975,0.32897047194854334,0.40935288610521214,0.22750313912268863,0.5574042752477933,0.2814124425344716,0.34529941381510126
190,0.5628994365447132,0.5373069579413715,0.5890007735309664,0.3987757969971643,0.6224723245708039,0.49067883156596886,0.4695713024051201
191,0.5534966608540908,0.7097494495681176,0.7342087659335318,0.4677353113920074,0.49880518690619025,0.6243776014379379,0.5979075546486046
192,0.4645738729744449,0.4433915410428459,0.46734647947917296,0.5507762782426014,0.45326696236517694,0.38644748242395266,0.49624804012421403
193,0.5031797292835122,0.5901946526557625,0.6060698250561486,0.4817128032284349,0.6086601580398071,0.5153630084630021,0.5356140074990338
194,0.4883599768158042,0.4629302238962758,0.5348287149364903,0.6176761993480426,0.4991056348945845,0.4221361505380481,0.5180183643218074
195,0.478183065379556,0.5818144973116335,0.6099514709376898,0.5053575939511862,0.5336903392706798,0.5126206980762112,0.496800090087885
196,0.4197273642173029,0.36252482753050475,0.41840209891228575,0.45172803547390644,0.4577441261674481,0.332307346981498,0.44702689254433137
197,0.5843318190235336,0.6875049491512117,0.7077583021611614,0.43718702514520846,0.6597939065356758,0.5928431034689757,0.6366994386897686
198,0.4763237239306234,0.4343134363106647,0.4612823440529689,0.6091619858047104,0.5219595050344441,0.38580213899381577,0.4670793317333301
199,0.3761851132581365,0.33457194959660386,0.46145012250870865,0.4682508790559854,0.3934003481813491,0.3422195817768217,0.37473196689080346
200,0.518830773930899,0.6394646728463225,0.6872246921037066,0.43333342616064496,0.5901212208390555,0.5590035239398814,0.5719082706926053
201,0.39145357920619406,0.4074090595374398,0.45250680796275783,0.5390645548256295,0.20939992227539325,0.3707765097477205,0.40890028196924466
202,0.3699697159785969,0.5037795969127288,0.5476342438795674,0.44873893933108094,0.48153176944424664,0.43526314832323126,0.41759542782216497
203,0.5288283059863703,0.36090166768468357,0.42957506929326306,0.39416041112816325,0.5415731356367153,0.33048513583823663,0.3884825612302489
204,0.34256938305072715,0.43482361000426045,0.585444345831801,0.46551466420948306,0.3183067035288737,0.4146298351807776,0.4918948112328366
205,0.346375761809886,0.31537424820977755,0.4285731066277359,0.5208025423126214,0.46127114498879535,0.3006273362346642,0.44946857896712333
206,0.41539002346961096,0.4588795761474113,0.5383907637845979,0.32102458106310494,0.2025401451470225,0.42609577426801887,0.2744599641857586
207,0.28156312188915766,0.24622340447901817,0.2982256629360499,0.33042745642758387,0.04423097615105159,0.2347877714821211,0.14604561678696876
208,0.3919659402778952,0.33632652367269555,0.45391967566484204,0.41582985158533636,0.6510775742000277,0.377339827385888,0.37674935752985617
209,0.4949717505812929,0.4965399973911255,0.6338289798057893,0.24246621523879477,0.6079220564899341,0.4767236046367678,0.42872682990842753
210,0.4622504790164207,0.3411483853213323,0.39513374758252545,0.4894284272908249,0.4577441261674481,0.29958475215628244,0.3613729482596497
211,0.4509894138357745,0.6215305034678295,0.6539360102861509,0.45172803547390644,0.6283550613317668,0.56424343397865,0.6613799623508408
212,0.5978622286765564,0.5306156425995905,0.5542699103378236,0.3355767664867999,0.5770027495687431,0.4770168742949041,0.4738742586257286
213,0.4628787757455526,0.4822683886196282,0.5530468776809836,0.5177475149001939,0.41171822298611316,0.4332612449964176,0.49432549833797995
214,0.6218557641362645,0.6829835322081863,0.6909236078439965,0.46967491568063996,0.6851645779191563,0.5857514896028017,0.6530637256235727
215,0.4419693962483263,0.4598267219263025,0.5128255691475126,0.5079124373640628,0.4691621187763851,0.40101462428879536,0.49758013853906874
216,0.48342275853896244,0.5581176018613947,0.5871489901601169,0.4525894490465948,0.4741386663223876,0.4772820322549843,0.5388860613566947
217,0.35839704262873473,0.4632962768687913,0.5388693128334692,0.39057297281963493,0.20013734328018346,0.4204348102021486,0.3228313392187942
218,0.48915991409622,0.5064701019865726,0.5571719354808519,0.4204570304031444,0.5727671427189743,0.4380060801537617,0.4802780729389994
219,0.5596250064952346,0.6547959256700121,0.6750963927175475,0.4708348063699439,0.625370905995575,0.5432454110414895,0.6282046425132611
220,0.4499861059876816,0.42931215613620877,0.4561192759488404,0.39553665810378,0.5565543589337574,0.36464821998963376,0.4571304836548171
221,0.4386712767365957,0.4845233234558189,0.5146050670158893,0.40269879260530717,0.34476042424463027,0.4259951694315,0.4258486210919627
222,0.33226570648859016,0.33662593496498083,0.38797303157255736,0.3331214781269499,0.4335564182669181,0.28651300244578676,0.38343100302870264
223,0.41623241422351515,0.40853878698554835,0.4918917351876162,0.4030331231517049,0.5192936571073176,0.3708319736014842,0.4104212444572412
224,0.5527751393633531,0.6871206541869396,0.7080680930955094,0.36066356532111216,0.4577441261674481,0.597841176950227,0.5389598262543153
225,0.4381409181973593,0.4202901792269399,0.46525982529278853,0.45172803547390644,0.5221349710798942,0.3660859559748022,0.3959531819949182
226,0.4791388148993001,0.5226120271266863,0.5939790570637735,0.48980156622000887,0.5331733256181089,0.46780009546238954,0.4952714280775344
227,0.4294848376188073,0.42926831245257296,0.4276536255250305,0.5747021655856629,0.5361069543496036,0.34955130596790285,0.3953829542115542
228,0.4452853990615091,0.4781420950152921,0.5485443468894521,0.48603101932366455,0.4662965615540447,0.44611351286169737,0.5158100718412906
229,0.3736846558598792,0.4526315861363306,0.4956245204903148,0.7889121799876562,0.42049683803249743,0.4207189135651251,0.48151690871842273
230,0.4872963485022111,0.5436189027580345,0.5381811738724279,0.49195075726625415,0.3688107650637498,0.48836376375018714,0.4456444519893331
231,0.42233730688929355,0.4192955144074531,0.5004371275537041,0.5803548921839282,0.5711549326079309,0.39236297085702465,0.4511758004267133
232,0.3584614893826684,0.3196094815510918,0.36317188518536014,0.4278032495224192,0.36003614522332245,0.29002667124325454,0.376958634020908
233,0.4723835343673018,0.40567037306796183,0.4863407412277167,0.3310462594042387,0.49318850536063985,0.3482445910378439,0.3946545678186318
234,0.4899737714840589,0.5670777986261676,0.5951042379772659,0.323815731172273,0.5467651777916803,0.4989107170139324,0.4834584156439289
235,0.47247029243576955,0.5443569126383285,0.5525112040626582,0.6714887589603019,0.5241488438970517,0.4480510363433159,0.5104703546738081
236,0.4990470557040131,0.5417377670012037,0.6179483114525116,0.44978774169623964,0.46780120712002826,0.4906538357177741,0.496586112835817
237,0.39713091173588516,0.4843101527521485,0.4684336819701162,0.4320355033484409,0.4530850104853756,0.40902687253060804,0.4091460877731191
238,0.45168651193944,0.6115428602156249,0.5832457727628378,0.5347543081491077,0.3728209997953605,0.510196049014338,0.4263138690720422
239,0.34560649443223423,0.3800123287108425,0.33597342815365094,0.4397455219545263,0.2630317880517059,0.30607560254947636,0.33529798899822777
240,0.4898941895693886,0.4498935350632827,0.483375856231288,0.4325455461457416,0.4229452532507504,0.3733708129505181,0.40390928948414057
241,0.5276992115788155,0.6220270810365347,0.6976217822393911,0.488223227322126,0.34642643362908004,0.5509539631802006,0.4028475195624022
242,0.4714995953138541,0.49320036496923636,0.5835072275230322,0.6211923874715617,0.6481055914913469,0.48597590933639895,0.5534565448336702
243,0.461215098653685,0.48799977081588275,0.5990507791197771,0.5877831067718632,0.4792774617324298,0.4570330130161995,0.536859072365715
244,0.4852415547189392,0.5386000725294402,0.5743323045204081,0.45172803547390644,0.49701819928519136,0.43709451713048936,0.5018593246553271
245,0.4518967243173855,0.4702585711570853,0.5831390089779354,0.4157854198374395,0.4577441261674481,0.42134553600260505,0.4504490581423236
246,0.4424912983426901,0.4702585711570853,0.5213683078747597,0.5699863560865402,0.4577441261674481,0.4531173305373198,0.49446612750867514
247,0.4310586660032421,0.48316815913716915,0.5213683078747597,0.45495245332868883,0.5069251965008048,0.45747649943606994,0.44430204895057596
248,0.4440841435346882,0.3889923939700853,0.45167178676294173,0.37427447285138277,0.49401033622684287,0.3568840400050609,0.45045461569229345
249,0.360125566055827,0.6062922578434902,0.5477620750839405,0.5432527261254729,0.6364258873909209,0.428108837688657,0.5258710434904452
250,0.57228238811047,0.4702585711570853,0.6737161200703283,0.45172803547390644,0.4577441261674481,0.5661571440814116,0.5437538499059049
251,0.4678590509451793,0.44579974455460364,0.5596798144103964,0.4744239639238564,0.4813758289053559,0.4327025929679618,0.5399067517215727
252,0.44693868703981077,0.47393759448767614,0.5342765868551019,0.49322735069041096,0.5167178118199172,0.42640087725069764,0.5082157492768758
253,0.47505540398467677,0.4479378497677263,0.515690823796783,0.41008621093298053,0.4242673604066963,0.41824186471237107,0.3727009718325537
254,0.4659569053697886,0.49746247604323246,0.5342667902672669,0.5489935730040796,0.4350302072422136,0.45202434046672196,0.46074076074105946
255,0.4567231770294187,0.47455893649655334,0.5280686127902272,0.5184976879238853,0.47828593661831864,0.4170500046690276,0.509579108910311
256,0.3656294884599455,0.32402848274039786,0.4534600635153687,0.45172803547390644,0.41454884340742654,0.3359539270587833,0.40333062117175983
257,0.5101052151360349,0.5006600815293021,0.47767899773639844,0.33232135744308744,0.49514439668879373,0.4207007881227186,0.3624102765397499
258,0.4622548091728598,0.5089641956250347,0.5641927124647826,0.5945946584854704,0.3869198691061723,0.4688143175389868,0.4732849151861141
259,0.35375011608244233,0.2992218002261431,0.44703957958447393,0.5126139108639144,0.35692278322639814,0.32541305876498877,0.4226981154834338
260,0.5437908149863273,0.5351419570231614,0.5891212049825864,0.3475569787245981,0.5097129407118066,0.4679806162375947,0.4664852180633249
261,0.4424912983426901,0.55778669392817,0.5536845594590487,0.37702743243157455,0.5197388420570469,0.4670582211046937,0.47103821771965987
262,0.35560733730411664,0.28039268592103195,0.3607834770711527,0.4289239378352031,0.24735971714077837,0.26949656091739804,0.34171646134954403
263,0.2865191857244381,0.3082336856296274,0.36979914369832867,0.5602219646080265,0.2137198449717282,0.3024380161440898,0.27450724967341866
264,0.25990869453334625,0.3891313655969406,0.46396856843736467,0.21982402216150285,0.4513282164208847,0.3505747892824535,0.3031164054081723
265,0.47990141171580825,0.3687860721907682,0.44447328255543095,0.3856535401953259,0.3679281220626205,0.3551666457058872,0.3985322441060272
266,0.40814303777224,0.529995576631516,0.5513358322811988,0.29065764834112573,0.4577441261674481,0.4548491992969296,0.24461102325679515
267,0.4821911103698651,0.4293793729334204,0.4136967311963151,0.38802063663961034,0.3986416503757185,0.33393376882211745,0.3622724493004978
268,0.34554673664242963,0.3049374655536379,0.3895714257234884,0.5922968512119289,0.525145282264446,0.31540311057276815,0.5689746947845659
269,0.3619408720155477,0.580617624955936,0.6001521248399542,0.2638345997112761,0.4336036212002765,0.5082832365525336,0.3733944730211863
270,0.5580058052474711,0.5431649018183652,0.6287320434251731,0.4578547365340173,0.6084673511004166,0.4948835026461117,0.46754486916913723
271,0.5476016869963298,0.5575265163974656,0.5862177911970106,0.5962733404238476,0.5328746712221762,0.5009839051163816,0.45986951057922476
272,0.3977265651199587,0.4109332685655758,0.4668448371145118,0.48038157003691273,0.4509069007016381,0.37006768411334573,0.5801307006076741
273,0.18451006979103135,0.24754346868939137,0.3130577064297041,0.4100190081381466,0.04575456069335837,0.183826838637757,0.2175590814453622
274,0.4660826756198101,0.30818826037429253,0.37515613668534137,0.18948695237367036,0.30060865517678304,0.2400478870735913,0.13053831563674345
275,0.369891055547312,0.5533959363743769,0.5801978830848195,0.35750614430989375,0.5104011616902864,0.4816787898688202,0.40240053044961943
276,0.5481423367924895,0.49220227640646913,0.557720287595861,0.4346880840705263,0.6658264890213356,0.44562195086363454,0.5965682661534764
277,0.502826915313002,0.5323296259974729,0.5588792905155104,0.5941870182413638,0.6410816624007785,0.47290596353898084,0.48514471524352826
278,0.4424912983426901,0.4174496315243471,0.5758847783547681,0.45172803547390644,0.4577441261674481,0.42583471611038776,0.5751573649219534
279,0.42007884896841646,0.46447699203179005,0.4862918438897939,0.45172803547390644,0.42245010272524564,0.39136803079868265,0.4192512072098466
280,0.5879769463449744,0.4877389013475601,0.5674947332402448,0.38145703234624984,0.6403503186992793,0.44665457457985586,0.47309519432401864
281,0.4424912983426901,0.6014052282518882,0.6613227706713519,0.4704430243736255,0.4577441261674481,0.530259679501957,0.515367899271815
282,0.4769775367793376,0.5601496519086496,0.5801318179400594,0.6917287901509949,0.4577441261674481,0.5116305569445254,0.5658834928655068
283,0.496012089013925,0.521135908517867,0.6083918731768359,0.4767660865380553,0.5270711330439796,0.48226724530329,0.41957535131183765
284,0.4603027974832967,0.5358912805328256,0.580305788219761,0.2660531336546824,0.4277424755523572,0.47954703932507203,0.3511585650748693
285,0.4339584111225686,0.41732006845186087,0.5105341282303725,0.6933504325419914,0.4056493691306281,0.3979702490887196,0.5393518998264586
286,0.3431944178917693,0.3359784071610402,0.45538704283129067,0.40998619025099586,0.3205015251741243,0.32248325362324787,0.42536466269365136
287,0.5213760333620694,0.48858407169667084,0.5709861230096852,0.31816066747481353,0.4174017179759634,0.44829413305063853,0.37246973144089185
288,0.4255036787410782,0.336154348026362,0.40548850314301166,0.36627130499849203,0.4997579585225198,0.3000772117953025,0.3662981300905276
289,0.4539433633804329,0.5770370814222225,0.6578756557721761,0.4730383685514632,0.5067122860250569,0.5406679213443146,0.5361907538253832
290,0.5249133715915838,0.6530557834356747,0.6122351887195657,0.4923399245768842,0.5499124055344178,0.5390878229557882,0.5805259118799044
291,0.4614725839447715,0.5688803859840108,0.6579693320766308,0.4954421954197638,0.5271296755619049,0.509920878905119,0.5424192274371055
292,0.44599070896844056,0.5343084867101427,0.6061450685574727,0.47910515570081674,0.4404193490578633,0.4904523153228666,0.4894865280010092
293,0.4729020196338915,0.4353450254376037,0.5110490578117381,0.3574197432749367,0.479582610463152,0.41601961642403645,0.3994140767692628
294,0.5559259030806282,0.5965774986127997,0.6454856067770625,0.6466187014516334,0.5861283015000707,0.5486939880781714,0.5697607639148836
295,0.4410588891163874,0.46804131546938504,0.5330807278404416,0.6371566016654313,0.42409417247868547,0.4305349108924336,0.5594685055611508
296,0.4564465933835666,0.48550833709346003,0.5139011869355595,0.43626048619919205,0.5809294419936643,0.4187231642575666,0.46142594876119547
297,0.4793043557198561,0.547529410673675,0.5861705012603928,0.4485668983854254,0.5068385515341701,0.49000658480060294,0.47953141610055106
298,0.47538230225431366,0.45800467045311694,0.481998189666658,0.5369582105979426,0.4463181516470356,0.38805719433290603,0.42005044078665543
299,0.44071870680750497,0.49520314695385503,0.5354115548451792,0.5239031476365351,0.3913159897305866,0.4351722449139814,0.4468346939412076
300,0.4461778516428711,0.40723407120961863,0.46762126901232354,0.45232798047775385,0.41879433626682894,0.3634927144050598,0.3592081088729597
301,0.5056826901808785,0.5723165302243562,0.566319589728793,0.42648319142589414,0.5700524002712863,0.494041360067256,0.5238384274801209
302,0.48982777752788087,0.550103023221031,0.5622333948977544,0.5557427573004958,0.4310860889189699,0.4730847149257606,0.5825918731900478
303,0.4398337157951483,0.4523855888337011,0.5179976729394503,0.3663348275336755,0.4545736837279699,0.3955334732427601,0.4451360751058418
304,0.4009064248789945,0.4254875653058811,0.5340020255919592,0.5187262759247542,0.3512157250218406,0.40729099891134274,0.42627925016702173
305,0.4839362775809355,0.47787099026193947,0.5119367237821052,0.4097976015685178,0.4840091796572205,0.4076519023631442,0.37751838350693306
306,0.5007599628418756,0.5148274862927157,0.5702772209891837,0.45172803547390644,0.5001146879122766,0.47429992226515616,0.470233739205067
307,0.39757195977922366,0.5026517385948102,0.5285741167225204,0.48563913882891263,0.3994762489001071,0.41975219740995884,0.4432660174321354
308,0.4285823710410097,0.6089825292760602,0.6042602716367438,0.4631631305176864,0.3994466928764645,0.5076047321939559,0.44612379067423197
309,0.44850510278356154,0.451337150576445,0.4804295752404957,0.5891902016659614,0.48762354898157356,0.3922992297178953,0.4955255702063636
310,0.48870525582482693,0.5241310099230323,0.5342014194437805,0.443662777790319,0.6117866702146362,0.4354988049680042,0.5235845053376447
311,0.4428386894242509,0.4492164965692294,0.45719657722819484,0.5414771396373699,0.4602961022243658,0.3869244404941337,0.48497674987391887
312,0.4157579073630958,0.486482854846189,0.53360099323324,0.4459163950848459,0.5076570587290345,0.41670342894789025,0.42870783003446816
313,0.5027263105295933,0.5892290671886523,0.6300980396856538,0.5755838698356455,0.5495325464523022,0.5241958041137176,0.6022536629290831
314,0.5068871505127476,0.4702585711570853,0.5799612241542234,0.4848661947582842,0.4761265532999492,0.42134553600260505,0.460740042890855
315,0.4424912983426901,0.4702585711570853,0.5213683078747597,0.4938457328101229,0.4577441261674481,0.42134553600260505,0.4980569994829394
316,0.4562147057592646,0.49422127848720643,0.5213683078747597,0.4066187168532065,0.4345805255606732,0.4666606006852746,0.48065444643247784
317,0.39442696144914724,0.42732510000655266,0.49120915079676497,0.46006558759961325,0.42143917111070994,0.3872252624199393,0.48268756030665355
318,0.4699618597211327,0.3969140732455328,0.43947430254191583,0.3523560373088069,0.5760312514870455,0.3405819048995841,0.40450862493547163
319,0.4968149701483418,0.5829282293186944,0.6179418247797898,0.48065746414905514,0.4140552399616753,0.5377824890118174,0.49215446459871925
320,0.4568848932861894,0.4716819407552586,0.5322396289516677,0.4896570958813212,0.36162532764726557,0.4412247616916461,0.3865426984132755
321,0.4480781705609315,0.44166171496936396,0.49515719471682756,0.3792794200247477,0.479144616884145,0.39253978886328106,0.40251815367908533
322,0.5329139676037755,0.5386042241551503,0.5783141894691284,0.48669513157971445,0.48687268827395325,0.4747448155646039,0.5334297861568238
323,0.4493589427646608,0.4889175047528924,0.5683464276618813,0.5066129743945353,0.3963740564789856,0.4523704587362176,0.4465670052843269
324,0.30991226466986055,0.3109540698279001,0.38818067167841075,0.314375757715989,0.3237460914347596,0.2909040117050309,0.30072569792812454
325,0.4792782932340188,0.4433800387032161,0.494671559786464,0.2943594791485219,0.418101236036819,0.37624505929570173,0.2668221074799134
326,0.5079412948867197,0.6174783909679027,0.6135765032854521,0.4450849429447377,0.4847655401483602,0.5254762630457763,0.5500522907561016
327,0.43417812374957554,0.4215681790218388,0.4216848689170893,0.6059509458280734,0.46607884833071034,0.34455304260106445,0.4756355156805462
328,0.46093104528410733,0.38088211226952046,0.4243232612235987,0.33718365202158235,0.4577441261674481,0.3100026350077677,0.40969351802337767
329,0.465263835697914,0.7051630713647924,0.6689642328290163,0.6272190409864787,0.3945398914259429,0.5592039481770814,0.5480302572471782
330,0.2495541488264493,0.22192749773394918,0.26944873782284123,0.4892367493392972,0.1612287635039874,0.1708558836493672,0.30885297795641803
331,0.49502350043583715,0.3599172381502267,0.4926393004406904,0.21883316373843217,0.4762556834567379,0.3193005812976109,0.33393374941938075
332,0.5473621747086179,0.5592744586558646,0.5743388863056332,0.5597662034019695,0.6246847251222648,0.5280289381491805,0.48090784755464444
333,0.30559200806103876,0.4567799318824257,0.4115344530585936,0.45172803547390644,0.4015376986699042,0.3689653292308379,0.49472802705100394
334,0.5487897074122263,0.5158667226782679,0.27464698804192345,0.1539132670969574,0.4058508210156742,0.42879786343499343,0.3586657151523613
335,0.24574096903062326,0.23394503434472802,0.5213683078747597,0.45172803547390644,0.16790203251767838,0.1561759065899629,0.3017057602870771
336,0.38860198770979276,0.3975442936228117,0.3989489668917941,0.45172803547390644,0.46363888254803426,0.30349180347211147,0.29154323599045273
337,0.17429505950189467,0.3942442094796028,0.3762240408493744,0.45172803547390644,0.2590152714962609,0.2685178819702435,0.28957618749154357
338,0.3166914548415568,0.17154526420460758,0.26855054289836405,0.17015085026131144,0.3846433412488848,0.1289648790293732,0.2760187990611538
339,0.7934274406531265,0.9342160258719248,0.9999999999999998,0.5940995695412508,0.7998639827881768,0.9999999999999999,0.7396417283730317
340,0.4147397497694742,0.4997762525355918,0.42697891644944863,0.3494485515953107,0.3231773356148283,0.3586402918002889,0.37048119374876587
341,0.553770520823388,0.6846517219164177,0.6088699086181895,0.437034379436543,0.562518342883094,0.5327337333411324,0.5294941029416181
342,0.34284541217560394,0.5692306052671297,0.6096477481810494,0.6447778105021413,0.4007308540762585,0.4493191095563969,0.513430085801393
343,0.28772221898026784,0.1851275593289779,0.21759708190274613,0.31747993584671674,0.2752628135733025,0.11529944339959897,0.3185742906765824
344,0.45153367617299367,0.4853941584002286,0.5206454528500308,0.2555288267619671,0.3842353882184981,0.4165778541566658,0.28726646972407716
345,0.32589733481236033,0.6011406564679973,0.6019954812430154,0.4577447496014463,0.17942640811076455,0.5399373279167261,0.41849971067163294
346,0.0763509737437254,0.03961784986262068,0.09211453812873827,0.26415218552398434,0.07933848297813606,0.020682182787646664,0.025353265084921583
347,0.5640998276711903,0.41090413529598224,0.5022256896436408,0.2295879211478492,0.7544438548351606,0.4141511595091495,0.4595266329025437
348,0.3365441701562617,0.43385008972004624,0.5339467176713172,0.42777378953640943,0.40907870941654917,0.4046104186026904,0.5056743279885835
349,0.44537700918851036,0.2578195600664216,0.2764070354033846,0.17353535493368766,0.3533956709002306,0.19306536800115925,0.12706145448446465
350,0.3961969027002594,0.6086235664175822,0.7070469842830772,0.5109476755457663,0.6010189271267123,0.5883207192769371,0.6961578480351409
351,0.7062737703978501,0.7455407406219896,0.813421663934655,0.5611315080970682,0.7222006726668767,0.6790449542130177,0.6454710124330034
352,0.34094977406695237,0.48393072830981343,0.5089108716710908,0.5654992689043321,0.4378703141525649,0.41386077265947213,0.5295933746779544
353,0.3012981482815835,0.49764610011197874,0.4752439274280947,0.4569727636519434,0.6073628806638611,0.4186095695206565,0.577632570318001
354,0.4424912983426901,0.4957451767365036,0.5213683078747597,0.39944625792497135,0.29356747019665613,0.4003272816192538,0.26262018288646505
355,0.6505539860256147,0.4701534325839067,0.49923753061766585,0.35104303528187925,0.6078871961928509,0.42614252927826446,0.4863871402739738
356,0.4754627567240479,0.5799086854418157,0.6313283104039914,0.7370737259789522,0.28489044388727286,0.5276010050851273,0.5791414219783548
357,0.1569334888949509,0.2968005487478678,0.36457983557102613,0.43997885578900775,0.4577441261674481,0.23412636545754686,0.37433538938753874
358,0.3313878508564299,0.4187713941270563,0.41520048840650864,0.10092968820956655,0.3895238338431585,0.33960682514742174,0.26162261424510747
359,0.5315101814454607,0.41469330251473124,0.4441264167673147,0.4678338725062962,0.5507366250237566,0.35121846689812164,0.45488653022866055
360,0.393894539765694,0.6464508884065653,0.630080244136295,0.35847944314859814,0.4057771222164274,0.55859375947405,0.46657789020907203
361,0.679629110929018,0.5774852503162513,0.6081191380737556,0.549397380763684,0.6720958427127877,0.5523142431081522,0.5625273000169482
362,0.47812829827852876,0.4572518962415637,0.5790113070504768,0.6030194085880051,0.5323769705652096,0.4823702150784847,0.5480940648677696
363,0.427761255952171,0.584196667793776,0.5918372851817535,0.6113882026259272,0.4481162918429608,0.5237411662311856,0.5377203073593748
364,0.6318640685771523,0.5433902937578923,0.5500301468590313,0.45901196776561765,0.5785025328840727,0.47825876919045235,0.5297372110181114
365,0.43795650735420394,0.4933091519407663,0.5579371441032797,0.6126106487748859,0.4984063973481897,0.42988198930113825,0.4850939215524497
366,0.45294677502180486,0.5174971433759804,0.5503776499009193,0.3912629185284625,0.43013075867074024,0.4426221038337373,0.47668534844807847
367,0.45322527502690974,0.46078155989482106,0.5157546537977167,0.44780491450412097,0.44416756628220944,0.4404370644893142,0.4712252061196869
368,0.4109794614890238,0.5794308620784288,0.6084585375303665,0.6668154470580189,0.509167637600886,0.5072783706566832,0.6471234572907032
369,0.31037405016672975,0.4360220010282372,0.4273923039223406,0.34162096167727724,0.4553836224811226,0.35263316630910774,0.36647027520084346
370,0.41810932093981124,0.3772947392216517,0.39638052983142785,0.2826240265634874,0.5033952365278382,0.30761921701178757,0.4225604156047018
371,0.3042998355584357,0.3403648333650665,0.37645790347237484,0.45591384281134667,0.29668156323126615,0.26770449842667277,0.36874062698935683
372,0.4657748023124568,0.40406786351625723,0.42069342569442203,0.27791468214336146,0.574860460631606,0.3526974339491832,0.4197540033869099
373,0.42588868754703435,0.5975744639002125,0.5687451107417701,0.4115996930896267,0.37883148114168436,0.5001042083470925,0.4527570739101118
374,0.18555016358205673,0.165688847982096,0.22131599980247035,0.33713195825281805,0.1550175103076739,0.1200921815118744,0.20298461505757495
375,0.35960325622545203,0.4906023369087756,0.5265926189197334,0.2740544121285312,0.31361622122982064,0.4403507873834595,0.36589844962186313
376,0.4160231477931158,0.3059432822508439,0.30399125923704096,0.2675256673262152,0.4994907897497024,0.22799282795232534,0.36754842831676376
377,0.4043819014008863,0.4344722944043956,0.5850799888543363,0.46351776069578154,0.4846315477409176,0.452077473906462,0.4524584366468365
378,0.486075717360137,0.442567991497758,0.49262268428637196,0.5128803312176378,0.37919992413528913,0.38907713023944285,0.4357754705351784
379,0.4424912983426901,0.6610084740971085,0.7963717680676281,0.520322505719916,0.6237060526707212,0.6488877136697279,0.6269773849629416
380,0.6940649228591192,0.5483905315328192,0.6162928973558799,0.39556109466968303,0.6230802844117417,0.5330173792524672,0.45793565686315624
381,0.5188902055318947,0.5342084343277692,0.6918560432696451,0.6954938748614834,0.4834949201466285,0.5269286115899896,0.5334039898623805
382,0.5010266955856966,0.514191236173334,0.5722764382513269,0.49816482643685067,0.3883611864075205,0.47232344634468987,0.5461494086639471
383,0.4484654219149494,0.4879461591297645,0.5843465573192457,0.4168995982992115,0.4577441261674481,0.4551831389953607,0.47230487598361975
384,0.5669474478188423,0.6371791220170703,0.7109070681601307,0.4415187444802262,0.5552029592677532,0.5836847230856621,0.49178498015155764
385,0.44122556344305464,0.4972587408525396,0.4897379125514339,0.6907520886391344,0.4300699635366903,0.4207120086346845,0.48837821359827344
386,0.4522398260161083,0.382425303896306,0.4446584000205138,0.3508698123550221,0.4590831151936714,0.34179126894159434,0.3901203480499032
387,0.20402336934055482,0.3094118487110208,0.4252479354689818,0.19174264708970307,0.30236096951033925,0.28605304776681556,0.3715648696799687
388,0.4911266532105084,0.42378137294585727,0.5018054255367635,0.34844084098571404,0.5873817761179407,0.39200294778385436,0.4477245040042958
389,0.5350628016206755,0.40780223287011363,0.5050967937118612,0.45172803547390644,0.6129067134539853,0.3937020181238715,0.529833159802695
390,0.33727350386897437,0.5046617634589144,0.6593440691761605,0.43087860342975315,0.45959003882609156,0.5028698315052832,0.5493242980229687
391,0.6240448580069127,0.6950933211772773,0.7006061748102371,0.3956288436831026,0.6236784687487424,0.6070096040073316,0.5181615638593637
392,0.5092493364748795,0.5055799646784715,0.5192201634550218,0.6534476067983369,0.5317616323439089,0.42946780567982484,0.5314508815513123
393,0.5333180095267356,0.5107819966242789,0.5900470491117595,0.5204897291967348,0.47311030030909124,0.47746906955829266,0.47318976529933876
394,0.43392991037538425,0.48924322764708095,0.547283573591321,0.4453093134217736,0.48724604452084114,0.46883844163971344,0.4697453347667798
395,0.38584805714279935,0.42909372850387945,0.43947708933826113,0.6902952618591152,0.4748109829809837,0.3820326166300364,0.45545140887017854
396,0.408508018585325,0.4056876804946235,0.511171648317182,0.39901238127995015,0.47630043826389296,0.39365962185096653,0.4630913496572624
397,0.4430091230769416,0.48967567967235,0.420604971066396,0.3039350312212724,0.5286716040498604,0.3681265786990612,0.408358189282603
398,0.620129809446043,0.6785380846239346,0.7697170026382686,0.4826670291886587,0.5829733808607568,0.638806204504654,0.6288562073560796
399,0.40328443915308204,0.4927668076410185,0.520310875597335,0.5667255923098083,0.3929852122806783,0.42567012846217417,0.41758277281775447
400,0.4916875185581045,0.5035607469288662,0.5031973684881319,0.2606490797833103,0.492053084828576,0.4279868016742833,0.4647322047076292
401,0.43213976988227615,0.47345147685907185,0.485276470361308,0.6056988793824271,0.4751574523418257,0.40441916066065026,0.4390975539207971
402,0.41223013462040475,0.36471958176630426,0.46197948065681793,0.4407763617871818,0.4182641894372297,0.3333103140214771,0.4251331675809492
403,0.48708184674142757,0.6013283782452368,0.659662762640813,0.38682972789816716,0.4286083811906588,0.5367264748437286,0.4883232749011758
404,0.3936828595381081,0.3773228929951362,0.4612333801362939,0.4316498998902218,0.37732335039603626,0.3544324271898173,0.3311149021835313
405,0.20940226357419234,0.2792922624803709,0.28638684796479397,0.20632537598217607,0.274580083877904,0.2063416676447932,0.283103714279687
406,0.39851060885065703,0.44261823335781286,0.5591914877961908,0.3740552153384842,0.48045395638190547,0.42507721071640714,0.38492499982111633
407,0.4096138801949604,0.4339191397026364,0.5381504810676279,0.49136478113115306,0.4960582022963866,0.4195436857729803,0.5012184233615132
408,0.4434735099295624,0.4704940096713827,0.5226302891016821,0.3966040677184611,0.5137464921454166,0.4153871938449864,0.48432781328910696
409,0.5413139328842387,0.6100925050503357,0.6545526912234975,0.417594800242625,0.5694086960876921,0.5441833681613708,0.5021514086409297
410,0.4545740249784299,0.4411232167644299,0.43637412000960857,0.5284740569856241,0.46453331565695544,0.3830380262891589,0.44802003830217124
411,0.3032053416287931,0.3072902062214932,0.3556395646251794,0.5693105314713107,0.36283395395316026,0.27841847332661185,0.4596928962724748
412,0.41256596230868736,0.36615980049479463,0.4921214604167251,0.27468238441390164,0.43101396270079123,0.3361025988423314,0.4176061029493987
413,0.4094766525630236,0.4788588345534739,0.5934090668542741,0.39036472026807556,0.36867578660547534,0.47024986983990336,0.42950602157065765
414,0.32327926188430595,0.3567179881890381,0.377105904957043,0.3315387426171731,0.35065915032985867,0.2886830494599908,0.33384530332725654
415,0.46927125277476583,0.41568032906180763,0.4350146674893517,0.3014014097436066,0.4115655296146172,0.340827599586985,0.33463427859307937
416,0.3795818722657019,0.4901601618120382,0.607352997348796,0.5133583441152555,0.33407037516190996,0.4939298540718042,0.4377622714929388
417,0.5766422766595826,0.5287188079464056,0.6054855774824115,0.5363619100361335,0.6833815855041143,0.49330827223354584,0.5053344027603239
418,0.32475440184458465,0.430988667068266,0.5644238738926907,0.2838448967375108,0.4005237919019964,0.4245894291677605,0.46972728430760696
419,0.6796114641144523,0.7077470270316123,0.7749783600032596,0.5556040446429644,0.7056681108967848,0.6711745073489649,0.6132886299451398
420,0.5162092515561897,0.4701847045697752,0.5295177183560511,0.5869386617929404,0.42409305892128046,0.4280550482805251,0.48881622958350074
421,0.549582044493393,0.5449376639689965,0.6219502936731695,0.5022614926920028,0.441314708714549,0.5033627485959449,0.5049756281750832
422,0.3484066133345789,0.500120819497127,0.5407981373319543,0.6337743535026219,0.46640855482740995,0.4442234521456946,0.5311922123349034
423,0.4424912983426901,0.4158561620926953,0.46630164009717906,0.3789221124801429,0.41433340830153137,0.35435967511646305,0.4245493238001591
424,0.49482856184887203,0.5383742672245827,0.5598082923797916,0.25409179729849785,0.4577441261674481,0.4746868745670446,0.4043464718368724
425,0.6116307724695731,0.6109036356631046,0.7563241920326005,0.7418838880229335,0.6631233071696079,0.5973849768271828,0.7060748212489311
426,0.4366742917649949,0.4899410692006991,0.524614792459572,0.43007910955410367,0.41528036561812803,0.42552900031513236,0.44842756881016815
427,0.4713175004112425,0.4508487414661176,0.5011879932106412,0.6585141692190373,0.5096987449800024,0.39293923045810386,0.4849848893689789
428,0.43951900067752675,0.45270492253767336,0.4947950443494384,0.44508261479994665,0.40214704408226953,0.392121911104182,0.3899765348662044
429,0.4492317862122012,0.4127179913521815,0.46696208229727276,0.5608447970660505,0.385325441911856,0.3771573904924856,0.48247868905362035
430,0.5655891813088202,0.592171671196851,0.6823041133266237,0.42939347091313956,0.5961128142116854,0.5465902197650336,0.5249058359994329
431,0.42155508981592543,0.44366571907756835,0.4766142037512218,0.45172803547390644,0.39882643290144254,0.39859177050883665,0.45567769377978395
432,0.40304550585050614,0.37286871980793096,0.4798295485024688,0.41828988577879894,0.5334740286196494,0.3390011678049919,0.4501920214562184
433,0.3742674818690397,0.43600476549119815,0.5131416184845747,0.3626912003460555,0.5158939238476683,0.38519974423101905,0.4437538545371965
434,0.6135189245450587,0.6338042187490507,0.6090947165308802,0.45172803547390644,0.38353003035659494,0.5387805449200206,0.4624530881996842
435,0.39614357898471186,0.4425222786839324,0.47863022739269,0.5751634964304124,0.5346761860920692,0.38117690586286507,0.5105772101502073
436,0.48194981219842414,0.4662503832166198,0.529897198221533,0.3510380566337876,0.5084843383761276,0.42246706069824846,0.4353260499942838
437,0.42136129288979174,0.42839515008162876,0.5058400123235367,0.5115209543373531,0.4577441261674481,0.3892092129276075,0.5176594044849011
438,0.41730576296361577,0.4444724374647448,0.4859509892118833,0.27193125153193054,0.4825113939448693,0.40363332778953726,0.48717335992126987
439,0.47842654086129693,0.44471652070617024,0.5970045572585259,0.48500138833541984,0.5550085202442272,0.4208587384065462,0.5064246435474286
440,0.3767037371549701,0.3579727945944179,0.4584084817221541,0.4296390901885953,0.47660524697708695,0.3486778667918254,0.5035363385151852
441,0.6108597518270732,0.5890378677509154,0.6570052241873987,0.5822100295886609,0.5655101146119184,0.5574656146763467,0.4868210575660983
442,0.4370096546342247,0.5492788446417446,0.5980154224543576,0.6127049386389235,0.36879750438014836,0.4849134994764897,0.5038697799351466
443,0.42905271899411457,0.47816546812886795,0.4890031113962964,0.4456093933765338,0.3823369598526174,0.42201531425533845,0.3852346827149567
444,0.4922647993575124,0.49230952673731415,0.5138061600335586,0.36259066926309735,0.565385039164154,0.4151694813881958,0.45782587209479364
445,0.44368101494039336,0.4957028517211471,0.5462167822435761,0.262757483523697,0.47417473368169605,0.44744369592409117,0.483863966274749
446,0.47357237025522086,0.46322010981355527,0.5032420428309102,0.45172803547390644,0.5446439954426091,0.39707552546455915,0.3992094547263107
447,0.5003557496697909,0.6535993858038195,0.6644274139800618,0.4658990588232914,0.4577441261674481,0.5674127884196997,0.5831572960083338
448,0.41274203902777334,0.49919059473817556,0.4878808694591545,0.6215114776239812,0.45976003908977514,0.39874514627624735,0.5048028925750832
449,0.45900895326304764,0.5216597232673674,0.4817609220160411,0.3735937143600768,0.4740909023601076,0.41399929419527265,0.40990010836527746
450,0.5013489538195257,0.503871570698753,0.5863507584765594,0.45006900845020753,0.44661278533569687,0.45437694521061117,0.38597750715957163
451,0.3119774638761388,0.43441684054669605,0.4572196420102339,0.4902587690849558,0.2329736775260502,0.38032230851572724,0.3766483953720707
452,0.5278636025838198,0.5170150695386522,0.5629647054240225,0.30231927187307484,0.5233147043963263,0.45916416800969717,0.4516301069802897
453,0.4569444472079885,0.5885570429957814,0.5693933214739455,0.44683984476181265,0.3663400276947677,0.4947519119342409,0.5042241200586405
454,0.4619521630411704,0.46322835016155567,0.49407347334350343,0.4995689305603327,0.4428419994479136,0.3996734623870011,0.44754096591654174
455,0.4599802130606586,0.5155389149850215,0.538912161016185,0.42742522148917406,0.4638547171745251,0.4428988016588163,0.5261801474728304
456,0.442629113114483,0.4358000328319906,0.4471656892525382,0.42904939797623154,0.5982904904730744,0.3674844115369269,0.47927593089714576
457,0.42052120992171105,0.4078134206926442,0.4186589121823213,0.4609380240424469,0.4371711191083612,0.3543845414972121,0.32896777748737005
458,0.4557906195339929,0.5205486871211573,0.6028895007285997,0.22733646186445558,0.5764041062080791,0.45793955270257636,0.6115390669017171
459,0.5055222705246234,0.5372868647918307,0.6256841537471548,0.4568714624903236,0.49850858111586516,0.4900107277588673,0.45189803877998164
460,0.47242967377433165,0.4208184870778582,0.5074813402584366,0.6439875307072225,0.4577441261674481,0.37451016099786116,0.5158869281260818
461,0.5982401265664768,0.6275961274785609,0.7078019302664039,0.45172803547390644,0.5857508820437203,0.5630607488616294,0.570820866571631
462,0.47441822676522044,0.4962534363688953,0.5417874215007976,0.7038105274104889,0.41232365819690375,0.4116060366734147,0.49473793801511684
463,0.425176951720566,0.4653345184098,0.4801609870425573,0.5506493137618619,0.4635958448293968,0.4028965199245522,0.48272715785018866
464,0.3765610784793638,0.5197885442232787,0.5622518562346359,0.4163019903945582,0.3425468676335734,0.4715050567265497,0.4274701752344134
465,0.47809958550861853,0.37982131798336516,0.4265161465648673,0.5765000216741326,0.4528805324443281,0.330105813484485,0.4207904864562855
466,0.407823837558495,0.47503134117963025,0.5185882169609028,0.4798663426402504,0.40501532994527406,0.39183558090113846,0.35790511812607195
467,0.34562381505799095,0.4852155216740562,0.49138992162044914,0.3267793789016517,0.35830440195022495,0.39875867130874776,0.31477902822394804
468,0.43255713661808287,0.5440898966072661,0.5598479352711478,0.5457962243096947,0.3686101462216479,0.48152289380179863,0.4298462362546448
469,0.44310371783154506,0.5123502597569763,0.29046444462553855,0.7100863730076756,0.4577441261674481,0.30255936166541947,0.4253488699891537
470,0.3251689796660746,0.3147388877244766,0.3533012427551855,0.3760930136108807,0.2501438486655426,0.24866650904436702,0.26936140995227986
471,0.5632848775508413,0.6280831167688403,0.6496719265402765,0.45172803547390644,0.6648560874961665,0.5095470373399045,0.5112330589377942
472,0.3813583617571543,0.5435206655886338,0.5913880402951348,0.49594383898701067,0.4250856125884146,0.4701700747374997,0.4507562054039902
473,0.4424912983426901,0.4300947735273796,0.47083162035714965,0.4159447723939838,0.31737262437615926,0.37108704173195817,0.34128365556741347
474,0.4312394316864571,0.2699090132584952,0.32180588816397937,0.528486046931298,0.4180311329229333,0.2476957966607083,0.45279715773926926
475,0.39283925373089046,0.45753089986720896,0.4823936959889383,0.28306114470241,0.4322953782590447,0.3737567122505144,0.3886412061254297
476,0.6168939186043451,0.7064636894322289,0.7158436638827617,0.49757627143367333,0.661316309517072,0.614829230583342,0.6255492335594415
477,0.5463582307923475,0.588540157920653,0.7299388042349564,0.6120771723048231,0.4799022184392628,0.585341681981155,0.5813679038567938
478,0.46369283700139713,0.45747591329205683,0.48452248501426415,0.46035376715272996,0.48691439142379234,0.4096189098977439,0.4712128753056913
479,0.4318974197519262,0.478868512693928,0.5626656146462906,0.44196625868108114,0.4316298364496988,0.41975235277089373,0.4806779270811004
480,0.44669052259394076,0.5314662226428084,0.5841262957842105,0.428685401492554,0.4315493628012018,0.49156198080047836,0.4588798035554287
481,0.4726221904093901,0.43677671625960296,0.4984160439270628,0.5319222543268415,0.31395778583781775,0.43489087762969203,0.3579399570174454
482,0.4737679693745241,0.4551612651380224,0.5435018053494467,0.49846791507103316,0.42075684943634534,0.44125792262008684,0.45771831034641897
483,0.4912865672741096,0.5243033203624085,0.5295528434035027,0.3871356461237111,0.5155284305061211,0.4272268450299963,0.4361776750577875
484,0.44288598680155267,0.4999915979003484,0.5992590184344009,0.523290836602086,0.5547036520279657,0.47043375676869825,0.5061375845132572
485,0.44991648098640535,0.4677142446447712,0.5705757030468948,0.4716086996072949,0.41051558098871554,0.44676297335660947,0.4809060066162169
486,0.40061168067120256,0.45614300779783135,0.5068268425897963,0.4456590365870014,0.3491017085421771,0.3948778242039407,0.3835955759771846
487,0.492773580507035,0.4805370977950841,0.5195894948164066,0.4530394257082864,0.386810306958134,0.4262726699547427,0.38536601456768155
488,0.44931209389697147,0.4164317193981242,0.5063159172448175,0.4452473668615256,0.5425688854686148,0.3905102399212161,0.4884957442019065
489,0.46324648023519255,0.516662513842796,0.5533867622113611,0.3754327607025421,0.3676133083336579,0.45360484451991184,0.40523188217290107
490,0.49151729692813967,0.5459781224781344,0.6180605061613499,0.585801228746467,0.5770843877772743,0.5124618760449156,0.5561412698635809
491,0.4700042234926986,0.4574646176350923,0.571891936445673,0.4309380158939401,0.48958520360683117,0.43110819274226037,0.4618722663366902
492,0.4290708795560544,0.4572426584250485,0.5413759553004713,0.39330143315310245,0.45960612165517745,0.4290100087916163,0.44410064565531465
493,0.44748601555183426,0.35884898531571774,0.5416505355861148,0.45172803547390644,0.3725450585703144,0.4229254445055444,0.4178537960046171
494,0.4424912983426901,0.4702585711570853,0.5015619470396842,0.5183813254563481,0.4577441261674481,0.37076118080214243,0.4185272089657545
495,0.4487789953717396,0.4720245127797642,0.5213683078747597,0.3967749445917211,0.4875298571516661,0.4231457808359024,0.4442443314784933
496,0.45071632041017845,0.5003293353477284,0.5213683078747597,0.4967753000815219,0.5708011953724227,0.4379454893891459,0.5375300423205114
497,0.43018306922858396,0.36523704327039974,0.48099426768356385,0.351081960071905,0.5011511293418687,0.3420190194410129,0.48487357627437455
498,0.4409352554030648,0.4702585711570853,0.40743288804702904,0.5986169136513395,0.5379473247225368,0.3681960336681301,0.4788043496257465
499,0.5342425835510616,0.5679164719506281,0.7033951397206477,0.45172803547390644,0.4577441261674481,0.5044889254884726,0.541075342385023
500,0.43177689298700905,0.4517393190981575,0.5213683078747597,0.45172803547390644,0.5008887293148849,0.4781086732650009,0.49558546438551776
501,0.48322079873788415,0.42436901669410027,0.5686966889663636,0.43679172406849437,0.5506788645461462,0.41661314698238006,0.4328445228851456
502,0.42516130281245534,0.5239259717329283,0.48289244693350053,0.5793325590341631,0.3963021342713238,0.4159921175385569,0.41587189263776764
503,0.4274335666746724,0.4269700820911195,0.4655864796739634,0.4613152999058365,0.39464152266513497,0.3742073280110647,0.3675480230787451
504,0.43126000604558334,0.3520716630265954,0.47676159008626395,0.4259006090095461,0.46623341179861166,0.33636561627397504,0.36883355385614425
505,0.47281235848502384,0.5803323220021028,0.6130624867841176,0.45172803547390644,0.49354822690464517,0.5304264853590746,0.5017666061966636
506,0.5156168682149261,0.6334473946068475,0.5792336420380828,0.45353395052511447,0.6025571409231718,0.545606068660505,0.5839675636374785
507,0.42852838679312394,0.47830199550855196,0.4791471258028731,0.5170408602752891,0.34882543580004094,0.4181736785242706,0.4220859745107139
508,0.5024890489446634,0.4710080204735893,0.4868854410226009,0.37468728874044804,0.48402655455291377,0.4147751580730621,0.44925940668013337
509,0.4537076430376254,0.4732552900787611,0.4953444141682323,0.45498544134949737,0.4179889877503075,0.4028164917807462,0.39398115485749435
510,0.4424912983426901,0.5528956385176977,0.6330520057667091,0.46546089301921284,0.49510241302449387,0.5162433180448679,0.4743639829821336
511,0.3595807491976326,0.39358657219747195,0.39537288894945644,0.4841194691797641,0.35379217384035366,0.32947017148161706,0.4590794585380953
512,0.43192464020803534,0.39574167930635995,0.34662991861945947,0.3495427787785269,0.3973482662004709,0.33427540751798984,0.32560806485716387
513,0.462149588817804,0.5189321051758119,0.5672906883870144,0.31096623444151206,0.4051582393123948,0.4938131262227067,0.36715655157451527
514,0.48994624930330144,0.4770633193372624,0.5978430215309597,0.5130379376655888,0.4938170532629128,0.45723373071294326,0.43325395222271545
515,0.4446389254609969,0.45911390037255706,0.4793511801673538,0.5544080587549962,0.3693765797320618,0.38643980068883754,0.4362557933695511
516,0.47683948552065814,0.5568377688811174,0.6037838150629442,0.39806922296188685,0.4577441261674481,0.4826000456881984,0.5046138200938175
517,0.46077226472661736,0.5057808152980541,0.5148331753324429,0.5175637257777467,0.37594635591059355,0.43791236298535735,0.4332059257283927
518,0.2955942150545203,0.40373012606887726,0.3869649151280697,0.35004404626084595,0.28703444141248924,0.33090990126545017,0.33174571883979564
519,0.5047389444093048,0.43816740303806256,0.4914034275959112,0.34529079840260263,0.4420537113108718,0.39847717455701265,0.3794850730807401
520,0.5774993296004503,0.6048359627981266,0.6740897314943597,0.48366501531655126,0.6186237426725585,0.5515775819729389,0.5185695227618374
521,0.4202592558439416,0.4695082232202977,0.5886589772392735,0.6096921133280353,0.31128036031385453,0.4353092387339219,0.4885524659462862
522,0.46166690277299954,0.4827715710474177,0.4946998938011833,0.4294370967647626,0.4675533258415005,0.3964578535431627,0.45202006173650694
523,0.46597767544220026,0.4983586251210306,0.5437557652443846,0.5474935851328184,0.26510889562867856,0.44517745459768715,0.40963228076964747
524,0.4932197089410733,0.5538132466478677,0.6059947147123291,0.49284058315979634,0.46984754311069493,0.49226502355560914,0.40777067520318694
525,0.4765462091625066,0.5190074814451984,0.5845037592646235,0.4887976254140931,0.5107695366803854,0.45570000756348816,0.3944178046116874
526,0.4197420997967485,0.4673867424824212,0.46027603474604306,0.43643455083993515,0.25462219402872444,0.3952443724363773,0.28153515369184456
527,0.4486009778292402,0.4940155573456869,0.47047259919111756,0.44145029702336935,0.5052637008490425,0.3890440728849587,0.2756177870961424
528,0.4872789707934128,0.5080323084185587,0.5889074491427737,0.5523838980384334,0.6114076186741503,0.46214665777069946,0.4920208402566319
529,0.4619170080422829,0.5012068380546423,0.5169747569894564,0.45172803547390644,0.5607934594636288,0.42280016317386365,0.602212838093263
530,0.41606835756204,0.47440044683713867,0.4852014265962407,0.4693514289163267,0.42998474664367425,0.4165994320642925,0.42994614479358184
531,0.49336032893662346,0.4875584673808205,0.597004271921016,0.5029247721885698,0.6139038913595035,0.48154452349640364,0.4816942640318353
532,0.4675335552874211,0.45959868804314175,0.5246500126195268,0.4751845688270923,0.4720732553483865,0.4163350163842347,0.45853316295428886
533,0.4581720587905747,0.49606791621135066,0.5144910461469886,0.45681664363489743,0.505583954858457,0.42627888439213923,0.5268364709678105
534,0.2733448437752949,0.34230527806061345,0.4141299401148852,0.4638843808195506,0.35623464725230053,0.3124605744655275,0.43541930105148613
535,0.4424912983426901,0.4660110446902917,0.4928620919683121,0.29126848189907273,0.3536005484618738,0.37417714483387643,0.28097504528071726
