,f1,f2,f3,f4,f5,f6,f7,f8,f9,f10
0,0.375,0.0,0.0,0.3818181818181818,1.0,0.3695652173913043,0.0,0.4,0.5,0.0
1,0.4375,0.0,0.0,0.7636363636363636,1.0,0.8478260869565217,1.0,0.4,0.5,0.0
2,0.625,0.0,1.0,0.01818181818181818,1.0,0.02173913043478265,1.0,0.4,0.5,1.0
3,0.625,0.0,1.0,0.07272727272727272,1.0,0.08695652173913049,1.0,0.4,1.0,1.0
4,0.625,0.0,1.0,0.3090909090909091,1.0,0.3695652173913043,1.0,0.4,1.0,0.0
5,0.6875,0.0,1.0,0.16363636363636364,0.0,0.21739130434782616,1.0,0.4,1.0,1.0
6,0.5,1.0,1.0,0.4909090909090909,1.0,0.5434782608695652,1.0,0.4,1.0,1.0
7,0.625,0.0,1.0,0.16363636363636364,1.0,0.19565217391304346,1.0,0.4,1.0,1.0
8,0.875,0.0,1.0,0.19999999999999998,1.0,0.32608695652173914,1.0,0.4,0.5,0.0
9,0.625,0.0,1.0,0.16363636363636364,1.0,0.19565217391304346,1.0,0.4,1.0,1.0
10,0.625,0.0,1.0,0.3090909090909091,0.0,0.3695652173913043,1.0,0.4,1.0,0.0
11,0.625,0.0,1.0,0.34545454545454546,0.0,0.4130434782608696,1.0,0.4,0.5,1.0
12,0.375,1.0,1.0,0.4909090909090909,1.0,0.5,1.0,0.4,1.0,0.0
13,0.4375,1.0,1.0,0.5454545454545454,0.0,0.5869565217391305,1.0,0.4,1.0,1.0
14,0.4375,1.0,1.0,0.5272727272727272,1.0,0.5652173913043479,1.0,0.4,1.0,0.0
15,0.625,0.0,1.0,0.6727272727272727,1.0,0.8043478260869565,1.0,0.4,0.0,0.0
16,0.3125,1.0,1.0,0.7999999999999999,1.0,0.8478260869565217,1.0,0.4,1.0,0.0
17,0.625,0.0,1.0,0.4727272727272727,0.0,0.5652173913043479,1.0,0.4,0.5,0.0
18,0.5625,0.0,1.0,0.2909090909090909,1.0,0.32608695652173914,1.0,0.4,1.0,1.0
19,0.625,0.0,1.0,0.6,1.0,0.7173913043478262,1.0,0.4,1.0,0.0
20,0.625,0.0,0.0,0.2909090909090909,0.0,0.34782608695652173,1.0,0.4,0.5,0.0
21,0.3125,0.0,1.0,0.7636363636363636,0.0,0.8043478260869565,0.5,0.4,0.5,0.0
22,0.625,0.0,1.0,0.16363636363636364,1.0,0.19565217391304346,1.0,0.4,1.0,1.0
23,0.5625,1.0,1.0,0.2545454545454545,1.0,0.28260869565217395,0.5,0.4,1.0,0.0
24,0.625,0.0,1.0,0.41818181818181815,1.0,0.5,1.0,0.4,1.0,0.0
25,0.25,1.0,1.0,0.8181818181818181,1.0,0.8478260869565217,1.0,0.4,0.5,0.0
26,0.625,0.0,1.0,0.14545454545454545,1.0,0.17391304347826086,1.0,0.4,0.5,0.0
27,0.5,0.0,1.0,0.5454545454545454,1.0,0.6086956521739131,1.0,0.4,1.0,0.0
28,0.625,0.0,0.0,0.14545454545454545,1.0,0.17391304347826086,1.0,0.4,0.5,0.0
29,0.625,0.0,1.0,0.14545454545454545,1.0,0.17391304347826086,1.0,0.4,1.0,0.0
30,0.75,0.0,1.0,0.23636363636363636,1.0,0.32608695652173914,1.0,0.4,1.0,1.0
31,0.625,1.0,0.0,0.8363636363636363,1.0,1.0,1.0,0.4,1.0,1.0
32,0.375,0.0,1.0,0.34545454545454546,1.0,0.32608695652173914,1.0,0.4,1.0,0.0
33,0.9375,1.0,0.0,0.01818181818181818,1.0,0.13043478260869568,1.0,0.4,1.0,1.0
34,0.625,0.0,1.0,0.34545454545454546,1.0,0.4130434782608696,1.0,0.4,0.5,1.0
35,0.625,0.0,1.0,0.6545454545454545,1.0,0.7826086956521738,0.5,0.4,1.0,1.0
36,0.625,1.0,1.0,0.36363636363636365,1.0,0.4347826086956522,0.5,0.4,0.0,0.0
37,0.625,0.0,1.0,0.6363636363636364,0.0,0.7608695652173914,0.5,0.4,0.0,0.0
38,0.625,0.0,1.0,0.05454545454545454,1.0,0.06521739130434784,1.0,0.4,1.0,1.0
39,0.75,1.0,1.0,0.18181818181818182,1.0,0.26086956521739135,1.0,0.4,0.5,0.0
40,0.625,0.0,1.0,0.0,1.0,0.0,1.0,0.4,1.0,1.0
41,0.75,1.0,1.0,0.2545454545454545,0.0,0.34782608695652173,1.0,0.4,0.5,0.0
42,0.625,0.0,1.0,0.2545454545454545,1.0,0.30434782608695654,1.0,0.4,0.5,0.0
43,0.4375,0.0,0.0,0.2909090909090909,1.0,0.28260869565217395,1.0,0.4,0.5,0.0
44,0.6875,1.0,1.0,0.14545454545454545,1.0,0.19565217391304346,1.0,0.4,0.0,1.0
45,0.3125,1.0,0.0,0.2727272727272727,1.0,0.21739130434782616,1.0,0.4,0.5,0.0
46,0.875,0.0,1.0,0.21818181818181817,1.0,0.34782608695652173,1.0,0.4,0.5,0.0
47,0.5,1.0,1.0,0.23636363636363636,1.0,0.23913043478260876,1.0,0.4,1.0,1.0
48,0.375,0.0,1.0,0.6,0.0,0.6304347826086956,1.0,0.4,1.0,0.0
49,0.625,0.0,1.0,0.16363636363636364,1.0,0.19565217391304346,1.0,0.4,0.5,0.0
50,0.625,0.0,1.0,0.12727272727272726,1.0,0.15217391304347827,1.0,0.4,1.0,0.0
51,0.875,0.0,1.0,0.23636363636363636,0.0,0.3695652173913043,1.0,0.4,0.5,0.0
52,0.625,0.0,0.0,0.12727272727272726,1.0,0.15217391304347827,1.0,0.4,0.5,0.0
53,0.625,0.0,0.0,0.2909090909090909,1.0,0.34782608695652173,1.0,0.4,0.5,0.0
54,0.6875,0.0,1.0,0.0,1.0,0.02173913043478265,1.0,0.4,1.0,1.0
55,0.625,0.0,0.0,0.19999999999999998,1.0,0.23913043478260876,1.0,0.4,0.5,1.0
56,0.6875,0.0,1.0,0.3090909090909091,1.0,0.3913043478260869,1.0,0.4,0.5,1.0
57,0.5,0.0,1.0,0.23636363636363636,1.0,0.23913043478260876,1.0,0.4,0.5,0.0
58,0.625,0.0,1.0,0.39999999999999997,0.0,0.4782608695652174,0.5,0.4,0.5,1.0
59,0.625,0.0,0.0,0.509090909090909,1.0,0.6086956521739131,1.0,0.4,0.5,0.0
60,0.5625,0.0,1.0,0.3090909090909091,1.0,0.34782608695652173,1.0,0.4,1.0,1.0
61,0.625,0.0,1.0,0.43636363636363634,0.0,0.5217391304347826,1.0,0.4,0.0,0.0
62,0.0625,1.0,1.0,1.0,1.0,1.0,0.0,0.4,0.5,0.0
63,0.625,1.0,1.0,0.05454545454545454,1.0,0.06521739130434784,1.0,0.4,0.0,1.0
64,0.625,0.0,1.0,0.10909090909090909,0.0,0.13043478260869568,0.5,0.4,0.5,1.0
65,0.5,0.0,1.0,0.4909090909090909,1.0,0.5434782608695652,1.0,0.4,0.0,0.0
66,0.625,1.0,1.0,0.34545454545454546,0.0,0.4130434782608696,0.5,0.4,0.5,0.0
67,0.625,0.0,1.0,0.34545454545454546,0.0,0.4130434782608696,1.0,0.4,0.0,0.0
68,0.625,0.0,0.0,0.6909090909090909,1.0,0.8260869565217392,1.0,0.4,0.5,0.0
69,0.5,1.0,1.0,0.7454545454545454,0.0,0.8478260869565217,0.5,0.4,0.5,0.0
70,0.5625,1.0,1.0,0.05454545454545454,1.0,0.043478260869565244,0.5,0.4,0.5,1.0
71,0.75,0.0,1.0,0.36363636363636365,0.0,0.4782608695652174,1.0,0.4,1.0,0.0
72,0.5,0.0,1.0,0.2727272727272727,1.0,0.28260869565217395,1.0,0.4,1.0,0.0
73,0.375,1.0,1.0,0.14545454545454545,1.0,0.08695652173913049,0.0,0.4,0.5,0.0
74,0.375,1.0,0.0,0.7090909090909091,1.0,0.7608695652173914,1.0,0.4,0.5,0.0
75,0.25,0.0,0.0,0.7818181818181817,0.0,0.8043478260869565,0.0,0.4,0.5,0.0
76,0.5625,1.0,0.0,0.45454545454545453,0.0,0.5217391304347826,1.0,0.4,0.5,0.0
77,0.625,0.0,1.0,0.19999999999999998,0.0,0.23913043478260876,1.0,0.4,1.0,0.0
78,0.625,0.0,1.0,0.21818181818181817,1.0,0.26086956521739135,0.5,0.4,1.0,0.0
79,0.625,1.0,1.0,0.6363636363636364,0.0,0.7608695652173914,1.0,0.4,0.5,0.0
80,0.75,0.0,1.0,0.2545454545454545,1.0,0.34782608695652173,1.0,0.4,1.0,1.0
81,0.625,0.0,1.0,0.2909090909090909,0.0,0.34782608695652173,1.0,0.4,1.0,0.0
82,0.5,0.0,0.0,0.7999999999999999,0.0,0.9130434782608696,1.0,0.4,0.5,1.0
83,0.875,1.0,0.0,0.23636363636363636,1.0,0.3695652173913043,1.0,0.4,1.0,1.0
84,0.6875,0.0,1.0,0.14545454545454545,0.0,0.19565217391304346,0.5,0.4,0.5,1.0
85,0.625,0.0,1.0,0.23636363636363636,1.0,0.28260869565217395,1.0,0.4,0.5,1.0
86,0.5625,0.0,1.0,0.32727272727272727,0.0,0.3695652173913043,1.0,0.4,1.0,0.0
87,0.625,0.0,0.0,0.32727272727272727,1.0,0.3913043478260869,1.0,0.4,1.0,0.0
88,0.625,1.0,0.0,0.10909090909090909,1.0,0.13043478260869568,1.0,0.4,1.0,1.0
89,0.5625,1.0,1.0,0.6727272727272727,0.0,0.7826086956521738,1.0,0.4,0.5,0.0
90,0.625,1.0,1.0,0.03636363636363636,1.0,0.043478260869565244,1.0,0.4,0.5,0.0
91,0.625,0.0,1.0,0.41818181818181815,1.0,0.5,1.0,0.4,0.5,0.0
92,0.625,0.0,1.0,0.01818181818181818,1.0,0.02173913043478265,1.0,0.4,1.0,1.0
93,0.625,1.0,0.0,0.18181818181818182,1.0,0.21739130434782616,0.5,0.4,0.5,0.0
94,0.625,0.0,1.0,0.41818181818181815,1.0,0.5,1.0,0.4,0.5,0.0
95,0.625,0.0,1.0,0.14545454545454545,0.0,0.17391304347826086,0.5,0.4,1.0,0.0
96,0.8125,0.0,0.0,0.16363636363636364,1.0,0.26086956521739135,1.0,0.4,0.5,0.0
97,0.625,0.0,1.0,0.6,0.0,0.7173913043478262,1.0,0.4,0.0,0.0
98,0.625,0.0,0.0,0.34545454545454546,1.0,0.4130434782608696,1.0,0.4,0.5,0.0
99,0.6875,0.0,1.0,0.2545454545454545,1.0,0.32608695652173914,1.0,0.4,1.0,0.0
100,0.5625,0.0,1.0,0.23636363636363636,0.0,0.26086956521739135,1.0,0.4,1.0,0.0
101,0.5,0.0,1.0,0.21818181818181817,1.0,0.21739130434782616,1.0,0.4,0.0,0.0
102,0.625,0.0,1.0,0.14545454545454545,1.0,0.17391304347826086,1.0,0.4,1.0,1.0
103,0.625,0.0,1.0,0.41818181818181815,1.0,0.5,1.0,0.4,0.5,0.0
104,0.75,0.0,0.0,0.23636363636363636,1.0,0.32608695652173914,1.0,0.4,0.5,1.0
105,0.625,1.0,1.0,0.16363636363636364,1.0,0.19565217391304346,1.0,0.4,1.0,0.0
106,0.75,0.0,1.0,0.3818181818181818,0.0,0.5,1.0,0.4,1.0,0.0
107,0.1875,1.0,1.0,0.7999999999999999,1.0,0.8043478260869565,1.0,0.4,0.0,0.0
108,0.625,0.0,1.0,0.07272727272727272,0.0,0.08695652173913049,1.0,0.4,1.0,0.0
109,0.375,0.0,1.0,0.7636363636363636,1.0,0.8260869565217392,1.0,0.4,0.5,0.0
110,0.6875,0.0,1.0,0.18181818181818182,0.0,0.23913043478260876,1.0,0.4,1.0,0.0
111,0.625,0.0,1.0,0.19999999999999998,1.0,0.23913043478260876,1.0,0.4,0.0,1.0
112,0.625,0.0,1.0,0.7272727272727273,0.0,0.8695652173913044,1.0,0.4,0.0,0.0
113,0.625,0.0,1.0,0.14545454545454545,1.0,0.17391304347826086,1.0,0.4,0.0,1.0
114,0.5625,1.0,1.0,0.5272727272727272,1.0,0.6086956521739131,1.0,0.4,0.0,0.0
115,0.875,0.0,1.0,0.05454545454545454,0.0,0.15217391304347827,1.0,0.4,1.0,1.0
116,0.5625,0.0,1.0,0.19999999999999998,1.0,0.21739130434782616,1.0,0.4,0.0,1.0
117,0.625,0.0,1.0,0.21818181818181817,0.0,0.26086956521739135,1.0,0.4,1.0,0.0
118,0.375,0.0,0.0,0.39999999999999997,1.0,0.3913043478260869,0.0,0.4,1.0,0.0
119,0.625,0.0,1.0,0.21818181818181817,1.0,0.26086956521739135,1.0,0.4,1.0,0.0
120,0.625,0.0,1.0,0.12727272727272726,0.0,0.15217391304347827,1.0,0.4,1.0,0.0
121,0.625,0.0,0.0,0.2727272727272727,1.0,0.32608695652173914,1.0,0.4,0.5,1.0
122,0.625,0.0,1.0,0.509090909090909,1.0,0.6086956521739131,1.0,0.4,1.0,0.0
123,0.625,1.0,1.0,0.36363636363636365,0.0,0.4347826086956522,1.0,0.4,0.5,0.0
124,0.625,1.0,1.0,0.10909090909090909,1.0,0.13043478260869568,1.0,0.4,0.0,1.0
125,0.625,1.0,1.0,0.09090909090909091,1.0,0.10869565217391308,1.0,0.4,0.5,1.0
126,0.4375,1.0,0.0,0.5454545454545454,1.0,0.5869565217391305,1.0,0.4,0.5,0.0
127,0.6875,0.0,1.0,0.32727272727272727,1.0,0.4130434782608696,1.0,0.4,1.0,0.0
128,0.625,1.0,0.0,0.10909090909090909,1.0,0.13043478260869568,0.5,0.4,0.5,0.0
129,0.625,1.0,1.0,0.2909090909090909,1.0,0.34782608695652173,0.0,0.4,1.0,1.0
130,0.625,1.0,1.0,0.01818181818181818,0.0,0.02173913043478265,0.0,0.4,1.0,1.0
131,0.625,0.0,1.0,0.05454545454545454,1.0,0.06521739130434784,1.0,0.4,0.5,1.0
132,0.625,0.0,1.0,0.14545454545454545,1.0,0.17391304347826086,1.0,0.4,1.0,0.0
133,0.75,0.0,1.0,0.03636363636363636,1.0,0.08695652173913049,1.0,0.4,0.5,1.0
134,0.4375,0.0,1.0,0.2909090909090909,1.0,0.28260869565217395,0.5,0.4,0.5,1.0
135,0.5,1.0,1.0,0.16363636363636364,1.0,0.15217391304347827,1.0,0.4,0.0,0.0
136,0.625,0.0,1.0,0.03636363636363636,1.0,0.043478260869565244,1.0,0.4,1.0,1.0
137,0.3125,1.0,1.0,0.7818181818181817,1.0,0.8260869565217392,1.0,0.4,0.5,0.0
138,0.4375,0.0,1.0,0.6909090909090909,1.0,0.7608695652173914,1.0,0.4,0.5,0.0
139,0.625,0.0,1.0,0.16363636363636364,1.0,0.19565217391304346,1.0,0.4,1.0,0.0
140,0.625,1.0,1.0,0.21818181818181817,1.0,0.26086956521739135,1.0,0.4,1.0,0.0
141,0.625,0.0,1.0,0.32727272727272727,1.0,0.3913043478260869,1.0,0.4,0.5,0.0
142,0.5625,0.0,1.0,0.2727272727272727,0.0,0.30434782608695654,1.0,0.4,0.5,1.0
143,0.5625,1.0,1.0,0.509090909090909,0.0,0.5869565217391305,0.5,0.4,0.0,0.0
144,0.5,1.0,1.0,0.4909090909090909,0.0,0.5434782608695652,1.0,0.4,0.0,0.0
145,0.625,1.0,1.0,0.6909090909090909,1.0,0.8260869565217392,1.0,0.4,1.0,0.0
146,0.625,0.0,0.0,0.05454545454545454,1.0,0.06521739130434784,1.0,0.4,0.5,1.0
147,0.625,0.0,1.0,0.7454545454545454,0.0,0.8913043478260869,1.0,0.4,1.0,0.0
148,0.625,1.0,1.0,0.2909090909090909,0.0,0.34782608695652173,1.0,0.4,1.0,0.0
149,0.6875,1.0,1.0,0.12727272727272726,1.0,0.17391304347826086,1.0,0.4,0.5,0.0
150,0.25,1.0,0.0,0.6,1.0,0.5869565217391305,0.5,0.4,0.5,1.0
151,0.75,0.0,1.0,0.45454545454545453,1.0,0.5869565217391305,1.0,0.4,0.5,0.0
152,0.625,1.0,1.0,0.09090909090909091,1.0,0.10869565217391308,1.0,0.4,1.0,0.0
153,0.75,1.0,1.0,0.3090909090909091,1.0,0.4130434782608696,0.5,0.4,1.0,1.0
154,0.625,1.0,1.0,0.01818181818181818,1.0,0.02173913043478265,1.0,0.4,1.0,1.0
155,0.625,0.0,1.0,0.23636363636363636,1.0,0.28260869565217395,1.0,0.4,0.5,0.0
156,0.875,0.0,1.0,0.32727272727272727,1.0,0.4782608695652174,1.0,0.2,1.0,0.0
157,0.75,1.0,1.0,0.3818181818181818,1.0,0.5,1.0,0.2,1.0,0.0
158,0.75,0.0,1.0,0.03636363636363636,1.0,0.08695652173913049,1.0,0.2,1.0,1.0
159,0.625,1.0,0.0,0.07272727272727272,1.0,0.08695652173913049,0.0,0.2,1.0,1.0
160,0.625,1.0,0.0,0.5454545454545454,1.0,0.6521739130434783,0.0,0.2,1.0,0.0
161,0.6875,0.0,1.0,0.5818181818181818,1.0,0.7173913043478262,1.0,0.2,1.0,1.0
162,0.9375,0.0,0.0,0.23636363636363636,1.0,0.3913043478260869,1.0,0.2,1.0,0.0
163,0.625,0.0,1.0,0.3090909090909091,1.0,0.3695652173913043,1.0,0.2,1.0,1.0
164,0.75,0.0,0.0,0.4727272727272727,1.0,0.6086956521739131,1.0,0.2,1.0,0.0
165,0.875,0.0,1.0,0.16363636363636364,1.0,0.28260869565217395,1.0,0.2,1.0,1.0
166,0.875,0.0,1.0,0.14545454545454545,1.0,0.26086956521739135,0.5,0.2,1.0,1.0
167,0.8125,0.0,1.0,0.01818181818181818,0.0,0.08695652173913049,1.0,0.2,1.0,0.0
168,0.9375,1.0,1.0,0.5818181818181818,1.0,0.8043478260869565,1.0,0.2,1.0,0.0
169,0.625,0.0,0.0,0.43636363636363634,1.0,0.5217391304347826,1.0,0.2,1.0,0.0
170,0.75,0.0,0.0,0.01818181818181818,1.0,0.06521739130434784,1.0,0.2,1.0,1.0
171,0.625,0.0,1.0,0.7636363636363636,1.0,0.9130434782608696,1.0,0.2,0.5,0.0
172,0.875,0.0,0.0,0.05454545454545454,1.0,0.15217391304347827,0.5,0.2,0.5,1.0
173,0.625,0.0,0.0,0.5818181818181818,1.0,0.6956521739130435,1.0,0.2,1.0,0.0
174,0.75,0.0,1.0,0.39999999999999997,1.0,0.5217391304347826,0.5,0.2,1.0,1.0
175,0.875,0.0,1.0,0.32727272727272727,1.0,0.4782608695652174,1.0,0.2,1.0,0.0
176,1.0,0.0,0.0,0.34545454545454546,1.0,0.5434782608695652,1.0,0.2,1.0,0.0
177,0.8125,0.0,1.0,0.21818181818181817,1.0,0.32608695652173914,1.0,0.2,1.0,0.0
178,0.625,0.0,0.0,0.7636363636363636,1.0,0.9130434782608696,1.0,0.2,1.0,0.0
179,0.625,1.0,1.0,0.6181818181818182,1.0,0.7391304347826086,1.0,0.2,1.0,0.0
180,1.0,0.0,1.0,0.5272727272727272,1.0,0.7608695652173914,1.0,0.2,1.0,0.0
181,0.875,1.0,1.0,0.14545454545454545,1.0,0.26086956521739135,1.0,0.2,1.0,1.0
182,1.0,0.0,1.0,0.23636363636363636,1.0,0.4130434782608696,1.0,0.2,0.5,1.0
183,0.875,0.0,1.0,0.18181818181818182,1.0,0.30434782608695654,1.0,0.2,1.0,1.0
184,0.875,0.0,1.0,0.39999999999999997,1.0,0.5652173913043479,1.0,0.2,1.0,0.0
185,0.875,1.0,1.0,0.18181818181818182,1.0,0.30434782608695654,1.0,0.2,1.0,0.0
186,0.9375,0.0,0.0,0.2727272727272727,1.0,0.4347826086956522,1.0,0.2,1.0,0.0
187,0.625,0.0,1.0,0.4727272727272727,1.0,0.5652173913043479,1.0,0.2,1.0,0.0
188,0.75,0.0,1.0,0.2909090909090909,1.0,0.3913043478260869,1.0,0.2,1.0,1.0
189,1.0,0.0,0.0,0.2545454545454545,1.0,0.4347826086956522,1.0,0.2,1.0,0.0
190,0.625,0.0,0.0,0.6909090909090909,1.0,0.8260869565217392,1.0,0.2,1.0,0.0
191,0.625,1.0,1.0,0.2545454545454545,1.0,0.30434782608695654,0.5,0.2,1.0,0.0
192,0.625,0.0,0.0,0.12727272727272726,1.0,0.15217391304347827,1.0,0.2,1.0,0.0
193,1.0,1.0,0.0,0.23636363636363636,1.0,0.4130434782608696,1.0,0.2,1.0,1.0
194,0.5,0.0,1.0,0.36363636363636365,1.0,0.3913043478260869,1.0,0.2,1.0,0.0
195,0.875,0.0,1.0,0.12727272727272726,0.0,0.23913043478260876,0.0,0.2,1.0,0.0
196,0.875,0.0,0.0,0.4727272727272727,1.0,0.6521739130434783,1.0,0.2,1.0,0.0
197,0.875,0.0,1.0,0.2545454545454545,1.0,0.3913043478260869,1.0,0.2,1.0,0.0
198,0.6875,0.0,1.0,0.6545454545454545,1.0,0.8043478260869565,1.0,0.2,1.0,1.0
199,0.625,0.0,1.0,0.43636363636363634,1.0,0.5217391304347826,1.0,0.2,1.0,0.0
200,0.75,1.0,1.0,0.7454545454545454,1.0,0.9347826086956521,1.0,0.2,1.0,0.0
201,0.875,0.0,1.0,0.12727272727272726,1.0,0.23913043478260876,0.5,0.2,1.0,0.0
202,0.9375,1.0,1.0,0.2545454545454545,1.0,0.4130434782608696,1.0,0.2,1.0,1.0
203,0.625,1.0,0.0,0.01818181818181818,1.0,0.02173913043478265,1.0,0.2,1.0,1.0
204,0.875,0.0,0.0,0.10909090909090909,1.0,0.21739130434782616,1.0,0.2,0.5,0.0
205,0.625,0.0,0.0,0.05454545454545454,1.0,0.06521739130434784,1.0,0.2,1.0,0.0
206,0.8125,0.0,1.0,0.5636363636363636,1.0,0.7391304347826086,1.0,0.2,1.0,0.0
207,0.6875,0.0,0.0,0.2545454545454545,1.0,0.32608695652173914,1.0,0.2,0.5,0.0
208,0.75,0.0,0.0,0.23636363636363636,1.0,0.32608695652173914,1.0,0.2,1.0,0.0
209,0.875,0.0,1.0,0.4727272727272727,0.0,0.6521739130434783,0.5,0.2,0.5,0.0
210,1.0,0.0,1.0,0.2545454545454545,1.0,0.4347826086956522,1.0,0.2,1.0,0.0
211,0.6875,0.0,0.0,0.6,1.0,0.7391304347826086,1.0,0.8,1.0,0.0
212,0.625,0.0,1.0,0.2909090909090909,1.0,0.34782608695652173,1.0,0.8,1.0,0.0
213,1.0,0.0,1.0,0.18181818181818182,1.0,0.34782608695652173,1.0,0.8,1.0,0.0
214,0.75,0.0,1.0,0.39999999999999997,1.0,0.5217391304347826,1.0,0.8,1.0,1.0
215,0.75,0.0,1.0,0.03636363636363636,1.0,0.08695652173913049,1.0,0.8,1.0,1.0
216,0.625,1.0,0.0,0.5272727272727272,1.0,0.6304347826086956,1.0,0.8,1.0,0.0
217,0.625,0.0,1.0,0.7818181818181817,1.0,0.9347826086956521,1.0,0.8,0.5,0.0
218,0.625,0.0,0.0,0.09090909090909091,1.0,0.10869565217391308,1.0,0.8,1.0,0.0
219,0.875,1.0,0.0,0.2545454545454545,1.0,0.3913043478260869,0.5,0.8,1.0,0.0
220,0.625,1.0,1.0,0.509090909090909,1.0,0.6086956521739131,1.0,0.8,1.0,0.0
221,0.5625,1.0,0.0,0.45454545454545453,1.0,0.5217391304347826,0.5,0.8,1.0,0.0
222,0.625,0.0,0.0,0.8181818181818181,1.0,0.9782608695652173,1.0,0.8,1.0,0.0
223,0.75,1.0,1.0,0.09090909090909091,1.0,0.15217391304347827,1.0,0.8,1.0,1.0
224,0.625,1.0,1.0,0.36363636363636365,1.0,0.4347826086956522,1.0,0.8,0.5,0.0
225,0.875,0.0,0.0,0.10909090909090909,1.0,0.21739130434782616,1.0,0.8,1.0,0.0
226,0.875,0.0,1.0,0.2909090909090909,1.0,0.4347826086956522,1.0,0.8,1.0,0.0
227,0.5625,0.0,0.0,0.6,1.0,0.6956521739130435,1.0,0.8,1.0,0.0
228,0.6875,1.0,0.0,0.03636363636363636,1.0,0.06521739130434784,1.0,0.8,1.0,0.0
229,0.625,1.0,0.0,0.18181818181818182,1.0,0.21739130434782616,1.0,0.8,1.0,1.0
230,0.75,1.0,1.0,0.7999999999999999,1.0,1.0,1.0,0.8,1.0,0.0
231,0.75,1.0,0.0,0.10909090909090909,1.0,0.17391304347826086,1.0,0.8,1.0,0.0
232,0.625,0.0,0.0,0.2727272727272727,1.0,0.32608695652173914,1.0,0.8,1.0,1.0
233,0.625,0.0,1.0,0.09090909090909091,1.0,0.10869565217391308,1.0,0.8,1.0,0.0
234,0.6875,0.0,0.0,0.07272727272727272,1.0,0.10869565217391308,1.0,0.8,0.5,0.0
235,0.75,0.0,1.0,0.2545454545454545,1.0,0.34782608695652173,1.0,0.8,1.0,0.0
236,0.75,0.0,0.0,0.5818181818181818,1.0,0.7391304347826086,1.0,0.8,1.0,0.0
237,0.625,0.0,0.0,0.2545454545454545,1.0,0.30434782608695654,1.0,0.8,1.0,0.0
238,0.75,0.0,1.0,0.3818181818181818,1.0,0.5,1.0,0.8,1.0,0.0
239,0.625,0.0,1.0,0.7818181818181817,0.0,0.9347826086956521,1.0,0.8,1.0,0.0
240,0.625,1.0,0.0,0.4909090909090909,1.0,0.5869565217391305,0.5,0.8,1.0,0.0
241,0.625,0.0,0.0,0.07272727272727272,1.0,0.08695652173913049,1.0,0.8,1.0,1.0
242,0.75,0.0,1.0,0.0,1.0,0.043478260869565244,0.0,0.8,1.0,1.0
243,0.625,1.0,1.0,0.5818181818181818,1.0,0.6956521739130435,1.0,0.8,1.0,0.0
244,0.625,0.0,1.0,0.36363636363636365,1.0,0.4347826086956522,1.0,0.8,1.0,0.0
245,0.8125,1.0,1.0,0.07272727272727272,1.0,0.15217391304347827,1.0,0.8,1.0,1.0
246,0.625,0.0,1.0,0.6181818181818182,1.0,0.7391304347826086,1.0,0.8,1.0,0.0
247,0.6875,0.0,1.0,0.09090909090909091,1.0,0.13043478260869568,1.0,0.8,1.0,1.0
248,0.9375,0.0,1.0,0.23636363636363636,1.0,0.3913043478260869,1.0,0.8,0.5,0.0
249,0.75,0.0,0.0,0.3090909090909091,1.0,0.4130434782608696,0.0,0.0,1.0,0.0
250,0.6875,1.0,0.0,0.18181818181818182,1.0,0.23913043478260876,1.0,0.0,1.0,0.0
251,0.875,0.0,0.0,0.12727272727272726,1.0,0.23913043478260876,1.0,0.0,1.0,0.0
252,0.625,0.0,0.0,0.45454545454545453,1.0,0.5434782608695652,1.0,0.0,1.0,1.0
253,0.625,0.0,0.0,0.32727272727272727,1.0,0.3913043478260869,0.5,0.0,1.0,0.0
254,0.875,0.0,0.0,0.4909090909090909,1.0,0.673913043478261,1.0,0.0,0.5,0.0
255,0.875,0.0,0.0,0.03636363636363636,1.0,0.13043478260869568,1.0,0.0,1.0,1.0
256,0.6875,0.0,1.0,0.23636363636363636,1.0,0.30434782608695654,1.0,0.0,1.0,0.0
257,0.75,0.0,0.0,0.43636363636363634,1.0,0.5652173913043479,1.0,0.0,1.0,1.0
258,1.0,1.0,0.0,0.23636363636363636,1.0,0.4130434782608696,0.0,0.0,1.0,0.0
259,0.75,0.0,0.0,0.2727272727272727,0.0,0.3695652173913043,1.0,0.0,1.0,1.0
260,0.625,1.0,0.0,0.21818181818181817,1.0,0.26086956521739135,0.0,0.0,1.0,1.0
261,0.625,0.0,0.0,0.43636363636363634,1.0,0.5217391304347826,1.0,0.0,1.0,0.0
262,0.625,0.0,0.0,0.7818181818181817,1.0,0.9347826086956521,1.0,0.0,0.0,0.0
263,0.625,0.0,0.0,0.23636363636363636,1.0,0.28260869565217395,1.0,0.0,0.5,0.0
264,0.625,1.0,0.0,0.2909090909090909,1.0,0.34782608695652173,1.0,0.0,1.0,0.0
265,0.5625,0.0,0.0,0.43636363636363634,1.0,0.5,1.0,0.0,1.0,0.0
266,0.875,1.0,0.0,0.07272727272727272,1.0,0.17391304347826086,1.0,0.0,1.0,0.0
267,0.625,0.0,0.0,0.43636363636363634,1.0,0.5217391304347826,1.0,0.0,1.0,0.0
268,0.625,0.0,0.0,0.8181818181818181,1.0,0.9782608695652173,1.0,0.0,1.0,0.0
269,0.625,0.0,1.0,0.36363636363636365,0.0,0.4347826086956522,1.0,0.0,1.0,0.0
270,0.625,0.0,0.0,0.6909090909090909,1.0,0.8260869565217392,1.0,0.0,1.0,0.0
271,1.0,1.0,1.0,0.18181818181818182,1.0,0.34782608695652173,1.0,0.0,1.0,0.0
272,0.5625,0.0,0.0,0.2909090909090909,1.0,0.32608695652173914,0.5,0.0,1.0,0.0
273,0.625,1.0,0.0,0.5818181818181818,1.0,0.6956521739130435,0.5,0.0,1.0,0.0
274,0.875,1.0,0.0,0.03636363636363636,1.0,0.13043478260869568,1.0,0.0,1.0,1.0
275,0.6875,1.0,0.0,0.509090909090909,1.0,0.6304347826086956,1.0,0.0,1.0,1.0
276,0.875,0.0,1.0,0.05454545454545454,1.0,0.15217391304347827,0.5,0.0,1.0,1.0
277,0.6875,0.0,0.0,0.14545454545454545,0.0,0.19565217391304346,1.0,0.0,1.0,1.0
278,0.625,0.0,0.0,0.7999999999999999,1.0,0.9565217391304348,1.0,0.0,0.5,0.0
279,0.625,1.0,1.0,0.21818181818181817,1.0,0.26086956521739135,1.0,0.0,1.0,0.0
280,0.625,1.0,1.0,0.14545454545454545,1.0,0.17391304347826086,0.5,0.0,1.0,0.0
281,0.625,0.0,0.0,0.07272727272727272,1.0,0.08695652173913049,1.0,0.0,1.0,0.0
282,0.625,1.0,0.0,0.509090909090909,1.0,0.6086956521739131,1.0,0.0,1.0,0.0
283,0.6875,1.0,0.0,0.0,1.0,0.02173913043478265,1.0,0.0,1.0,1.0
284,0.75,1.0,1.0,0.01818181818181818,1.0,0.06521739130434784,1.0,0.0,1.0,1.0
285,0.75,0.0,0.0,0.21818181818181817,1.0,0.30434782608695654,1.0,0.0,0.5,0.0
286,0.625,0.0,0.0,0.7090909090909091,1.0,0.8478260869565217,1.0,0.0,1.0,0.0
287,0.625,0.0,0.0,0.43636363636363634,1.0,0.5217391304347826,1.0,0.0,1.0,0.0
288,0.9375,0.0,0.0,0.5818181818181818,1.0,0.8043478260869565,0.5,0.0,1.0,0.0
289,0.875,0.0,1.0,0.07272727272727272,1.0,0.17391304347826086,0.5,0.0,1.0,1.0
290,0.625,0.0,0.0,0.45454545454545453,1.0,0.5434782608695652,0.5,0.0,1.0,1.0
291,0.625,0.0,1.0,0.14545454545454545,1.0,0.17391304347826086,0.5,0.0,1.0,1.0
292,0.6875,0.0,0.0,0.2909090909090909,1.0,0.3695652173913043,1.0,0.0,1.0,0.0
293,0.625,1.0,1.0,0.09090909090909091,1.0,0.10869565217391308,1.0,0.0,1.0,1.0
294,0.6875,0.0,1.0,0.5636363636363636,1.0,0.6956521739130435,1.0,0.0,1.0,1.0
295,0.625,0.0,0.0,0.45454545454545453,1.0,0.5434782608695652,1.0,0.0,1.0,1.0
296,0.625,0.0,0.0,0.2727272727272727,1.0,0.32608695652173914,1.0,0.0,1.0,0.0
297,0.75,1.0,0.0,0.2727272727272727,1.0,0.3695652173913043,1.0,0.0,1.0,0.0
298,0.625,0.0,0.0,0.0,1.0,0.0,1.0,0.0,1.0,1.0
299,0.625,0.0,1.0,0.34545454545454546,1.0,0.4130434782608696,1.0,0.0,1.0,0.0
300,0.625,0.0,0.0,0.3818181818181818,1.0,0.4565217391304348,0.5,0.0,1.0,1.0
301,0.625,0.0,0.0,0.10909090909090909,1.0,0.13043478260869568,1.0,0.0,1.0,1.0
302,0.625,0.0,0.0,0.2545454545454545,0.0,0.30434782608695654,1.0,0.0,1.0,0.0
303,0.6875,0.0,0.0,0.5454545454545454,1.0,0.673913043478261,1.0,0.0,1.0,0.0
304,0.625,0.0,0.0,0.14545454545454545,1.0,0.17391304347826086,1.0,0.0,1.0,1.0
305,0.4375,0.0,1.0,0.6,0.0,0.6521739130434783,1.0,0.0,1.0,1.0
306,0.6875,0.0,1.0,0.2909090909090909,1.0,0.3695652173913043,0.0,0.0,1.0,1.0
307,0.625,1.0,0.0,0.36363636363636365,1.0,0.4347826086956522,1.0,0.0,1.0,1.0
308,0.6875,1.0,0.0,0.10909090909090909,1.0,0.15217391304347827,1.0,0.0,1.0,0.0
309,0.625,0.0,0.0,0.18181818181818182,0.0,0.21739130434782616,1.0,0.0,1.0,0.0
310,0.6875,1.0,0.0,0.01818181818181818,1.0,0.043478260869565244,1.0,0.0,1.0,1.0
311,0.625,1.0,1.0,0.03636363636363636,1.0,0.043478260869565244,0.5,0.0,1.0,1.0
312,0.6875,1.0,0.0,0.0,1.0,0.02173913043478265,1.0,0.0,1.0,1.0
313,0.875,0.0,1.0,0.3090909090909091,1.0,0.4565217391304348,0.5,0.0,1.0,0.0
314,0.625,0.0,0.0,0.14545454545454545,1.0,0.17391304347826086,1.0,0.0,1.0,1.0
315,0.625,1.0,1.0,0.07272727272727272,1.0,0.08695652173913049,1.0,0.0,1.0,1.0
316,0.625,0.0,0.0,0.2727272727272727,1.0,0.32608695652173914,1.0,0.0,1.0,1.0
317,0.625,0.0,0.0,0.5272727272727272,1.0,0.6304347826086956,1.0,0.0,1.0,0.0
318,0.625,1.0,0.0,0.41818181818181815,1.0,0.5,0.5,0.0,1.0,0.0
319,0.625,1.0,0.0,0.7090909090909091,1.0,0.8478260869565217,1.0,0.0,1.0,0.0
320,0.625,1.0,0.0,0.2545454545454545,1.0,0.30434782608695654,1.0,0.0,1.0,0.0
321,0.9375,1.0,0.0,0.10909090909090909,1.0,0.23913043478260876,0.5,0.0,1.0,1.0
322,0.75,1.0,1.0,0.21818181818181817,0.0,0.30434782608695654,1.0,0.0,1.0,0.0
323,0.625,1.0,0.0,0.4727272727272727,1.0,0.5652173913043479,1.0,0.0,1.0,1.0
324,0.75,0.0,0.0,0.5818181818181818,1.0,0.7391304347826086,1.0,0.0,1.0,0.0
325,0.8125,0.0,0.0,0.10909090909090909,1.0,0.19565217391304346,1.0,0.0,1.0,0.0
326,0.625,0.0,0.0,0.7272727272727273,1.0,0.8695652173913044,1.0,0.0,1.0,0.0
327,0.625,0.0,0.0,0.32727272727272727,1.0,0.3913043478260869,1.0,0.0,0.5,0.0
328,0.5625,0.0,0.0,0.21818181818181817,1.0,0.23913043478260876,1.0,0.0,1.0,1.0
329,0.625,1.0,0.0,0.6545454545454545,1.0,0.7826086956521738,1.0,0.0,0.0,0.0
330,0.625,0.0,0.0,0.34545454545454546,1.0,0.4130434782608696,1.0,0.0,1.0,0.0
331,0.875,0.0,0.0,0.7636363636363636,1.0,1.0,1.0,0.0,0.5,1.0
332,0.6875,0.0,0.0,0.03636363636363636,1.0,0.06521739130434784,0.0,0.0,1.0,0.0
333,0.625,0.0,0.0,0.6,1.0,0.7173913043478262,1.0,0.0,1.0,0.0
334,0.625,1.0,0.0,0.2545454545454545,1.0,0.30434782608695654,1.0,0.0,1.0,0.0
335,0.625,0.0,1.0,0.39999999999999997,1.0,0.4782608695652174,1.0,0.0,1.0,1.0
336,0.625,0.0,0.0,0.36363636363636365,1.0,0.4347826086956522,1.0,0.0,1.0,0.0
337,0.625,0.0,0.0,0.2727272727272727,1.0,0.32608695652173914,1.0,0.0,1.0,0.0
338,0.625,0.0,1.0,0.6363636363636364,1.0,0.7608695652173914,1.0,0.0,1.0,0.0
339,0.625,0.0,0.0,0.12727272727272726,1.0,0.15217391304347827,1.0,0.0,1.0,0.0
340,0.625,0.0,0.0,0.8181818181818181,1.0,0.9782608695652173,1.0,0.0,0.5,1.0
341,0.625,0.0,0.0,0.16363636363636364,1.0,0.19565217391304346,1.0,0.0,1.0,1.0
342,0.625,1.0,0.0,0.03636363636363636,1.0,0.043478260869565244,1.0,0.0,1.0,0.0
343,0.9375,1.0,1.0,0.05454545454545454,1.0,0.17391304347826086,1.0,0.0,1.0,1.0
344,0.75,0.0,0.0,0.34545454545454546,0.0,0.4565217391304348,0.5,0.0,1.0,0.0
345,0.625,1.0,0.0,0.2545454545454545,1.0,0.30434782608695654,1.0,0.0,1.0,0.0
346,0.125,0.0,1.0,0.9818181818181818,1.0,1.0,1.0,1.0,1.0,0.0
347,0.75,0.0,1.0,0.3090909090909091,1.0,0.4130434782608696,1.0,1.0,1.0,0.0
348,0.375,0.0,0.0,0.5272727272727272,1.0,0.5434782608695652,0.5,1.0,1.0,0.0
349,0.8125,1.0,0.0,0.4727272727272727,1.0,0.6304347826086956,1.0,1.0,1.0,1.0
350,0.0,0.0,1.0,0.2909090909090909,1.0,0.13043478260869568,0.0,1.0,1.0,1.0
351,0.375,0.0,0.0,0.5272727272727272,1.0,0.5434782608695652,0.5,1.0,1.0,1.0
352,0.5625,0.0,0.0,0.36363636363636365,1.0,0.4130434782608696,1.0,1.0,1.0,0.0
353,0.5,1.0,0.0,0.6909090909090909,1.0,0.7826086956521738,0.5,1.0,1.0,0.0
354,0.375,1.0,0.0,0.6727272727272727,1.0,0.7173913043478262,0.5,1.0,1.0,0.0
355,0.4375,0.0,1.0,0.8727272727272727,1.0,0.9782608695652173,1.0,1.0,1.0,1.0
356,0.625,0.0,0.0,0.2909090909090909,1.0,0.34782608695652173,1.0,1.0,1.0,1.0
357,0.375,0.0,0.0,0.6909090909090909,1.0,0.7391304347826086,1.0,1.0,1.0,0.0
358,0.75,0.0,1.0,0.0,1.0,0.043478260869565244,0.5,1.0,1.0,1.0
359,0.625,0.0,1.0,0.2545454545454545,0.0,0.30434782608695654,0.5,1.0,1.0,1.0
360,0.625,0.0,0.0,0.03636363636363636,1.0,0.043478260869565244,1.0,1.0,1.0,0.0
361,0.875,0.0,1.0,0.3818181818181818,1.0,0.5434782608695652,1.0,1.0,1.0,0.0
362,0.6875,0.0,0.0,0.2727272727272727,1.0,0.34782608695652173,1.0,1.0,1.0,0.0
363,0.875,0.0,0.0,0.36363636363636365,1.0,0.5217391304347826,1.0,1.0,1.0,1.0
364,0.75,0.0,0.0,0.21818181818181817,1.0,0.30434782608695654,1.0,1.0,1.0,0.0
365,0.625,1.0,1.0,0.12727272727272726,1.0,0.15217391304347827,0.0,1.0,1.0,1.0
366,0.5625,0.0,1.0,0.07272727272727272,1.0,0.06521739130434784,1.0,1.0,1.0,0.0
367,0.6875,1.0,1.0,0.16363636363636364,1.0,0.21739130434782616,1.0,1.0,1.0,0.0
368,0.625,1.0,0.0,0.7818181818181817,1.0,0.9347826086956521,0.0,1.0,1.0,0.0
369,0.5,1.0,1.0,0.34545454545454546,1.0,0.3695652173913043,1.0,1.0,1.0,1.0
370,0.375,0.0,0.0,0.8909090909090909,1.0,0.9782608695652173,1.0,1.0,1.0,1.0
371,0.625,0.0,0.0,0.6909090909090909,1.0,0.8260869565217392,1.0,1.0,1.0,0.0
372,0.625,0.0,0.0,0.23636363636363636,1.0,0.28260869565217395,1.0,1.0,1.0,0.0
373,0.625,0.0,0.0,0.2545454545454545,1.0,0.30434782608695654,1.0,1.0,1.0,0.0
374,0.625,0.0,1.0,0.36363636363636365,1.0,0.4347826086956522,1.0,1.0,1.0,1.0
375,0.625,0.0,0.0,0.12727272727272726,1.0,0.15217391304347827,1.0,1.0,1.0,1.0
376,0.625,0.0,0.0,0.16363636363636364,0.0,0.19565217391304346,1.0,1.0,0.5,0.0
377,0.625,0.0,0.0,0.10909090909090909,1.0,0.13043478260869568,1.0,1.0,1.0,1.0
378,0.625,1.0,0.0,0.09090909090909091,1.0,0.10869565217391308,1.0,1.0,1.0,0.0
379,0.6875,1.0,0.0,0.01818181818181818,1.0,0.043478260869565244,0.5,1.0,1.0,1.0
380,0.75,0.0,1.0,0.39999999999999997,0.0,0.5217391304347826,1.0,1.0,1.0,0.0
381,0.625,0.0,0.0,0.43636363636363634,1.0,0.5217391304347826,1.0,1.0,1.0,0.0
382,0.625,0.0,0.0,0.2727272727272727,0.0,0.32608695652173914,1.0,1.0,1.0,1.0
383,0.5625,1.0,0.0,0.14545454545454545,1.0,0.15217391304347827,1.0,1.0,1.0,0.0
384,0.5625,1.0,0.0,0.3090909090909091,1.0,0.34782608695652173,1.0,1.0,1.0,0.0
385,0.625,1.0,1.0,0.03636363636363636,1.0,0.043478260869565244,0.5,1.0,1.0,1.0
386,0.625,1.0,1.0,0.36363636363636365,1.0,0.4347826086956522,1.0,1.0,1.0,0.0
387,0.625,0.0,1.0,0.4727272727272727,0.0,0.5652173913043479,1.0,1.0,1.0,0.0
388,0.5,1.0,0.0,0.6727272727272727,1.0,0.7608695652173914,0.5,1.0,1.0,0.0
389,0.625,0.0,0.0,0.7454545454545454,1.0,0.8913043478260869,1.0,1.0,1.0,1.0
390,0.625,0.0,0.0,0.4909090909090909,1.0,0.5869565217391305,1.0,1.0,1.0,0.0
391,0.625,0.0,0.0,0.09090909090909091,0.0,0.10869565217391308,1.0,1.0,1.0,0.0
392,0.75,0.0,1.0,0.2909090909090909,1.0,0.3913043478260869,0.5,1.0,1.0,0.0
393,0.75,0.0,0.0,0.34545454545454546,1.0,0.4565217391304348,1.0,1.0,1.0,0.0
394,0.625,0.0,1.0,0.18181818181818182,1.0,0.21739130434782616,1.0,1.0,1.0,0.0
395,0.6875,1.0,1.0,0.01818181818181818,0.0,0.043478260869565244,1.0,1.0,1.0,1.0
396,0.625,0.0,0.0,0.7818181818181817,0.0,0.9347826086956521,0.5,1.0,1.0,0.0
397,0.6875,0.0,1.0,0.05454545454545454,1.0,0.08695652173913049,0.5,1.0,1.0,1.0
398,0.625,0.0,0.0,0.0,1.0,0.0,1.0,1.0,1.0,1.0
399,0.625,1.0,0.0,0.4727272727272727,1.0,0.5652173913043479,1.0,1.0,1.0,0.0
400,0.5,0.0,0.0,0.45454545454545453,0.0,0.5,1.0,1.0,1.0,0.0
401,0.625,0.0,0.0,0.2727272727272727,1.0,0.32608695652173914,1.0,1.0,1.0,0.0
402,0.75,1.0,0.0,0.18181818181818182,1.0,0.26086956521739135,1.0,1.0,1.0,1.0
403,0.5625,0.0,0.0,0.8181818181818181,0.0,0.9565217391304348,1.0,1.0,1.0,1.0
404,0.5625,0.0,1.0,0.05454545454545454,1.0,0.043478260869565244,0.5,1.0,1.0,1.0
405,0.375,0.0,1.0,0.8545454545454545,0.0,0.9347826086956521,0.0,1.0,1.0,0.0
406,0.875,0.0,0.0,0.10909090909090909,1.0,0.21739130434782616,0.5,1.0,1.0,0.0
407,0.5,1.0,0.0,0.6,1.0,0.673913043478261,1.0,1.0,1.0,1.0
408,0.875,0.0,1.0,0.05454545454545454,1.0,0.15217391304347827,1.0,1.0,0.5,1.0
409,0.75,0.0,1.0,0.07272727272727272,0.0,0.13043478260869568,0.0,1.0,1.0,1.0
410,0.75,0.0,1.0,0.6181818181818182,0.0,0.7826086956521738,0.5,1.0,1.0,0.0
411,0.5625,1.0,1.0,0.7090909090909091,1.0,0.8260869565217392,1.0,1.0,1.0,0.0
412,0.625,1.0,0.0,0.3090909090909091,1.0,0.3695652173913043,1.0,1.0,1.0,0.0
413,0.4375,0.0,1.0,0.8545454545454545,0.0,0.9565217391304348,1.0,1.0,1.0,0.0
414,0.5625,0.0,1.0,0.03636363636363636,1.0,0.02173913043478265,1.0,1.0,1.0,1.0
415,0.6875,1.0,1.0,0.0,1.0,0.02173913043478265,1.0,1.0,1.0,1.0
416,0.75,0.0,0.0,0.43636363636363634,1.0,0.5652173913043479,1.0,1.0,1.0,1.0
417,0.625,0.0,1.0,0.45454545454545453,0.0,0.5434782608695652,0.5,1.0,1.0,0.0
418,0.75,0.0,0.0,0.10909090909090909,1.0,0.17391304347826086,1.0,1.0,1.0,1.0
419,0.625,0.0,0.0,0.18181818181818182,1.0,0.21739130434782616,1.0,1.0,1.0,1.0
420,0.625,0.0,0.0,0.6,1.0,0.7173913043478262,0.5,1.0,1.0,0.0
421,0.625,0.0,1.0,0.21818181818181817,1.0,0.26086956521739135,1.0,1.0,1.0,1.0
422,0.625,1.0,0.0,0.16363636363636364,1.0,0.19565217391304346,1.0,1.0,1.0,0.0
423,0.5625,1.0,1.0,0.32727272727272727,0.0,0.3695652173913043,1.0,1.0,1.0,0.0
424,0.625,0.0,1.0,0.18181818181818182,1.0,0.21739130434782616,1.0,1.0,1.0,0.0
425,0.375,1.0,0.0,0.8181818181818181,1.0,0.8913043478260869,1.0,1.0,1.0,1.0
426,0.4375,0.0,0.0,0.8363636363636363,0.0,0.9347826086956521,1.0,1.0,1.0,0.0
427,0.3125,1.0,1.0,0.2545454545454545,1.0,0.19565217391304346,0.0,1.0,1.0,0.0
428,0.5625,0.0,0.0,0.6545454545454545,1.0,0.7608695652173914,1.0,1.0,1.0,1.0
429,0.6875,0.0,1.0,0.6181818181818182,0.0,0.7608695652173914,1.0,0.6000000000000001,0.0,0.0
430,1.0,0.0,1.0,0.2727272727272727,1.0,0.4565217391304348,1.0,0.6000000000000001,1.0,0.0
431,0.9375,0.0,1.0,0.5636363636363636,1.0,0.7826086956521738,1.0,0.6000000000000001,0.5,0.0
432,0.875,0.0,0.0,0.10909090909090909,1.0,0.21739130434782616,1.0,0.6000000000000001,0.5,1.0
433,0.75,1.0,1.0,0.2727272727272727,1.0,0.3695652173913043,1.0,0.6000000000000001,1.0,0.0
434,0.625,0.0,1.0,0.5454545454545454,1.0,0.6521739130434783,1.0,0.6000000000000001,1.0,0.0
435,1.0,0.0,1.0,0.14545454545454545,1.0,0.30434782608695654,1.0,0.6000000000000001,1.0,0.0
436,1.0,0.0,1.0,0.09090909090909091,1.0,0.23913043478260876,1.0,0.6000000000000001,0.5,0.0
437,0.9375,0.0,0.0,0.05454545454545454,0.0,0.17391304347826086,1.0,0.6000000000000001,1.0,1.0
438,0.6875,1.0,1.0,0.3090909090909091,1.0,0.3913043478260869,1.0,0.6000000000000001,1.0,0.0
439,0.875,0.0,1.0,0.09090909090909091,0.0,0.19565217391304346,0.5,0.6000000000000001,0.5,0.0
440,0.75,0.0,0.0,0.18181818181818182,1.0,0.26086956521739135,1.0,0.6000000000000001,1.0,0.0
441,0.8125,0.0,0.0,0.6,1.0,0.7826086956521738,1.0,0.6000000000000001,1.0,1.0
442,1.0,0.0,1.0,0.05454545454545454,1.0,0.19565217391304346,1.0,0.6000000000000001,1.0,0.0
443,0.875,0.0,0.0,0.0,1.0,0.0,1.0,0.6000000000000001,1.0,1.0
444,0.875,1.0,1.0,0.23636363636363636,1.0,0.3695652173913043,0.5,0.6000000000000001,1.0,0.0
445,1.0,0.0,1.0,0.21818181818181817,1.0,0.3913043478260869,1.0,0.6000000000000001,1.0,0.0
446,0.875,0.0,0.0,0.10909090909090909,1.0,0.21739130434782616,1.0,0.6000000000000001,1.0,0.0
447,0.9375,0.0,1.0,0.12727272727272726,1.0,0.26086956521739135,1.0,0.6000000000000001,1.0,0.0
448,0.875,1.0,1.0,0.2545454545454545,0.0,0.3913043478260869,1.0,0.6000000000000001,1.0,0.0
449,0.9375,0.0,0.0,0.09090909090909091,1.0,0.21739130434782616,1.0,0.6000000000000001,1.0,1.0
450,0.8125,1.0,0.0,0.18181818181818182,1.0,0.28260869565217395,1.0,0.6000000000000001,1.0,0.0
451,1.0,0.0,0.0,0.19999999999999998,1.0,0.3695652173913043,1.0,0.6000000000000001,1.0,0.0
452,0.9375,0.0,0.0,0.43636363636363634,1.0,0.6304347826086956,1.0,0.6000000000000001,1.0,0.0
453,0.875,0.0,1.0,0.16363636363636364,1.0,0.28260869565217395,1.0,0.6000000000000001,0.5,1.0
454,1.0,1.0,1.0,0.21818181818181817,1.0,0.3913043478260869,1.0,0.6000000000000001,1.0,0.0
455,1.0,0.0,1.0,0.34545454545454546,1.0,0.5434782608695652,1.0,0.6000000000000001,1.0,0.0
456,0.75,0.0,0.0,0.2545454545454545,1.0,0.34782608695652173,1.0,0.6000000000000001,1.0,0.0
457,0.875,0.0,0.0,0.3090909090909091,1.0,0.4565217391304348,1.0,0.6000000000000001,0.5,1.0
458,1.0,1.0,1.0,0.12727272727272726,1.0,0.28260869565217395,1.0,0.6000000000000001,1.0,1.0
459,1.0,0.0,1.0,0.12727272727272726,1.0,0.28260869565217395,1.0,0.6000000000000001,1.0,0.0
460,0.875,0.0,0.0,0.39999999999999997,1.0,0.5652173913043479,1.0,0.6000000000000001,1.0,0.0
461,0.625,0.0,0.0,0.509090909090909,1.0,0.6086956521739131,1.0,0.6000000000000001,1.0,0.0
462,0.875,0.0,0.0,0.2909090909090909,1.0,0.4347826086956522,1.0,0.6000000000000001,1.0,1.0
463,0.875,1.0,1.0,0.2909090909090909,1.0,0.4347826086956522,0.5,0.6000000000000001,1.0,1.0
464,0.875,0.0,0.0,0.12727272727272726,1.0,0.23913043478260876,1.0,0.6000000000000001,1.0,0.0
465,0.625,0.0,0.0,0.19999999999999998,1.0,0.23913043478260876,1.0,0.6000000000000001,1.0,1.0
466,0.625,0.0,0.0,0.19999999999999998,1.0,0.23913043478260876,1.0,0.6000000000000001,1.0,0.0
467,0.625,0.0,0.0,0.2909090909090909,1.0,0.34782608695652173,1.0,0.6000000000000001,1.0,1.0
468,1.0,0.0,1.0,0.6,0.0,0.8478260869565217,1.0,0.6000000000000001,1.0,1.0
469,0.625,1.0,0.0,0.3818181818181818,1.0,0.4565217391304348,1.0,0.6000000000000001,1.0,0.0
470,0.875,0.0,1.0,0.07272727272727272,1.0,0.17391304347826086,1.0,0.6000000000000001,0.5,0.0
471,0.8125,0.0,1.0,0.23636363636363636,1.0,0.34782608695652173,1.0,0.6000000000000001,1.0,0.0
472,1.0,0.0,1.0,0.2545454545454545,0.0,0.4347826086956522,1.0,0.6000000000000001,1.0,0.0
473,0.875,0.0,0.0,0.18181818181818182,1.0,0.30434782608695654,1.0,0.6000000000000001,1.0,0.0
474,1.0,1.0,1.0,0.2545454545454545,1.0,0.4347826086956522,1.0,0.6000000000000001,1.0,0.0
475,0.875,1.0,1.0,0.5272727272727272,1.0,0.7173913043478262,1.0,0.6000000000000001,1.0,0.0
476,0.625,0.0,1.0,0.07272727272727272,1.0,0.08695652173913049,0.0,0.6000000000000001,1.0,1.0
477,1.0,0.0,1.0,0.4909090909090909,1.0,0.7173913043478262,0.5,0.6000000000000001,1.0,0.0
478,0.625,0.0,1.0,0.05454545454545454,1.0,0.06521739130434784,1.0,0.6000000000000001,1.0,0.0
479,0.875,1.0,1.0,0.2545454545454545,0.0,0.3913043478260869,1.0,0.6000000000000001,1.0,0.0
480,0.75,0.0,1.0,0.0,1.0,0.043478260869565244,1.0,0.6000000000000001,0.0,0.0
481,1.0,0.0,1.0,0.6,1.0,0.8478260869565217,1.0,0.6000000000000001,1.0,0.0
482,0.875,1.0,1.0,0.6909090909090909,1.0,0.9130434782608696,1.0,0.6000000000000001,1.0,0.0
483,1.0,0.0,0.0,0.32727272727272727,0.0,0.5217391304347826,1.0,0.6000000000000001,1.0,0.0
484,0.9375,0.0,1.0,0.05454545454545454,1.0,0.17391304347826086,1.0,0.6000000000000001,0.5,1.0
485,1.0,0.0,0.0,0.7272727272727273,1.0,1.0,1.0,0.6000000000000001,1.0,1.0
486,0.75,0.0,1.0,0.34545454545454546,1.0,0.4565217391304348,1.0,0.6000000000000001,0.5,1.0
487,0.75,0.0,0.0,0.07272727272727272,1.0,0.13043478260869568,1.0,0.6000000000000001,1.0,1.0
488,0.875,0.0,0.0,0.19999999999999998,1.0,0.32608695652173914,1.0,0.6000000000000001,1.0,0.0
489,0.875,0.0,0.0,0.2909090909090909,1.0,0.4347826086956522,1.0,0.6000000000000001,1.0,0.0
490,0.75,0.0,1.0,0.39999999999999997,1.0,0.5217391304347826,1.0,0.6000000000000001,1.0,0.0
491,0.9375,0.0,0.0,0.23636363636363636,0.0,0.3913043478260869,1.0,0.6000000000000001,1.0,1.0
492,0.875,1.0,0.0,0.509090909090909,0.0,0.6956521739130435,1.0,0.6000000000000001,1.0,0.0
493,0.875,0.0,0.0,0.18181818181818182,1.0,0.30434782608695654,1.0,0.6000000000000001,1.0,0.0
494,0.875,1.0,0.0,0.09090909090909091,1.0,0.19565217391304346,1.0,0.6000000000000001,1.0,1.0
495,0.8125,0.0,1.0,0.09090909090909091,1.0,0.17391304347826086,1.0,0.6000000000000001,1.0,1.0
496,1.0,0.0,0.0,0.6727272727272727,1.0,0.9347826086956521,1.0,0.6000000000000001,0.5,1.0
497,0.9375,0.0,0.0,0.4727272727272727,0.0,0.673913043478261,1.0,0.6000000000000001,1.0,0.0
498,0.875,1.0,0.0,0.07272727272727272,1.0,0.17391304347826086,1.0,0.6000000000000001,1.0,0.0
499,1.0,0.0,0.0,0.5636363636363636,0.0,0.8043478260869565,1.0,0.6000000000000001,1.0,1.0
500,0.9375,0.0,0.0,0.23636363636363636,0.0,0.3913043478260869,1.0,0.6000000000000001,1.0,0.0
501,0.625,0.0,0.0,0.7636363636363636,1.0,0.9130434782608696,1.0,0.6000000000000001,1.0,0.0
502,0.9375,0.0,1.0,0.32727272727272727,1.0,0.5,0.0,0.6000000000000001,1.0,0.0
503,0.625,0.0,0.0,0.05454545454545454,1.0,0.06521739130434784,1.0,0.6000000000000001,1.0,0.0
504,0.9375,0.0,0.0,0.18181818181818182,1.0,0.32608695652173914,1.0,0.6000000000000001,1.0,1.0
505,0.875,0.0,0.0,0.18181818181818182,0.0,0.30434782608695654,1.0,0.6000000000000001,1.0,1.0
506,0.875,0.0,0.0,0.3090909090909091,1.0,0.4565217391304348,0.0,0.6000000000000001,1.0,0.0
507,1.0,0.0,1.0,0.12727272727272726,1.0,0.28260869565217395,1.0,0.6000000000000001,1.0,0.0
508,0.875,0.0,0.0,0.2545454545454545,1.0,0.3913043478260869,1.0,0.6000000000000001,1.0,0.0
509,0.875,0.0,0.0,0.39999999999999997,0.0,0.5652173913043479,1.0,0.6000000000000001,1.0,0.0
510,0.9375,0.0,0.0,0.2545454545454545,1.0,0.4130434782608696,1.0,0.6000000000000001,1.0,0.0
511,0.875,0.0,1.0,0.19999999999999998,1.0,0.32608695652173914,1.0,0.6000000000000001,1.0,0.0
512,1.0,0.0,1.0,0.41818181818181815,0.0,0.6304347826086956,1.0,0.6000000000000001,1.0,0.0
513,0.625,0.0,1.0,0.7090909090909091,0.0,0.8478260869565217,1.0,0.6000000000000001,1.0,0.0
514,0.875,0.0,1.0,0.2727272727272727,1.0,0.4130434782608696,1.0,0.6000000000000001,1.0,0.0
515,0.75,0.0,0.0,0.2727272727272727,1.0,0.3695652173913043,0.0,0.6000000000000001,1.0,1.0
516,0.875,0.0,1.0,0.18181818181818182,1.0,0.30434782608695654,1.0,0.6000000000000001,1.0,1.0
517,0.625,1.0,0.0,0.45454545454545453,1.0,0.5434782608695652,1.0,0.6000000000000001,1.0,1.0
518,0.75,0.0,0.0,0.21818181818181817,1.0,0.30434782608695654,1.0,0.6000000000000001,1.0,0.0
519,0.875,1.0,0.0,0.12727272727272726,1.0,0.23913043478260876,0.0,0.6000000000000001,1.0,0.0
520,0.9375,0.0,1.0,0.12727272727272726,0.0,0.26086956521739135,1.0,0.6000000000000001,1.0,0.0
521,0.875,0.0,1.0,0.3090909090909091,1.0,0.4565217391304348,1.0,0.6000000000000001,0.5,0.0
522,0.875,0.0,1.0,0.18181818181818182,0.0,0.30434782608695654,1.0,0.6000000000000001,1.0,0.0
523,0.9375,1.0,1.0,0.03636363636363636,1.0,0.15217391304347827,1.0,0.6000000000000001,1.0,0.0
524,0.4375,1.0,0.0,0.6181818181818182,0.0,0.673913043478261,0.5,0.6000000000000001,1.0,0.0
525,0.8125,0.0,0.0,0.19999999999999998,1.0,0.30434782608695654,1.0,0.6000000000000001,1.0,0.0
526,0.8125,0.0,1.0,0.18181818181818182,1.0,0.28260869565217395,1.0,0.6000000000000001,1.0,1.0
527,0.625,1.0,1.0,0.21818181818181817,1.0,0.26086956521739135,1.0,0.6000000000000001,1.0,0.0
528,0.875,0.0,0.0,0.10909090909090909,0.0,0.21739130434782616,1.0,0.6000000000000001,1.0,1.0
529,1.0,0.0,1.0,0.09090909090909091,1.0,0.23913043478260876,1.0,0.6000000000000001,1.0,1.0
530,0.625,0.0,0.0,0.6,1.0,0.7173913043478262,0.5,0.6000000000000001,1.0,0.0
531,0.9375,0.0,0.0,0.45454545454545453,0.0,0.6521739130434783,0.5,0.6000000000000001,1.0,0.0
532,0.625,1.0,1.0,0.23636363636363636,0.0,0.28260869565217395,1.0,0.6000000000000001,1.0,0.0
533,0.875,0.0,1.0,0.6,1.0,0.8043478260869565,1.0,0.6000000000000001,0.5,0.0
