,f1,f2,f3,f4,f5,f6,f7,f8,f9
0,0.16526718194414303,0.6137064905267096,0.0,0.0,1.0,0.0,1.0,1.0,1.0
1,0.21558519606697493,0.24637256441467442,1.0,0.6000000000000001,0.5747126436781609,0.6000000000000001,1.0,0.0,0.0
2,0.3847887417992421,0.7607857885140292,0.5,0.6000000000000001,0.7241379310344828,0.4,0.0,1.0,0.0
3,0.33143248251339663,0.6260298196359113,1.0,0.2,0.3908045977011494,0.8,1.0,0.0,0.0
4,0.5244779059479492,0.2638783730124994,0.0,0.2,0.11494252873563218,0.2,1.0,0.0,1.0
5,0.7850257916965762,0.9039973555001897,1.0,0.4,0.31034482758620696,0.0,1.0,0.0,0.0
6,0.5284409795836602,0.7952488020235826,1.0,0.0,0.6436781609195402,0.0,0.0,1.0,0.0
7,0.686272807705791,0.7085249112082184,1.0,0.0,0.7586206896551724,1.0,0.0,1.0,1.0
8,0.7959401031667863,0.906439317030919,1.0,0.6000000000000001,0.0,0.4,1.0,0.0,0.0
9,0.7158639801011636,0.4031706992621606,1.0,0.2,0.5517241379310345,1.0,1.0,0.0,0.0
10,0.7466537569069996,0.6218010203928543,1.0,0.2,0.18390804597701146,0.0,0.0,0.0,0.0
11,0.8552593359264143,0.311602892946767,0.0,0.4,0.33333333333333337,0.2,1.0,0.0,1.0
12,0.4844932641103117,0.3562708351878505,0.0,0.6000000000000001,0.5057471264367817,0.2,1.0,0.0,1.0
13,0.7531475886015725,0.8677980138246129,1.0,0.8,0.6206896551724138,0.8,1.0,0.0,1.0
14,0.8379012737258568,0.4758529362049428,0.0,0.2,0.7931034482758621,0.6000000000000001,0.0,1.0,0.0
15,0.7198938283558419,0.5982875763519306,0.5,0.6000000000000001,0.11494252873563218,0.8,0.0,1.0,1.0
16,0.8449960769911357,0.1831556164115018,1.0,0.2,0.8735632183908046,0.6000000000000001,0.0,1.0,1.0
17,0.32917550039230087,0.974989272972592,0.0,0.8,0.48275862068965525,0.6000000000000001,1.0,0.0,0.0
18,0.6024606447089461,0.444731054169238,0.5,0.4,0.5747126436781609,0.6000000000000001,0.0,0.0,0.0
19,0.7098509256631554,0.8547715518232947,0.5,0.4,0.4482758620689655,0.6000000000000001,1.0,0.0,1.0
20,0.02739094870039898,0.7856749925735964,0.0,0.8,0.4367816091954023,0.0,0.0,0.0,0.0
21,0.5243376792481178,0.24581095827111327,0.5,0.6000000000000001,0.0459770114942529,1.0,0.0,0.0,1.0
22,0.240435370515667,0.26665639805923325,1.0,0.8,0.1264367816091954,0.2,0.0,0.0,0.0
23,0.3674106472129943,0.6144351282392373,0.0,0.6000000000000001,0.5862068965517242,0.8,0.0,1.0,0.0
24,0.9371450511660517,0.9982356665409764,0.0,0.0,0.6206896551724138,0.2,0.0,0.0,1.0
25,0.1941939468807906,0.32614314105365916,0.5,0.6000000000000001,0.7701149425287357,0.0,0.0,0.0,1.0
26,0.3863345742283358,0.2663918480592833,0.5,0.6000000000000001,0.632183908045977,0.6000000000000001,0.0,0.0,1.0
27,0.6038295243977764,0.08073175830231916,1.0,0.0,0.7471264367816092,0.0,0.0,0.0,0.0
28,0.816396507687428,0.867246909665927,0.0,0.8,0.17241379310344826,0.2,0.0,1.0,1.0
29,0.9349014239687494,0.7757551177172486,1.0,0.4,0.7701149425287357,0.8,0.0,1.0,1.0
30,0.1253125886850408,0.6784567283216528,0.5,0.2,0.03448275862068964,1.0,1.0,0.0,0.0
31,0.5207251723619852,0.060763484298532455,1.0,0.6000000000000001,0.13793103448275865,0.8,0.0,0.0,1.0
32,0.4420413001018313,0.3523055857557079,1.0,0.6000000000000001,0.09195402298850572,0.4,0.0,0.0,1.0
33,0.7574578902559137,0.7389951700871465,0.0,0.0,0.13793103448275865,0.2,1.0,1.0,1.0
34,0.4390130711316628,0.44178399717546624,0.5,0.8,0.4367816091954023,0.6000000000000001,1.0,1.0,1.0
35,0.5739311887551541,0.011141605763489326,1.0,0.6000000000000001,0.33333333333333337,0.2,1.0,0.0,0.0
36,0.13777607131529304,0.8288196469132667,1.0,1.0,0.5747126436781609,0.8,1.0,0.0,0.0
37,0.4800794617965711,0.0031921033075251737,1.0,0.2,0.28735632183908044,0.2,1.0,0.0,0.0
38,0.5103817838839457,0.19667117085129093,0.5,0.4,0.6551724137931034,0.4,1.0,0.0,1.0
39,0.6241790895280703,0.24211175912247418,0.0,0.2,0.3908045977011494,0.2,1.0,0.0,1.0
40,0.18741632305560654,0.6259448035678744,0.0,0.4,0.7816091954022989,1.0,1.0,0.0,0.0
41,0.859546266464117,0.9526725551129165,1.0,0.8,0.8275862068965518,1.0,1.0,1.0,1.0
42,0.051523295995192224,0.7040110580899791,0.0,1.0,0.32183908045977017,0.0,0.0,0.0,0.0
43,0.5773400330534364,0.681861871893788,0.5,0.6000000000000001,0.5172413793103449,0.2,0.0,0.0,0.0
44,0.6471295260671419,0.3429388154361175,0.5,0.4,0.022988505747126436,0.0,1.0,1.0,1.0
45,0.9007361901741148,0.149770806682463,0.5,0.0,0.7816091954022989,1.0,0.0,0.0,1.0
46,0.417134367227017,0.037012495361623376,0.0,1.0,0.367816091954023,0.8,0.0,0.0,0.0
47,0.7687528170542377,0.9781798759965634,0.0,0.6000000000000001,0.7126436781609196,1.0,1.0,1.0,0.0
48,0.38883194497771395,0.01207828279544837,1.0,1.0,0.20689655172413793,1.0,0.0,0.0,0.0
49,0.2900923159107223,0.3141418728139619,1.0,0.0,0.13793103448275865,0.0,0.0,0.0,1.0
50,0.46080830676259954,0.5725982210637811,0.5,0.2,0.5172413793103449,0.2,1.0,1.0,0.0
51,0.3578986027410981,0.4951000739139698,0.5,0.2,0.14942528735632185,0.4,1.0,1.0,0.0
52,0.8096322387860374,0.39193407554027715,1.0,0.4,0.7586206896551724,1.0,1.0,1.0,0.0
53,0.35812229771463866,0.8828963674134412,0.5,0.2,0.17241379310344826,0.0,0.0,1.0,0.0
54,0.9316595162178856,0.6305131669885609,0.0,0.4,0.6091954022988506,1.0,0.0,1.0,0.0
55,0.3812363320701801,0.8252334691256649,1.0,0.6000000000000001,0.735632183908046,0.6000000000000001,0.0,1.0,0.0
56,0.4289735071699247,0.6707602736917277,0.0,0.0,0.8505747126436782,0.8,1.0,1.0,1.0
57,0.3572809375156503,0.2729610896459431,0.5,0.0,0.28735632183908044,0.6000000000000001,1.0,0.0,0.0
58,0.15674340183296329,0.31308317271964403,0.5,0.8,0.16091954022988506,0.2,0.0,1.0,0.0
59,0.6377443533712835,0.06645706038441268,0.5,0.6000000000000001,0.9885057471264367,0.8,0.0,1.0,0.0
60,0.6117523329382502,0.49388934508622134,0.5,0.4,0.11494252873563218,0.2,0.0,0.0,1.0
61,0.9901741148189573,0.6098917695444439,0.5,0.6000000000000001,0.8160919540229885,0.2,1.0,0.0,0.0
62,0.6870140059763284,0.32686377725390103,0.5,0.0,0.5632183908045977,0.8,0.0,0.0,1.0
63,0.5085421431313958,0.7063459993938855,0.5,0.2,0.33333333333333337,0.2,0.0,1.0,1.0
64,0.7894963524364389,0.34371296174977073,0.0,0.0,0.10344827586206898,0.4,0.0,1.0,0.0
65,0.05264177086289501,0.26476954144333287,1.0,0.8,0.49425287356321845,0.8,0.0,1.0,1.0
66,0.8367894763200507,0.9544698948101191,1.0,0.0,0.7471264367816092,0.0,1.0,1.0,1.0
67,0.28730113683788794,0.1792978873006999,0.5,0.4,0.29885057471264376,0.8,0.0,1.0,1.0
68,0.4590187469742751,0.8597714968128978,1.0,0.6000000000000001,0.32183908045977017,0.6000000000000001,1.0,1.0,1.0
69,0.4886900489124084,0.27595665580794776,0.0,0.4,0.45977011494252873,1.0,1.0,1.0,1.0
70,0.463335726090513,0.8554206745074819,0.0,0.4,0.5057471264367817,0.4,1.0,0.0,0.0
71,0.3234929803181811,0.9304008457598487,0.5,0.2,0.5057471264367817,1.0,1.0,0.0,1.0
72,0.2153381299767958,0.798906493327239,0.0,1.0,0.2298850574712644,0.8,1.0,0.0,0.0
73,0.558653155935429,0.7736987290597923,0.5,0.8,0.5402298850574713,0.2,0.0,1.0,1.0
74,0.0482045974325159,0.6411841838107403,1.0,1.0,0.9655172413793103,0.4,0.0,0.0,1.0
75,0.5220339548937449,0.8397487125066638,0.0,1.0,0.6436781609195402,1.0,0.0,1.0,1.0
76,0.2653756906999649,0.2919791840657885,0.5,0.4,0.6551724137931034,0.0,1.0,1.0,0.0
77,0.1554947164582742,0.12345183239632296,0.5,0.0,0.32183908045977017,0.4,1.0,0.0,0.0
78,0.4403452247800611,0.3395731793308936,0.5,1.0,0.4252873563218391,0.4,0.0,1.0,1.0
79,0.6288700065105254,0.8040144587327005,0.0,1.0,0.29885057471264376,0.8,0.0,1.0,1.0
80,0.07503463933358931,0.9267051472728347,0.0,1.0,0.18390804597701146,0.0,0.0,1.0,1.0
81,0.4318715256331068,0.06790283363555716,0.5,0.6000000000000001,0.47126436781609193,0.0,0.0,0.0,0.0
82,0.7123716675291721,0.7748864535397191,0.0,1.0,0.4022988505747127,0.8,1.0,1.0,1.0
83,0.6798490893611339,0.10234934402602097,0.0,0.0,0.21839080459770113,0.6000000000000001,0.0,0.0,0.0
84,0.8143565430779761,0.2321923843606442,1.0,0.8,0.632183908045977,0.8,1.0,1.0,0.0
85,0.7127589603191826,0.0618136827860466,0.0,0.8,0.632183908045977,0.4,1.0,0.0,1.0
86,0.9493581289751766,0.7716528423872113,1.0,0.4,0.03448275862068964,0.0,0.0,0.0,1.0
87,0.11834799592674825,0.4120568787500838,0.0,0.2,0.057471264367816105,0.0,0.0,1.0,1.0
88,0.4450194481077742,0.7540960241485641,1.0,1.0,0.6436781609195402,1.0,1.0,0.0,1.0
89,0.5859906849406541,0.6178022646280148,1.0,0.4,0.6436781609195402,0.0,1.0,0.0,1.0
90,0.7818807071432149,0.21265519183125614,1.0,0.8,0.9310344827586208,0.2,0.0,0.0,0.0
91,0.7925546299851426,0.5010862052928003,1.0,1.0,0.27586206896551724,0.4,0.0,0.0,1.0
92,0.9196968432298883,0.25896194380737964,0.5,0.6000000000000001,0.8160919540229885,0.0,1.0,1.0,0.0
93,0.8373770929669633,0.7860690670536732,0.5,0.6000000000000001,0.3563218390804598,0.2,0.0,1.0,1.0
94,0.14460043737375422,0.9607180757163105,0.5,0.6000000000000001,0.7471264367816092,0.4,1.0,0.0,1.0
95,0.8012453466437407,0.24290490902780631,0.5,1.0,0.3563218390804598,0.8,1.0,1.0,1.0
96,0.12178688880356577,0.30251717574621606,0.0,1.0,0.33333333333333337,0.2,0.0,1.0,1.0
97,0.7092032118591723,0.9216091841358017,1.0,0.2,0.6896551724137931,0.6000000000000001,0.0,1.0,1.0
98,0.9206784301287081,0.12525117247159717,0.0,0.8,0.5862068965517242,0.8,1.0,0.0,0.0
99,0.872290202494032,0.7801824544838976,0.5,0.4,1.0,0.6000000000000001,1.0,0.0,0.0
100,0.5271054872043136,0.1551608253959999,0.5,1.0,0.09195402298850572,0.0,0.0,1.0,1.0
101,0.3990518004106639,0.9410423570054741,0.5,0.6000000000000001,0.19540229885057472,0.8,1.0,0.0,1.0
102,0.39485835433951555,0.33892605702477774,1.0,1.0,0.7586206896551724,0.0,1.0,1.0,0.0
103,0.3353321202610888,0.9439844130540673,0.0,0.6000000000000001,0.5172413793103449,0.8,0.0,1.0,0.0
104,0.7094602941421966,0.3515439418050012,1.0,0.2,0.03448275862068964,0.0,0.0,1.0,1.0
105,0.4238786037427174,0.1657743313486249,0.5,0.0,0.11494252873563218,0.8,1.0,0.0,1.0
106,0.9343538720932174,0.6082959679379404,0.0,0.4,0.7816091954022989,0.2,1.0,0.0,0.0
107,0.5842745772331936,0.5217591124722574,0.5,0.0,0.0,0.2,0.0,1.0,0.0
108,0.6185232793015375,0.1845043713261807,1.0,1.0,0.08045977011494251,0.2,0.0,0.0,0.0
109,0.418373036408861,0.24788234976410545,1.0,1.0,0.5402298850574713,1.0,1.0,1.0,1.0
110,0.9349982471662521,0.07971456605298405,0.0,0.2,0.7701149425287357,1.0,1.0,1.0,1.0
111,0.1202777824149041,0.2867401938966465,0.5,0.8,0.28735632183908044,0.4,1.0,0.0,1.0
112,0.31171393753234394,0.6112975352341593,0.0,0.2,0.9080459770114944,0.8,0.0,1.0,0.0
113,0.3460728177219839,0.11552833485528768,1.0,0.0,0.4367816091954023,0.4,1.0,0.0,1.0
114,0.9702819558285896,0.558351528438875,1.0,0.0,0.0,0.4,0.0,0.0,1.0
115,0.9544830809809192,0.06834891794549175,1.0,0.8,0.1264367816091954,0.4,1.0,1.0,0.0
116,0.5025090563076975,0.026180448104691834,0.5,0.0,0.9655172413793103,0.6000000000000001,1.0,1.0,1.0
117,0.9766121897066925,0.5911427259752093,0.5,0.2,0.7011494252873564,0.0,0.0,0.0,1.0
118,0.14321820276113048,0.30788619049000265,0.0,0.0,0.3563218390804598,0.4,1.0,1.0,0.0
119,0.23784451529973458,0.9715821290223854,0.0,0.0,0.13793103448275865,0.6000000000000001,1.0,0.0,0.0
120,0.5092299217067593,0.7179186866317735,0.5,0.0,0.20689655172413793,1.0,0.0,1.0,1.0
121,0.8718761998564346,0.7915150963532108,0.0,0.2,0.67816091954023,0.2,1.0,1.0,0.0
122,0.6570121696743068,0.40474599699343183,0.0,0.6000000000000001,0.367816091954023,1.0,0.0,0.0,0.0
123,0.7968615929085354,0.2972276760307698,0.5,1.0,0.21839080459770113,0.4,0.0,1.0,0.0
124,0.1129559454451363,0.4159501145716541,1.0,0.8,0.17241379310344826,0.4,1.0,0.0,1.0
125,0.41227317496619537,0.7294218607316784,0.5,0.2,0.4137931034482759,0.6000000000000001,0.0,1.0,1.0
126,0.6569019915530107,0.045751146966776735,1.0,0.4,0.367816091954023,0.6000000000000001,1.0,1.0,0.0
127,0.9125820075789193,0.3091439282024303,0.5,0.2,0.08045977011494251,0.2,1.0,0.0,1.0
128,0.4024439510542043,0.2510504485347731,0.5,0.4,0.14942528735632185,0.4,1.0,0.0,0.0
129,0.12060497804784402,0.9929086597366903,0.0,0.6000000000000001,0.17241379310344826,0.2,1.0,1.0,1.0
130,0.8456504682570155,0.09621868533152772,0.0,0.6000000000000001,0.7701149425287357,0.6000000000000001,0.0,1.0,1.0
131,0.5487504799425739,0.0687259892119611,1.0,1.0,0.28735632183908044,0.8,0.0,0.0,0.0
132,0.07738844465218771,0.8997365502079894,0.0,1.0,0.7011494252873564,0.8,1.0,1.0,1.0
133,0.05479525232459142,0.5978809995089073,0.5,0.2,0.06896551724137931,0.4,0.0,0.0,0.0
134,0.969921372886166,0.7753660441823506,0.0,0.4,0.03448275862068964,0.2,1.0,0.0,0.0
135,0.8744904261890055,0.9993938854443492,0.5,0.6000000000000001,0.26436781609195403,0.8,1.0,0.0,1.0
136,0.02500041734136855,0.6163784955356563,0.0,0.2,0.7816091954022989,0.4,1.0,0.0,1.0
137,0.5541258367694439,0.3201985175198113,1.0,0.0,0.022988505747126436,0.4,0.0,1.0,0.0
138,0.6342787506468791,0.2746214034452512,0.5,0.4,0.5862068965517242,0.0,0.0,1.0,1.0
139,0.14308131479224745,0.5992752630247118,0.0,0.0,0.18390804597701146,0.8,0.0,0.0,0.0
140,0.9029731399095204,0.9448215712769714,1.0,0.8,0.9425287356321839,1.0,1.0,1.0,0.0
141,0.08785536617531677,0.38162512714903124,0.0,0.8,0.9425287356321839,1.0,1.0,1.0,1.0
142,0.3262941755838606,0.8867570970913503,1.0,0.4,0.8390804597701149,0.0,1.0,0.0,1.0
143,0.08409929385840442,0.10511936756046897,0.0,0.0,1.0,1.0,1.0,1.0,1.0
144,0.8657896933375624,0.42021442052547936,1.0,0.2,0.9540229885057472,0.6000000000000001,1.0,1.0,1.0
145,0.9961537819474817,0.4304613571965102,0.0,0.0,0.5057471264367817,0.4,0.0,1.0,1.0
146,0.07471745989349449,0.9429917254361075,0.5,0.2,0.022988505747126436,0.4,1.0,1.0,0.0
147,0.7489140777590438,0.3428092909559907,1.0,1.0,0.9540229885057472,0.0,0.0,1.0,1.0
148,0.6802297046892476,0.5214680574628605,1.0,0.8,0.9540229885057472,0.4,0.0,1.0,1.0
149,0.23074971203445568,0.20344595128479287,0.0,0.6000000000000001,0.7126436781609196,0.0,1.0,1.0,1.0
150,0.5446905831093601,0.5766179807983709,0.0,0.4,0.735632183908046,0.0,1.0,0.0,1.0
151,0.10647212994340852,0.9723267697594846,0.5,0.2,0.67816091954023,0.4,1.0,0.0,1.0
152,0.35289384504949667,0.1881205547848544,0.5,0.4,0.0459770114942529,0.6000000000000001,0.0,1.0,1.0
153,0.5950419845416757,0.5026099932887317,1.0,0.0,0.5862068965517242,0.0,1.0,0.0,0.0
154,0.0640635694372569,0.44219057401848955,0.5,0.0,0.20689655172413793,0.0,0.0,1.0,0.0
155,0.258207435353822,0.551599252258677,0.0,1.0,0.7816091954022989,0.0,0.0,0.0,0.0
156,0.9897901607598951,0.9712590679638453,0.5,0.0,0.6551724137931034,0.0,0.0,0.0,0.0
157,0.37712635427274094,0.7649535762259068,0.5,1.0,0.2298850574712644,1.0,0.0,1.0,0.0
158,0.8486419711867519,0.1885351331401635,1.0,0.6000000000000001,0.13793103448275865,0.8,0.0,1.0,1.0
159,0.04309633908151511,0.5389773667223106,0.5,0.4,0.6206896551724138,0.4,1.0,0.0,1.0
160,0.9247984241189924,0.7733581646931271,0.0,0.8,0.67816091954023,1.0,1.0,1.0,0.0
161,0.8586915513413351,0.288141958830219,1.0,0.8,0.32183908045977017,0.0,1.0,1.0,0.0
162,0.9532777991085588,0.18660776886831615,0.0,0.4,0.8505747126436782,0.6000000000000001,1.0,1.0,1.0
163,0.9419761948483382,0.31983194823821703,0.5,1.0,0.9425287356321839,0.8,0.0,1.0,1.0
164,0.6892309233260437,0.6636424284189713,0.0,1.0,0.8390804597701149,0.8,0.0,0.0,1.0
165,0.9902675992855116,0.8897571641040157,0.5,0.2,0.8160919540229885,0.8,0.0,1.0,1.0
166,0.764155384538337,0.2492761131853921,1.0,1.0,0.5862068965517242,0.0,0.0,0.0,0.0
167,0.3373119877134701,0.6614585156594597,1.0,0.0,0.47126436781609193,0.4,1.0,1.0,1.0
168,0.3365073535549138,0.093175610190326,0.0,0.4,0.2413793103448276,0.2,0.0,1.0,1.0
169,0.174886065806387,0.005784593288131468,0.5,0.4,0.632183908045977,0.0,0.0,1.0,0.0
170,0.12891841810927665,0.45712539669997637,0.5,0.6000000000000001,0.5287356321839081,0.6000000000000001,0.0,1.0,1.0
171,0.46075822579837405,0.5804562062229762,0.5,0.0,0.8045977011494254,1.0,1.0,1.0,0.0
172,0.9400263759744921,0.622305615761379,1.0,0.6000000000000001,0.9540229885057472,0.2,1.0,0.0,1.0
173,0.008757491277565397,0.4998774768431234,0.5,0.6000000000000001,0.4482758620689655,1.0,1.0,1.0,0.0
174,0.7146787306144934,0.3753459403827324,0.5,0.6000000000000001,0.367816091954023,0.6000000000000001,0.0,1.0,0.0
175,0.5159674807605629,0.02508774158315924,0.0,1.0,0.022988505747126436,1.0,1.0,1.0,0.0
176,0.8729713036074987,0.6341868613167889,0.5,0.8,0.4022988505747127,0.4,1.0,1.0,1.0
177,0.49106722534764535,0.9798746963176042,0.5,0.8,0.06896551724137931,0.2,0.0,0.0,1.0
178,0.29075672336944725,0.04008307570130759,1.0,0.4,1.0,0.6000000000000001,0.0,0.0,1.0
179,0.18515934093451078,0.46104463743647556,0.5,1.0,0.6551724137931034,0.0,0.0,1.0,0.0
180,0.7537285277865883,0.7109488693363046,1.0,0.4,0.2413793103448276,0.6000000000000001,0.0,1.0,1.0
181,0.48263359097207154,0.5455306052843988,1.0,0.8,0.5402298850574713,0.4,1.0,1.0,0.0
182,0.06390664908268368,0.5428435974399162,0.0,1.0,0.3908045977011494,0.0,0.0,0.0,1.0
183,0.2969500692786672,0.8172899678039149,0.5,0.0,0.21839080459770113,0.6000000000000001,0.0,1.0,0.0
184,0.251166051783717,0.15925509921375142,0.5,0.4,0.20689655172413793,0.4,0.0,1.0,0.0
185,0.9655376191509607,0.20099148739111694,1.0,0.8,0.3793103448275862,0.2,1.0,0.0,0.0
186,0.6660634692753284,0.13363975791424582,0.0,0.6000000000000001,0.20689655172413793,0.4,0.0,1.0,1.0
187,0.560165601055039,0.37812346533494834,0.0,0.4,0.8505747126436782,0.8,1.0,0.0,0.0
188,0.5162746440078126,0.13170289184655903,0.0,0.6000000000000001,0.32183908045977017,1.0,0.0,0.0,1.0
189,0.7598350666911506,0.6958760205678874,0.0,0.2,0.5862068965517242,0.4,0.0,0.0,1.0
190,0.013137906281822279,0.08953592228931273,0.5,0.2,0.5172413793103449,0.0,0.0,0.0,1.0
191,0.36778124634826304,0.41478539443954915,1.0,0.2,0.8620689655172413,0.0,0.0,1.0,0.0
192,0.14339181677044555,0.4042334001126213,0.0,0.0,0.7586206896551724,0.4,1.0,0.0,1.0
193,0.521232659466137,0.24265936261953513,0.0,0.8,0.09195402298850572,0.0,1.0,0.0,0.0
194,0.5810794117156068,0.7881949688491126,0.0,0.4,0.4367816091954023,0.0,0.0,1.0,1.0
195,0.5893628031985042,0.3220958761205869,0.5,1.0,0.5862068965517242,0.4,1.0,0.0,0.0
196,0.6624209138106606,0.7678971325580535,0.5,0.8,0.25287356321839083,0.2,0.0,0.0,0.0
197,0.0010183129392517904,0.8152430809422981,0.5,1.0,0.4482758620689655,0.2,0.0,1.0,0.0
198,0.6579002721065723,0.45829061692659917,1.0,0.2,0.3908045977011494,0.0,0.0,0.0,0.0
199,0.12700532527586264,0.1924768781299666,0.0,0.0,0.10344827586206898,0.6000000000000001,0.0,1.0,0.0
200,0.013865749628566182,0.9655334858288218,1.0,0.8,0.8045977011494254,0.0,0.0,0.0,1.0
201,0.7375523763417525,0.5946843953507214,0.0,0.4,0.48275862068965525,0.8,1.0,0.0,0.0
202,0.049807188287731834,0.516168555857057,0.5,0.2,0.14942528735632185,0.2,1.0,0.0,1.0
203,0.47262407558886865,0.07678651265089104,1.0,0.2,0.6206896551724138,0.0,1.0,0.0,0.0
204,0.3367076774118158,0.9926181048218115,0.0,1.0,0.49425287356321845,0.8,0.0,1.0,0.0
205,0.6892709880974242,0.805412723004648,1.0,0.2,0.1264367816091954,1.0,0.0,1.0,0.0
206,0.8489858604744337,0.38785030370740076,0.0,1.0,0.8390804597701149,1.0,0.0,1.0,0.0
207,0.7949685324608117,0.2752580237664919,1.0,0.0,0.7126436781609196,0.0,1.0,1.0,0.0
208,0.25815401565864815,0.9381963191043108,0.0,0.6000000000000001,0.06896551724137931,0.8,0.0,1.0,0.0
209,0.3841810927666394,0.5803726904384929,0.5,0.0,0.3563218390804598,0.6000000000000001,0.0,0.0,1.0
210,0.11328314107807623,0.8368316611839639,1.0,0.8,0.057471264367816105,0.8,1.0,1.0,0.0
211,0.9211825785019114,0.5473644518814057,0.0,0.8,0.735632183908046,0.2,0.0,0.0,1.0
212,0.5358663172128274,0.8541439332033756,1.0,0.8,0.011494252873563232,0.0,0.0,1.0,1.0
213,0.9641687394621304,0.3945250652373299,1.0,0.2,0.08045977011494251,0.0,0.0,1.0,1.0
214,0.30804467222008913,0.5801341453534719,0.0,0.0,0.8160919540229885,0.6000000000000001,1.0,0.0,1.0
215,0.7176368462347462,0.8802938755424776,1.0,0.8,0.2298850574712644,0.6000000000000001,0.0,1.0,0.0
216,0.31672203395489373,0.6260083155716432,0.5,0.6000000000000001,0.8620689655172413,0.2,0.0,1.0,0.0
217,0.050040899454117486,0.052461915301992124,0.0,0.2,0.27586206896551724,0.0,1.0,0.0,1.0
218,0.9260170609151461,0.1120641801300446,0.0,1.0,0.5172413793103449,0.4,1.0,0.0,1.0
219,0.9399429077007829,0.12411795829411765,0.0,0.4,0.2298850574712644,0.2,0.0,1.0,1.0
220,0.24611121312789008,0.025327286857216025,0.0,1.0,0.17241379310344826,0.2,0.0,0.0,0.0
221,0.8221057376091347,0.46556999272862576,0.5,0.0,0.3793103448275862,0.8,0.0,0.0,1.0
222,0.11089928718094252,0.8101466177107475,1.0,0.6000000000000001,0.3793103448275862,0.6000000000000001,0.0,1.0,1.0
223,0.3728995208921089,0.6504114277598467,0.0,0.4,0.32183908045977017,0.6000000000000001,0.0,1.0,1.0
224,0.3654808607248385,0.9928356459370822,0.5,1.0,0.7931034482758621,0.0,1.0,0.0,0.0
225,0.06990968732784669,0.2653476507059835,0.0,0.8,0.9425287356321839,1.0,1.0,0.0,0.0
226,0.5281571874530491,0.7325299481602023,0.5,0.2,0.4252873563218391,1.0,1.0,0.0,0.0
227,0.85381700415672,0.924543738766627,1.0,0.6000000000000001,0.7011494252873564,0.4,0.0,0.0,1.0
228,0.40366926531225483,0.6352025532825705,0.0,0.2,0.32183908045977017,0.8,0.0,1.0,1.0
229,0.2639500525850124,0.989313480247767,0.5,0.2,0.5287356321839081,0.6000000000000001,1.0,0.0,0.0
230,0.6098091915263009,0.6007250370319991,0.0,0.0,0.9770114942528736,0.6000000000000001,1.0,1.0,0.0
231,0.39256798490893613,0.5763954387379215,0.0,0.4,0.5632183908045977,1.0,1.0,0.0,1.0
232,0.6160158923593142,0.9909747942361107,0.5,1.0,0.1264367816091954,0.6000000000000001,1.0,1.0,1.0
233,0.6526384321319466,0.171839477661278,0.0,1.0,0.7586206896551724,0.0,0.0,0.0,0.0
234,0.5095404236849573,0.9804137982078613,1.0,0.4,0.9885057471264367,0.2,0.0,1.0,1.0
235,0.6579236432232108,0.3703059878317002,1.0,0.6000000000000001,0.16091954022988506,0.8,1.0,1.0,0.0
236,0.05734270403819508,0.12829324742376313,1.0,0.2,0.4367816091954023,0.0,1.0,1.0,0.0
237,0.12904528988531458,0.15255633314696482,0.5,0.0,0.13793103448275865,0.6000000000000001,0.0,1.0,1.0
238,0.25075204914611954,0.12000568107372295,0.0,0.6000000000000001,0.7126436781609196,0.4,1.0,0.0,0.0
239,0.5218102599202044,0.5186555258943941,1.0,0.8,0.9080459770114944,0.4,0.0,0.0,0.0
240,0.5163848221291087,0.9232324909407879,1.0,1.0,0.7931034482758621,0.6000000000000001,1.0,1.0,1.0
241,0.6876750747041049,0.5609550204988744,1.0,0.2,0.9885057471264367,0.8,1.0,0.0,1.0
242,0.9592340951204447,0.6624607050732589,0.0,0.2,0.4367816091954023,0.4,1.0,1.0,0.0
243,0.37452882159491174,0.9848441355416175,1.0,0.6000000000000001,0.3793103448275862,0.8,1.0,0.0,1.0
244,0.3960402650952373,0.02373398572330171,0.0,0.4,0.5977011494252874,1.0,1.0,0.0,1.0
245,0.8140293474450362,0.22898377793402958,0.0,0.4,0.16091954022988506,0.4,0.0,0.0,1.0
246,0.009575480359915196,0.8630791219540495,0.0,0.8,0.7931034482758621,1.0,1.0,1.0,1.0
247,0.5884813782281355,0.044456902354545025,0.5,1.0,0.27586206896551724,0.8,1.0,0.0,0.0
248,0.7814867368913077,0.025344290070823394,1.0,0.0,0.5632183908045977,0.2,1.0,0.0,0.0
249,0.3655977163080313,0.2633832794398142,1.0,1.0,0.7586206896551724,0.4,0.0,0.0,1.0
250,0.7350082633590972,0.1517716848484364,0.0,0.8,0.5862068965517242,0.2,0.0,0.0,1.0
251,0.3076507019681819,0.9548574680614637,1.0,0.8,0.632183908045977,0.2,1.0,0.0,0.0
252,0.8214279752266164,0.38275334038133213,1.0,0.8,0.18390804597701146,0.0,0.0,0.0,0.0
253,0.6168505750964058,0.027494696497638083,0.0,0.6000000000000001,0.8620689655172413,0.0,0.0,0.0,1.0
254,0.8609385172695858,0.24733774683415172,0.5,0.6000000000000001,0.8850574712643677,1.0,1.0,1.0,0.0
255,0.9125452815384872,0.15626403390240762,1.0,0.4,0.5862068965517242,0.4,0.0,1.0,0.0
256,0.8561274059729896,0.4512167799714146,0.5,1.0,1.0,0.0,0.0,0.0,1.0
257,0.04676894312471829,0.299240556465172,1.0,0.4,0.10344827586206898,0.4,0.0,1.0,0.0
258,0.6017094302455637,0.3809054911378251,0.5,1.0,0.9655172413793103,0.0,1.0,0.0,0.0
259,0.48088409595512743,0.255709329063193,0.5,0.0,0.5402298850574713,0.8,1.0,0.0,0.0
260,0.5133131896566115,0.7473277449437945,0.5,0.4,0.25287356321839083,0.0,0.0,1.0,1.0
261,0.1738076557100646,0.050570057740913055,0.0,1.0,0.9655172413793103,0.2,1.0,0.0,1.0
262,0.12168004941321804,0.930561376100083,1.0,1.0,0.7816091954022989,0.0,0.0,1.0,1.0
263,0.09717710298315611,0.5335823470635951,1.0,0.2,0.5402298850574713,1.0,0.0,0.0,1.0
264,0.5532744603776104,0.10328052001828347,1.0,0.0,0.03448275862068964,0.4,0.0,0.0,0.0
265,0.9704722634926465,0.22128982377669382,0.0,0.8,0.3793103448275862,0.8,0.0,0.0,1.0
266,0.525933592641437,0.8416890792359757,0.0,0.6000000000000001,0.9080459770114944,1.0,1.0,0.0,1.0
267,0.9639483832195382,0.19968274003786718,0.0,0.6000000000000001,0.057471264367816105,0.2,0.0,0.0,1.0
268,0.68617264577734,0.5616496517841872,0.5,0.4,0.8275862068965518,0.2,1.0,0.0,1.0
269,0.10276947732167004,0.27547756525983413,1.0,0.8,0.8735632183908046,0.4,0.0,0.0,1.0
270,0.6969600854715122,0.026378485533765927,0.5,0.8,0.2413793103448276,0.4,0.0,1.0,0.0
271,0.6861325810059596,0.34743866590785666,0.5,0.2,0.735632183908046,0.8,0.0,0.0,0.0
272,0.12177687261072068,0.4892119610606405,0.0,0.6000000000000001,0.9885057471264367,0.4,0.0,1.0,0.0
273,0.43099343939368645,0.8355444178949822,0.0,0.2,0.3793103448275862,0.0,1.0,0.0,0.0
274,0.3359931889888653,0.7294458652685358,0.0,0.6000000000000001,0.10344827586206898,0.8,1.0,0.0,1.0
275,0.24945328280720497,0.6573387370212971,0.0,1.0,0.28735632183908044,0.8,0.0,1.0,1.0
276,0.43172128274043037,0.15569042549041773,1.0,0.2,0.1264367816091954,0.4,1.0,0.0,0.0
277,0.14320484783733703,0.020061791678627316,0.5,0.8,0.2298850574712644,0.0,1.0,0.0,1.0
278,0.21530474266731214,0.8774643407604038,0.0,1.0,0.5287356321839081,0.4,0.0,1.0,1.0
279,0.5681217969049964,0.7479498625240171,0.0,0.2,0.5402298850574713,0.8,0.0,1.0,0.0
280,0.4963056942056324,0.15841744089632942,1.0,0.4,0.5632183908045977,0.4,1.0,1.0,0.0
281,0.5694239019748594,0.22651781186644282,1.0,1.0,0.5402298850574713,0.8,0.0,1.0,0.0
282,0.5134033353922174,0.06962165849345531,1.0,0.4,0.03448275862068964,0.0,1.0,0.0,0.0
283,0.8827671402100061,0.5602593890245257,0.0,0.0,0.7126436781609196,0.6000000000000001,1.0,0.0,1.0
284,0.04417808790878587,0.020280833077451654,0.5,0.0,0.33333333333333337,0.8,0.0,1.0,0.0
285,0.6877084620135886,0.48372642429419166,1.0,0.2,0.3908045977011494,0.8,1.0,1.0,0.0
286,0.49971787723486305,0.38265632204486655,1.0,0.2,0.6091954022988506,1.0,1.0,1.0,1.0
287,0.8582942423584795,0.9192992475577886,0.0,0.6000000000000001,0.9080459770114944,1.0,0.0,1.0,1.0
288,0.7671001452347963,0.8802893746918168,1.0,0.2,0.5632183908045977,0.2,0.0,1.0,1.0
289,0.8676360115520091,0.9015949014363716,1.0,0.2,0.8735632183908046,0.2,1.0,0.0,1.0
290,0.006119893828355843,0.8483198324483328,0.5,0.6000000000000001,0.632183908045977,0.4,0.0,0.0,0.0
291,0.96345425103918,0.3061603643088544,0.0,1.0,0.9310344827586208,0.4,0.0,0.0,0.0
292,0.7083885615077709,0.1964671322880025,1.0,0.4,0.48275862068965525,1.0,1.0,1.0,0.0
293,0.784578401749495,0.4885933441420429,0.0,0.0,0.4252873563218391,0.4,1.0,1.0,1.0
294,0.4636161794901758,0.13588468220493677,0.0,0.4,0.29885057471264376,1.0,1.0,1.0,1.0
295,0.5134500776254945,0.5211955059506247,0.5,0.6000000000000001,0.6666666666666667,0.0,1.0,1.0,0.0
296,0.7096506018062534,0.6793018880568429,0.5,0.8,0.21839080459770113,0.4,1.0,0.0,1.0
297,0.5387242709046292,0.23674124409513403,0.0,0.4,0.47126436781609193,0.4,1.0,1.0,1.0
298,0.7886349598517604,0.435994903036674,1.0,0.2,0.057471264367816105,0.4,0.0,1.0,1.0
299,0.3969417224512963,0.00508146039601487,0.0,0.8,0.3448275862068966,0.8,0.0,0.0,1.0
300,0.4379413384972372,0.7302675205613862,0.5,0.2,0.9770114942528736,0.0,1.0,0.0,1.0
301,0.9818172712551959,0.8624695067367734,0.0,1.0,0.9770114942528736,0.6000000000000001,1.0,1.0,1.0
302,0.9303473949551775,0.24079300987886715,0.5,0.4,0.9770114942528736,0.6000000000000001,0.0,1.0,0.0
303,0.10853546566949902,0.350244196153073,0.5,1.0,0.367816091954023,0.8,0.0,1.0,0.0
304,0.7642588851977363,0.9170683259135978,1.0,0.6000000000000001,0.9195402298850575,0.2,1.0,0.0,1.0
305,0.23506669115069362,0.006854795556360205,0.0,0.8,0.20689655172413793,0.2,1.0,1.0,1.0
306,0.5665091898569353,0.7690313469245689,0.5,0.2,0.5632183908045977,0.0,1.0,1.0,1.0
307,0.7428910071281906,0.5741890217251061,1.0,0.8,1.0,0.6000000000000001,1.0,1.0,1.0
308,0.27424336009882644,0.5267315522633779,1.0,0.6000000000000001,0.11494252873563218,0.8,1.0,1.0,0.0
309,0.8204630819825385,0.9745916978308902,0.5,0.0,0.6666666666666667,0.2,0.0,0.0,0.0
310,0.4829040281788892,0.010741530149198208,0.5,0.4,0.9770114942528736,0.8,1.0,0.0,1.0
311,0.40031384070914644,0.49606275586085774,1.0,1.0,0.8045977011494254,0.0,0.0,1.0,0.0
312,0.7744386758593059,0.9364634915999125,0.0,1.0,0.5862068965517242,1.0,1.0,1.0,1.0
313,0.8688913743885949,0.420123903417746,0.5,0.8,0.4367816091954023,1.0,1.0,1.0,1.0
314,0.7318130978415104,0.18551756281937293,0.0,0.2,0.0,0.8,1.0,1.0,0.0
315,0.011895898369029932,0.037571100938077306,1.0,1.0,0.3563218390804598,0.8,1.0,0.0,1.0
316,0.8161861676376809,0.8097155362363487,0.5,1.0,0.7701149425287357,0.0,0.0,1.0,0.0
317,0.35477021184247864,0.4331923733585648,1.0,0.2,0.8620689655172413,0.8,0.0,1.0,0.0
318,0.9955394554529823,0.5979090048019077,0.0,0.4,0.31034482758620696,0.0,1.0,0.0,0.0
319,0.09470644208136487,0.5819884958257111,0.0,0.8,0.022988505747126436,0.4,0.0,1.0,1.0
320,0.9916732050147739,0.4586791903669794,1.0,0.2,0.21839080459770113,0.2,1.0,1.0,0.0
321,0.7086389663288983,0.09590712644689847,0.5,0.6000000000000001,0.022988505747126436,0.4,1.0,0.0,1.0
322,0.3924511293257433,0.4727608518009904,1.0,0.4,0.9885057471264367,0.6000000000000001,0.0,1.0,1.0
323,0.5206717526668113,0.7913110577899224,0.5,0.6000000000000001,0.8045977011494254,0.2,0.0,1.0,0.0
324,0.22152813715506736,0.5682143925201864,0.5,0.6000000000000001,0.1264367816091954,0.4,0.0,1.0,0.0
325,0.8139358629784819,0.020400855761739,0.5,1.0,0.5287356321839081,0.4,0.0,0.0,1.0
326,0.8160626345925913,0.5053080032126073,1.0,0.6000000000000001,0.4137931034482759,0.4,0.0,0.0,1.0
327,0.007689097374088109,0.5368314611461567,0.5,0.2,0.1264367816091954,0.0,1.0,0.0,1.0
328,0.2717126020399646,0.487869207280176,0.0,1.0,0.6666666666666667,0.8,0.0,0.0,0.0
329,0.4721199272156653,0.30281723245693437,1.0,1.0,0.8850574712643677,0.8,1.0,1.0,1.0
330,0.2813114535165184,0.7542925612940847,0.0,0.0,0.49425287356321845,0.2,1.0,0.0,1.0
331,0.6979617047560223,0.6583659311609895,0.0,0.6000000000000001,0.8850574712643677,1.0,0.0,1.0,0.0
332,0.2803265278867502,0.378712576676992,1.0,0.6000000000000001,0.9655172413793103,0.2,0.0,0.0,0.0
333,0.8443617181109461,0.3264036902974663,1.0,0.8,0.5862068965517242,0.2,1.0,0.0,1.0
334,0.20522177520324525,0.07418352068540957,0.5,0.4,0.28735632183908044,0.0,0.0,1.0,0.0
335,0.0029714705440462078,0.5143007028328355,1.0,0.4,0.4252873563218391,0.8,0.0,0.0,1.0
336,0.36304024840158255,0.6252541730387045,0.5,0.6000000000000001,0.25287356321839083,0.8,0.0,1.0,0.0
337,0.00026375974492095556,0.8536063315966719,0.0,1.0,0.08045977011494251,1.0,0.0,1.0,0.0
338,0.6011351685224446,0.014975830431951664,0.0,0.4,0.48275862068965525,0.8,0.0,0.0,1.0
339,0.5263843213194664,0.383466475163806,0.0,0.8,0.11494252873563218,0.0,0.0,1.0,0.0
340,0.004116655259335926,0.8171714454031813,1.0,0.6000000000000001,0.49425287356321845,0.8,1.0,1.0,0.0
341,0.8171644158055523,0.41524498130146603,0.0,0.4,0.5862068965517242,1.0,1.0,0.0,0.0
342,0.2992003739378662,0.7053173049706395,1.0,1.0,0.5402298850574713,1.0,0.0,1.0,0.0
343,0.8216015892359314,0.13766101793238927,1.0,0.4,0.7931034482758621,0.4,0.0,0.0,0.0
344,0.7842979483498322,0.4422825914097765,1.0,0.4,0.632183908045977,1.0,0.0,1.0,0.0
345,0.9357795102081699,0.22195845014707782,0.5,0.2,0.19540229885057472,0.0,0.0,1.0,0.0
346,0.8703337061582892,0.07559328713126784,0.0,0.6000000000000001,0.3448275862068966,0.8,1.0,1.0,0.0
347,0.0766706174982889,0.7841897118555408,1.0,0.6000000000000001,0.2413793103448276,0.2,1.0,1.0,1.0
348,0.5949651937298632,0.6384436658528463,0.5,0.8,0.9540229885057472,0.0,0.0,0.0,1.0
349,0.8938517269585831,0.4497780080435203,1.0,0.4,0.9195402298850575,0.6000000000000001,1.0,1.0,0.0
350,0.7022753451413117,0.07956403760310704,1.0,0.8,0.7126436781609196,0.6000000000000001,1.0,0.0,1.0
351,0.3352686843730698,0.5074959167282617,0.5,1.0,0.9540229885057472,0.6000000000000001,1.0,0.0,1.0
352,0.7745989349448275,0.9628259741091068,0.0,0.2,0.21839080459770113,0.4,1.0,1.0,0.0
353,0.9303407174932808,0.6199456697315794,0.0,0.2,0.9540229885057472,0.2,0.0,1.0,0.0
354,0.2173947882409896,0.04571313978341912,1.0,0.8,0.3793103448275862,0.4,0.0,0.0,0.0
355,0.3637347044388428,0.3712571676046773,1.0,0.2,0.2298850574712644,1.0,1.0,0.0,0.0
356,0.9821678380047744,0.28294747707316686,0.0,0.8,0.03448275862068964,0.8,0.0,0.0,1.0
357,0.5430078627113833,0.9708614928221435,0.5,0.8,0.19540229885057472,0.6000000000000001,1.0,0.0,0.0
358,0.39067158573026395,0.8367861525828382,0.5,0.2,0.2298850574712644,0.6000000000000001,0.0,0.0,1.0
359,0.9884747007662388,0.09967283816641348,1.0,0.2,0.33333333333333337,0.6000000000000001,1.0,1.0,1.0
360,0.32205398727943507,0.7958689192257338,0.0,0.4,0.19540229885057472,0.0,0.0,1.0,1.0
361,0.7315793866751248,0.8264346961575739,0.0,1.0,0.19540229885057472,0.8,0.0,0.0,0.0
362,0.7488005609067994,0.7514060157369744,0.0,0.8,0.2413793103448276,0.6000000000000001,1.0,1.0,0.0
363,0.04791412784000801,0.03299523609962285,0.0,0.0,0.14942528735632185,0.0,1.0,0.0,0.0
364,0.28120461412617065,0.4955516592636009,0.0,0.0,0.9655172413793103,0.8,1.0,0.0,1.0
365,0.9268884696926698,0.0850425730463058,1.0,0.8,0.8620689655172413,0.0,1.0,0.0,0.0
366,0.7275128123800143,0.40583520285333935,0.5,0.0,0.25287356321839083,0.6000000000000001,0.0,1.0,1.0
367,0.8473432048478373,0.42300544802967766,0.0,0.0,0.3448275862068966,0.6000000000000001,1.0,1.0,0.0
368,0.13361601255362834,0.7877143780174454,0.0,0.6000000000000001,0.5977011494252874,0.0,1.0,0.0,1.0
369,0.9871124985393052,0.9526035420694512,0.0,0.8,0.6666666666666667,0.2,1.0,1.0,0.0
370,0.2915446638732618,0.4208500406576844,1.0,0.2,0.4367816091954023,0.6000000000000001,0.0,1.0,0.0
371,0.35580855716742066,0.949246407571031,0.5,0.0,0.29885057471264376,0.4,1.0,1.0,1.0
372,0.6090145735605896,0.12749859723487744,0.5,0.6000000000000001,0.16091954022988506,0.4,0.0,0.0,0.0
373,0.7584828806570623,0.10345705338308941,0.5,0.0,0.2298850574712644,1.0,1.0,1.0,0.0
374,0.17106655760145567,0.24654659730689105,1.0,0.4,0.13793103448275865,1.0,0.0,0.0,1.0
375,0.5305777673906148,0.3691857761116851,1.0,1.0,0.3563218390804598,0.6000000000000001,0.0,1.0,1.0
376,0.07188621604927968,0.6223661271980405,0.5,0.4,0.6091954022988506,0.2,0.0,0.0,0.0
377,0.34977547034372236,0.22898677850113675,0.0,0.2,0.6436781609195402,0.2,1.0,1.0,1.0
378,0.3814500108508756,0.03142944016419108,1.0,0.0,0.28735632183908044,0.4,1.0,1.0,1.0
379,0.2745638782698696,0.809402477068166,0.5,0.4,0.17241379310344826,0.0,1.0,0.0,0.0
380,0.07679415054337847,0.34214116468012457,0.5,0.8,0.5402298850574713,1.0,1.0,0.0,0.0
381,0.8913343238235146,0.5804627074517085,1.0,0.6000000000000001,0.8275862068965518,1.0,1.0,0.0,0.0
382,0.591082249636913,0.18244148143999223,0.5,0.0,0.67816091954023,0.6000000000000001,0.0,1.0,0.0
383,0.46356943725689864,0.3360210079705065,0.5,0.0,0.7931034482758621,0.6000000000000001,0.0,1.0,0.0
384,0.688813581957498,0.37344058026967103,1.0,0.8,0.47126436781609193,0.2,0.0,0.0,0.0
385,0.4056758426122231,0.1686283707620741,0.0,0.0,0.5977011494252874,0.2,0.0,1.0,1.0
386,0.7183112698863162,0.3502011880245367,1.0,0.6000000000000001,0.5747126436781609,0.6000000000000001,1.0,1.0,0.0
387,0.42048979183012536,0.9487833200474891,0.0,0.4,0.33333333333333337,0.2,0.0,0.0,0.0
388,0.5702118424786738,0.5972283761630949,1.0,0.6000000000000001,0.5287356321839081,0.8,0.0,1.0,0.0
389,0.11138674189940405,0.6767449047870048,1.0,0.4,0.03448275862068964,0.2,0.0,1.0,1.0
390,0.27619985643456924,0.037678621259418066,1.0,0.8,0.7471264367816092,0.4,1.0,1.0,0.0
391,0.548059362636262,0.02546081209348572,1.0,0.4,0.011494252873563232,0.0,1.0,0.0,0.0
392,0.8205398727943508,0.7239288225474616,1.0,0.2,0.09195402298850572,0.0,1.0,0.0,1.0
393,0.7952823731699581,0.8264737035299672,0.0,0.8,0.48275862068965525,0.6000000000000001,0.0,1.0,0.0
394,0.956840225030466,0.9230119492584099,1.0,0.4,0.8735632183908046,0.2,1.0,1.0,0.0
395,0.5209254962188872,0.9917379384703711,1.0,1.0,0.9310344827586208,0.4,1.0,0.0,0.0
396,0.6498472530591122,0.21761162859780503,1.0,1.0,0.5057471264367817,1.0,1.0,0.0,1.0
397,0.7983506669115069,0.9952225970708465,0.0,0.4,0.6091954022988506,0.6000000000000001,1.0,0.0,1.0
398,0.6502178521943809,0.6798019825747067,0.0,0.2,0.0,0.6000000000000001,0.0,1.0,1.0
399,0.27257733335559153,0.4113612472757352,1.0,0.6000000000000001,0.10344827586206898,1.0,1.0,0.0,1.0
400,0.5153097507637348,0.6448543774773433,0.5,0.8,0.4482758620689655,0.6000000000000001,0.0,1.0,1.0
401,0.05672503881274727,0.3535833272488501,0.0,1.0,0.8505747126436782,0.8,1.0,1.0,1.0
402,0.6833580955878671,0.4029396555949075,0.5,1.0,0.9655172413793103,0.2,1.0,1.0,0.0
403,0.0417608467021685,0.4769246387567251,0.5,0.8,0.6666666666666667,0.2,1.0,1.0,0.0
404,0.8490726674790912,0.29420410457576485,0.0,0.2,0.16091954022988506,0.8,0.0,0.0,0.0
405,0.7354422983823848,0.3767562069231085,0.5,1.0,0.13793103448275865,0.0,1.0,0.0,1.0
406,0.3912425087224346,0.48704355123118276,0.5,0.2,0.896551724137931,0.0,1.0,0.0,0.0
407,0.09940403652571658,0.6333787085759209,0.5,0.8,0.0459770114942529,0.4,0.0,1.0,0.0
408,0.7922174181593576,0.33570994918039515,0.0,0.6000000000000001,0.5402298850574713,0.2,0.0,1.0,0.0
409,0.5409946079495184,0.18663427387776294,0.5,1.0,0.20689655172413793,0.2,1.0,1.0,1.0
410,0.361741482062668,0.48614938223324217,0.5,0.2,0.4482758620689655,0.6000000000000001,1.0,1.0,0.0
411,0.8704872877819141,0.6396253891985586,0.0,0.6000000000000001,0.49425287356321845,0.8,0.0,1.0,1.0
412,0.9027160576264962,0.6404055366464263,0.0,0.2,0.5172413793103449,0.0,0.0,0.0,1.0
413,0.6152646778959318,0.06128608306970018,0.5,1.0,0.896551724137931,0.4,1.0,1.0,1.0
414,0.5962973473782616,0.799872175841234,0.5,0.6000000000000001,0.5632183908045977,0.6000000000000001,0.0,1.0,1.0
415,0.8283858905230121,0.8792546791343565,0.5,0.8,0.367816091954023,0.2,1.0,0.0,0.0
416,0.4583510007846018,0.696964726333277,1.0,0.6000000000000001,0.2413793103448276,0.0,1.0,1.0,0.0
417,0.5330551057543028,0.9148404048365142,0.0,0.2,0.67816091954023,0.8,1.0,0.0,1.0
418,0.19772298549321402,0.12082983683916265,0.5,0.8,0.06896551724137931,0.0,0.0,0.0,0.0
419,0.23231223811829124,0.7650921024073551,0.0,0.2,0.17241379310344826,0.6000000000000001,1.0,1.0,0.0
420,0.7637013171293592,0.505900115121758,0.5,1.0,0.7126436781609196,0.0,0.0,1.0,1.0
421,0.7625361000283792,0.8519130115591848,0.0,0.0,0.06896551724137931,0.6000000000000001,1.0,0.0,0.0
422,0.316040932841427,0.6725911197216274,1.0,0.4,0.29885057471264376,0.6000000000000001,1.0,0.0,1.0
423,0.9515750463248919,0.12421047577992245,0.0,0.0,0.10344827586206898,0.8,1.0,1.0,1.0
424,0.06323890289301037,0.08971095537056506,0.0,0.8,0.5747126436781609,0.2,0.0,0.0,0.0
425,0.6497103650902292,0.2036084820030986,0.5,0.6000000000000001,0.0,0.6000000000000001,0.0,1.0,0.0
426,0.869475652304559,0.6156958665187722,0.5,0.0,0.9540229885057472,1.0,1.0,0.0,0.0
427,0.822710047910789,0.7033579346496488,1.0,0.0,0.9080459770114944,1.0,1.0,1.0,1.0
428,0.7353822012253143,0.21732057358840823,0.5,1.0,0.9655172413793103,1.0,0.0,1.0,0.0
429,0.064911607098142,0.8870996618360871,1.0,0.8,0.7126436781609196,1.0,1.0,0.0,1.0
430,0.38231140343555414,0.4658025366794325,0.0,0.2,0.21839080459770113,0.8,0.0,0.0,1.0
431,0.7921372886165968,0.3196989230964653,1.0,0.0,0.6206896551724138,0.8,0.0,0.0,1.0
432,0.40319850424853515,0.8642908509708336,1.0,0.2,0.022988505747126436,0.6000000000000001,0.0,1.0,1.0
433,0.8923626529556116,0.35485306722970644,0.5,0.2,0.9195402298850575,0.0,1.0,1.0,1.0
434,0.3786321219304542,0.7389286575162707,0.5,0.6000000000000001,0.11494252873563218,0.8,0.0,1.0,0.0
435,0.38985025791696576,0.7802259627069517,0.0,1.0,0.367816091954023,0.2,0.0,0.0,1.0
436,0.8907867719479826,0.10177773599210255,0.5,0.0,0.31034482758620696,0.8,1.0,1.0,0.0
437,0.27811294926798324,0.537697624851097,0.0,0.0,0.9425287356321839,0.0,1.0,0.0,0.0
438,0.30354740163263944,0.9278578651365108,0.5,0.2,0.25287356321839083,0.8,1.0,1.0,1.0
439,0.6587850358078894,0.008745152833885661,0.0,0.0,0.10344827586206898,0.2,1.0,1.0,1.0
440,0.9008664006811011,0.0033976421543672197,0.5,0.2,0.8505747126436782,0.4,0.0,1.0,1.0
441,0.34726808340149906,0.24640757103092487,1.0,0.2,0.5057471264367817,0.2,0.0,0.0,1.0
442,0.10390798457506302,0.7196335107335288,0.5,0.8,0.5517241379310345,1.0,0.0,1.0,0.0
443,0.5027861709764119,0.6920002880544424,0.5,0.6000000000000001,0.33333333333333337,0.0,0.0,1.0,1.0
444,0.8535565831427474,0.9794036072817763,0.5,0.4,0.6551724137931034,0.0,1.0,1.0,0.0
445,0.4936814516802163,0.23989534021930148,0.0,0.4,0.27586206896551724,0.2,1.0,0.0,1.0
446,0.602250304659199,0.4951610854451492,1.0,0.8,0.33333333333333337,0.2,0.0,1.0,1.0
447,0.6729445937599119,0.06673911369248792,0.5,0.2,0.33333333333333337,0.8,0.0,1.0,1.0
448,0.546994307463733,0.6273365666110895,1.0,0.0,0.16091954022988506,0.0,1.0,0.0,0.0
449,0.8148039330250572,0.08488504327317864,1.0,0.0,0.27586206896551724,0.8,1.0,1.0,0.0
450,0.2338213445069529,0.39153850077664687,1.0,0.2,0.4252873563218391,0.2,0.0,0.0,0.0
451,0.7836535732767975,0.11339743211466968,0.0,0.2,0.7126436781609196,0.4,0.0,1.0,0.0
452,0.3964075254995576,0.5314199383683517,0.0,0.0,0.3563218390804598,0.6000000000000001,1.0,0.0,0.0
453,0.7458457840174949,0.4420735519013094,0.0,0.8,0.28735632183908044,0.0,1.0,0.0,1.0
454,0.8364622806871108,0.2442461625247172,0.0,1.0,0.5402298850574713,0.8,0.0,0.0,1.0
455,0.25006093183980765,0.9270722166489467,0.0,0.8,0.022988505747126436,0.2,1.0,1.0,1.0
456,0.11910922658297582,0.07196260093157608,0.0,0.0,0.33333333333333337,0.0,1.0,1.0,1.0
457,0.6254077425170692,0.3226799865174519,0.5,0.0,0.28735632183908044,1.0,1.0,1.0,1.0
458,0.8522811879204715,0.7227561009030707,0.5,0.4,0.20689655172413793,0.6000000000000001,0.0,0.0,1.0
459,0.5500125202410564,0.33989524020039796,0.5,1.0,0.14942528735632185,0.8,0.0,0.0,1.0
460,0.2795486035757808,0.8467800414278299,0.5,0.8,0.5517241379310345,0.0,1.0,0.0,0.0
461,0.7003856234245364,0.2136363772753051,0.5,0.8,0.67816091954023,0.4,0.0,1.0,0.0
462,0.05141979533579286,0.3724318896271396,0.0,0.6000000000000001,0.9310344827586208,0.2,0.0,1.0,1.0
463,0.9093968582541776,0.0005431026464001731,0.0,0.8,0.19540229885057472,0.4,1.0,0.0,1.0
464,0.9071866183663589,0.2557208312371039,1.0,0.2,0.8735632183908046,0.6000000000000001,1.0,1.0,0.0
465,0.32901858003772766,0.9548164603109989,0.5,0.8,0.8275862068965518,0.0,1.0,1.0,1.0
466,0.8603175133131896,0.22634978010844053,0.0,0.8,0.8620689655172413,0.4,0.0,0.0,1.0
467,0.7412516902325426,0.08927187238388057,0.0,0.2,0.09195402298850572,0.4,0.0,0.0,0.0
468,0.10889604861192262,0.9510082405574655,0.0,0.8,0.8620689655172413,0.8,0.0,1.0,1.0
469,0.31560689781813933,0.26605528444876086,0.0,0.6000000000000001,0.8160919540229885,0.4,0.0,0.0,0.0
470,0.6916982454968866,0.05628213732395426,0.5,0.6000000000000001,0.1264367816091954,1.0,1.0,1.0,1.0
471,0.7310718995709731,0.7207717258561869,0.5,0.2,0.7701149425287357,0.0,0.0,1.0,0.0
472,0.6579603692636429,0.33283390560815995,0.5,0.2,0.10344827586206898,0.4,1.0,1.0,1.0
473,0.46408694055389543,0.4796641565255834,0.5,0.6000000000000001,0.5517241379310345,0.8,1.0,0.0,1.0
474,0.9906315209588835,0.197747374253734,0.0,0.4,0.49425287356321845,1.0,1.0,0.0,0.0
475,0.5112231440829341,0.9861378800593312,0.0,0.2,0.9310344827586208,1.0,1.0,0.0,0.0
476,0.25041483732033454,0.2519286145081421,0.0,0.2,0.7471264367816092,0.6000000000000001,1.0,0.0,0.0
477,0.9762783166118558,0.9640692090805163,0.0,0.0,0.8160919540229885,0.2,1.0,0.0,0.0
478,0.0833146920855383,0.35116787072756755,0.0,1.0,0.03448275862068964,0.8,1.0,1.0,0.0
479,0.38051516618533293,0.8455293050386523,0.0,0.0,0.2413793103448276,0.4,0.0,1.0,1.0
480,0.6526017060915146,0.8551006140160491,0.5,1.0,0.022988505747126436,0.2,0.0,1.0,0.0
481,0.1454017328013622,0.28677420032386125,0.5,1.0,0.5517241379310345,1.0,0.0,0.0,0.0
482,0.7070564078593726,0.32445232148876146,0.0,0.4,0.32183908045977017,0.0,0.0,1.0,1.0
483,0.9708996210540374,0.16687253890985398,1.0,0.8,0.8735632183908046,0.6000000000000001,0.0,0.0,0.0
484,0.3496986795319099,0.31005960126463905,0.5,0.0,0.9770114942528736,1.0,0.0,0.0,1.0
485,0.46975276697327345,0.8684331338623,0.0,0.2,0.6436781609195402,0.4,1.0,1.0,1.0
486,0.026896816520040733,0.7681251756581995,0.0,1.0,0.48275862068965525,0.6000000000000001,0.0,0.0,0.0
487,0.6869438926264126,0.23352613643978715,1.0,0.8,0.7931034482758621,1.0,1.0,0.0,1.0
488,0.012376675625594712,0.8371432200685931,0.0,1.0,0.735632183908046,0.8,0.0,1.0,0.0
489,0.900145234796254,0.9708944990603225,0.0,0.6000000000000001,0.3448275862068966,0.2,1.0,0.0,0.0
490,0.39405038145001087,0.38100050909621924,1.0,0.4,0.9080459770114944,1.0,0.0,0.0,0.0
491,0.016373136570789443,0.3308455298051332,1.0,0.4,0.27586206896551724,0.2,1.0,1.0,1.0
492,0.06738894546182997,0.9917619430072284,0.5,0.0,0.9540229885057472,0.4,1.0,0.0,0.0
493,0.8571657512979316,0.4561687158873028,0.0,0.6000000000000001,0.45977011494252873,0.8,0.0,0.0,0.0
494,0.036048278049513376,0.009015703968050015,0.0,0.0,0.19540229885057472,0.8,0.0,1.0,1.0
495,0.7168589219237768,0.4152944906587346,0.5,0.8,0.03448275862068964,0.4,1.0,1.0,1.0
496,0.40291805084887233,0.9840259809103922,0.0,0.0,0.8045977011494254,0.6000000000000001,0.0,1.0,1.0
497,0.043643890957047224,0.7966635694146195,0.5,0.6000000000000001,0.49425287356321845,0.8,0.0,0.0,0.0
498,0.9989115737108325,0.6422788907103443,0.0,0.4,0.6551724137931034,0.8,0.0,0.0,0.0
499,0.9719145952623408,0.1793684006277187,0.5,0.4,0.31034482758620696,1.0,0.0,0.0,1.0
500,0.43270286963925014,0.8502832035254664,1.0,1.0,0.5172413793103449,0.6000000000000001,0.0,0.0,0.0
501,0.0010249904011485236,0.19375662000118027,1.0,1.0,0.03448275862068964,1.0,0.0,1.0,1.0
502,0.9733335559153966,0.8097500427580814,0.5,1.0,0.9425287356321839,0.8,0.0,1.0,1.0
503,0.7425170692619735,0.5560010842049148,0.0,0.2,0.9540229885057472,0.4,1.0,0.0,1.0
504,0.03611839139942907,0.4503621184403853,1.0,0.8,0.5862068965517242,0.8,0.0,1.0,1.0
505,0.19156636562442614,0.0050399525510321785,1.0,0.6000000000000001,0.8390804597701149,0.2,1.0,0.0,0.0
506,0.7613475118107608,0.09563807559628773,0.5,0.4,0.7816091954022989,0.0,1.0,1.0,0.0
507,0.2025741615611906,0.7487170075144203,1.0,1.0,0.5977011494252874,0.8,0.0,0.0,0.0
508,0.9393285812062835,0.4632200485891834,0.5,0.0,0.0459770114942529,0.0,1.0,1.0,0.0
509,0.006380314842328432,0.4107461310187626,1.0,0.0,0.632183908045977,1.0,1.0,1.0,1.0
510,0.09310051249520059,0.0189585831722196,0.5,0.0,0.4367816091954023,1.0,0.0,0.0,1.0
511,0.9648331469208554,0.06168015754977696,0.0,0.8,0.08045977011494251,0.0,0.0,0.0,1.0
512,0.6181927449376492,0.029536082319558454,0.0,0.2,0.3908045977011494,1.0,1.0,0.0,1.0
513,0.8740730848204598,0.6565775931651083,0.0,0.4,0.67816091954023,0.2,0.0,1.0,0.0
514,0.041209956095688026,0.2814716981509506,0.5,1.0,0.9885057471264367,0.4,0.0,1.0,0.0
515,0.9250555064020166,0.6271325280478011,0.0,0.4,0.9540229885057472,1.0,1.0,1.0,1.0
516,0.4472363654574896,0.8690827566410053,0.0,0.0,0.47126436781609193,0.8,1.0,1.0,1.0
517,0.99613708829274,0.9218662327179838,0.5,0.2,0.32183908045977017,0.2,1.0,0.0,0.0
518,0.9201108458674858,0.10650712984754124,0.5,0.2,0.3908045977011494,0.4,1.0,1.0,1.0
519,0.47159908518772015,0.15207324184270832,0.0,1.0,0.6666666666666667,0.2,1.0,0.0,0.0
520,0.7360532861459359,0.867382435280268,0.0,0.4,0.18390804597701146,0.6000000000000001,1.0,1.0,1.0
521,0.05949284676894312,0.7070641351215381,0.0,1.0,0.6436781609195402,1.0,0.0,0.0,1.0
522,0.9298699564295612,0.7832720384152605,0.5,0.6000000000000001,0.3448275862068966,0.4,1.0,0.0,0.0
523,0.9483865582692019,0.5169807093540679,0.0,0.6000000000000001,0.14942528735632185,0.4,1.0,1.0,1.0
524,0.09049296362452633,0.4944094433847998,1.0,0.6000000000000001,0.18390804597701146,1.0,0.0,1.0,1.0
525,0.37881241340166605,0.60620307238068,1.0,0.8,0.8275862068965518,0.6000000000000001,1.0,0.0,0.0
526,0.33597983406507187,0.552443911899349,0.5,1.0,0.10344827586206898,0.2,0.0,0.0,0.0
527,0.3817004156720031,0.9655209834658751,1.0,0.2,0.2298850574712644,0.0,0.0,0.0,1.0
528,0.6224596430896616,0.5467043271178254,0.0,1.0,0.6666666666666667,0.6000000000000001,0.0,0.0,1.0
529,0.19323906982955777,0.11271480309778553,0.0,0.2,0.6666666666666667,0.4,0.0,0.0,1.0
530,0.44927966879788994,0.07478213382329263,0.5,0.0,0.9425287356321839,1.0,1.0,1.0,1.0
531,0.18414770545715572,0.47103852628146725,1.0,0.8,0.4367816091954023,1.0,1.0,1.0,1.0
532,0.9012002737759378,0.3862960099458798,0.5,1.0,0.9885057471264367,0.2,0.0,1.0,1.0
533,0.7830091982037628,0.24286590165541294,0.5,0.0,0.19540229885057472,0.6000000000000001,1.0,1.0,0.0
534,0.578849139442098,0.4076200401875955,0.5,0.8,0.1264367816091954,0.0,0.0,0.0,1.0
535,0.019892158990367764,0.03488809384973762,0.5,0.2,0.4482758620689655,0.2,1.0,1.0,0.0
536,0.2867769560789944,0.7350649272712544,0.5,1.0,0.10344827586206898,0.2,1.0,0.0,0.0
537,0.7130494299116905,0.0,1.0,0.4,0.4137931034482759,0.2,0.0,0.0,1.0
538,0.8982388194247366,0.035033621354435995,0.0,0.8,0.3563218390804598,0.6000000000000001,0.0,0.0,1.0
539,0.9738310268267032,0.3133322197895403,0.5,0.8,0.4367816091954023,0.8,0.0,1.0,1.0
540,0.9428709747425004,0.2938665407762068,1.0,0.0,0.8160919540229885,0.4,1.0,0.0,0.0
541,0.4480276446922525,0.6761827985489258,0.0,0.4,0.7816091954022989,0.2,1.0,0.0,0.0
542,0.6707243376792481,0.9216641945327668,1.0,0.4,0.7701149425287357,0.8,1.0,0.0,0.0
543,0.9959534580905798,0.639903441750491,0.0,0.6000000000000001,0.8275862068965518,0.2,1.0,0.0,0.0
544,0.8105704221825284,0.49443994915038947,0.0,1.0,0.0,0.4,0.0,0.0,0.0
545,0.4689681652004073,0.3414655369864905,0.5,0.8,0.5287356321839081,0.2,0.0,1.0,0.0
546,0.8017161077074604,0.4530836328066005,1.0,0.4,0.19540229885057472,0.8,0.0,1.0,1.0
547,0.7989282673655743,0.9056001584299433,0.5,0.8,0.8275862068965518,0.6000000000000001,0.0,1.0,0.0
548,0.8551625127289118,0.11271180253067836,1.0,0.8,0.5862068965517242,0.8,0.0,0.0,1.0
549,0.6032051817104319,0.8312171000319062,0.5,0.2,0.9425287356321839,0.6000000000000001,0.0,1.0,0.0
550,0.22809875966145268,0.8333375007876489,0.5,0.2,0.09195402298850572,0.8,0.0,0.0,1.0
551,0.38382718728611254,0.8718762846177929,0.0,1.0,0.8850574712643677,0.0,1.0,0.0,1.0
552,0.45991018813748896,0.5121477959334315,1.0,0.8,0.8850574712643677,0.4,1.0,1.0,1.0
553,0.06763267282106072,0.0701542591549803,1.0,0.4,0.8620689655172413,0.2,1.0,0.0,0.0
554,0.6752750279618717,0.09042859100369971,0.5,0.0,0.011494252873563232,0.2,1.0,1.0,0.0
555,0.25613742216583474,0.7632167479653655,0.5,0.6000000000000001,0.9195402298850575,0.8,0.0,0.0,0.0
556,0.9018746974275078,0.7111409056311644,0.0,1.0,0.6091954022988506,0.8,1.0,1.0,1.0
557,0.8804467222008915,0.874675313634277,0.5,0.2,0.29885057471264376,0.2,1.0,1.0,0.0
558,0.9294693087157572,0.2298679450416129,0.0,0.2,0.08045977011494251,0.2,1.0,1.0,0.0
559,0.8226098859823381,0.06861796879610249,0.0,0.0,0.4022988505747127,0.8,0.0,0.0,0.0
560,0.41245346643740716,0.47436265454170845,1.0,0.0,0.057471264367816105,0.8,0.0,1.0,1.0
561,0.249052635093401,0.9178614758189299,0.0,0.8,0.5287356321839081,1.0,0.0,1.0,0.0
562,0.6141295093734871,0.4724582946176828,0.5,0.6000000000000001,0.9195402298850575,0.6000000000000001,1.0,1.0,1.0
563,0.8325192394370899,0.41106619151019547,0.0,0.0,0.16091954022988506,0.0,0.0,1.0,1.0
564,0.5217935662654625,0.997244979301088,0.0,0.8,0.17241379310344826,0.6000000000000001,1.0,0.0,1.0
565,0.23041250020867068,0.2763977391727037,1.0,0.8,0.3908045977011494,1.0,0.0,1.0,0.0
566,0.6226499507537185,0.6529969164172029,0.0,1.0,0.8850574712643677,0.0,1.0,0.0,0.0
567,0.7551040849373153,0.9679084346941573,1.0,0.6000000000000001,0.29885057471264376,0.6000000000000001,1.0,0.0,1.0
568,0.23654241022987163,0.37574251533539843,1.0,0.0,0.5977011494252874,0.8,1.0,0.0,1.0
569,0.4487221007295127,0.068285405941723,0.5,0.4,0.31034482758620696,1.0,1.0,1.0,0.0
570,0.6310201492412734,0.3483958468150481,0.5,0.2,0.45977011494252873,0.0,0.0,0.0,0.0
571,0.36457606463783115,0.9221507864986483,0.5,0.2,0.8045977011494254,0.2,0.0,0.0,1.0
572,0.9245613742216583,0.2984274027791253,0.5,0.0,0.8850574712643677,1.0,0.0,0.0,1.0
573,0.09930721332821395,0.574623103766612,1.0,0.2,0.632183908045977,0.8,0.0,0.0,1.0
574,0.36056624876884297,0.8362165449269913,1.0,0.4,0.6091954022988506,0.4,1.0,0.0,1.0
575,0.44816787139208386,0.9055096413222099,1.0,0.4,0.10344827586206898,1.0,0.0,0.0,1.0
576,0.6803265278867502,0.1480304777602967,0.5,0.8,0.31034482758620696,0.2,1.0,0.0,1.0
577,0.522654958850141,0.8984738115503831,1.0,0.0,0.735632183908046,0.4,0.0,0.0,0.0
578,0.7795602891341001,0.5653598530122194,0.5,0.4,0.31034482758620696,0.2,0.0,1.0,0.0
579,0.13898469191860174,0.9933297393207317,0.0,0.2,0.26436781609195403,1.0,1.0,1.0,0.0
580,0.743942707376926,0.47685562571325985,0.5,1.0,0.2298850574712644,1.0,0.0,0.0,0.0
581,0.5365407408643974,0.14817950592662016,1.0,0.8,0.4482758620689655,0.0,0.0,1.0,1.0
582,0.15348480042735754,0.3359649973845057,1.0,0.4,0.33333333333333337,0.0,0.0,0.0,0.0
583,0.16531058544647179,0.0027535204153585346,0.0,0.0,0.8735632183908046,0.4,0.0,0.0,1.0
584,0.04714955845283208,0.10989827077317615,1.0,0.8,0.32183908045977017,0.8,0.0,1.0,0.0
585,0.4609552109243277,0.10808642833495535,0.5,0.4,0.367816091954023,0.2,0.0,1.0,0.0
586,0.21436989800176953,0.6303526366483266,0.5,1.0,0.7931034482758621,0.6000000000000001,0.0,0.0,0.0
587,0.0260721499757942,0.01635909186836315,0.5,0.8,0.632183908045977,1.0,0.0,1.0,1.0
588,0.7393853396324057,0.28466180108040423,1.0,0.6000000000000001,0.08045977011494251,0.8,0.0,0.0,1.0
589,0.15665993355925412,0.6615470323891216,0.0,0.2,0.13793103448275865,0.4,1.0,1.0,0.0
590,0.8459643089661619,0.40953940294715707,1.0,0.2,0.21839080459770113,0.2,1.0,0.0,0.0
591,0.1629467639350283,0.885564371666245,1.0,0.2,0.17241379310344826,0.4,0.0,1.0,0.0
592,0.46765938266864765,0.003684196313103183,0.5,1.0,0.9655172413793103,0.4,1.0,0.0,0.0
593,0.4599702852945595,0.10224032342112666,1.0,0.4,0.6206896551724138,0.4,1.0,1.0,0.0
594,0.5354022336110045,0.722722094475856,0.0,0.6000000000000001,0.48275862068965525,0.2,0.0,0.0,0.0
595,0.1698779693838372,0.049875426455600114,0.5,0.2,0.5632183908045977,0.8,0.0,0.0,0.0
596,0.48802230272273506,0.5780417498907294,0.5,0.2,0.3563218390804598,1.0,1.0,1.0,0.0
597,0.7654441346844064,0.9383263436789554,0.0,1.0,0.4367816091954023,0.2,0.0,0.0,1.0
598,0.5430045239804351,0.566698606036541,1.0,0.4,0.5172413793103449,0.0,1.0,1.0,0.0
599,0.6422349464968365,0.8640398035228659,0.0,0.4,0.13793103448275865,0.0,1.0,0.0,0.0
600,0.2895547802280353,0.7380769965523485,1.0,0.0,0.6896551724137931,0.4,1.0,1.0,1.0
601,0.1036909670634192,0.10397115054745348,0.5,1.0,0.06896551724137931,0.8,1.0,1.0,0.0
602,0.25083217868888036,0.7185993152705862,0.5,0.6000000000000001,0.49425287356321845,0.6000000000000001,0.0,0.0,1.0
603,0.1452314575229955,0.5315439618087819,0.0,0.6000000000000001,0.057471264367816105,0.0,1.0,0.0,0.0
604,0.7535883010867569,0.16204012558373537,0.0,0.6000000000000001,0.4252873563218391,0.0,0.0,1.0,0.0
605,0.3217034205298566,0.9695837513290013,1.0,0.0,0.9885057471264367,0.8,0.0,0.0,1.0
606,0.763053603325376,0.7766347839741712,1.0,0.0,0.7816091954022989,0.2,0.0,0.0,0.0
607,0.5036642572158323,0.010822545461092181,1.0,0.4,0.49425287356321845,0.6000000000000001,0.0,1.0,0.0
608,0.43746723870256915,0.6102093295632876,0.5,1.0,0.3563218390804598,0.8,1.0,0.0,1.0
609,0.6223795135469008,0.20153408994299926,0.0,1.0,0.20689655172413793,0.0,1.0,0.0,1.0
610,0.618473198337312,0.3429493174209926,0.0,0.4,0.5977011494252874,0.8,0.0,1.0,0.0
611,0.015995859973624026,0.7428008893680906,1.0,1.0,0.4482758620689655,0.6000000000000001,0.0,0.0,0.0
612,0.17298298916581806,0.2583118209341566,0.0,0.0,0.67816091954023,0.8,0.0,1.0,0.0
613,0.47566899821377895,0.9194607780870585,0.5,1.0,0.8160919540229885,0.4,0.0,1.0,0.0
614,0.938978014456705,0.33604201194025674,0.5,0.8,0.8045977011494254,0.4,0.0,1.0,0.0
615,0.01670367093467773,0.5464472785356433,0.0,0.4,0.4137931034482759,0.6000000000000001,1.0,1.0,1.0
616,0.9728360850040899,0.4816725361093247,1.0,0.4,0.16091954022988506,0.2,1.0,1.0,0.0
617,0.48025641453683454,0.3338500976684594,0.0,0.6000000000000001,0.8275862068965518,0.4,0.0,1.0,0.0
618,0.3786087508138157,0.6881960690570519,1.0,0.6000000000000001,0.0459770114942529,0.4,0.0,1.0,0.0
619,0.2330033554246031,0.24426366583284242,0.0,1.0,0.735632183908046,0.6000000000000001,0.0,1.0,0.0
620,0.8697527669732734,0.857069986227397,0.5,1.0,0.5287356321839081,0.0,0.0,1.0,1.0
621,0.47384271238502246,0.3175365144012219,1.0,1.0,1.0,0.8,1.0,1.0,0.0
622,0.19805351985710232,0.5755147722919632,1.0,0.2,0.0,0.4,1.0,1.0,1.0
623,0.14915780511827453,0.16006625252172663,0.5,0.4,0.16091954022988506,0.6000000000000001,0.0,1.0,0.0
624,0.2894579570305327,0.05419624308994403,0.0,0.8,0.06896551724137931,0.2,1.0,1.0,1.0
625,0.3265212092883495,0.54184540878226,0.0,0.0,0.057471264367816105,0.6000000000000001,0.0,0.0,0.0
626,0.9436989800176953,0.7632102467366333,0.5,1.0,0.1264367816091954,0.4,0.0,1.0,0.0
627,0.23682620236048277,0.3044910488082248,0.0,0.4,0.632183908045977,0.0,0.0,1.0,1.0
628,0.9797539355291054,0.2552307386095972,0.5,0.4,0.8735632183908046,1.0,1.0,0.0,1.0
629,0.4862961788224296,0.9096414222288014,0.5,0.2,0.8160919540229885,0.4,0.0,0.0,1.0
630,0.4635961471044856,0.27941730987156577,0.0,0.2,1.0,0.0,0.0,0.0,1.0
631,0.6784267899771297,0.33154016109044615,0.0,1.0,0.5057471264367817,0.4,0.0,1.0,0.0
632,0.03931355691701584,0.23112718303759416,0.5,0.8,0.8390804597701149,0.0,0.0,0.0,1.0
633,0.3442131445837437,0.28792741828205537,0.5,0.8,0.5402298850574713,1.0,1.0,1.0,0.0
634,0.6304692586347929,0.9199438693913151,1.0,0.8,0.4367816091954023,0.2,0.0,0.0,0.0
635,0.2789476320050749,0.4265931261008331,0.5,1.0,0.5517241379310345,0.0,0.0,1.0,1.0
636,0.10976077992754954,0.7263917880479411,1.0,1.0,0.5402298850574713,0.0,0.0,0.0,0.0
637,0.1995392551291254,0.20845189740861025,0.5,0.4,0.6896551724137931,0.6000000000000001,1.0,0.0,1.0
638,0.7488639967948183,0.627147530883337,0.5,0.4,0.33333333333333337,0.4,1.0,0.0,0.0
639,0.2834515800544213,0.48443405803696904,0.5,0.6000000000000001,0.6551724137931034,0.0,1.0,0.0,1.0
640,0.827965210423518,0.00579909602914952,1.0,0.8,0.18390804597701146,0.2,0.0,0.0,0.0
641,0.05420095821578218,0.4682329960362509,0.5,0.6000000000000001,0.367816091954023,0.4,0.0,1.0,0.0
642,0.16029915029297362,0.2618324863399183,1.0,1.0,0.5747126436781609,1.0,0.0,1.0,1.0
643,0.8382985827087124,0.9262775664600611,0.5,0.8,0.6896551724137931,1.0,0.0,1.0,1.0
644,0.36113383303006524,0.6440592271939397,0.5,0.0,0.7241379310344828,0.2,0.0,0.0,0.0
645,0.37207819307881074,0.3786260603254016,1.0,1.0,0.20689655172413793,0.0,1.0,1.0,1.0
646,0.9594544513630369,0.4235265465172918,0.5,1.0,0.47126436781609193,0.8,0.0,1.0,0.0
647,0.1675542126437741,0.00020353846877063653,0.5,1.0,0.6206896551724138,0.6000000000000001,1.0,0.0,1.0
648,0.7709830893277465,0.43617693744117647,0.5,0.8,0.4482758620689655,0.2,1.0,1.0,0.0
649,0.5729796504348696,0.5715680263569816,1.0,0.4,0.47126436781609193,0.4,1.0,1.0,1.0
650,0.2591723285978999,0.07952553032523152,1.0,0.6000000000000001,0.5402298850574713,0.4,0.0,0.0,1.0
651,0.550446555264344,0.6245240350426231,0.0,0.4,0.32183908045977017,1.0,0.0,0.0,0.0
652,0.5903176802497371,0.5180854181440293,0.0,1.0,0.9195402298850575,0.6000000000000001,1.0,1.0,0.0
653,0.12440111513613676,0.21484960657564284,1.0,0.6000000000000001,0.6896551724137931,0.8,0.0,0.0,0.0
654,0.8369297030198821,0.11701211528978983,0.5,0.6000000000000001,0.9885057471264367,0.8,0.0,1.0,1.0
655,0.7936764435837937,0.13257655696926723,1.0,1.0,0.9080459770114944,1.0,0.0,0.0,1.0
656,0.45562659633073466,0.4077660677868118,0.5,0.4,0.14942528735632185,0.6000000000000001,1.0,0.0,0.0
657,0.8953074136520709,0.7468436534505022,1.0,0.8,0.29885057471264376,0.2,1.0,0.0,1.0
658,0.5660117189456287,0.31446143321087694,1.0,0.8,0.67816091954023,1.0,0.0,0.0,0.0
659,0.3685224446188004,0.7902528577901224,1.0,0.4,0.4137931034482759,0.4,1.0,0.0,0.0
660,0.8801562526083836,0.10786838712516672,1.0,0.6000000000000001,0.5172413793103449,0.6000000000000001,1.0,0.0,1.0
661,0.23636879622055657,0.8814816000224044,0.5,0.8,0.6551724137931034,0.4,1.0,1.0,0.0
662,0.38476203195165515,0.418650624968119,1.0,0.4,0.03448275862068964,0.0,1.0,1.0,0.0
663,0.8396307363571106,0.48737611408556225,1.0,1.0,0.33333333333333337,0.8,0.0,1.0,0.0
664,0.8854080763901641,0.5721496362812573,0.5,0.4,0.9195402298850575,0.4,1.0,1.0,1.0
665,0.7577817471579052,0.6717389586631874,0.0,0.2,0.4022988505747127,0.8,0.0,1.0,1.0
666,0.4811511944309968,0.1336002504473346,0.5,0.2,0.21839080459770113,1.0,1.0,0.0,1.0
667,0.5892426088843631,0.1955239540273112,0.0,0.4,0.022988505747126436,0.2,1.0,0.0,0.0
668,0.8253309517052568,0.6004364824951917,0.5,0.0,0.33333333333333337,0.2,1.0,0.0,1.0
669,0.03831527636345425,0.9143068039859534,0.0,0.0,0.19540229885057472,0.8,0.0,0.0,1.0
670,0.8572592357644859,0.8070215270686161,0.0,0.6000000000000001,0.6666666666666667,0.2,1.0,1.0,0.0
671,0.5848655326110546,0.6274950965732524,0.0,0.8,0.11494252873563218,0.8,1.0,1.0,0.0
672,0.06578635460661403,0.28416020627898675,0.5,0.6000000000000001,0.17241379310344826,1.0,0.0,1.0,1.0
673,0.9655142480343222,0.7523311905950225,0.0,0.8,0.6091954022988506,0.0,1.0,0.0,0.0
674,0.7536918017461562,0.9785579474520685,0.0,0.6000000000000001,0.3448275862068966,1.0,1.0,0.0,1.0
675,0.7428943458591389,0.7125146652717365,0.0,0.2,0.8505747126436782,0.8,1.0,0.0,0.0
676,0.3888085738610754,0.8600845559810806,1.0,1.0,0.13793103448275865,0.4,0.0,1.0,0.0
677,0.382702034956513,0.06242979923205488,0.0,0.2,0.9540229885057472,1.0,1.0,1.0,0.0
678,0.8761664691250856,0.5743885594377338,0.5,1.0,0.6436781609195402,0.4,1.0,0.0,1.0
679,0.35961137171761015,0.6534660050749592,1.0,0.6000000000000001,0.7126436781609196,0.8,1.0,0.0,1.0
680,0.9059412717226182,0.2799099029716617,0.5,0.8,0.4367816091954023,0.8,0.0,0.0,0.0
681,0.8248835617581757,0.9135796665569793,0.0,0.4,0.27586206896551724,0.4,0.0,1.0,1.0
682,0.32775320100829675,0.6134234370295987,0.0,0.2,0.8735632183908046,0.0,0.0,1.0,1.0
683,0.8601171894562877,0.14603360035046625,0.0,0.4,0.735632183908046,0.4,1.0,1.0,0.0
684,0.8867569236933042,0.7146365663110329,0.0,1.0,0.32183908045977017,0.6000000000000001,0.0,1.0,1.0
685,0.14611288249336427,0.9540903230710605,0.0,0.8,0.7241379310344828,0.4,1.0,0.0,1.0
686,0.019835400564245532,0.6778256090401087,1.0,0.6000000000000001,0.47126436781609193,0.4,1.0,1.0,0.0
687,0.46576632222092385,0.3720083095705089,0.5,0.8,0.67816091954023,0.6000000000000001,1.0,0.0,0.0
688,0.5982338113283141,0.49352127552107355,0.5,0.6000000000000001,0.49425287356321845,0.4,1.0,0.0,1.0
689,0.9080813982605211,0.33807739662796277,1.0,0.2,0.10344827586206898,1.0,0.0,1.0,0.0
690,0.749034272073185,0.7831885226307773,0.5,0.8,0.19540229885057472,0.6000000000000001,1.0,1.0,0.0
691,0.4329031934961521,0.8684756418963184,0.0,0.8,0.9540229885057472,0.8,0.0,0.0,0.0
692,0.07992588017294627,0.2542725575133701,0.0,0.0,0.0,0.4,1.0,0.0,1.0
693,0.508735789526401,0.03343081842468232,0.0,0.8,0.9310344827586208,0.4,1.0,1.0,1.0
694,0.5101313790628182,0.5357342537739633,1.0,0.4,0.25287356321839083,0.6000000000000001,1.0,1.0,0.0
695,0.4196751414787239,0.52540830216911,1.0,0.6000000000000001,0.6091954022988506,1.0,1.0,1.0,0.0
696,0.22751114301454017,0.8598715157164705,1.0,0.8,0.4252873563218391,0.4,0.0,1.0,0.0
697,0.4337111663856568,0.8603441050358518,0.0,0.8,0.9195402298850575,0.8,0.0,1.0,1.0
698,0.46353938867836336,0.020109300657824347,1.0,0.6000000000000001,0.29885057471264376,1.0,1.0,1.0,1.0
699,0.7513146253109193,0.12604132180982208,0.5,0.0,0.9770114942528736,0.6000000000000001,1.0,0.0,1.0
700,0.6377376759093868,0.23027652226270767,0.5,0.8,0.8735632183908046,0.0,0.0,1.0,0.0
701,0.3002287030699631,0.9537447577592166,0.5,0.6000000000000001,0.4482758620689655,1.0,1.0,1.0,0.0
702,0.9693037076607182,0.2833465524984222,0.5,0.2,0.11494252873563218,1.0,1.0,0.0,1.0
703,0.9999999999999999,0.5550359017854375,0.0,0.6000000000000001,0.08045977011494251,0.4,0.0,1.0,1.0
704,0.24394437674240022,0.09455137020896953,0.0,1.0,0.25287356321839083,0.2,1.0,0.0,1.0
705,0.25604727643022884,0.012381840167791758,0.5,1.0,0.5747126436781609,0.6000000000000001,1.0,1.0,0.0
706,0.007321836969767791,0.2806900504195293,0.5,0.0,0.9885057471264367,0.2,1.0,0.0,0.0
707,0.05246815685357995,0.43247473772543016,0.0,0.2,0.4367816091954023,0.2,1.0,0.0,1.0
708,0.9248084403118375,0.7232506943812381,0.5,0.8,0.27586206896551724,0.6000000000000001,0.0,1.0,0.0
709,0.17156402851276228,0.19179474920760026,0.0,0.8,0.9540229885057472,0.2,1.0,1.0,0.0
710,0.34183930687945513,0.09818855763739348,1.0,0.8,0.13793103448275865,0.6000000000000001,1.0,0.0,0.0
711,0.698542643941038,0.8144489308479304,0.0,0.4,0.0459770114942529,1.0,0.0,0.0,1.0
712,0.11914929135435622,0.343612942846198,1.0,0.4,0.7586206896551724,1.0,0.0,0.0,0.0
713,0.24557701617615144,0.4579305488737372,0.0,0.0,0.4137931034482759,0.0,1.0,0.0,1.0
714,0.6364622806871109,0.055040902730616126,0.5,1.0,0.5287356321839081,1.0,0.0,0.0,1.0
715,0.4860925162345792,0.2278705675372646,1.0,1.0,0.48275862068965525,0.4,0.0,1.0,1.0
716,0.12650785436455603,0.2066170506225677,1.0,0.4,0.16091954022988506,0.0,1.0,1.0,0.0
717,0.5123683287982238,0.3801678517239759,1.0,0.8,0.5287356321839081,0.8,0.0,0.0,0.0
718,0.26738894546182995,0.89696452629547,0.0,0.0,0.8735632183908046,0.4,0.0,0.0,1.0
719,0.0800227033704489,0.046193730615086304,0.0,0.8,0.32183908045977017,0.8,1.0,1.0,1.0
720,0.4966629384171076,0.9742346303451352,1.0,0.4,0.0459770114942529,0.8,0.0,0.0,0.0
721,0.1749728728110445,0.35867729000781157,0.0,0.4,0.7471264367816092,0.6000000000000001,0.0,1.0,1.0
722,0.4044204797756373,0.12272119430572381,0.5,0.0,0.7816091954022989,0.8,0.0,1.0,1.0
723,0.8627147221341168,0.4175434157055684,0.5,0.0,0.896551724137931,0.4,1.0,0.0,0.0
724,0.03233894796587817,0.16471863182141427,1.0,0.8,0.9770114942528736,0.6000000000000001,0.0,1.0,0.0
725,0.7289184181092767,0.2908029617597726,1.0,1.0,0.14942528735632185,1.0,1.0,1.0,1.0
726,0.74350533362269,0.7407445007106344,1.0,0.4,0.25287356321839083,1.0,1.0,1.0,1.0
727,0.6678597065255496,0.757630692200826,0.5,0.0,0.29885057471264376,0.4,0.0,1.0,1.0
728,0.9100579269819542,0.5363903777814008,0.5,0.8,0.21839080459770113,0.4,0.0,0.0,0.0
729,0.9291354356209205,0.9689516318584213,0.0,1.0,0.29885057471264376,0.0,0.0,1.0,0.0
730,0.3768292072183363,0.9962617934789676,0.5,0.8,0.09195402298850572,0.8,0.0,1.0,0.0
731,0.013284810443550406,0.17836371074133017,0.5,0.2,0.9195402298850575,0.8,1.0,1.0,0.0
732,0.4180825668163531,0.09872165839343638,0.5,1.0,0.8505747126436782,0.0,0.0,1.0,0.0
733,0.9526300853045757,0.7337446777440937,1.0,0.0,0.08045977011494251,0.4,1.0,0.0,1.0
734,0.9153431380732183,0.5694831323120071,0.0,0.4,0.9655172413793103,0.4,0.0,1.0,0.0
735,0.06103200173614009,0.6401959970434412,0.5,0.6000000000000001,0.2413793103448276,0.8,1.0,0.0,1.0
736,0.2008079728895047,0.751216479914704,0.5,0.0,0.1264367816091954,1.0,0.0,0.0,0.0
737,0.2689180842361818,0.4497279985917339,0.5,0.6000000000000001,0.28735632183908044,1.0,0.0,1.0,1.0
738,0.7433851393085488,0.4915684064288151,0.0,0.0,0.5977011494252874,0.0,1.0,1.0,0.0
739,0.21653005692536267,0.7438340846419974,1.0,1.0,0.5517241379310345,0.0,1.0,1.0,0.0
740,0.4966562609552109,0.4395090672137034,0.0,0.8,0.27586206896551724,0.8,0.0,0.0,0.0
741,0.468701066724538,0.6354986092371459,0.5,0.4,0.8850574712643677,0.4,1.0,1.0,0.0
742,0.24592424419478157,0.15174868050061463,0.5,0.4,0.8735632183908046,0.6000000000000001,0.0,0.0,1.0
743,0.004477238201759512,0.07306780981605526,0.0,1.0,0.7471264367816092,0.2,1.0,1.0,1.0
744,0.38560339215064354,0.26871628737831454,0.5,0.8,0.4367816091954023,0.4,1.0,0.0,1.0
745,0.6394037026526217,0.3605231388732471,0.0,0.8,0.3448275862068966,0.8,0.0,0.0,0.0
746,0.3309784151044188,0.5557135298571431,1.0,1.0,0.6666666666666667,0.2,1.0,0.0,1.0
747,0.9951321302772816,0.9632280501014693,0.0,0.8,0.32183908045977017,0.2,1.0,1.0,0.0
748,0.6674557200807972,0.14728383664512595,0.5,1.0,0.8620689655172413,1.0,1.0,0.0,1.0
749,0.8330334040031384,0.23503392141114676,1.0,0.0,0.6896551724137931,1.0,1.0,1.0,1.0
750,0.7533712835751131,0.7377964435278268,1.0,1.0,0.5057471264367817,0.6000000000000001,1.0,1.0,1.0
751,0.25902208570522345,0.7722329520279334,0.5,0.2,0.3448275862068966,0.6000000000000001,1.0,1.0,1.0
752,0.3643824182428259,0.9846440977344719,0.5,0.2,0.3563218390804598,0.0,1.0,0.0,0.0
753,0.9747792264160393,0.06748825528024799,1.0,0.0,0.49425287356321845,0.2,1.0,0.0,0.0
754,0.6865131963340734,0.30187555447979675,1.0,1.0,0.7931034482758621,0.4,1.0,1.0,0.0
755,0.46698829774802597,0.30504765400660727,0.0,0.2,0.5977011494252874,1.0,0.0,0.0,1.0
756,0.846738894546183,0.4496849904631976,0.5,0.6000000000000001,0.5747126436781609,0.2,1.0,1.0,1.0
757,0.9683287982237951,0.08021316028729436,0.5,1.0,0.011494252873563232,0.0,0.0,0.0,1.0
758,0.39583660250738695,0.39645042913110584,0.5,0.8,0.31034482758620696,0.2,1.0,1.0,0.0
759,0.7431814767206985,0.669300997888601,1.0,0.2,0.5402298850574713,0.6000000000000001,1.0,1.0,1.0
760,0.8741064721299434,0.2612113689487313,0.5,0.4,0.17241379310344826,0.0,1.0,0.0,1.0
761,0.7562058661502763,0.6647146310652714,0.5,0.2,0.3448275862068966,0.0,1.0,0.0,1.0
762,0.0,0.6120596792793839,1.0,0.0,0.3793103448275862,0.8,0.0,1.0,0.0
763,0.1994491093935195,0.8688012034274479,0.0,0.4,0.5402298850574713,1.0,0.0,1.0,0.0
764,0.28515099410713984,0.8893535878280996,0.0,0.4,0.7471264367816092,0.2,1.0,1.0,1.0
765,0.18404420479775638,0.35595527554707845,0.5,0.6000000000000001,0.67816091954023,0.8,1.0,0.0,1.0
766,0.529596180491795,0.9365970168361821,1.0,0.6000000000000001,0.7816091954022989,1.0,0.0,1.0,1.0
767,0.559137271922942,0.9245172337571802,0.5,0.8,0.9310344827586208,0.2,0.0,0.0,0.0
768,0.7345208086406357,0.6369778888209873,0.0,0.6000000000000001,0.5172413793103449,0.2,0.0,1.0,1.0
769,0.4333439059813365,0.4663281360177074,0.0,0.2,0.9310344827586208,0.4,0.0,0.0,1.0
770,0.5607799275495384,0.513104976840623,1.0,0.0,0.5172413793103449,0.0,0.0,0.0,0.0
771,0.848651987379597,0.19018994589977511,1.0,0.2,0.17241379310344826,0.6000000000000001,0.0,0.0,0.0
772,0.9213328213945879,0.9345041212789218,0.0,0.4,0.21839080459770113,0.6000000000000001,1.0,1.0,1.0
773,0.9825050498305594,0.11272280461007134,0.0,0.6000000000000001,0.5517241379310345,0.6000000000000001,0.0,1.0,0.0
774,0.6973240071448842,0.5182219439474062,0.0,0.4,0.19540229885057472,0.6000000000000001,1.0,1.0,0.0
775,0.22762465986678462,0.19889309079416012,0.0,0.8,0.09195402298850572,0.2,1.0,1.0,1.0
776,0.8319416389830225,0.5106330096388217,1.0,0.4,0.4137931034482759,0.4,0.0,1.0,1.0
777,0.7208754152546617,0.9848411349745103,1.0,0.8,0.47126436781609193,0.4,1.0,1.0,0.0
778,0.3848588551491578,0.8847632202486271,0.0,0.0,0.5517241379310345,1.0,0.0,0.0,1.0
779,0.6322988831944978,0.5859472440291216,0.0,1.0,0.5172413793103449,1.0,0.0,1.0,0.0
780,0.08003605829424236,0.9395940832817403,0.5,0.8,0.06896551724137931,0.4,1.0,0.0,1.0
781,0.8449827220673422,0.828910664115518,0.5,1.0,0.5402298850574713,1.0,0.0,1.0,1.0
782,0.7967247049396524,0.0556050093467666,0.0,0.6000000000000001,0.16091954022988506,0.8,1.0,1.0,1.0
783,0.9881842311737309,0.7791177532553654,0.0,1.0,0.8735632183908046,0.2,0.0,1.0,1.0
784,0.3762115419928885,0.15034341490541714,0.5,0.4,0.4022988505747127,1.0,0.0,1.0,0.0
785,0.2330033554246031,0.34797676760907814,0.5,0.2,0.7471264367816092,0.0,1.0,0.0,1.0
786,0.07749862277348381,0.8509018204440639,0.5,0.6000000000000001,0.022988505747126436,0.8,1.0,1.0,1.0
787,0.6573427040381951,0.44267916636244253,0.5,0.8,0.3448275862068966,0.8,0.0,1.0,1.0
788,0.23339732567651036,0.9203434449110883,1.0,0.4,0.3793103448275862,0.6000000000000001,1.0,0.0,0.0
789,0.6587282773817672,0.8665987871707754,1.0,0.6000000000000001,0.20689655172413793,0.0,0.0,1.0,1.0
790,0.32445119610036227,0.376218105221887,0.0,1.0,0.6091954022988506,1.0,0.0,1.0,1.0
791,0.02199889821878704,0.1957149901331352,1.0,0.6000000000000001,0.632183908045977,0.6000000000000001,1.0,0.0,1.0
792,0.06436071649166153,0.837102712412646,0.5,0.2,0.7011494252873564,1.0,1.0,0.0,0.0
793,0.312288199255463,0.6198561528128816,1.0,0.8,0.7816091954022989,0.0,1.0,1.0,0.0
794,0.8491427808290068,0.3483078301799041,1.0,0.4,0.5287356321839081,0.0,0.0,0.0,0.0
795,0.3858337645860808,0.5383752529228025,1.0,0.6000000000000001,0.26436781609195403,0.8,0.0,0.0,1.0
796,0.2521175901040015,0.44970549433843005,1.0,0.6000000000000001,0.2413793103448276,0.2,0.0,0.0,1.0
797,0.20115186217718645,0.5617256661509026,1.0,0.6000000000000001,0.18390804597701146,0.2,0.0,1.0,1.0
798,0.443350082633591,0.7489115442818693,0.0,0.8,0.06896551724137931,0.0,1.0,0.0,1.0
799,0.04148707076440245,0.7401678917315373,1.0,0.6000000000000001,0.10344827586206898,0.6000000000000001,0.0,1.0,0.0
800,0.5833831360699798,0.8948211211919054,0.0,0.0,0.3563218390804598,0.2,1.0,1.0,1.0
801,0.21245346643740715,0.9884253123840407,1.0,0.6000000000000001,0.9425287356321839,0.8,0.0,0.0,1.0
802,0.40811979366642737,0.5244271167250611,0.5,0.8,0.9080459770114944,0.6000000000000001,1.0,0.0,1.0
803,0.8491027160576264,0.6263713841916123,0.0,0.6000000000000001,0.011494252873563232,0.4,1.0,1.0,1.0
804,0.05033136904662538,0.8834414704379128,0.0,1.0,0.0,0.0,1.0,0.0,0.0
805,0.1602824566382318,0.9341550553054528,0.5,0.4,0.28735632183908044,0.2,1.0,1.0,1.0
806,0.48107774235013273,0.867397438115804,0.5,0.8,0.4482758620689655,0.6000000000000001,1.0,1.0,0.0
807,0.1725489541425304,0.5477535254163037,0.0,0.0,0.17241379310344826,0.2,1.0,0.0,1.0
808,0.06723536383820511,0.2320983665912858,0.5,1.0,0.9655172413793103,0.4,0.0,0.0,1.0
809,0.7896766439076507,0.05523193883644012,0.0,1.0,0.17241379310344826,0.8,1.0,1.0,1.0
810,0.28228970168438977,0.8700134325387499,1.0,0.0,0.27586206896551724,0.6000000000000001,1.0,0.0,0.0
811,0.33549237934661036,0.9625704258104782,0.5,0.2,0.5862068965517242,0.0,0.0,0.0,1.0
812,0.8497838171710933,0.011942257086589414,0.0,0.8,0.45977011494252873,0.0,1.0,0.0,1.0
813,0.617671902909704,0.12257616689554329,0.0,0.8,0.13793103448275865,0.0,1.0,0.0,1.0
814,0.5763450912308231,0.6193200514897317,0.0,0.4,0.735632183908046,0.0,1.0,1.0,0.0
815,0.8648848972505551,0.754192042295994,0.5,0.6000000000000001,0.9080459770114944,0.8,1.0,1.0,1.0
816,0.218910572091548,0.6350925324886404,0.0,0.2,0.4137931034482759,1.0,0.0,0.0,1.0
817,0.23748393235731097,0.8730650092867553,1.0,0.0,0.4022988505747127,0.6000000000000001,1.0,1.0,1.0
818,0.05046491828456004,0.6948363240652484,1.0,0.4,0.6436781609195402,0.6000000000000001,1.0,0.0,1.0
819,0.5797038545648799,0.3152475817929589,0.0,0.6000000000000001,0.10344827586206898,0.6000000000000001,0.0,0.0,1.0
820,0.7821144183096005,0.6659023555451982,1.0,0.6000000000000001,0.8505747126436782,0.2,0.0,1.0,1.0
821,0.052144299951588396,0.03690197447317545,0.0,1.0,0.31034482758620696,0.2,0.0,1.0,1.0
822,0.24791078910905964,0.23142123861409813,0.5,0.2,0.7816091954022989,0.0,0.0,0.0,0.0
823,0.13549237934661035,0.4813419736330167,1.0,1.0,0.735632183908046,0.6000000000000001,0.0,0.0,1.0
824,0.38821427975226613,0.06893452862591032,0.5,1.0,0.67816091954023,0.8,0.0,1.0,0.0
825,0.28516434903093335,0.8594784414254295,1.0,0.2,0.6666666666666667,0.6000000000000001,0.0,1.0,0.0
826,0.38980685441463697,0.6736173136722842,0.5,0.6000000000000001,0.011494252873563232,0.0,1.0,0.0,0.0
827,0.6900656060631354,0.2732706481525009,1.0,0.0,0.7471264367816092,1.0,1.0,0.0,0.0
828,0.18348997546032753,0.7272644529816136,0.5,0.8,0.33333333333333337,0.0,0.0,0.0,1.0
829,0.7046124568051684,0.20757873238041996,1.0,0.0,0.4022988505747127,0.6000000000000001,1.0,1.0,1.0
830,0.4214379914194615,0.7858300218741343,0.0,0.0,0.3793103448275862,1.0,0.0,1.0,1.0
831,0.46862427591272554,0.5192031293914551,0.5,1.0,0.5287356321839081,0.8,1.0,0.0,1.0
832,0.22366492496202192,0.8644593828233538,0.5,0.4,0.21839080459770113,0.4,1.0,1.0,0.0
833,0.9913860741532143,0.7961794779213272,1.0,1.0,0.28735632183908044,0.0,1.0,1.0,1.0
834,0.2117489942073018,0.37810046098712663,1.0,0.8,0.8505747126436782,0.2,0.0,0.0,1.0
835,0.7993956896983456,0.4900136125727763,0.5,0.8,0.8275862068965518,1.0,1.0,0.0,0.0
836,0.6007411982705374,0.27935229758424346,0.5,0.0,0.7126436781609196,1.0,1.0,0.0,1.0
837,0.8699530908301755,0.6502143905198083,0.5,0.2,0.29885057471264376,0.4,1.0,0.0,0.0
838,0.6533696142096389,0.8683831244105137,0.5,0.8,0.4252873563218391,0.0,0.0,1.0,0.0
839,0.5022619902175183,0.4973890065222328,0.5,0.2,0.3908045977011494,0.6000000000000001,1.0,0.0,1.0
840,0.8000734520808641,0.23585157594785416,0.5,0.8,0.6206896551724138,0.6000000000000001,0.0,1.0,1.0
841,0.5378361684723636,0.9891319459377823,1.0,0.6000000000000001,0.29885057471264376,0.2,0.0,0.0,0.0
842,0.9739412049479993,0.9748817526512512,1.0,1.0,0.5172413793103449,1.0,1.0,1.0,1.0
843,0.36435904712618733,0.2762077032559154,0.5,0.8,0.16091954022988506,0.2,1.0,0.0,0.0
844,0.9556182495033637,0.1548352638648705,0.5,0.2,0.26436781609195403,0.0,0.0,1.0,1.0
845,0.5742684005809392,0.045300061711663564,0.0,1.0,0.5057471264367817,0.2,1.0,1.0,1.0
846,0.48744804099961603,0.6944347481674037,0.5,1.0,0.6896551724137931,0.4,0.0,1.0,0.0
847,0.7528905063185484,0.12090285063877076,0.5,0.2,0.6551724137931034,0.8,0.0,1.0,1.0
848,0.29568802898018465,0.8086648376543167,0.5,0.6000000000000001,0.632183908045977,0.6000000000000001,0.0,1.0,0.0
849,0.5496819858771681,0.3822012360336104,0.0,0.6000000000000001,0.5977011494252874,0.2,0.0,0.0,1.0
850,0.4554763534380582,0.31636279256779537,0.0,0.8,0.16091954022988506,0.0,0.0,0.0,1.0
851,0.3588000600971571,0.8582747139209311,0.5,1.0,0.7241379310344828,0.8,1.0,0.0,1.0
852,0.9497153731866518,0.8434569133566245,0.5,1.0,0.4482758620689655,0.8,1.0,0.0,1.0
853,0.2961187252725239,0.14090813163687943,0.0,0.4,0.09195402298850572,1.0,1.0,1.0,0.0
854,0.6022402884663539,0.026592025892893778,1.0,0.6000000000000001,0.14942528735632185,0.0,1.0,1.0,0.0
855,0.7646895814900756,0.1995357122496152,1.0,0.8,0.47126436781609193,1.0,0.0,1.0,1.0
856,0.18037827821644992,0.40415388508428096,0.5,0.0,0.4367816091954023,0.4,0.0,1.0,0.0
857,0.36054955511410114,0.04670982815752178,1.0,0.2,0.9080459770114944,0.2,0.0,0.0,0.0
858,0.38224462881658683,0.540375630994258,0.0,0.2,0.9540229885057472,0.0,0.0,1.0,0.0
859,0.4737258568018296,0.5560360908211652,0.0,0.8,0.6896551724137931,0.2,1.0,0.0,0.0
860,0.09251623457923644,0.9037413071070433,0.0,1.0,0.28735632183908044,0.6000000000000001,1.0,0.0,1.0
861,0.0005041483732033453,0.3922661383001388,0.5,1.0,0.16091954022988506,0.2,1.0,0.0,0.0
862,0.7605195065355659,0.5907931599072225,0.5,1.0,0.6551724137931034,0.4,1.0,0.0,1.0
863,0.6940553895464334,0.6741924223678276,0.0,0.0,0.17241379310344826,0.6000000000000001,0.0,0.0,1.0
864,0.6708011284910605,0.7344923190483001,0.0,1.0,0.8390804597701149,0.0,1.0,0.0,0.0
865,0.7971487237700949,0.7724930011772226,0.0,0.2,0.5632183908045977,0.2,0.0,1.0,0.0
866,0.6553361267382268,1.0,0.0,0.8,0.9425287356321839,0.8,1.0,0.0,1.0
867,0.5344206467121847,0.5808802863741248,1.0,1.0,0.1264367816091954,0.6000000000000001,1.0,0.0,1.0
868,0.5734971537318665,0.5988911904349923,0.5,0.4,1.0,0.4,1.0,0.0,0.0
869,0.5861809926047109,0.5286129078395817,0.5,0.2,0.08045977011494251,0.4,1.0,0.0,1.0
870,0.4206366959918535,0.5673107217264064,1.0,0.4,0.2298850574712644,0.0,1.0,0.0,1.0
871,0.6569353788624943,0.030588281185144006,0.0,0.4,0.06896551724137931,0.6000000000000001,1.0,0.0,0.0
872,0.63554412967631,0.3857294028571401,0.5,0.4,1.0,0.4,0.0,0.0,1.0
873,0.2223895297397459,0.5710769335404392,0.0,0.2,0.7011494252873564,0.0,0.0,1.0,0.0
874,0.15274694088776855,0.4107361291284053,0.5,0.4,0.896551724137931,0.6000000000000001,1.0,1.0,1.0
875,0.9712168004941322,0.18416280677047964,1.0,0.6000000000000001,0.49425287356321845,1.0,1.0,1.0,0.0
876,0.478156352770312,0.3895206193970661,0.5,1.0,0.0,0.0,1.0,0.0,1.0
877,0.7139876133081815,0.7197195269906013,0.5,0.2,0.9425287356321839,0.6000000000000001,0.0,1.0,0.0
878,0.3650969066657763,0.5590851670965813,0.5,0.0,0.3908045977011494,1.0,1.0,1.0,1.0
879,0.10818489891992054,0.8364110816944403,0.0,0.8,0.6436781609195402,0.8,1.0,0.0,0.0
880,0.5563527703120044,0.5760623757890242,0.5,0.8,0.3793103448275862,0.4,0.0,1.0,1.0
881,0.6279117907283441,0.8455623112768313,0.5,0.6000000000000001,0.08045977011494251,1.0,0.0,0.0,0.0
882,0.7534413969250288,0.023318907273474743,1.0,0.2,0.20689655172413793,0.6000000000000001,0.0,1.0,0.0
883,0.34865031801412283,0.028842451223281218,0.0,0.4,0.48275862068965525,0.2,0.0,0.0,0.0
884,0.612132948266364,0.6144061227572012,1.0,0.4,0.7701149425287357,0.0,0.0,1.0,0.0
885,0.7571173396991804,0.30565676912936546,0.0,0.4,0.45977011494252873,0.6000000000000001,1.0,1.0,1.0
886,0.7096940053085822,0.020026284967858965,0.5,0.4,0.7816091954022989,1.0,0.0,0.0,0.0
887,0.036235246982621906,0.9595928630511168,0.0,0.6000000000000001,0.5517241379310345,0.4,1.0,1.0,1.0
888,0.6043370115019281,0.8470160860402617,1.0,0.0,0.6551724137931034,0.4,0.0,0.0,0.0
889,0.40259753267782916,0.6976618580911793,0.0,0.2,0.5172413793103449,0.8,1.0,0.0,1.0
890,0.11885882176184832,0.9230364538897853,1.0,0.0,0.6551724137931034,0.2,0.0,1.0,0.0
891,0.15525766656094017,0.7263307765167617,0.0,0.0,0.9770114942528736,1.0,1.0,0.0,1.0
892,0.04396440912809041,0.1025313784305234,1.0,0.8,0.9655172413793103,1.0,1.0,1.0,1.0
893,0.9521526467789593,0.8051096657268224,1.0,0.2,0.3908045977011494,0.2,0.0,0.0,0.0
894,0.29175500392300885,0.9870605544447901,0.0,0.2,0.8505747126436782,1.0,0.0,1.0,1.0
895,0.3090262591189089,0.2977617769758485,1.0,0.2,0.6091954022988506,0.6000000000000001,0.0,1.0,0.0
896,0.9323806821027327,0.5611115500829658,1.0,0.0,0.6666666666666667,0.2,1.0,1.0,0.0
897,0.5175767490776756,0.7714883112908341,0.5,0.0,0.8160919540229885,0.4,1.0,1.0,1.0
898,0.3863512678830776,0.26959945429686216,0.0,0.4,0.7126436781609196,0.2,0.0,1.0,0.0
899,0.913326544580405,0.4072284661801081,0.5,0.4,0.5287356321839081,1.0,1.0,1.0,1.0
900,0.7532177019514882,0.820401555894064,1.0,0.6000000000000001,0.9655172413793103,0.0,0.0,1.0,1.0
901,0.12654458040498806,0.8897911705312305,1.0,0.8,0.21839080459770113,0.8,1.0,0.0,0.0
902,0.7549605195065355,0.35913537658617484,0.0,0.8,0.47126436781609193,0.6000000000000001,1.0,0.0,1.0
903,0.33467105153331217,0.4062067730801122,1.0,0.0,0.4137931034482759,1.0,0.0,0.0,1.0
904,0.7801078410096323,0.24120858842321202,0.5,0.0,0.8275862068965518,0.6000000000000001,0.0,1.0,1.0
905,0.4874213311520291,0.8563238452067441,0.0,0.8,0.057471264367816105,0.8,0.0,1.0,1.0
906,0.5322237617481596,0.523578956422764,0.0,0.0,0.8620689655172413,1.0,0.0,0.0,0.0
907,0.45366342253309516,0.34381798159852217,1.0,1.0,0.5747126436781609,0.8,1.0,1.0,0.0
908,0.5604260220690116,0.484062987904714,0.5,0.4,0.2413793103448276,0.8,1.0,1.0,1.0
909,0.0047944176418543314,0.6037866156703617,1.0,0.4,0.9885057471264367,0.0,0.0,1.0,1.0
910,0.779149625227451,0.8019630710204229,1.0,0.0,0.31034482758620696,0.8,1.0,1.0,0.0
911,0.06639400363921674,0.47541485340729406,1.0,0.2,0.6091954022988506,0.4,0.0,0.0,1.0
912,0.07675742450294644,0.2966375644996905,1.0,0.8,0.19540229885057472,0.2,0.0,1.0,1.0
913,0.8307563894963524,0.47711917552417416,0.0,1.0,0.21839080459770113,0.4,1.0,0.0,0.0
914,0.5067459058811745,0.5390203748508469,0.5,0.2,0.14942528735632185,0.4,1.0,0.0,0.0
915,0.17375423601489073,0.3657276225206565,1.0,0.0,0.057471264367816105,0.0,1.0,1.0,1.0
916,0.0513162946763935,0.4585726702346744,0.5,0.8,0.8390804597701149,0.2,0.0,1.0,1.0
917,0.172572325259169,0.7396207883289942,1.0,0.6000000000000001,0.4252873563218391,0.6000000000000001,0.0,0.0,0.0
918,0.8052885498222125,0.04662731256207425,0.5,0.8,0.6436781609195402,0.6000000000000001,0.0,1.0,0.0
919,0.2148707076440245,0.8507117845272758,0.5,0.6000000000000001,0.7011494252873564,0.8,0.0,1.0,1.0
920,0.9435186885464835,0.6807076537465582,1.0,0.4,0.47126436781609193,1.0,1.0,1.0,1.0
921,0.4338046508522111,0.01758732400423685,0.5,0.0,0.896551724137931,0.6000000000000001,0.0,0.0,1.0
922,0.3863345742283358,0.8458473651520138,1.0,1.0,0.7586206896551724,0.0,0.0,1.0,1.0
923,0.48784534998247164,0.747344248062884,0.0,0.6000000000000001,0.5402298850574713,0.0,1.0,0.0,0.0
924,0.05440128207268417,0.1984119998679751,0.5,0.4,0.022988505747126436,0.0,0.0,0.0,0.0
925,0.38561006961254024,0.5802606692664914,0.5,0.4,0.20689655172413793,0.0,0.0,0.0,1.0
926,0.8603308682369831,0.7142014840804913,0.0,0.6000000000000001,0.4252873563218391,0.4,1.0,0.0,0.0
927,0.45476186501510774,0.8241287603357035,1.0,0.4,0.7931034482758621,0.4,1.0,1.0,1.0
928,0.23583126053786954,0.630284623793897,0.0,0.6000000000000001,0.6896551724137931,0.6000000000000001,1.0,0.0,1.0
929,0.534213645393386,0.021404545459091817,1.0,1.0,0.4367816091954023,0.2,1.0,0.0,1.0
930,0.052064170408827604,0.210363258655886,0.0,0.0,0.19540229885057472,0.6000000000000001,1.0,1.0,0.0
931,0.043416857252558304,0.5851876004564863,0.0,0.8,0.9080459770114944,0.0,1.0,1.0,1.0
932,0.2726474467055072,0.7804260005140973,0.0,0.0,0.20689655172413793,0.4,1.0,0.0,1.0
933,0.6142730748042668,0.8631076273415677,1.0,0.6000000000000001,0.5632183908045977,0.6000000000000001,0.0,1.0,0.0
934,0.8061499424068911,0.8201430070283284,0.5,0.8,0.5402298850574713,0.0,1.0,1.0,1.0
935,0.5725322604877886,0.1404705489337485,0.5,0.6000000000000001,0.06896551724137931,0.4,0.0,0.0,1.0
936,0.7102382184531659,0.1929804733094555,1.0,0.8,0.5632183908045977,0.6000000000000001,1.0,1.0,0.0
937,0.5350984090947031,0.8693253024821692,0.5,1.0,0.06896551724137931,0.8,1.0,1.0,1.0
938,0.650127706458775,0.7396392918261552,0.5,0.4,0.8390804597701149,0.2,1.0,1.0,1.0
939,0.15561824950336375,0.33375507971006524,0.0,0.6000000000000001,0.8620689655172413,0.2,1.0,0.0,0.0
940,0.8149474984558369,0.7818167633682767,0.5,0.4,0.17241379310344826,0.8,1.0,0.0,1.0
941,0.8885665158673188,0.7033439320031487,0.0,1.0,0.4022988505747127,0.4,1.0,1.0,0.0
942,0.09758108942790845,0.43594439349036973,0.5,0.4,0.5172413793103449,0.2,1.0,1.0,0.0
943,0.299217067592608,0.8637737532393623,1.0,0.4,0.19540229885057472,1.0,0.0,0.0,0.0
944,0.1062651286246098,0.9210465778032049,0.5,0.4,0.9425287356321839,0.4,1.0,0.0,1.0
945,0.9717409812530258,0.06484875641496246,1.0,1.0,0.31034482758620696,0.8,1.0,1.0,1.0
946,0.4632422416239587,0.83522185693096,0.0,0.6000000000000001,0.367816091954023,0.0,0.0,1.0,0.0
947,0.08919085855466338,0.2865236529704115,0.0,1.0,0.6206896551724138,1.0,1.0,0.0,1.0
948,0.34401949818873845,0.6319104310714726,1.0,0.8,0.4367816091954023,0.2,0.0,1.0,1.0
949,0.5359965277198137,0.21199156640605077,0.0,0.4,0.32183908045977017,0.2,1.0,0.0,1.0
950,0.891501260370933,0.9445105124868601,0.5,0.4,0.3448275862068966,0.2,1.0,1.0,0.0
951,0.6639133265445804,0.6229702413756201,0.0,1.0,0.31034482758620696,0.4,0.0,0.0,0.0
952,0.5137071599085188,0.9032687177876619,0.5,0.2,0.8275862068965518,0.4,0.0,1.0,1.0
953,0.4487421331152029,0.02961259678079159,0.5,0.8,0.47126436781609193,1.0,1.0,0.0,0.0
954,0.49269318731949985,0.8920916053134043,0.0,0.8,0.367816091954023,1.0,1.0,0.0,0.0
955,0.875131462531092,0.39248718007703465,0.5,0.8,0.8850574712643677,0.8,0.0,1.0,0.0
956,0.1949919035774502,0.8738166513471046,0.5,1.0,0.3563218390804598,0.8,0.0,0.0,1.0
957,0.1108825935262007,0.861431310517688,1.0,0.0,0.3793103448275862,0.8,0.0,1.0,1.0
958,0.6387125853463098,0.3472991395373726,0.0,0.4,0.5632183908045977,0.6000000000000001,1.0,1.0,0.0
959,0.32213745555314427,0.5538111703111889,0.0,0.6000000000000001,0.67816091954023,1.0,0.0,0.0,0.0
960,0.8173914495100413,0.21742659362619537,0.5,0.4,0.31034482758620696,0.0,0.0,0.0,0.0
961,0.9512612056157455,0.5331427639823927,0.5,1.0,0.31034482758620696,0.6000000000000001,1.0,0.0,0.0
962,0.5809258300919821,0.4479476621081385,0.0,0.4,0.28735632183908044,0.6000000000000001,1.0,1.0,1.0
963,0.43555414586915514,0.21695250402326044,1.0,0.4,0.9655172413793103,0.2,1.0,0.0,0.0
964,0.3666560940186635,0.17870127454088824,0.0,0.6000000000000001,0.6436781609195402,0.8,0.0,1.0,1.0
965,0.9175300068443984,0.9289955801646512,0.0,0.0,0.16091954022988506,1.0,1.0,0.0,0.0
966,0.6390331035173531,0.36079118953482214,0.0,0.8,0.8275862068965518,0.8,1.0,0.0,1.0
967,0.8607181610269936,0.883308945390679,0.0,0.6000000000000001,0.4137931034482759,0.6000000000000001,1.0,0.0,0.0
968,0.7491744987730163,0.27139929446665423,0.5,0.8,0.7011494252873564,0.8,1.0,1.0,0.0
969,0.9412116254611622,0.8830618986988541,0.0,0.8,0.28735632183908044,0.4,1.0,1.0,1.0
970,0.24821461362536099,0.7948917345378277,1.0,0.8,0.9655172413793103,0.0,1.0,0.0,1.0
971,0.44026843396824866,0.33059948330234423,0.0,0.4,0.67816091954023,0.8,1.0,0.0,0.0
972,0.36255279368312104,0.6305516742664364,0.0,0.8,0.3448275862068966,0.0,1.0,1.0,0.0
973,0.5615344807438692,0.1392718223744288,0.0,0.6000000000000001,0.27586206896551724,0.8,0.0,1.0,1.0
974,0.21332153648398244,0.2294613681985896,0.0,0.0,0.28735632183908044,0.4,0.0,1.0,0.0
975,0.19954259386007378,0.022779805383217444,0.0,0.2,0.31034482758620696,0.8,1.0,0.0,0.0
976,0.3880840692452799,0.971010020893949,1.0,0.8,0.26436781609195403,0.4,1.0,0.0,1.0
977,0.5014273074804266,0.0583830343935004,0.5,0.8,0.735632183908046,0.2,0.0,0.0,0.0
978,0.7768325459492846,0.05848355339159106,1.0,0.2,0.8390804597701149,0.6000000000000001,1.0,1.0,1.0
979,0.11901574211642156,0.6140510556495178,1.0,0.4,0.2298850574712644,0.0,1.0,0.0,1.0
980,0.631217134367227,0.7556368153581028,1.0,0.4,0.5977011494252874,0.2,0.0,1.0,1.0
981,0.5040248401582559,0.5252532728685723,0.5,0.2,0.8850574712643677,1.0,0.0,1.0,0.0
982,0.37271589068994876,0.5268990839268622,0.5,0.8,0.7011494252873564,0.2,1.0,1.0,1.0
983,0.04193779944243193,0.8994830022874324,0.0,1.0,0.9195402298850575,1.0,0.0,0.0,1.0
984,0.6071248518438142,0.46571602032784204,0.0,0.6000000000000001,0.06896551724137931,0.4,0.0,1.0,0.0
985,0.3350783767090129,0.049345326266664435,0.5,0.2,0.17241379310344826,0.2,1.0,1.0,1.0
986,0.7451312955945445,0.2309131425839484,0.0,0.6000000000000001,0.5057471264367817,0.8,0.0,1.0,0.0
987,0.782364823130728,0.04438038789331189,1.0,0.8,0.67816091954023,0.0,1.0,1.0,0.0
988,0.49204547351551675,0.9911743319487384,1.0,0.2,0.49425287356321845,1.0,0.0,1.0,0.0
989,0.41875699046792314,0.9146783742127262,1.0,1.0,0.10344827586206898,0.4,1.0,0.0,0.0
990,0.6338013121212627,0.9486788002932556,0.0,0.6000000000000001,0.31034482758620696,0.6000000000000001,1.0,0.0,1.0
991,0.7901874697427508,0.5892623705880412,1.0,0.0,0.4367816091954023,0.4,0.0,0.0,1.0
992,0.7865883177804117,0.5904230899640033,0.5,0.6000000000000001,0.48275862068965525,0.6000000000000001,1.0,0.0,1.0
993,0.8735322104068244,0.08030267720599199,0.5,0.4,0.4252873563218391,1.0,1.0,0.0,0.0
994,0.15688362853279467,0.3296623061758673,1.0,1.0,0.1264367816091954,0.0,0.0,0.0,0.0
995,0.920842027945178,0.6372454393880445,0.5,0.0,0.7241379310344828,0.2,1.0,0.0,0.0
996,0.9478122965460828,0.042528537893661955,0.5,0.8,0.6436781609195402,1.0,0.0,1.0,0.0
997,0.6119125920237718,0.41554303763411293,0.5,0.4,0.6091954022988506,0.2,0.0,0.0,0.0
998,0.3353788624943659,0.875266425354392,1.0,0.6000000000000001,0.6091954022988506,0.8,0.0,1.0,0.0
999,0.12500542543779108,0.5105084861038737,0.0,0.2,0.2298850574712644,0.8,0.0,1.0,0.0
1000,0.26569620887100814,0.5318390175743216,1.0,0.2,0.6091954022988506,1.0,0.0,1.0,0.0
1001,0.37071265212092885,0.21331281612224717,0.0,0.8,0.19540229885057472,0.4,0.0,0.0,0.0
1002,0.351922274343522,0.1944302473167429,0.0,0.2,0.47126436781609193,0.2,1.0,1.0,0.0
1003,0.6720130878253175,0.6552583438269833,0.5,0.6000000000000001,0.45977011494252873,1.0,1.0,0.0,1.0
