,f1,f2,f3,f4,f5,f6,f7,f8,f9,f10
0,0.4444444444444444,0.0,1.0,1.0,0.625,0.30769230769230776,0.5,0.0,0.0,0.0
1,0.7222222222222223,1.0,1.0,0.0,0.5,0.6153846153846154,0.20000000000000004,0.5,0.5,0.5
2,0.2777777777777778,1.0,1.0,0.0,0.25,0.30769230769230776,0.2133333333333333,0.0,0.0,0.0
3,0.2222222222222222,0.0,1.0,0.0,0.5,0.07692307692307693,0.8333333333333334,0.0,0.0,0.0
4,0.4444444444444444,0.0,1.0,0.0,0.375,0.30769230769230776,0.30666666666666664,0.5,0.5,0.5
5,0.2777777777777778,1.0,1.0,0.0,0.0,0.30769230769230776,0.026666666666666644,0.5,0.5,0.5
6,0.33333333333333337,0.0,1.0,0.0,0.375,0.30769230769230776,0.30666666666666664,0.0,0.0,0.0
7,0.33333333333333337,0.0,1.0,0.0,0.25,0.38461538461538464,0.16666666666666666,0.0,0.0,0.0
8,0.6111111111111112,1.0,1.0,0.0,0.75,0.4615384615384615,0.42666666666666664,0.0,0.0,0.0
9,0.5,1.0,1.0,0.0,0.75,0.30769230769230776,0.5933333333333333,0.0,0.0,0.0
10,0.5,1.0,1.0,0.0,0.5,0.4615384615384615,0.28,0.0,0.0,0.0
11,0.2222222222222222,0.0,1.0,0.0,0.25,0.23076923076923078,0.28,0.0,0.0,0.0
12,0.5,1.0,1.0,0.0,0.75,0.30769230769230776,0.5933333333333333,0.0,0.0,0.0
13,0.2777777777777778,1.0,1.0,1.0,0.5,0.15384615384615385,0.6333333333333333,0.0,0.0,0.0
14,0.16666666666666674,1.0,1.0,0.0,0.125,0.23076923076923078,0.16666666666666666,0.0,0.0,0.0
15,0.7222222222222223,1.0,0.0,1.0,0.75,0.6153846153846154,0.31999999999999995,0.0,0.0,0.0
16,0.7222222222222223,1.0,0.0,1.0,0.625,0.5384615384615385,0.29999999999999993,0.5,0.5,0.5
17,0.6666666666666667,0.0,0.0,1.0,0.375,0.7692307692307692,0.08666666666666664,0.0,0.0,0.0
18,0.5,1.0,0.0,0.0,0.375,0.5384615384615385,0.16666666666666666,0.0,0.0,0.0
19,0.16666666666666674,1.0,0.0,1.0,0.0,0.30769230769230776,0.026666666666666644,0.0,0.0,0.0
20,0.11111111111111116,0.0,0.0,1.0,0.125,0.15384615384615385,0.2333333333333333,0.0,0.0,0.0
21,0.11111111111111116,0.0,0.0,1.0,0.125,0.15384615384615385,0.2333333333333333,0.0,0.0,0.0
22,0.7222222222222223,1.0,0.0,0.0,0.375,0.6923076923076923,0.11333333333333331,0.5,0.5,0.5
23,0.5555555555555556,0.0,0.0,0.0,0.375,0.4615384615384615,0.2066666666666667,0.5,0.5,0.5
24,0.2777777777777778,1.0,0.0,0.0,0.25,0.30769230769230776,0.2133333333333333,0.0,0.0,0.0
25,0.6111111111111112,1.0,0.0,0.0,0.5,0.4615384615384615,0.28,0.5,0.5,0.5
26,0.33333333333333337,0.0,0.0,1.0,0.0,0.38461538461538464,0.0,0.5,0.5,0.5
27,0.5,1.0,0.0,1.0,0.375,0.38461538461538464,0.24666666666666667,0.5,0.5,0.5
28,0.4444444444444444,0.0,0.0,0.0,0.125,0.4615384615384615,0.053333333333333344,0.5,0.5,0.5
29,0.2777777777777778,1.0,0.0,0.0,0.0,0.30769230769230776,0.026666666666666644,0.5,0.5,0.5
30,0.38888888888888884,1.0,0.0,0.0,0.375,0.38461538461538464,0.24666666666666667,0.0,0.0,0.0
31,0.2777777777777778,1.0,0.0,0.0,0.125,0.38461538461538464,0.08666666666666664,0.0,0.0,0.0
32,0.38888888888888884,1.0,0.0,0.0,0.125,0.5384615384615385,0.033333333333333326,0.0,0.0,0.0
33,0.2777777777777778,1.0,0.0,0.0,0.125,0.38461538461538464,0.08666666666666664,0.0,0.0,0.0
34,0.33333333333333337,0.0,0.0,0.0,0.5,0.23076923076923078,0.5,0.0,0.0,0.0
35,0.6666666666666667,0.0,0.0,0.0,0.5,0.6153846153846154,0.20000000000000004,0.5,0.0,0.5
36,0.33333333333333337,0.0,0.0,0.0,0.375,0.30769230769230776,0.30666666666666664,0.0,0.0,0.0
37,0.6666666666666667,0.0,0.0,0.0,0.75,0.5384615384615385,0.3666666666666667,0.0,0.0,0.0
38,0.38888888888888884,1.0,0.0,0.0,0.25,0.4615384615384615,0.12666666666666668,0.0,0.0,0.0
39,0.7222222222222223,1.0,0.0,0.0,0.5,0.7692307692307692,0.13999999999999999,0.0,0.0,0.0
40,0.5555555555555556,0.0,0.0,0.0,0.625,0.4615384615384615,0.3533333333333334,0.0,0.0,0.0
41,0.4444444444444444,0.0,0.0,1.0,0.25,0.5384615384615385,0.1,0.0,0.0,0.0
42,0.2777777777777778,1.0,0.0,1.0,0.25,0.30769230769230776,0.2133333333333333,0.0,0.0,0.0
43,0.05555555555555558,1.0,0.0,1.0,0.0,0.15384615384615385,0.1,0.0,0.0,0.0
44,0.2777777777777778,1.0,0.0,1.0,0.375,0.23076923076923078,0.3866666666666666,0.0,0.0,0.0
45,0.05555555555555558,1.0,0.0,1.0,0.125,0.07692307692307693,0.33333333333333337,0.0,0.0,0.0
46,0.4444444444444444,0.0,0.0,1.0,0.375,0.4615384615384615,0.2066666666666667,0.0,0.0,0.0
47,0.5555555555555556,0.0,0.0,1.0,0.5,0.5384615384615385,0.2333333333333333,0.0,0.0,0.0
48,0.5,1.0,0.0,1.0,0.375,0.38461538461538464,0.24666666666666667,0.5,0.5,0.5
49,0.33333333333333337,0.0,0.0,1.0,0.375,0.30769230769230776,0.30666666666666664,0.0,0.0,0.0
50,0.4444444444444444,0.0,0.0,1.0,0.25,0.38461538461538464,0.16666666666666666,0.5,0.5,0.5
51,0.16666666666666674,1.0,0.0,1.0,0.125,0.23076923076923078,0.16666666666666666,0.0,0.0,0.0
52,0.2777777777777778,1.0,0.0,1.0,0.25,0.30769230769230776,0.2133333333333333,0.0,0.0,0.0
53,0.33333333333333337,0.0,0.0,1.0,0.25,0.38461538461538464,0.16666666666666666,0.0,0.0,0.0
54,0.38888888888888884,1.0,0.0,1.0,0.375,0.38461538461538464,0.24666666666666667,0.0,0.0,0.0
55,0.38888888888888884,1.0,0.0,1.0,0.25,0.4615384615384615,0.12666666666666668,0.0,0.0,0.0
56,0.5555555555555556,0.0,0.0,1.0,0.5,0.5384615384615385,0.2333333333333333,0.0,0.0,0.0
57,0.33333333333333337,0.0,0.0,1.0,0.375,0.30769230769230776,0.30666666666666664,0.0,0.0,0.0
58,0.5,1.0,0.0,1.0,0.375,0.5384615384615385,0.16666666666666666,0.0,0.0,0.0
59,0.2777777777777778,1.0,0.0,1.0,0.375,0.23076923076923078,0.3866666666666666,0.0,0.0,0.0
60,0.2777777777777778,1.0,0.0,1.0,0.25,0.15384615384615385,0.3666666666666667,0.5,0.5,0.5
61,0.38888888888888884,1.0,0.0,1.0,0.25,0.30769230769230776,0.2133333333333333,0.5,0.5,0.5
62,0.5,1.0,0.0,1.0,0.25,0.4615384615384615,0.12666666666666668,0.5,0.5,0.5
63,0.2777777777777778,1.0,0.0,1.0,0.375,0.23076923076923078,0.3866666666666666,0.0,0.0,0.0
64,0.2777777777777778,1.0,0.0,1.0,0.25,0.30769230769230776,0.2133333333333333,0.0,0.0,0.0
65,0.2777777777777778,1.0,0.0,0.0,0.25,0.30769230769230776,0.2133333333333333,0.0,0.0,0.0
66,0.38888888888888884,1.0,0.0,1.0,0.375,0.38461538461538464,0.24666666666666667,0.0,0.0,0.0
67,0.6111111111111112,1.0,1.0,1.0,0.25,0.4615384615384615,0.12666666666666668,1.0,1.0,1.0
68,0.2222222222222222,0.0,1.0,0.0,0.25,0.23076923076923078,0.28,0.0,0.0,0.0
69,0.2777777777777778,1.0,1.0,0.0,0.25,0.30769230769230776,0.2133333333333333,0.0,0.0,0.0
70,0.2222222222222222,0.0,1.0,0.0,0.25,0.23076923076923078,0.28,0.0,0.0,0.0
71,0.33333333333333337,0.0,1.0,0.0,0.375,0.30769230769230776,0.30666666666666664,0.0,0.0,0.0
72,0.33333333333333337,0.0,1.0,0.0,0.375,0.30769230769230776,0.30666666666666664,0.0,0.0,0.0
73,0.11111111111111116,0.0,1.0,0.0,0.25,0.07692307692307693,0.5,0.0,0.0,0.0
74,0.5,1.0,1.0,0.0,0.5,0.4615384615384615,0.28,0.0,0.0,0.0
75,0.5,1.0,0.0,1.0,0.625,0.38461538461538464,0.42000000000000004,0.0,0.0,0.0
76,0.2777777777777778,1.0,0.0,1.0,0.375,0.23076923076923078,0.3866666666666666,0.0,0.0,0.0
77,0.5555555555555556,0.0,0.0,1.0,0.25,0.5384615384615385,0.1,0.5,0.5,0.5
78,0.33333333333333337,0.0,0.0,0.0,0.125,0.4615384615384615,0.053333333333333344,0.0,0.0,0.0
79,0.38888888888888884,1.0,0.0,1.0,0.125,0.38461538461538464,0.08666666666666664,0.5,0.5,0.5
80,0.16666666666666674,1.0,0.0,1.0,0.125,0.23076923076923078,0.16666666666666666,0.0,0.0,0.0
81,0.4444444444444444,0.0,0.0,1.0,0.375,0.4615384615384615,0.2066666666666667,0.0,0.0,0.0
82,0.5555555555555556,0.0,0.0,1.0,0.5,0.38461538461538464,0.33333333333333337,0.5,0.5,0.5
83,0.2222222222222222,0.0,0.0,1.0,0.25,0.23076923076923078,0.28,0.0,0.0,0.0
84,0.38888888888888884,1.0,0.0,1.0,0.25,0.30769230769230776,0.2133333333333333,0.5,0.5,0.5
85,0.5,1.0,0.0,1.0,0.25,0.4615384615384615,0.12666666666666668,0.5,0.5,0.5
86,0.5555555555555556,0.0,0.0,0.0,0.375,0.6153846153846154,0.13333333333333333,0.0,0.0,0.0
87,0.6666666666666667,0.0,0.0,0.0,0.75,0.5384615384615385,0.3666666666666667,0.0,0.0,0.0
88,0.16666666666666674,1.0,0.0,1.0,0.125,0.23076923076923078,0.16666666666666666,0.0,0.0,0.0
89,0.7777777777777777,0.0,0.0,1.0,1.0,0.5384615384615385,0.5,0.0,0.0,0.0
90,0.38888888888888884,1.0,0.0,1.0,0.25,0.4615384615384615,0.12666666666666668,0.0,0.0,0.0
91,0.16666666666666674,1.0,0.0,1.0,0.0,0.30769230769230776,0.026666666666666644,0.0,0.0,0.0
92,0.38888888888888884,1.0,0.0,1.0,0.5,0.30769230769230776,0.4066666666666666,0.0,0.0,0.0
93,0.38888888888888884,1.0,0.0,1.0,0.5,0.30769230769230776,0.4066666666666666,0.0,0.0,0.0
94,0.2222222222222222,0.0,0.0,1.0,0.125,0.30769230769230776,0.11999999999999997,0.0,0.0,0.0
95,0.2222222222222222,0.0,0.0,1.0,0.125,0.30769230769230776,0.11999999999999997,0.0,0.0,0.0
96,0.7222222222222223,1.0,1.0,0.0,0.75,0.6153846153846154,0.31999999999999995,0.0,0.0,0.0
97,0.6111111111111112,1.0,0.0,0.0,0.375,0.5384615384615385,0.16666666666666666,0.5,0.5,0.5
98,0.33333333333333337,0.0,0.0,0.0,0.125,0.23076923076923078,0.16666666666666666,0.5,1.0,0.5
99,0.38888888888888884,1.0,0.0,1.0,0.25,0.30769230769230776,0.2133333333333333,0.5,0.5,0.5
100,0.2222222222222222,0.0,0.0,1.0,0.125,0.30769230769230776,0.11999999999999997,0.0,0.0,0.0
101,0.33333333333333337,0.0,0.0,1.0,0.25,0.38461538461538464,0.16666666666666666,0.0,0.0,0.0
102,0.2222222222222222,0.0,0.0,1.0,0.25,0.23076923076923078,0.28,0.0,0.0,0.0
103,0.7777777777777777,0.0,0.0,1.0,0.875,0.5384615384615385,0.43333333333333335,0.5,0.0,0.5
104,0.6111111111111112,1.0,0.0,1.0,0.625,0.5384615384615385,0.29999999999999993,0.0,0.0,0.0
105,0.2777777777777778,1.0,0.0,1.0,0.125,0.38461538461538464,0.08666666666666664,0.0,0.0,0.0
106,0.38888888888888884,1.0,0.0,1.0,0.375,0.38461538461538464,0.24666666666666667,0.0,0.0,0.0
107,0.2777777777777778,1.0,0.0,1.0,0.25,0.30769230769230776,0.2133333333333333,0.0,0.0,0.0
108,0.11111111111111116,0.0,0.0,1.0,0.0,0.23076923076923078,0.053333333333333344,0.0,0.0,0.0
109,0.16666666666666674,1.0,0.0,1.0,0.375,0.07692307692307693,0.6666666666666666,0.0,0.0,0.0
110,0.2777777777777778,1.0,0.0,1.0,0.25,0.30769230769230776,0.2133333333333333,0.0,0.0,0.0
111,0.33333333333333337,0.0,0.0,1.0,0.375,0.30769230769230776,0.30666666666666664,0.0,0.0,0.0
112,0.6111111111111112,1.0,0.0,1.0,0.375,0.6923076923076923,0.11333333333333331,0.0,0.0,0.0
113,0.11111111111111116,0.0,0.0,1.0,0.125,0.15384615384615385,0.2333333333333333,0.0,0.0,0.0
114,0.2777777777777778,1.0,0.0,1.0,0.125,0.38461538461538464,0.08666666666666664,0.0,0.0,0.0
115,0.33333333333333337,0.0,0.0,1.0,0.125,0.30769230769230776,0.11999999999999997,0.5,0.5,0.5
116,0.2777777777777778,1.0,0.0,1.0,0.125,0.23076923076923078,0.16666666666666666,0.5,0.5,0.5
117,0.2777777777777778,1.0,0.0,1.0,0.125,0.38461538461538464,0.08666666666666664,0.0,0.0,0.0
118,0.4444444444444444,0.0,0.0,1.0,0.25,0.5384615384615385,0.1,0.0,0.0,0.0
119,0.5,1.0,0.0,1.0,0.375,0.5384615384615385,0.16666666666666666,0.0,0.0,0.0
120,0.2777777777777778,1.0,0.0,1.0,0.25,0.30769230769230776,0.2133333333333333,0.0,0.0,0.0
121,0.38888888888888884,1.0,0.0,1.0,0.375,0.38461538461538464,0.24666666666666667,0.0,0.0,0.0
122,0.5,1.0,0.0,1.0,0.375,0.38461538461538464,0.24666666666666667,0.5,0.5,0.5
123,0.5555555555555556,0.0,0.0,1.0,0.5,0.5384615384615385,0.2333333333333333,0.0,0.0,0.0
124,0.2777777777777778,1.0,0.0,1.0,0.25,0.30769230769230776,0.2133333333333333,0.0,0.0,0.0
125,0.5,1.0,0.0,1.0,0.25,0.4615384615384615,0.12666666666666668,0.5,0.5,0.5
126,0.2777777777777778,1.0,0.0,1.0,0.25,0.30769230769230776,0.2133333333333333,0.0,0.0,0.0
127,0.4444444444444444,0.0,0.0,1.0,0.5,0.38461538461538464,0.33333333333333337,0.0,0.0,0.0
128,0.33333333333333337,0.0,0.0,0.0,0.25,0.38461538461538464,0.16666666666666666,0.0,0.0,0.0
129,0.2777777777777778,1.0,0.0,1.0,0.25,0.15384615384615385,0.3666666666666667,0.5,0.5,0.5
130,0.05555555555555558,1.0,0.0,1.0,0.0,0.15384615384615385,0.1,0.0,0.0,0.0
131,0.5555555555555556,0.0,0.0,1.0,0.375,0.6153846153846154,0.13333333333333333,0.0,0.0,0.0
132,0.16666666666666674,1.0,0.0,1.0,0.25,0.15384615384615385,0.3666666666666667,0.0,0.0,0.0
133,0.33333333333333337,0.0,0.0,1.0,0.5,0.23076923076923078,0.5,0.0,0.0,0.0
134,0.05555555555555558,1.0,0.0,1.0,0.0,0.15384615384615385,0.1,0.0,0.0,0.0
135,0.4444444444444444,0.0,0.0,1.0,0.5,0.38461538461538464,0.33333333333333337,0.0,0.0,0.0
136,0.5,1.0,0.0,1.0,0.375,0.5384615384615385,0.16666666666666666,0.0,0.0,0.0
137,0.4444444444444444,0.0,0.0,0.0,0.25,0.38461538461538464,0.16666666666666666,0.5,0.5,0.5
138,1.0,0.0,0.0,0.0,0.75,1.0,0.16666666666666666,0.0,0.0,0.0
139,0.5555555555555556,0.0,0.0,0.0,0.125,0.6153846153846154,0.013333333333333336,0.5,0.5,0.5
140,0.33333333333333337,0.0,0.0,1.0,0.25,0.38461538461538464,0.16666666666666666,0.0,0.0,0.0
141,0.2222222222222222,0.0,0.0,1.0,0.25,0.23076923076923078,0.28,0.0,0.0,0.0
142,0.16666666666666674,1.0,0.0,1.0,0.125,0.23076923076923078,0.16666666666666666,0.0,0.0,0.0
143,0.2777777777777778,1.0,0.0,1.0,0.25,0.30769230769230776,0.2133333333333333,0.0,0.0,0.0
144,0.2777777777777778,1.0,0.0,1.0,0.375,0.23076923076923078,0.3866666666666666,0.0,0.0,0.0
145,0.7777777777777777,0.0,0.0,1.0,0.625,0.6923076923076923,0.21999999999999995,0.5,0.0,0.5
146,0.38888888888888884,1.0,0.0,1.0,0.25,0.4615384615384615,0.12666666666666668,0.0,0.0,0.0
147,0.5,1.0,0.0,1.0,0.5,0.4615384615384615,0.28,0.0,0.0,0.0
148,0.2222222222222222,0.0,0.0,1.0,0.125,0.30769230769230776,0.11999999999999997,0.0,0.0,0.0
149,0.38888888888888884,1.0,0.0,1.0,0.5,0.30769230769230776,0.4066666666666666,0.0,0.0,0.0
150,0.4444444444444444,0.0,0.0,1.0,0.25,0.38461538461538464,0.16666666666666666,0.5,0.5,0.5
151,0.33333333333333337,0.0,0.0,0.0,0.125,0.30769230769230776,0.11999999999999997,0.5,0.5,0.5
152,0.2777777777777778,1.0,0.0,1.0,0.375,0.23076923076923078,0.3866666666666666,0.0,0.0,0.0
153,0.4444444444444444,0.0,0.0,1.0,0.5,0.38461538461538464,0.33333333333333337,0.0,0.0,0.0
154,0.5555555555555556,0.0,0.0,1.0,0.375,0.4615384615384615,0.2066666666666667,0.5,0.5,0.5
155,0.4444444444444444,0.0,0.0,1.0,0.25,0.5384615384615385,0.1,0.0,0.0,0.0
156,0.6111111111111112,1.0,0.0,1.0,0.5,0.6153846153846154,0.20000000000000004,0.0,0.0,0.0
157,0.33333333333333337,0.0,0.0,1.0,0.375,0.30769230769230776,0.30666666666666664,0.0,0.0,0.0
158,0.38888888888888884,1.0,0.0,1.0,0.375,0.38461538461538464,0.24666666666666667,0.0,0.0,0.0
159,0.33333333333333337,0.0,0.0,1.0,0.25,0.38461538461538464,0.16666666666666666,0.0,0.0,0.0
160,0.5,1.0,0.0,1.0,0.25,0.6153846153846154,0.07333333333333333,0.0,0.0,0.0
161,0.2222222222222222,0.0,0.0,1.0,0.125,0.30769230769230776,0.11999999999999997,0.0,0.0,0.0
162,0.38888888888888884,1.0,0.0,1.0,0.125,0.38461538461538464,0.08666666666666664,0.5,0.5,0.5
163,0.4444444444444444,0.0,0.0,1.0,0.375,0.4615384615384615,0.2066666666666667,0.0,0.0,0.0
164,0.33333333333333337,0.0,0.0,1.0,0.25,0.38461538461538464,0.16666666666666666,0.0,0.0,0.0
165,0.4444444444444444,0.0,0.0,1.0,0.25,0.5384615384615385,0.1,0.0,0.0,0.0
166,0.33333333333333337,0.0,0.0,1.0,0.375,0.23076923076923078,0.3866666666666666,0.5,0.0,0.5
167,0.38888888888888884,1.0,0.0,1.0,0.625,0.23076923076923078,0.6133333333333333,0.0,0.0,0.0
168,0.38888888888888884,1.0,0.0,1.0,0.375,0.38461538461538464,0.24666666666666667,0.0,0.0,0.0
169,0.38888888888888884,1.0,0.0,1.0,0.375,0.38461538461538464,0.24666666666666667,0.0,0.0,0.0
170,0.6666666666666667,0.0,0.0,1.0,0.625,0.4615384615384615,0.3533333333333334,0.5,0.5,0.5
171,0.5,1.0,0.0,1.0,0.125,0.5384615384615385,0.033333333333333326,0.5,0.5,0.5
172,0.6111111111111112,1.0,0.0,1.0,0.5,0.4615384615384615,0.28,0.5,0.5,0.5
173,0.5555555555555556,0.0,0.0,1.0,0.5,0.38461538461538464,0.33333333333333337,0.5,0.5,0.5
174,0.6111111111111112,1.0,0.0,1.0,0.625,0.38461538461538464,0.42000000000000004,0.5,0.5,0.5
175,0.38888888888888884,1.0,0.0,1.0,0.375,0.38461538461538464,0.24666666666666667,0.0,0.0,0.0
176,0.4444444444444444,0.0,0.0,1.0,0.375,0.4615384615384615,0.2066666666666667,0.0,0.0,0.0
177,0.4444444444444444,0.0,0.0,1.0,0.375,0.4615384615384615,0.2066666666666667,0.0,0.0,0.0
178,0.5555555555555556,0.0,0.0,1.0,0.375,0.4615384615384615,0.2066666666666667,0.5,0.5,0.5
179,0.6111111111111112,1.0,0.0,1.0,0.625,0.38461538461538464,0.42000000000000004,1.0,0.0,1.0
180,0.33333333333333337,0.0,0.0,1.0,0.375,0.30769230769230776,0.30666666666666664,0.0,0.0,0.0
181,0.2777777777777778,1.0,0.0,1.0,0.5,0.15384615384615385,0.6333333333333333,0.0,0.0,0.0
182,0.16666666666666674,1.0,0.0,1.0,0.125,0.23076923076923078,0.16666666666666666,0.0,0.0,0.0
183,0.2777777777777778,1.0,0.0,1.0,0.25,0.30769230769230776,0.2133333333333333,0.0,0.0,0.0
184,0.2777777777777778,1.0,0.0,1.0,0.25,0.30769230769230776,0.2133333333333333,0.0,0.0,0.0
185,0.4444444444444444,0.0,0.0,0.0,0.375,0.4615384615384615,0.2066666666666667,0.0,0.0,0.0
186,0.33333333333333337,0.0,0.0,1.0,0.25,0.38461538461538464,0.16666666666666666,0.0,0.0,0.0
187,0.11111111111111116,0.0,0.0,1.0,0.375,0.0,0.9466666666666667,0.0,0.0,0.0
188,0.6111111111111112,1.0,0.0,1.0,0.625,0.5384615384615385,0.29999999999999993,0.0,0.0,0.0
189,0.16666666666666674,1.0,0.0,1.0,0.25,0.15384615384615385,0.3666666666666667,0.0,0.0,0.0
190,0.2777777777777778,1.0,0.0,1.0,0.25,0.30769230769230776,0.2133333333333333,0.0,0.0,0.0
191,0.5,1.0,0.0,1.0,0.5,0.4615384615384615,0.28,0.0,0.0,0.0
192,0.6666666666666667,0.0,0.0,1.0,0.75,0.5384615384615385,0.3666666666666667,0.0,0.0,0.0
193,0.5,1.0,0.0,1.0,0.625,0.38461538461538464,0.42000000000000004,0.0,0.0,0.0
194,0.2222222222222222,0.0,0.0,1.0,0.25,0.23076923076923078,0.28,0.0,0.0,0.0
195,0.4444444444444444,0.0,0.0,1.0,0.375,0.4615384615384615,0.2066666666666667,0.0,0.0,0.0
196,0.16666666666666674,1.0,1.0,0.0,0.25,0.15384615384615385,0.3666666666666667,0.0,0.0,0.0
197,0.38888888888888884,1.0,1.0,0.0,0.5,0.23076923076923078,0.5,0.5,0.0,0.5
198,0.4444444444444444,0.0,0.0,1.0,0.25,0.5384615384615385,0.1,0.0,0.0,0.0
199,0.33333333333333337,0.0,0.0,1.0,0.375,0.30769230769230776,0.30666666666666664,0.0,0.0,0.0
200,0.2222222222222222,0.0,0.0,1.0,0.125,0.30769230769230776,0.11999999999999997,0.0,0.0,0.0
201,0.6111111111111112,1.0,0.0,1.0,0.5,0.4615384615384615,0.28,0.5,0.5,0.5
202,0.5555555555555556,0.0,0.0,1.0,0.125,0.6153846153846154,0.013333333333333336,0.5,0.5,0.5
203,0.2777777777777778,1.0,0.0,1.0,0.25,0.30769230769230776,0.2133333333333333,0.0,0.0,0.0
204,0.2222222222222222,0.0,0.0,1.0,0.25,0.23076923076923078,0.28,0.0,0.0,0.0
205,0.2777777777777778,1.0,0.0,1.0,0.375,0.23076923076923078,0.3866666666666666,0.0,0.0,0.0
206,0.5,1.0,0.0,1.0,0.25,0.4615384615384615,0.12666666666666668,0.5,0.5,0.5
207,0.38888888888888884,1.0,0.0,1.0,0.25,0.4615384615384615,0.12666666666666668,0.0,0.0,0.0
208,0.11111111111111116,0.0,0.0,0.0,0.0,0.23076923076923078,0.053333333333333344,0.0,0.0,0.0
209,0.2222222222222222,0.0,0.0,0.0,0.125,0.30769230769230776,0.11999999999999997,0.0,0.0,0.0
210,0.5,1.0,0.0,0.0,0.5,0.4615384615384615,0.28,0.0,0.0,0.0
211,0.6666666666666667,0.0,0.0,0.0,0.5,0.6923076923076923,0.16666666666666666,0.0,0.0,0.0
212,0.6111111111111112,1.0,0.0,0.0,0.25,0.6153846153846154,0.07333333333333333,0.5,0.5,0.5
213,0.33333333333333337,0.0,0.0,0.0,0.25,0.23076923076923078,0.28,0.5,0.5,0.5
214,0.38888888888888884,1.0,0.0,1.0,0.25,0.4615384615384615,0.12666666666666668,0.0,0.0,0.0
215,0.4444444444444444,0.0,0.0,1.0,0.375,0.4615384615384615,0.2066666666666667,0.0,0.0,0.0
216,0.38888888888888884,1.0,0.0,1.0,0.375,0.38461538461538464,0.24666666666666667,0.0,0.0,0.0
217,0.2222222222222222,0.0,0.0,1.0,0.125,0.30769230769230776,0.11999999999999997,0.0,0.0,0.0
218,0.6111111111111112,1.0,0.0,1.0,0.625,0.38461538461538464,0.42000000000000004,0.5,0.5,0.5
219,0.5555555555555556,0.0,0.0,1.0,0.25,0.5384615384615385,0.1,0.5,0.5,0.5
220,0.4444444444444444,0.0,0.0,1.0,0.25,0.38461538461538464,0.16666666666666666,0.5,0.5,0.5
221,0.4444444444444444,0.0,0.0,1.0,0.25,0.38461538461538464,0.16666666666666666,0.5,0.5,0.5
222,0.38888888888888884,1.0,0.0,1.0,0.25,0.30769230769230776,0.2133333333333333,0.5,0.5,0.5
223,0.4444444444444444,0.0,0.0,1.0,0.375,0.4615384615384615,0.2066666666666667,0.0,0.0,0.0
224,0.2777777777777778,1.0,0.0,1.0,0.25,0.30769230769230776,0.2133333333333333,0.0,0.0,0.0
225,0.5555555555555556,0.0,0.0,1.0,0.5,0.5384615384615385,0.2333333333333333,0.0,0.0,0.0
226,0.33333333333333337,0.0,0.0,1.0,0.5,0.23076923076923078,0.5,0.0,0.0,0.0
227,0.16666666666666674,1.0,0.0,1.0,0.25,0.15384615384615385,0.3666666666666667,0.0,0.0,0.0
228,0.5,1.0,0.0,1.0,0.25,0.4615384615384615,0.12666666666666668,0.5,0.5,0.5
229,0.2777777777777778,1.0,0.0,1.0,0.25,0.30769230769230776,0.2133333333333333,0.0,0.0,0.0
230,0.5,1.0,0.0,1.0,0.375,0.5384615384615385,0.16666666666666666,0.0,0.0,0.0
231,0.4444444444444444,0.0,0.0,1.0,0.375,0.4615384615384615,0.2066666666666667,0.0,0.0,0.0
232,0.33333333333333337,0.0,0.0,1.0,0.125,0.4615384615384615,0.053333333333333344,0.0,0.0,0.0
233,0.38888888888888884,1.0,0.0,1.0,0.375,0.38461538461538464,0.24666666666666667,0.0,0.0,0.0
234,0.2222222222222222,0.0,0.0,1.0,0.25,0.23076923076923078,0.28,0.0,0.0,0.0
235,0.6111111111111112,1.0,0.0,1.0,0.375,0.6153846153846154,0.13333333333333333,0.5,0.0,0.5
236,0.5,1.0,0.0,0.0,0.375,0.38461538461538464,0.24666666666666667,0.5,0.5,0.5
237,0.33333333333333337,0.0,0.0,1.0,0.25,0.38461538461538464,0.16666666666666666,0.0,0.0,0.0
238,0.4444444444444444,0.0,0.0,1.0,0.5,0.38461538461538464,0.33333333333333337,0.0,0.0,0.0
239,0.33333333333333337,0.0,0.0,1.0,0.125,0.4615384615384615,0.053333333333333344,0.0,0.0,0.0
240,0.38888888888888884,1.0,0.0,0.0,0.375,0.38461538461538464,0.24666666666666667,0.0,0.0,0.0
241,0.5,1.0,0.0,0.0,0.375,0.5384615384615385,0.16666666666666666,0.0,0.0,0.0
242,0.2777777777777778,1.0,0.0,0.0,0.25,0.30769230769230776,0.2133333333333333,0.0,0.0,0.0
243,0.38888888888888884,1.0,0.0,1.0,0.375,0.38461538461538464,0.24666666666666667,0.0,0.0,0.0
244,0.6111111111111112,1.0,0.0,0.0,0.375,0.5384615384615385,0.16666666666666666,0.5,0.5,0.5
245,0.5555555555555556,0.0,0.0,0.0,0.5,0.5384615384615385,0.2333333333333333,0.0,0.0,0.0
246,0.2222222222222222,0.0,0.0,0.0,0.125,0.30769230769230776,0.11999999999999997,0.0,0.0,0.0
247,0.33333333333333337,0.0,0.0,0.0,0.25,0.38461538461538464,0.16666666666666666,0.0,0.0,0.0
248,0.33333333333333337,0.0,0.0,0.0,0.25,0.38461538461538464,0.16666666666666666,0.0,0.0,0.0
249,0.2777777777777778,1.0,0.0,0.0,0.125,0.38461538461538464,0.08666666666666664,0.0,0.0,0.0
250,0.5555555555555556,0.0,0.0,0.0,0.375,0.6153846153846154,0.13333333333333333,0.0,0.0,0.0
251,0.38888888888888884,1.0,0.0,0.0,0.375,0.23076923076923078,0.3866666666666666,0.5,0.5,0.5
252,0.33333333333333337,0.0,0.0,0.0,0.25,0.38461538461538464,0.16666666666666666,0.0,0.0,0.0
253,0.4444444444444444,0.0,0.0,0.0,0.25,0.5384615384615385,0.1,0.0,0.0,0.0
254,0.5,1.0,0.0,0.0,0.25,0.4615384615384615,0.12666666666666668,0.5,0.5,0.5
255,0.38888888888888884,1.0,0.0,0.0,0.25,0.4615384615384615,0.12666666666666668,0.0,0.0,0.0
256,0.5,1.0,0.0,1.0,0.375,0.38461538461538464,0.24666666666666667,0.5,0.5,0.5
257,0.5555555555555556,0.0,0.0,1.0,0.75,0.38461538461538464,0.5,0.0,0.0,0.0
258,0.2777777777777778,1.0,0.0,1.0,0.125,0.38461538461538464,0.08666666666666664,0.0,0.0,0.0
259,0.2777777777777778,1.0,0.0,1.0,0.625,0.07692307692307693,0.9999999999999999,0.0,0.0,0.0
260,0.2777777777777778,1.0,0.0,1.0,0.5,0.15384615384615385,0.6333333333333333,0.0,0.0,0.0
261,0.6111111111111112,1.0,0.0,0.0,0.5,0.4615384615384615,0.28,0.5,0.5,0.5
262,0.33333333333333337,0.0,0.0,0.0,0.25,0.38461538461538464,0.16666666666666666,0.0,0.0,0.0
263,0.7222222222222223,1.0,0.0,0.0,0.5,0.6153846153846154,0.20000000000000004,0.5,0.5,0.5
264,0.6666666666666667,0.0,0.0,0.0,0.25,0.6923076923076923,0.053333333333333344,0.5,0.5,0.5
265,0.4444444444444444,0.0,0.0,0.0,0.375,0.4615384615384615,0.2066666666666667,0.0,0.0,0.0
266,0.4444444444444444,0.0,0.0,0.0,0.375,0.4615384615384615,0.2066666666666667,0.0,0.0,0.0
267,0.5555555555555556,0.0,0.0,1.0,0.25,0.5384615384615385,0.1,0.5,0.5,0.5
268,0.2777777777777778,1.0,0.0,1.0,0.125,0.38461538461538464,0.08666666666666664,0.0,0.0,0.0
269,0.2222222222222222,0.0,0.0,1.0,0.125,0.30769230769230776,0.11999999999999997,0.0,0.0,0.0
270,0.2222222222222222,0.0,0.0,1.0,0.125,0.30769230769230776,0.11999999999999997,0.0,0.0,0.0
271,0.4444444444444444,0.0,0.0,1.0,0.125,0.4615384615384615,0.053333333333333344,0.5,0.5,0.5
272,0.7222222222222223,1.0,0.0,1.0,0.75,0.6153846153846154,0.31999999999999995,0.0,0.0,0.0
273,0.2777777777777778,1.0,1.0,0.0,0.375,0.23076923076923078,0.3866666666666666,0.0,0.0,0.0
274,0.38888888888888884,1.0,0.0,1.0,0.375,0.38461538461538464,0.24666666666666667,0.0,0.0,0.0
275,0.2222222222222222,0.0,0.0,1.0,0.25,0.23076923076923078,0.28,0.0,0.0,0.0
276,0.0,0.0,0.0,1.0,0.125,0.0,0.5,0.0,0.0,0.0
277,0.33333333333333337,0.0,0.0,1.0,0.125,0.30769230769230776,0.11999999999999997,0.5,0.5,0.5
278,0.2222222222222222,0.0,0.0,1.0,0.375,0.07692307692307693,0.6666666666666666,0.5,0.0,0.5
279,0.33333333333333337,0.0,0.0,1.0,0.25,0.38461538461538464,0.16666666666666666,0.0,0.0,0.0
280,0.5555555555555556,0.0,0.0,1.0,0.625,0.30769230769230776,0.5,0.5,0.5,0.5
281,0.33333333333333337,0.0,0.0,1.0,0.375,0.30769230769230776,0.30666666666666664,0.0,0.0,0.0
282,0.4444444444444444,0.0,0.0,1.0,0.375,0.4615384615384615,0.2066666666666667,0.0,0.0,0.0
283,0.33333333333333337,0.0,0.0,1.0,0.375,0.30769230769230776,0.30666666666666664,0.0,0.0,0.0
284,0.38888888888888884,1.0,0.0,1.0,0.25,0.4615384615384615,0.12666666666666668,0.0,0.0,0.0
285,0.38888888888888884,1.0,0.0,1.0,0.25,0.4615384615384615,0.12666666666666668,0.0,0.0,0.0
286,0.2777777777777778,1.0,0.0,0.0,0.25,0.30769230769230776,0.2133333333333333,0.0,0.0,0.0
287,0.2222222222222222,0.0,0.0,1.0,0.375,0.15384615384615385,0.5,0.0,0.0,0.0
288,0.38888888888888884,1.0,0.0,1.0,0.375,0.38461538461538464,0.24666666666666667,0.0,0.0,0.0
289,0.2222222222222222,0.0,0.0,1.0,0.25,0.23076923076923078,0.28,0.0,0.0,0.0
290,0.2222222222222222,0.0,0.0,1.0,0.25,0.23076923076923078,0.28,0.0,0.0,0.0
291,0.2777777777777778,1.0,0.0,1.0,0.25,0.30769230769230776,0.2133333333333333,0.0,0.0,0.0
292,0.4444444444444444,0.0,0.0,1.0,0.625,0.30769230769230776,0.5,0.0,0.0,0.0
293,0.33333333333333337,0.0,0.0,0.0,0.25,0.38461538461538464,0.16666666666666666,0.0,0.0,0.0
