,f1,f2,f3,f4
0,0.02702702702702703,1.0,1.0,0.9999999999999999
1,0.0,0.24489795918367344,0.2448979591836735,0.2708333333333333
2,0.013513513513513514,0.3061224489795918,0.3061224489795918,0.34375
3,0.02702702702702703,0.38775510204081626,0.3877551020408163,0.4479166666666667
4,0.013513513513513514,0.4693877551020408,0.4693877551020408,0.7812499999999999
5,0.05405405405405406,0.061224489795918366,0.061224489795918366,0.020833333333333332
6,0.02702702702702703,0.12244897959183673,0.12244897959183673,0.12499999999999999
7,0.013513513513513514,0.22448979591836735,0.22448979591836735,0.34375
8,0.02702702702702703,0.16326530612244897,0.163265306122449,0.20833333333333331
9,0.06756756756756757,0.9183673469387754,0.9183673469387755,0.9999999999999999
10,0.05405405405405406,0.44897959183673464,0.4489795918367347,0.5833333333333333
11,0.0,0.04081632653061225,0.04081632653061225,0.020833333333333332
12,0.02702702702702703,0.18367346938775508,0.1836734693877551,0.2708333333333333
13,0.013513513513513514,0.24489795918367344,0.2448979591836735,0.46875
14,0.02702702702702703,0.10204081632653061,0.10204081632653061,0.13541666666666666
15,0.02702702702702703,0.08163265306122448,0.0816326530612245,0.09375
16,0.02702702702702703,0.26530612244897955,0.26530612244897955,0.4791666666666667
17,0.02702702702702703,0.28571428571428564,0.2857142857142857,0.4895833333333333
18,0.02702702702702703,0.10204081632653061,0.10204081632653061,0.13541666666666666
19,0.02702702702702703,0.04081632653061225,0.04081632653061225,0.020833333333333332
20,0.02702702702702703,0.04081632653061225,0.04081632653061225,0.020833333333333332
21,0.05405405405405406,0.2040816326530612,0.20408163265306123,0.2708333333333333
22,0.02702702702702703,0.10204081632653061,0.10204081632653061,0.14583333333333331
23,0.02702702702702703,0.10204081632653061,0.10204081632653061,0.14583333333333331
24,0.12162162162162163,0.16326530612244897,0.163265306122449,0.14583333333333331
25,0.05405405405405406,0.26530612244897955,0.26530612244897955,0.3958333333333333
26,0.05405405405405406,0.10204081632653061,0.10204081632653061,0.12499999999999999
27,0.05405405405405406,0.22448979591836735,0.22448979591836735,0.3333333333333333
28,0.05405405405405406,0.08163265306122448,0.0816326530612245,0.09375
29,0.05405405405405406,0.14285714285714285,0.14285714285714285,0.19791666666666666
30,0.013513513513513514,0.26530612244897955,0.26530612244897955,0.5833333333333333
31,0.05405405405405406,0.18367346938775508,0.1836734693877551,0.2708333333333333
32,0.05405405405405406,0.18367346938775508,0.1836734693877551,0.2708333333333333
33,0.05405405405405406,0.16326530612244897,0.163265306122449,0.24999999999999997
34,0.02702702702702703,0.3061224489795918,0.3061224489795918,0.6458333333333333
35,0.02702702702702703,0.14285714285714285,0.14285714285714285,0.2708333333333333
36,0.02702702702702703,0.22448979591836735,0.22448979591836735,0.46875
37,0.05405405405405406,0.10204081632653061,0.10204081632653061,0.14583333333333331
38,0.02702702702702703,0.26530612244897955,0.26530612244897955,0.5729166666666666
39,0.05405405405405406,0.12244897959183673,0.12244897959183673,0.20833333333333331
40,0.02702702702702703,0.24489795918367344,0.2448979591836735,0.5312499999999999
41,0.02702702702702703,0.08163265306122448,0.0816326530612245,0.14583333333333331
42,0.02702702702702703,0.08163265306122448,0.0816326530612245,0.14583333333333331
43,0.02702702702702703,0.08163265306122448,0.0816326530612245,0.14583333333333331
44,0.05405405405405406,0.38775510204081626,0.3877551020408163,0.6979166666666666
45,0.05405405405405406,0.16326530612244897,0.163265306122449,0.2708333333333333
46,0.02702702702702703,0.16326530612244897,0.163265306122449,0.3541666666666667
47,0.02702702702702703,0.02040816326530612,0.02040816326530612,0.0
48,0.02702702702702703,0.02040816326530612,0.02040816326530612,0.0
49,0.02702702702702703,0.02040816326530612,0.02040816326530612,0.0
50,0.02702702702702703,0.2040816326530612,0.20408163265306123,0.4583333333333333
51,0.02702702702702703,0.2040816326530612,0.20408163265306123,0.4583333333333333
52,0.02702702702702703,0.10204081632653061,0.10204081632653061,0.20833333333333331
53,0.02702702702702703,0.22448979591836735,0.22448979591836735,0.5208333333333333
54,0.05405405405405406,0.08163265306122448,0.0816326530612245,0.12499999999999999
55,0.05405405405405406,0.36734693877551017,0.36734693877551017,0.6979166666666666
56,0.05405405405405406,0.14285714285714285,0.14285714285714285,0.24999999999999997
57,0.02702702702702703,0.12244897959183673,0.12244897959183673,0.2708333333333333
58,0.02702702702702703,0.3061224489795918,0.3061224489795918,0.8229166666666666
59,0.04054054054054054,0.10204081632653061,0.10204081632653061,0.19791666666666666
60,0.02702702702702703,0.12244897959183673,0.12244897959183673,0.28125
61,0.02702702702702703,0.14285714285714285,0.14285714285714285,0.34375
62,0.02702702702702703,0.18367346938775508,0.1836734693877551,0.4895833333333333
63,0.05405405405405406,0.08163265306122448,0.0816326530612245,0.14583333333333331
64,0.02702702702702703,0.04081632653061225,0.04081632653061225,0.07291666666666667
65,0.04054054054054054,0.3061224489795918,0.3061224489795918,0.7499999999999999
66,0.02702702702702703,0.061224489795918366,0.061224489795918366,0.12499999999999999
67,0.0,0.02040816326530612,0.02040816326530612,0.020833333333333332
68,0.05405405405405406,0.12244897959183673,0.12244897959183673,0.2395833333333333
69,0.013513513513513514,0.16326530612244897,0.163265306122449,0.5104166666666666
70,0.02702702702702703,0.061224489795918366,0.061224489795918366,0.14583333333333331
71,0.02702702702702703,0.061224489795918366,0.061224489795918366,0.14583333333333331
72,0.05405405405405406,0.32653061224489793,0.32653061224489793,0.7187499999999999
73,0.02702702702702703,0.02040816326530612,0.02040816326530612,0.020833333333333332
74,0.02702702702702703,0.02040816326530612,0.02040816326530612,0.020833333333333332
75,0.02702702702702703,0.02040816326530612,0.02040816326530612,0.020833333333333332
76,0.02702702702702703,0.061224489795918366,0.061224489795918366,0.14583333333333331
77,0.02702702702702703,0.02040816326530612,0.02040816326530612,0.020833333333333332
78,0.02702702702702703,0.02040816326530612,0.02040816326530612,0.020833333333333332
79,0.02702702702702703,0.02040816326530612,0.02040816326530612,0.020833333333333332
80,0.05405405405405406,0.10204081632653061,0.10204081632653061,0.21874999999999997
81,0.02702702702702703,0.061224489795918366,0.061224489795918366,0.14583333333333331
82,0.02702702702702703,0.061224489795918366,0.061224489795918366,0.14583333333333331
83,0.02702702702702703,0.061224489795918366,0.061224489795918366,0.14583333333333331
84,0.02702702702702703,0.10204081632653061,0.10204081632653061,0.2708333333333333
85,0.02702702702702703,0.10204081632653061,0.10204081632653061,0.2708333333333333
86,0.05405405405405406,0.02040816326530612,0.02040816326530612,0.020833333333333332
87,0.05405405405405406,0.02040816326530612,0.02040816326530612,0.020833333333333332
88,0.05405405405405406,0.02040816326530612,0.02040816326530612,0.020833333333333332
89,0.02702702702702703,0.12244897959183673,0.12244897959183673,0.34375
90,0.05405405405405406,0.02040816326530612,0.02040816326530612,0.020833333333333332
91,0.05405405405405406,0.02040816326530612,0.02040816326530612,0.020833333333333332
92,0.05405405405405406,0.02040816326530612,0.02040816326530612,0.020833333333333332
93,0.05405405405405406,0.02040816326530612,0.02040816326530612,0.020833333333333332
94,0.16216216216216217,0.2040816326530612,0.20408163265306123,0.21874999999999997
95,0.05405405405405406,0.12244897959183673,0.12244897959183673,0.2708333333333333
96,0.04054054054054054,0.32653061224489793,0.32653061224489793,0.8749999999999999
97,0.05405405405405406,0.16326530612244897,0.163265306122449,0.375
98,0.05405405405405406,0.061224489795918366,0.061224489795918366,0.12499999999999999
99,0.06756756756756757,0.12244897959183673,0.12244897959183673,0.24999999999999997
100,0.05405405405405406,0.14285714285714285,0.14285714285714285,0.3333333333333333
101,0.02702702702702703,0.24489795918367344,0.2448979591836735,0.7708333333333333
102,0.05405405405405406,0.16326530612244897,0.163265306122449,0.3958333333333333
103,0.02702702702702703,0.08163265306122448,0.0816326530612245,0.24999999999999997
104,0.02702702702702703,0.08163265306122448,0.0816326530612245,0.24999999999999997
105,0.08108108108108109,0.32653061224489793,0.32653061224489793,0.7083333333333333
106,0.0,0.14285714285714285,0.14285714285714285,0.5937499999999999
107,0.04054054054054054,0.08163265306122448,0.0816326530612245,0.24999999999999997
108,0.02702702702702703,0.04081632653061225,0.04081632653061225,0.12499999999999999
109,0.02702702702702703,0.18367346938775508,0.1836734693877551,0.6458333333333333
110,0.05405405405405406,0.08163265306122448,0.0816326530612245,0.21874999999999997
111,0.05405405405405406,0.16326530612244897,0.163265306122449,0.4583333333333333
112,0.05405405405405406,0.08163265306122448,0.0816326530612245,0.21874999999999997
113,0.05405405405405406,0.14285714285714285,0.14285714285714285,0.3958333333333333
114,0.02702702702702703,0.22448979591836735,0.22448979591836735,0.8333333333333333
115,0.14864864864864866,0.4693877551020408,0.4693877551020408,0.6458333333333333
116,0.02702702702702703,0.12244897959183673,0.12244897959183673,0.4583333333333333
117,0.05405405405405406,0.2040816326530612,0.20408163265306123,0.6145833333333333
118,0.013513513513513514,0.12244897959183673,0.12244897959183673,0.5729166666666666
119,0.02702702702702703,0.2040816326530612,0.20408163265306123,0.8020833333333333
120,0.02702702702702703,0.04081632653061225,0.04081632653061225,0.14583333333333331
121,0.05405405405405406,0.08163265306122448,0.0816326530612245,0.24999999999999997
122,0.02702702702702703,0.10204081632653061,0.10204081632653061,0.40625
123,0.02702702702702703,0.08163265306122448,0.0816326530612245,0.3229166666666667
124,0.02702702702702703,0.061224489795918366,0.061224489795918366,0.24999999999999997
125,0.02702702702702703,0.08163265306122448,0.0816326530612245,0.3333333333333333
126,0.05405405405405406,0.14285714285714285,0.14285714285714285,0.4583333333333333
127,0.02702702702702703,0.061224489795918366,0.061224489795918366,0.24999999999999997
128,0.05405405405405406,0.14285714285714285,0.14285714285714285,0.4791666666666667
129,0.02702702702702703,0.02040816326530612,0.02040816326530612,0.08333333333333333
130,0.05405405405405406,0.08163265306122448,0.0816326530612245,0.2708333333333333
131,0.02702702702702703,0.22448979591836735,0.22448979591836735,0.9687499999999999
132,0.02702702702702703,0.02040816326530612,0.02040816326530612,0.08333333333333333
133,0.05405405405405406,0.10204081632653061,0.10204081632653061,0.34375
134,0.02702702702702703,0.2040816326530612,0.20408163265306123,0.8958333333333333
135,0.02702702702702703,0.04081632653061225,0.04081632653061225,0.17708333333333331
136,0.02702702702702703,0.08163265306122448,0.0816326530612245,0.3645833333333333
137,0.02702702702702703,0.22448979591836735,0.22448979591836735,0.9999999999999999
138,0.12162162162162163,0.08163265306122448,0.0816326530612245,0.17708333333333331
139,0.02702702702702703,0.02040816326530612,0.02040816326530612,0.09375
140,0.02702702702702703,0.16326530612244897,0.163265306122449,0.7499999999999999
141,0.06756756756756757,0.26530612244897955,0.26530612244897955,0.8749999999999999
142,0.05405405405405406,0.04081632653061225,0.04081632653061225,0.14583333333333331
143,0.05405405405405406,0.04081632653061225,0.04081632653061225,0.14583333333333331
144,0.05405405405405406,0.02040816326530612,0.02040816326530612,0.07291666666666667
145,0.05405405405405406,0.04081632653061225,0.04081632653061225,0.14583333333333331
146,0.08108108108108109,0.04081632653061225,0.04081632653061225,0.12499999999999999
147,0.02702702702702703,0.02040816326530612,0.02040816326530612,0.09375
148,0.02702702702702703,0.02040816326530612,0.02040816326530612,0.09375
149,0.02702702702702703,0.02040816326530612,0.02040816326530612,0.09375
150,0.02702702702702703,0.12244897959183673,0.12244897959183673,0.5833333333333333
151,0.05405405405405406,0.10204081632653061,0.10204081632653061,0.3854166666666667
152,0.05405405405405406,0.2040816326530612,0.20408163265306123,0.7916666666666666
153,0.02702702702702703,0.0,0.0,0.0
154,0.02702702702702703,0.0,0.0,0.0
155,0.02702702702702703,0.0,0.0,0.0
156,0.02702702702702703,0.0,0.0,0.0
157,0.02702702702702703,0.0,0.0,0.0
158,0.02702702702702703,0.0,0.0,0.0
159,0.02702702702702703,0.0,0.0,0.0
160,0.02702702702702703,0.0,0.0,0.0
161,0.02702702702702703,0.0,0.0,0.0
162,0.02702702702702703,0.0,0.0,0.0
163,0.02702702702702703,0.0,0.0,0.0
164,0.02702702702702703,0.0,0.0,0.0
165,0.02702702702702703,0.0,0.0,0.0
166,0.02702702702702703,0.0,0.0,0.0
167,0.02702702702702703,0.0,0.0,0.0
168,0.02702702702702703,0.0,0.0,0.0
169,0.02702702702702703,0.0,0.0,0.0
170,0.02702702702702703,0.0,0.0,0.0
171,0.02702702702702703,0.0,0.0,0.0
172,0.02702702702702703,0.0,0.0,0.0
173,0.02702702702702703,0.0,0.0,0.0
174,0.02702702702702703,0.0,0.0,0.0
175,0.14864864864864866,0.18367346938775508,0.1836734693877551,0.34375
176,0.14864864864864866,0.061224489795918366,0.061224489795918366,0.14583333333333331
177,0.05405405405405406,0.08163265306122448,0.0816326530612245,0.3229166666666667
178,0.05405405405405406,0.10204081632653061,0.10204081632653061,0.40625
179,0.02702702702702703,0.04081632653061225,0.04081632653061225,0.20833333333333331
180,0.05405405405405406,0.061224489795918366,0.061224489795918366,0.24999999999999997
181,0.13513513513513514,0.061224489795918366,0.061224489795918366,0.14583333333333331
182,0.02702702702702703,0.061224489795918366,0.061224489795918366,0.34375
183,0.05405405405405406,0.22448979591836735,0.22448979591836735,0.8958333333333333
184,0.17567567567567569,0.14285714285714285,0.14285714285714285,0.24999999999999997
185,0.14864864864864866,0.16326530612244897,0.163265306122449,0.3229166666666667
186,0.05405405405405406,0.08163265306122448,0.0816326530612245,0.3333333333333333
187,0.05405405405405406,0.061224489795918366,0.061224489795918366,0.24999999999999997
188,0.10810810810810811,0.28571428571428564,0.2857142857142857,0.7812499999999999
189,0.05405405405405406,0.08163265306122448,0.0816326530612245,0.34375
190,0.05405405405405406,0.12244897959183673,0.12244897959183673,0.5208333333333333
191,0.05405405405405406,0.12244897959183673,0.12244897959183673,0.5208333333333333
192,0.02702702702702703,0.061224489795918366,0.061224489795918366,0.34375
193,0.14864864864864866,0.2040816326530612,0.20408163265306123,0.4166666666666667
194,0.02702702702702703,0.02040816326530612,0.02040816326530612,0.12499999999999999
195,0.02702702702702703,0.08163265306122448,0.0816326530612245,0.46875
196,0.12162162162162163,0.14285714285714285,0.14285714285714285,0.375
197,0.05405405405405406,0.10204081632653061,0.10204081632653061,0.46875
198,0.14864864864864866,0.12244897959183673,0.12244897959183673,0.28125
199,0.12162162162162163,0.16326530612244897,0.163265306122449,0.4479166666666667
200,0.05405405405405406,0.10204081632653061,0.10204081632653061,0.5208333333333333
201,0.05405405405405406,0.12244897959183673,0.12244897959183673,0.5833333333333333
202,0.08108108108108109,0.02040816326530612,0.02040816326530612,0.09375
203,0.05405405405405406,0.12244897959183673,0.12244897959183673,0.5833333333333333
204,0.14864864864864866,0.16326530612244897,0.163265306122449,0.375
205,0.14864864864864866,0.10204081632653061,0.10204081632653061,0.24999999999999997
206,0.02702702702702703,0.02040816326530612,0.02040816326530612,0.14583333333333331
207,0.02702702702702703,0.12244897959183673,0.12244897959183673,0.7708333333333333
208,0.14864864864864866,0.10204081632653061,0.10204081632653061,0.2604166666666667
209,0.14864864864864866,0.04081632653061225,0.04081632653061225,0.12499999999999999
210,0.05405405405405406,0.0,0.0,0.020833333333333332
211,0.05405405405405406,0.0,0.0,0.020833333333333332
212,0.05405405405405406,0.0,0.0,0.020833333333333332
213,0.05405405405405406,0.0,0.0,0.020833333333333332
214,0.05405405405405406,0.0,0.0,0.020833333333333332
215,0.05405405405405406,0.0,0.0,0.020833333333333332
216,0.05405405405405406,0.0,0.0,0.020833333333333332
217,0.05405405405405406,0.0,0.0,0.020833333333333332
218,0.05405405405405406,0.0,0.0,0.020833333333333332
219,0.05405405405405406,0.0,0.0,0.020833333333333332
220,0.05405405405405406,0.0,0.0,0.020833333333333332
221,0.05405405405405406,0.0,0.0,0.020833333333333332
222,0.05405405405405406,0.0,0.0,0.020833333333333332
223,0.05405405405405406,0.0,0.0,0.020833333333333332
224,0.05405405405405406,0.0,0.0,0.020833333333333332
225,0.05405405405405406,0.0,0.0,0.020833333333333332
226,0.05405405405405406,0.0,0.0,0.020833333333333332
227,0.05405405405405406,0.04081632653061225,0.04081632653061225,0.22916666666666666
228,0.05405405405405406,0.0,0.0,0.020833333333333332
229,0.05405405405405406,0.0,0.0,0.020833333333333332
230,0.05405405405405406,0.0,0.0,0.020833333333333332
231,0.05405405405405406,0.0,0.0,0.020833333333333332
232,0.05405405405405406,0.0,0.0,0.020833333333333332
233,0.13513513513513514,0.14285714285714285,0.14285714285714285,0.3854166666666667
234,0.1891891891891892,0.12244897959183673,0.12244897959183673,0.24999999999999997
235,0.10810810810810811,0.18367346938775508,0.1836734693877551,0.6354166666666666
236,0.14864864864864866,0.04081632653061225,0.04081632653061225,0.13541666666666666
237,0.05405405405405406,0.02040816326530612,0.02040816326530612,0.12499999999999999
238,0.02702702702702703,0.061224489795918366,0.061224489795918366,0.4270833333333333
239,0.10810810810810811,0.16326530612244897,0.163265306122449,0.5833333333333333
240,0.10810810810810811,0.14285714285714285,0.14285714285714285,0.5208333333333333
241,0.14864864864864866,0.4285714285714285,0.42857142857142855,0.9999999999999999
242,0.05405405405405406,0.04081632653061225,0.04081632653061225,0.2395833333333333
243,0.14864864864864866,0.32653061224489793,0.32653061224489793,0.8020833333333333
244,0.12162162162162163,0.02040816326530612,0.02040816326530612,0.09375
245,0.05405405405405406,0.08163265306122448,0.0816326530612245,0.4583333333333333
246,0.14864864864864866,0.22448979591836735,0.22448979591836735,0.5833333333333333
247,0.0945945945945946,0.22448979591836735,0.22448979591836735,0.8749999999999999
248,0.14864864864864866,0.02040816326530612,0.02040816326530612,0.09375
249,0.14864864864864866,0.02040816326530612,0.02040816326530612,0.09375
250,0.14864864864864866,0.02040816326530612,0.02040816326530612,0.09375
251,0.02702702702702703,0.10204081632653061,0.10204081632653061,0.7604166666666666
252,0.14864864864864866,0.14285714285714285,0.14285714285714285,0.40625
253,0.14864864864864866,0.04081632653061225,0.04081632653061225,0.14583333333333331
254,0.16216216216216217,0.24489795918367344,0.2448979591836735,0.5937499999999999
255,0.02702702702702703,0.04081632653061225,0.04081632653061225,0.34375
256,0.21621621621621623,0.14285714285714285,0.14285714285714285,0.2708333333333333
257,0.14864864864864866,0.12244897959183673,0.12244897959183673,0.3645833333333333
258,0.05405405405405406,0.04081632653061225,0.04081632653061225,0.2708333333333333
259,0.16216216216216217,0.22448979591836735,0.22448979591836735,0.5833333333333333
260,0.05405405405405406,0.061224489795918366,0.061224489795918366,0.40625
261,0.14864864864864866,0.26530612244897955,0.26530612244897955,0.7395833333333333
262,0.02702702702702703,0.02040816326530612,0.02040816326530612,0.21874999999999997
263,0.02702702702702703,0.04081632653061225,0.04081632653061225,0.375
264,0.05405405405405406,0.08163265306122448,0.0816326530612245,0.5833333333333333
265,0.05405405405405406,0.061224489795918366,0.061224489795918366,0.4270833333333333
266,0.04054054054054054,0.02040816326530612,0.02040816326530612,0.21874999999999997
267,0.14864864864864866,0.14285714285714285,0.14285714285714285,0.4583333333333333
268,0.05405405405405406,0.12244897959183673,0.12244897959183673,0.8333333333333333
269,0.17567567567567569,0.061224489795918366,0.061224489795918366,0.19791666666666666
270,0.21621621621621623,0.2040816326530612,0.20408163265306123,0.3958333333333333
271,0.21621621621621623,0.12244897959183673,0.12244897959183673,0.2708333333333333
272,0.0945945945945946,0.02040816326530612,0.02040816326530612,0.14583333333333331
273,0.05405405405405406,0.08163265306122448,0.0816326530612245,0.5833333333333333
274,0.05405405405405406,0.08163265306122448,0.0816326530612245,0.5833333333333333
275,0.05405405405405406,0.061224489795918366,0.061224489795918366,0.4583333333333333
276,0.1891891891891892,0.24489795918367344,0.2448979591836735,0.5729166666666666
277,0.05405405405405406,0.04081632653061225,0.04081632653061225,0.3333333333333333
278,0.1891891891891892,0.346938775510204,0.3469387755102041,0.7916666666666666
279,0.14864864864864866,0.14285714285714285,0.14285714285714285,0.4791666666666667
280,0.1891891891891892,0.3061224489795918,0.3061224489795918,0.7083333333333333
281,0.1891891891891892,0.061224489795918366,0.061224489795918366,0.20833333333333331
282,0.1891891891891892,0.08163265306122448,0.0816326530612245,0.24999999999999997
283,0.10810810810810811,0.02040816326530612,0.02040816326530612,0.14583333333333331
284,0.14864864864864866,0.08163265306122448,0.0816326530612245,0.3229166666666667
285,0.14864864864864866,0.02040816326530612,0.02040816326530612,0.12499999999999999
286,0.05405405405405406,0.02040816326530612,0.02040816326530612,0.21874999999999997
287,0.12162162162162163,0.02040816326530612,0.02040816326530612,0.14583333333333331
288,0.1891891891891892,0.08163265306122448,0.0816326530612245,0.2708333333333333
289,0.1891891891891892,0.04081632653061225,0.04081632653061225,0.17708333333333331
290,0.1891891891891892,0.061224489795918366,0.061224489795918366,0.21874999999999997
291,0.21621621621621623,0.22448979591836735,0.22448979591836735,0.49999999999999994
292,0.14864864864864866,0.061224489795918366,0.061224489795918366,0.2708333333333333
293,0.14864864864864866,0.08163265306122448,0.0816326530612245,0.34375
294,0.14864864864864866,0.08163265306122448,0.0816326530612245,0.34375
295,0.02702702702702703,0.061224489795918366,0.061224489795918366,0.7083333333333333
296,0.1891891891891892,0.08163265306122448,0.0816326530612245,0.2708333333333333
297,0.1891891891891892,0.02040816326530612,0.02040816326530612,0.12499999999999999
298,0.1891891891891892,0.02040816326530612,0.02040816326530612,0.12499999999999999
299,0.1891891891891892,0.02040816326530612,0.02040816326530612,0.12499999999999999
300,0.1891891891891892,0.02040816326530612,0.02040816326530612,0.12499999999999999
301,0.1891891891891892,0.02040816326530612,0.02040816326530612,0.12499999999999999
302,0.1891891891891892,0.02040816326530612,0.02040816326530612,0.12499999999999999
303,0.02702702702702703,0.04081632653061225,0.04081632653061225,0.5208333333333333
304,0.1891891891891892,0.10204081632653061,0.10204081632653061,0.3333333333333333
305,0.14864864864864866,0.08163265306122448,0.0816326530612245,0.3645833333333333
306,0.05405405405405406,0.08163265306122448,0.0816326530612245,0.7499999999999999
307,0.14864864864864866,0.04081632653061225,0.04081632653061225,0.21874999999999997
308,0.21621621621621623,0.061224489795918366,0.061224489795918366,0.21874999999999997
309,0.21621621621621623,0.04081632653061225,0.04081632653061225,0.17708333333333331
310,0.14864864864864866,0.08163265306122448,0.0816326530612245,0.375
311,0.14864864864864866,0.02040816326530612,0.02040816326530612,0.14583333333333331
312,0.16216216216216217,0.16326530612244897,0.163265306122449,0.6041666666666666
313,0.12162162162162163,0.0,0.0,0.07291666666666667
314,0.12162162162162163,0.0,0.0,0.07291666666666667
315,0.05405405405405406,0.02040816326530612,0.02040816326530612,0.28125
316,0.14864864864864866,0.02040816326530612,0.02040816326530612,0.15624999999999997
317,0.1891891891891892,0.061224489795918366,0.061224489795918366,0.24999999999999997
318,0.14864864864864866,0.16326530612244897,0.163265306122449,0.7291666666666666
319,0.14864864864864866,0.08163265306122448,0.0816326530612245,0.40625
320,0.20270270270270271,0.3061224489795918,0.3061224489795918,0.8333333333333333
321,0.12162162162162163,0.08163265306122448,0.0816326530612245,0.5104166666666666
322,0.14864864864864866,0.061224489795918366,0.061224489795918366,0.3333333333333333
323,0.1891891891891892,0.14285714285714285,0.14285714285714285,0.49999999999999994
324,0.21621621621621623,0.12244897959183673,0.12244897959183673,0.375
325,0.1891891891891892,0.02040816326530612,0.02040816326530612,0.14583333333333331
326,0.02702702702702703,0.02040816326530612,0.02040816326530612,0.40625
327,0.1891891891891892,0.3061224489795918,0.3061224489795918,0.9999999999999999
328,0.1891891891891892,0.061224489795918366,0.061224489795918366,0.2708333333333333
329,0.21621621621621623,0.12244897959183673,0.12244897959183673,0.3854166666666667
330,0.1891891891891892,0.12244897959183673,0.12244897959183673,0.46875
331,0.21621621621621623,0.10204081632653061,0.10204081632653061,0.34375
332,0.21621621621621623,0.10204081632653061,0.10204081632653061,0.34375
333,0.14864864864864866,0.12244897959183673,0.12244897959183673,0.6249999999999999
334,0.21621621621621623,0.02040816326530612,0.02040816326530612,0.14583333333333331
335,0.21621621621621623,0.04081632653061225,0.04081632653061225,0.19791666666666666
336,0.14864864864864866,0.04081632653061225,0.04081632653061225,0.2708333333333333
337,0.14864864864864866,0.12244897959183673,0.12244897959183673,0.6458333333333333
338,0.14864864864864866,0.0,0.0,0.09375
339,0.12162162162162163,0.04081632653061225,0.04081632653061225,0.3333333333333333
340,0.1891891891891892,0.061224489795918366,0.061224489795918366,0.2916666666666667
341,0.31081081081081086,0.7551020408163265,0.7551020408163265,0.9999999999999999
342,0.14864864864864866,0.10204081632653061,0.10204081632653061,0.5833333333333333
343,0.14864864864864866,0.0,0.0,0.09375
344,0.14864864864864866,0.0,0.0,0.09375
345,0.14864864864864866,0.0,0.0,0.09375
346,0.14864864864864866,0.0,0.0,0.09375
347,0.14864864864864866,0.0,0.0,0.09375
348,0.14864864864864866,0.0,0.0,0.09375
349,0.14864864864864866,0.0,0.0,0.09375
350,0.14864864864864866,0.0,0.0,0.09375
351,0.14864864864864866,0.02040816326530612,0.02040816326530612,0.19791666666666666
352,0.14864864864864866,0.08163265306122448,0.0816326530612245,0.49999999999999994
353,0.14864864864864866,0.02040816326530612,0.02040816326530612,0.19791666666666666
354,0.21621621621621623,0.061224489795918366,0.061224489795918366,0.2708333333333333
355,0.05405405405405406,0.02040816326530612,0.02040816326530612,0.40625
356,0.21621621621621623,0.10204081632653061,0.10204081632653061,0.3958333333333333
357,0.1891891891891892,0.04081632653061225,0.04081632653061225,0.24999999999999997
358,0.12162162162162163,0.02040816326530612,0.02040816326530612,0.24999999999999997
359,0.28378378378378377,0.3061224489795918,0.3061224489795918,0.6458333333333333
360,0.1891891891891892,0.10204081632653061,0.10204081632653061,0.5104166666666666
361,0.14864864864864866,0.02040816326530612,0.02040816326530612,0.22916666666666666
362,0.05405405405405406,0.04081632653061225,0.04081632653061225,0.7187499999999999
363,0.28378378378378377,0.24489795918367344,0.2448979591836735,0.5729166666666666
364,0.14864864864864866,0.10204081632653061,0.10204081632653061,0.7187499999999999
365,0.1891891891891892,0.02040816326530612,0.02040816326530612,0.19791666666666666
366,0.31081081081081086,0.28571428571428564,0.2857142857142857,0.5729166666666666
367,0.1891891891891892,0.061224489795918366,0.061224489795918366,0.375
368,0.14864864864864866,0.02040816326530612,0.02040816326530612,0.24999999999999997
369,0.21621621621621623,0.08163265306122448,0.0816326530612245,0.3958333333333333
370,0.05405405405405406,0.02040816326530612,0.02040816326530612,0.5104166666666666
371,0.1891891891891892,0.04081632653061225,0.04081632653061225,0.3020833333333333
372,0.05405405405405406,0.02040816326530612,0.02040816326530612,0.5208333333333333
373,0.12162162162162163,0.061224489795918366,0.061224489795918366,0.6562499999999999
374,0.1891891891891892,0.061224489795918366,0.061224489795918366,0.3958333333333333
375,0.14864864864864866,0.04081632653061225,0.04081632653061225,0.3958333333333333
376,0.1891891891891892,0.08163265306122448,0.0816326530612245,0.49999999999999994
377,0.1891891891891892,0.0,0.0,0.12499999999999999
378,0.1891891891891892,0.0,0.0,0.12499999999999999
379,0.1891891891891892,0.0,0.0,0.12499999999999999
380,0.1891891891891892,0.0,0.0,0.12499999999999999
381,0.1891891891891892,0.0,0.0,0.12499999999999999
382,0.1891891891891892,0.0,0.0,0.12499999999999999
383,0.1891891891891892,0.0,0.0,0.12499999999999999
384,0.1891891891891892,0.0,0.0,0.12499999999999999
385,0.1891891891891892,0.12244897959183673,0.12244897959183673,0.7291666666666666
386,0.1891891891891892,0.0,0.0,0.12499999999999999
387,0.1891891891891892,0.0,0.0,0.12499999999999999
388,0.12162162162162163,0.04081632653061225,0.04081632653061225,0.5208333333333333
389,0.1891891891891892,0.12244897959183673,0.12244897959183673,0.7395833333333333
390,0.14864864864864866,0.061224489795918366,0.061224489795918366,0.5833333333333333
391,0.14864864864864866,0.061224489795918366,0.061224489795918366,0.5937499999999999
392,0.05405405405405406,0.02040816326530612,0.02040816326530612,0.5937499999999999
393,0.14864864864864866,0.061224489795918366,0.061224489795918366,0.6145833333333333
394,0.21621621621621623,0.061224489795918366,0.061224489795918366,0.3958333333333333
395,0.21621621621621623,0.18367346938775508,0.1836734693877551,0.9062499999999999
396,0.28378378378378377,0.02040816326530612,0.02040816326530612,0.19791666666666666
397,0.28378378378378377,0.04081632653061225,0.04081632653061225,0.24999999999999997
398,0.21621621621621623,0.14285714285714285,0.14285714285714285,0.7708333333333333
399,0.28378378378378377,0.04081632653061225,0.04081632653061225,0.24999999999999997
400,0.24324324324324326,0.02040816326530612,0.02040816326530612,0.21874999999999997
401,0.31081081081081086,0.08163265306122448,0.0816326530612245,0.3229166666666667
402,0.31081081081081086,0.14285714285714285,0.14285714285714285,0.4583333333333333
403,0.21621621621621623,0.04081632653061225,0.04081632653061225,0.3333333333333333
404,0.1891891891891892,0.08163265306122448,0.0816326530612245,0.6458333333333333
405,0.1891891891891892,0.04081632653061225,0.04081632653061225,0.40625
406,0.21621621621621623,0.0,0.0,0.14583333333333331
407,0.21621621621621623,0.0,0.0,0.14583333333333331
408,0.21621621621621623,0.0,0.0,0.14583333333333331
409,0.21621621621621623,0.0,0.0,0.14583333333333331
410,0.21621621621621623,0.0,0.0,0.14583333333333331
411,0.21621621621621623,0.0,0.0,0.14583333333333331
412,0.21621621621621623,0.0,0.0,0.14583333333333331
413,0.21621621621621623,0.061224489795918366,0.061224489795918366,0.4479166666666667
414,0.21621621621621623,0.0,0.0,0.14583333333333331
415,0.21621621621621623,0.0,0.0,0.14583333333333331
416,0.21621621621621623,0.0,0.0,0.14583333333333331
417,0.21621621621621623,0.0,0.0,0.14583333333333331
418,0.21621621621621623,0.0,0.0,0.14583333333333331
419,0.21621621621621623,0.02040816326530612,0.02040816326530612,0.24999999999999997
420,0.28378378378378377,0.02040816326530612,0.02040816326530612,0.21874999999999997
421,0.21621621621621623,0.02040816326530612,0.02040816326530612,0.2604166666666667
422,0.28378378378378377,0.02040816326530612,0.02040816326530612,0.21874999999999997
423,0.28378378378378377,0.02040816326530612,0.02040816326530612,0.21874999999999997
424,0.1891891891891892,0.061224489795918366,0.061224489795918366,0.5729166666666666
425,0.21621621621621623,0.08163265306122448,0.0816326530612245,0.6041666666666666
426,0.31081081081081086,0.02040816326530612,0.02040816326530612,0.21874999999999997
427,0.1891891891891892,0.08163265306122448,0.0816326530612245,0.7499999999999999
428,0.31081081081081086,0.04081632653061225,0.04081632653061225,0.2708333333333333
429,0.21621621621621623,0.04081632653061225,0.04081632653061225,0.3958333333333333
430,0.12162162162162163,0.02040816326530612,0.02040816326530612,0.5208333333333333
431,0.12162162162162163,0.02040816326530612,0.02040816326530612,0.5208333333333333
432,0.21621621621621623,0.12244897959183673,0.12244897959183673,0.8854166666666666
433,0.1891891891891892,0.061224489795918366,0.061224489795918366,0.6458333333333333
434,0.1891891891891892,0.02040816326530612,0.02040816326530612,0.34375
435,0.21621621621621623,0.12244897959183673,0.12244897959183673,0.9479166666666666
436,0.28378378378378377,0.02040816326530612,0.02040816326530612,0.2395833333333333
437,0.1891891891891892,0.04081632653061225,0.04081632653061225,0.5208333333333333
438,0.31081081081081086,0.26530612244897955,0.26530612244897955,0.9479166666666666
439,0.24324324324324326,0.14285714285714285,0.14285714285714285,0.9687499999999999
440,0.21621621621621623,0.04081632653061225,0.04081632653061225,0.4583333333333333
441,0.14864864864864866,0.04081632653061225,0.04081632653061225,0.7708333333333333
442,0.14864864864864866,0.02040816326530612,0.02040816326530612,0.5208333333333333
443,0.14864864864864866,0.04081632653061225,0.04081632653061225,0.7708333333333333
444,0.31081081081081086,0.22448979591836735,0.22448979591836735,0.8749999999999999
445,0.28378378378378377,0.04081632653061225,0.04081632653061225,0.34375
446,0.31081081081081086,0.02040816326530612,0.02040816326530612,0.24999999999999997
447,0.31081081081081086,0.02040816326530612,0.02040816326530612,0.24999999999999997
448,0.31081081081081086,0.14285714285714285,0.14285714285714285,0.6458333333333333
449,0.21621621621621623,0.04081632653061225,0.04081632653061225,0.49999999999999994
450,0.31081081081081086,0.04081632653061225,0.04081632653061225,0.3229166666666667
451,0.28378378378378377,0.04081632653061225,0.04081632653061225,0.375
452,0.31081081081081086,0.02040816326530612,0.02040816326530612,0.2708333333333333
453,0.28378378378378377,0.0,0.0,0.19791666666666666
454,0.28378378378378377,0.0,0.0,0.19791666666666666
455,0.28378378378378377,0.0,0.0,0.19791666666666666
456,0.28378378378378377,0.0,0.0,0.19791666666666666
457,0.28378378378378377,0.0,0.0,0.19791666666666666
458,0.28378378378378377,0.0,0.0,0.19791666666666666
459,0.28378378378378377,0.0,0.0,0.19791666666666666
460,0.28378378378378377,0.0,0.0,0.19791666666666666
461,0.28378378378378377,0.0,0.0,0.19791666666666666
462,0.28378378378378377,0.0,0.0,0.19791666666666666
463,0.28378378378378377,0.0,0.0,0.19791666666666666
464,0.28378378378378377,0.0,0.0,0.19791666666666666
465,0.28378378378378377,0.08163265306122448,0.0816326530612245,0.6041666666666666
466,0.31081081081081086,0.061224489795918366,0.061224489795918366,0.4479166666666667
467,0.28378378378378377,0.061224489795918366,0.061224489795918366,0.5208333333333333
468,0.2972972972972973,0.0,0.0,0.20833333333333331
469,0.14864864864864866,0.02040816326530612,0.02040816326530612,0.7083333333333333
470,0.31081081081081086,0.08163265306122448,0.0816326530612245,0.5833333333333333
471,0.31081081081081086,0.04081632653061225,0.04081632653061225,0.3958333333333333
472,0.31081081081081086,0.04081632653061225,0.04081632653061225,0.40625
473,0.1891891891891892,0.04081632653061225,0.04081632653061225,0.8437499999999999
474,0.28378378378378377,0.02040816326530612,0.02040816326530612,0.34375
475,0.35135135135135137,0.08163265306122448,0.0816326530612245,0.4895833333333333
476,0.31081081081081086,0.10204081632653061,0.10204081632653061,0.7083333333333333
477,0.31081081081081086,0.0,0.0,0.21874999999999997
478,0.31081081081081086,0.0,0.0,0.21874999999999997
479,0.31081081081081086,0.0,0.0,0.21874999999999997
480,0.31081081081081086,0.0,0.0,0.21874999999999997
481,0.31081081081081086,0.0,0.0,0.21874999999999997
482,0.31081081081081086,0.0,0.0,0.21874999999999997
483,0.31081081081081086,0.0,0.0,0.21874999999999997
484,0.31081081081081086,0.0,0.0,0.21874999999999997
485,0.31081081081081086,0.061224489795918366,0.061224489795918366,0.5312499999999999
486,0.28378378378378377,0.10204081632653061,0.10204081632653061,0.8749999999999999
487,0.31081081081081086,0.04081632653061225,0.04081632653061225,0.4791666666666667
488,0.28378378378378377,0.02040816326530612,0.02040816326530612,0.40625
489,0.28378378378378377,0.04081632653061225,0.04081632653061225,0.6458333333333333
490,0.21621621621621623,0.02040816326530612,0.02040816326530612,0.7083333333333333
491,0.28378378378378377,0.04081632653061225,0.04081632653061225,0.7083333333333333
492,0.31081081081081086,0.061224489795918366,0.061224489795918366,0.8854166666666666
493,0.31081081081081086,0.04081632653061225,0.04081632653061225,0.9062499999999999
494,0.31081081081081086,0.02040816326530612,0.02040816326530612,0.8854166666666666
495,0.472972972972973,0.04081632653061225,0.04081632653061225,0.6458333333333333
496,0.5135135135135136,0.0,0.0,0.375
497,0.5135135135135136,0.0,0.0,0.375
498,0.5405405405405406,0.0,0.0,0.3958333333333333
499,1.0,0.0,0.0,0.7499999999999999
500,0.02702702702702703,0.8571428571428571,0.8571428571428571,0.8749999999999999
501,0.08108108108108109,0.4285714285714285,0.42857142857142855,0.2708333333333333
502,0.02702702702702703,0.673469387755102,0.673469387755102,0.7812499999999999
503,0.02702702702702703,0.8775510204081631,0.8775510204081632,0.9999999999999999
504,0.0,0.510204081632653,0.5102040816326531,0.7708333333333333
505,0.02702702702702703,0.8163265306122448,0.8163265306122449,0.9999999999999999
506,0.04054054054054054,0.4081632653061224,0.4081632653061224,0.4166666666666667
507,0.02702702702702703,0.2040816326530612,0.20408163265306123,0.21874999999999997
508,0.02702702702702703,0.4081632653061224,0.4081632653061224,0.5208333333333333
509,0.02702702702702703,0.24489795918367344,0.2448979591836735,0.3125
510,0.05405405405405406,0.061224489795918366,0.061224489795918366,0.020833333333333332
511,0.02702702702702703,0.2040816326530612,0.20408163265306123,0.24999999999999997
512,0.02702702702702703,0.2040816326530612,0.20408163265306123,0.2708333333333333
513,0.04054054054054054,0.26530612244897955,0.26530612244897955,0.34375
514,0.05405405405405406,0.3061224489795918,0.3061224489795918,0.375
515,0.05405405405405406,0.10204081632653061,0.10204081632653061,0.12499999999999999
516,0.04054054054054054,0.08163265306122448,0.0816326530612245,0.10416666666666667
517,0.05405405405405406,0.6530612244897959,0.6530612244897959,0.9999999999999999
518,0.04054054054054054,0.18367346938775508,0.1836734693877551,0.3229166666666667
519,0.05405405405405406,0.18367346938775508,0.1836734693877551,0.2708333333333333
520,0.02702702702702703,0.2040816326530612,0.20408163265306123,0.3958333333333333
521,0.02702702702702703,0.2040816326530612,0.20408163265306123,0.40625
522,0.05405405405405406,0.24489795918367344,0.2448979591836735,0.3854166666666667
523,0.013513513513513514,0.18367346938775508,0.1836734693877551,0.4270833333333333
524,0.05405405405405406,0.16326530612244897,0.163265306122449,0.2708333333333333
525,0.02702702702702703,0.061224489795918366,0.061224489795918366,0.09375
526,0.02702702702702703,0.08163265306122448,0.0816326530612245,0.14583333333333331
527,0.02702702702702703,0.28571428571428564,0.2857142857142857,0.6458333333333333
528,0.06756756756756757,0.4693877551020408,0.4693877551020408,0.8020833333333333
529,0.02702702702702703,0.10204081632653061,0.10204081632653061,0.20833333333333331
530,0.05405405405405406,0.08163265306122448,0.0816326530612245,0.14583333333333331
531,0.02702702702702703,0.061224489795918366,0.061224489795918366,0.12499999999999999
532,0.05405405405405406,0.14285714285714285,0.14285714285714285,0.2708333333333333
533,0.02702702702702703,0.061224489795918366,0.061224489795918366,0.12499999999999999
534,0.02702702702702703,0.10204081632653061,0.10204081632653061,0.24999999999999997
535,0.05405405405405406,0.08163265306122448,0.0816326530612245,0.14583333333333331
536,0.02702702702702703,0.12244897959183673,0.12244897959183673,0.3125
537,0.02702702702702703,0.10204081632653061,0.10204081632653061,0.24999999999999997
538,0.02702702702702703,0.14285714285714285,0.14285714285714285,0.375
539,0.02702702702702703,0.02040816326530612,0.02040816326530612,0.020833333333333332
540,0.02702702702702703,0.10204081632653061,0.10204081632653061,0.2708333333333333
541,0.02702702702702703,0.18367346938775508,0.1836734693877551,0.5208333333333333
542,0.05405405405405406,0.3061224489795918,0.3061224489795918,0.7083333333333333
543,0.05405405405405406,0.02040816326530612,0.02040816326530612,0.020833333333333332
544,0.013513513513513514,0.26530612244897955,0.26530612244897955,0.9687499999999999
545,0.05405405405405406,0.02040816326530612,0.02040816326530612,0.020833333333333332
546,0.0945945945945946,0.26530612244897955,0.26530612244897955,0.4791666666666667
547,0.02702702702702703,0.04081632653061225,0.04081632653061225,0.09375
548,0.02702702702702703,0.22448979591836735,0.22448979591836735,0.7083333333333333
549,0.05405405405405406,0.12244897959183673,0.12244897959183673,0.3125
550,0.05405405405405406,0.061224489795918366,0.061224489795918366,0.14583333333333331
551,0.02702702702702703,0.10204081632653061,0.10204081632653061,0.34375
552,0.05405405405405406,0.10204081632653061,0.10204081632653061,0.2708333333333333
553,0.02702702702702703,0.04081632653061225,0.04081632653061225,0.12499999999999999
554,0.02702702702702703,0.061224489795918366,0.061224489795918366,0.21874999999999997
555,0.05405405405405406,0.061224489795918366,0.061224489795918366,0.16666666666666666
556,0.06756756756756757,0.10204081632653061,0.10204081632653061,0.2708333333333333
557,0.05405405405405406,0.10204081632653061,0.10204081632653061,0.2916666666666667
558,0.1891891891891892,0.08163265306122448,0.0816326530612245,0.12499999999999999
559,0.04054054054054054,0.14285714285714285,0.14285714285714285,0.49999999999999994
560,0.05405405405405406,0.2040816326530612,0.20408163265306123,0.6458333333333333
561,0.05405405405405406,0.16326530612244897,0.163265306122449,0.5208333333333333
562,0.05405405405405406,0.3061224489795918,0.3061224489795918,0.9999999999999999
563,0.0945945945945946,0.18367346938775508,0.1836734693877551,0.46875
564,0.05405405405405406,0.26530612244897955,0.26530612244897955,0.8749999999999999
565,0.02702702702702703,0.16326530612244897,0.163265306122449,0.7604166666666666
566,0.05405405405405406,0.10204081632653061,0.10204081632653061,0.34375
567,0.05405405405405406,0.16326530612244897,0.163265306122449,0.5520833333333333
568,0.05405405405405406,0.10204081632653061,0.10204081632653061,0.34375
569,0.02702702702702703,0.10204081632653061,0.10204081632653061,0.4479166666666667
570,0.02702702702702703,0.10204081632653061,0.10204081632653061,0.46875
571,0.05405405405405406,0.02040816326530612,0.02040816326530612,0.07291666666666667
572,0.02702702702702703,0.02040816326530612,0.02040816326530612,0.09375
573,0.02702702702702703,0.02040816326530612,0.02040816326530612,0.09375
574,0.02702702702702703,0.02040816326530612,0.02040816326530612,0.09375
575,0.05405405405405406,0.10204081632653061,0.10204081632653061,0.375
576,0.04054054054054054,0.061224489795918366,0.061224489795918366,0.28125
577,0.12162162162162163,0.16326530612244897,0.163265306122449,0.375
578,0.14864864864864866,0.08163265306122448,0.0816326530612245,0.16666666666666666
579,0.02702702702702703,0.04081632653061225,0.04081632653061225,0.19791666666666666
580,0.02702702702702703,0.0,0.0,0.0
581,0.02702702702702703,0.0,0.0,0.0
582,0.02702702702702703,0.0,0.0,0.0
583,0.02702702702702703,0.0,0.0,0.0
584,0.02702702702702703,0.0,0.0,0.0
585,0.02702702702702703,0.0,0.0,0.0
586,0.02702702702702703,0.0,0.0,0.0
587,0.02702702702702703,0.0,0.0,0.0
588,0.02702702702702703,0.0,0.0,0.0
589,0.02702702702702703,0.0,0.0,0.0
590,0.02702702702702703,0.0,0.0,0.0
591,0.14864864864864866,0.2040816326530612,0.20408163265306123,0.375
592,0.02702702702702703,0.04081632653061225,0.04081632653061225,0.20833333333333331
593,0.12162162162162163,0.2040816326530612,0.20408163265306123,0.4895833333333333
594,0.06756756756756757,0.2040816326530612,0.20408163265306123,0.7604166666666666
595,0.04054054054054054,0.08163265306122448,0.0816326530612245,0.375
596,0.04054054054054054,0.0,0.0,0.010416666666666668
597,0.05405405405405406,0.10204081632653061,0.10204081632653061,0.4270833333333333
598,0.02702702702702703,0.04081632653061225,0.04081632653061225,0.22916666666666666
599,0.16216216216216217,0.2040816326530612,0.20408163265306123,0.3854166666666667
600,0.02702702702702703,0.02040816326530612,0.02040816326530612,0.12499999999999999
601,0.05405405405405406,0.10204081632653061,0.10204081632653061,0.4583333333333333
602,0.12162162162162163,0.04081632653061225,0.04081632653061225,0.12499999999999999
603,0.1891891891891892,0.14285714285714285,0.14285714285714285,0.24999999999999997
604,0.05405405405405406,0.02040816326530612,0.02040816326530612,0.11458333333333333
605,0.05405405405405406,0.2040816326530612,0.20408163265306123,0.9687499999999999
606,0.02702702702702703,0.12244897959183673,0.12244897959183673,0.7812499999999999
607,0.02702702702702703,0.12244897959183673,0.12244897959183673,0.7812499999999999
608,0.05405405405405406,0.0,0.0,0.020833333333333332
609,0.05405405405405406,0.0,0.0,0.020833333333333332
610,0.05405405405405406,0.0,0.0,0.020833333333333332
611,0.05405405405405406,0.0,0.0,0.020833333333333332
612,0.05405405405405406,0.0,0.0,0.020833333333333332
613,0.05405405405405406,0.0,0.0,0.020833333333333332
614,0.05405405405405406,0.0,0.0,0.020833333333333332
615,0.05405405405405406,0.0,0.0,0.020833333333333332
616,0.05405405405405406,0.0,0.0,0.020833333333333332
617,0.05405405405405406,0.0,0.0,0.020833333333333332
618,0.05405405405405406,0.0,0.0,0.020833333333333332
619,0.05405405405405406,0.0,0.0,0.020833333333333332
620,0.05405405405405406,0.12244897959183673,0.12244897959183673,0.6249999999999999
621,0.05405405405405406,0.0,0.0,0.020833333333333332
622,0.05405405405405406,0.061224489795918366,0.061224489795918366,0.3333333333333333
623,0.14864864864864866,0.10204081632653061,0.10204081632653061,0.2708333333333333
624,0.17567567567567569,0.04081632653061225,0.04081632653061225,0.12499999999999999
625,0.0945945945945946,0.08163265306122448,0.0816326530612245,0.34375
626,0.12162162162162163,0.16326530612244897,0.163265306122449,0.5416666666666666
627,0.14864864864864866,0.02040816326530612,0.02040816326530612,0.09375
628,0.02702702702702703,0.08163265306122448,0.0816326530612245,0.6354166666666666
629,0.0945945945945946,0.2040816326530612,0.20408163265306123,0.9062499999999999
630,0.10810810810810811,0.16326530612244897,0.163265306122449,0.6458333333333333
631,0.02702702702702703,0.02040816326530612,0.02040816326530612,0.20833333333333331
632,0.08108108108108109,0.04081632653061225,0.04081632653061225,0.24999999999999997
633,0.16216216216216217,0.28571428571428564,0.2857142857142857,0.7187499999999999
634,0.17567567567567569,0.04081632653061225,0.04081632653061225,0.14583333333333331
635,0.14864864864864866,0.3061224489795918,0.3061224489795918,0.9062499999999999
636,0.05405405405405406,0.08163265306122448,0.0816326530612245,0.5833333333333333
637,0.1891891891891892,0.12244897959183673,0.12244897959183673,0.34375
638,0.14864864864864866,0.061224489795918366,0.061224489795918366,0.2604166666666667
639,0.0945945945945946,0.16326530612244897,0.163265306122449,0.9062499999999999
640,0.14864864864864866,0.14285714285714285,0.14285714285714285,0.5208333333333333
641,0.0945945945945946,0.08163265306122448,0.0816326530612245,0.5208333333333333
642,0.14864864864864866,0.10204081632653061,0.10204081632653061,0.40625
643,0.13513513513513514,0.08163265306122448,0.0816326530612245,0.375
644,0.1891891891891892,0.02040816326530612,0.02040816326530612,0.12499999999999999
645,0.1891891891891892,0.02040816326530612,0.02040816326530612,0.12499999999999999
646,0.1891891891891892,0.02040816326530612,0.02040816326530612,0.12499999999999999
647,0.02702702702702703,0.02040816326530612,0.02040816326530612,0.3229166666666667
648,0.14864864864864866,0.04081632653061225,0.04081632653061225,0.21874999999999997
649,0.1891891891891892,0.14285714285714285,0.14285714285714285,0.4583333333333333
650,0.12162162162162163,0.0,0.0,0.07291666666666667
651,0.21621621621621623,0.08163265306122448,0.0816326530612245,0.2604166666666667
652,0.1891891891891892,0.061224489795918366,0.061224489795918366,0.24999999999999997
653,0.05405405405405406,0.02040816326530612,0.02040816326530612,0.2916666666666667
654,0.1891891891891892,0.04081632653061225,0.04081632653061225,0.19791666666666666
655,0.21621621621621623,0.3061224489795918,0.3061224489795918,0.7812499999999999
656,0.05405405405405406,0.02040816326530612,0.02040816326530612,0.3020833333333333
657,0.1891891891891892,0.14285714285714285,0.14285714285714285,0.49999999999999994
658,0.14864864864864866,0.04081632653061225,0.04081632653061225,0.24999999999999997
659,0.1891891891891892,0.12244897959183673,0.12244897959183673,0.4479166666666667
660,0.20270270270270271,0.08163265306122448,0.0816326530612245,0.3229166666666667
661,0.21621621621621623,0.02040816326530612,0.02040816326530612,0.14583333333333331
662,0.21621621621621623,0.04081632653061225,0.04081632653061225,0.19791666666666666
663,0.14864864864864866,0.14285714285714285,0.14285714285714285,0.7291666666666666
664,0.14864864864864866,0.0,0.0,0.09375
665,0.14864864864864866,0.0,0.0,0.09375
666,0.14864864864864866,0.0,0.0,0.09375
667,0.14864864864864866,0.0,0.0,0.09375
668,0.14864864864864866,0.0,0.0,0.09375
669,0.02702702702702703,0.04081632653061225,0.04081632653061225,0.7604166666666666
670,0.02702702702702703,0.04081632653061225,0.04081632653061225,0.7812499999999999
671,0.21621621621621623,0.061224489795918366,0.061224489795918366,0.2708333333333333
672,0.21621621621621623,0.28571428571428564,0.2857142857142857,0.8854166666666666
673,0.21621621621621623,0.26530612244897955,0.26530612244897955,0.8437499999999999
674,0.21621621621621623,0.18367346938775508,0.1836734693877551,0.6249999999999999
675,0.21621621621621623,0.04081632653061225,0.04081632653061225,0.21874999999999997
676,0.1891891891891892,0.04081632653061225,0.04081632653061225,0.24999999999999997
677,0.31081081081081086,0.36734693877551017,0.36734693877551017,0.6249999999999999
678,0.14864864864864866,0.12244897959183673,0.12244897959183673,0.7604166666666666
679,0.1891891891891892,0.04081632653061225,0.04081632653061225,0.2708333333333333
680,0.2702702702702703,0.26530612244897955,0.26530612244897955,0.6979166666666666
681,0.05405405405405406,0.02040816326530612,0.02040816326530612,0.4583333333333333
682,0.14864864864864866,0.02040816326530612,0.02040816326530612,0.2395833333333333
683,0.14864864864864866,0.04081632653061225,0.04081632653061225,0.3645833333333333
684,0.21621621621621623,0.061224489795918366,0.061224489795918366,0.3229166666666667
685,0.28378378378378377,0.12244897959183673,0.12244897959183673,0.375
686,0.17567567567567569,0.12244897959183673,0.12244897959183673,0.7708333333333333
687,0.21621621621621623,0.10204081632653061,0.10204081632653061,0.49999999999999994
688,0.1891891891891892,0.04081632653061225,0.04081632653061225,0.3229166666666667
689,0.1891891891891892,0.0,0.0,0.12499999999999999
690,0.1891891891891892,0.0,0.0,0.12499999999999999
691,0.1891891891891892,0.0,0.0,0.12499999999999999
692,0.1891891891891892,0.0,0.0,0.12499999999999999
693,0.1891891891891892,0.0,0.0,0.12499999999999999
694,0.1891891891891892,0.0,0.0,0.12499999999999999
695,0.22972972972972974,0.12244897959183673,0.12244897959183673,0.5833333333333333
696,0.1891891891891892,0.04081632653061225,0.04081632653061225,0.34375
697,0.1891891891891892,0.04081632653061225,0.04081632653061225,0.34375
698,0.21621621621621623,0.12244897959183673,0.12244897959183673,0.6458333333333333
699,0.28378378378378377,0.02040816326530612,0.02040816326530612,0.19791666666666666
700,0.21621621621621623,0.04081632653061225,0.04081632653061225,0.34375
701,0.21621621621621623,0.0,0.0,0.14583333333333331
702,0.21621621621621623,0.0,0.0,0.14583333333333331
703,0.21621621621621623,0.0,0.0,0.14583333333333331
704,0.21621621621621623,0.0,0.0,0.14583333333333331
705,0.21621621621621623,0.0,0.0,0.14583333333333331
706,0.1891891891891892,0.02040816326530612,0.02040816326530612,0.28125
707,0.14864864864864866,0.061224489795918366,0.061224489795918366,0.7499999999999999
708,0.14864864864864866,0.02040816326530612,0.02040816326530612,0.375
709,0.28378378378378377,0.10204081632653061,0.10204081632653061,0.4791666666666667
710,0.31081081081081086,0.02040816326530612,0.02040816326530612,0.21874999999999997
711,0.31081081081081086,0.10204081632653061,0.10204081632653061,0.4479166666666667
712,0.1891891891891892,0.02040816326530612,0.02040816326530612,0.34375
713,0.21621621621621623,0.10204081632653061,0.10204081632653061,0.8229166666666666
714,0.21621621621621623,0.061224489795918366,0.061224489795918366,0.5833333333333333
715,0.21621621621621623,0.08163265306122448,0.0816326530612245,0.7187499999999999
716,0.28378378378378377,0.02040816326530612,0.02040816326530612,0.24999999999999997
717,0.28378378378378377,0.04081632653061225,0.04081632653061225,0.34375
718,0.28378378378378377,0.04081632653061225,0.04081632653061225,0.34375
719,0.31081081081081086,0.14285714285714285,0.14285714285714285,0.6979166666666666
720,0.28378378378378377,0.04081632653061225,0.04081632653061225,0.375
721,0.31081081081081086,0.04081632653061225,0.04081632653061225,0.34375
722,0.28378378378378377,0.04081632653061225,0.04081632653061225,0.3958333333333333
723,0.31081081081081086,0.02040816326530612,0.02040816326530612,0.2708333333333333
724,0.28378378378378377,0.0,0.0,0.19791666666666666
725,0.28378378378378377,0.0,0.0,0.19791666666666666
726,0.33783783783783783,0.10204081632653061,0.10204081632653061,0.49999999999999994
727,0.28378378378378377,0.0,0.0,0.19791666666666666
728,0.28378378378378377,0.0,0.0,0.19791666666666666
729,0.31081081081081086,0.04081632653061225,0.04081632653061225,0.3854166666666667
730,0.28378378378378377,0.02040816326530612,0.02040816326530612,0.3229166666666667
731,0.1891891891891892,0.04081632653061225,0.04081632653061225,0.8020833333333333
732,0.31081081081081086,0.0,0.0,0.21874999999999997
733,0.31081081081081086,0.0,0.0,0.21874999999999997
734,0.31081081081081086,0.0,0.0,0.21874999999999997
735,0.31081081081081086,0.0,0.0,0.21874999999999997
736,0.31081081081081086,0.0,0.0,0.21874999999999997
737,0.31081081081081086,0.0,0.0,0.21874999999999997
738,0.31081081081081086,0.0,0.0,0.21874999999999997
739,0.31081081081081086,0.061224489795918366,0.061224489795918366,0.5208333333333333
740,0.31081081081081086,0.0,0.0,0.21874999999999997
741,0.31081081081081086,0.12244897959183673,0.12244897959183673,0.8958333333333333
742,0.21621621621621623,0.04081632653061225,0.04081632653061225,0.8749999999999999
743,0.31081081081081086,0.02040816326530612,0.02040816326530612,0.375
744,0.28378378378378377,0.02040816326530612,0.02040816326530612,0.5208333333333333
745,0.31081081081081086,0.04081632653061225,0.04081632653061225,0.6249999999999999
746,0.5270270270270271,0.0,0.0,0.3854166666666667
747,0.972972972972973,0.0,0.0,0.7291666666666666
