,f1,f2,f3,f4,f5,f6,f7,f8
0,0.5,0.0,0.2222222222222222,0.2,0.2,0.0,0.5,0.5
1,0.5,0.0,0.2222222222222222,0.4,0.0,0.0,0.5,0.5
2,0.5,0.0,0.2222222222222222,0.6000000000000001,0.2,0.2,0.5,0.5
3,0.5,0.0,0.2222222222222222,0.8,0.2,0.0,0.5,0.5
4,0.5,0.0,0.2222222222222222,1.0,0.0,0.0,0.5,0.5
5,0.5,0.0,0.3333333333333333,0.2,0.0,0.2,0.5,0.5
6,0.5,0.0,0.3333333333333333,0.4,0.4,0.4,0.5,0.5
7,0.5,0.0,0.3333333333333333,0.6000000000000001,0.2,0.0,0.5,0.5
8,0.55,0.0,0.5555555555555556,0.2,0.4,0.0,0.5,1.0
9,0.55,0.0,0.5555555555555556,0.4,0.6000000000000001,0.6000000000000001,0.5,1.0
10,0.55,0.0,0.5555555555555556,0.6000000000000001,0.2,0.2,0.5,1.0
11,0.45,0.0,1.0,0.2,0.2,0.2,0.5,0.0
12,0.45,0.0,1.0,0.4,0.6000000000000001,0.8,1.0,0.0
13,0.45,0.0,1.0,0.6000000000000001,0.6000000000000001,0.6000000000000001,0.5,0.0
14,0.45,0.0,1.0,0.8,0.6000000000000001,0.4,0.5,0.0
15,0.45,0.0,1.0,1.0,0.6000000000000001,0.6000000000000001,0.5,0.0
16,0.65,0.16666666666666785,0.0,0.4,0.4,0.2,0.5,0.5
17,0.65,0.16666666666666785,0.0,0.6000000000000001,0.6000000000000001,0.6000000000000001,0.5,0.5
18,0.65,0.16666666666666785,0.1111111111111111,0.2,0.4,0.2,0.5,0.5
19,0.65,0.16666666666666785,0.2222222222222222,0.2,0.0,0.2,0.5,0.5
20,0.65,0.16666666666666785,0.2222222222222222,0.4,0.2,0.0,0.5,0.5
21,0.65,0.16666666666666785,0.2222222222222222,0.6000000000000001,0.0,0.0,0.5,0.5
22,0.65,0.16666666666666785,0.2222222222222222,0.8,0.4,0.2,0.5,0.5
23,0.65,0.16666666666666785,0.2222222222222222,1.0,0.0,0.2,0.5,0.5
24,0.7000000000000001,0.16666666666666785,0.4444444444444445,0.2,0.4,0.6000000000000001,0.0,1.0
25,0.7000000000000001,0.16666666666666785,0.4444444444444445,0.4,0.2,0.4,0.5,1.0
26,0.7000000000000001,0.16666666666666785,0.4444444444444445,0.6000000000000001,0.0,0.0,0.5,1.0
27,0.7000000000000001,0.16666666666666785,0.4444444444444445,0.8,0.2,0.2,0.5,1.0
28,0.7000000000000001,0.16666666666666785,0.5555555555555556,0.4,0.4,0.2,0.5,1.0
29,0.7000000000000001,0.16666666666666785,0.5555555555555556,0.8,0.6000000000000001,0.2,0.5,1.0
30,0.6000000000000001,0.16666666666666785,1.0,0.2,0.6000000000000001,0.4,0.5,0.0
31,0.6000000000000001,0.16666666666666785,1.0,0.4,0.6000000000000001,0.4,0.5,0.0
32,0.6000000000000001,0.16666666666666785,1.0,0.6000000000000001,0.4,0.4,0.5,0.0
33,0.6000000000000001,0.16666666666666785,1.0,0.8,0.2,0.2,1.0,0.0
34,0.6000000000000001,0.16666666666666785,1.0,1.0,0.4,0.6000000000000001,0.5,0.0
35,0.8,0.3333333333333339,0.0,0.0,1.0,0.6000000000000001,0.5,0.5
36,0.8,0.3333333333333339,0.0,0.2,0.0,0.0,0.5,0.5
37,0.8,0.3333333333333339,0.0,0.4,0.6000000000000001,0.2,0.5,0.5
38,0.8,0.3333333333333339,0.0,0.8,0.4,0.2,0.5,0.5
39,0.8,0.3333333333333339,0.2222222222222222,0.2,0.2,0.2,0.5,0.5
40,0.8,0.3333333333333339,0.2222222222222222,0.4,0.4,0.4,0.5,0.5
41,0.8,0.3333333333333339,0.2222222222222222,0.6000000000000001,0.2,0.0,0.5,0.5
42,0.8500000000000001,0.3333333333333339,0.5555555555555556,0.6000000000000001,0.2,0.2,0.5,1.0
43,0.8500000000000001,0.3333333333333339,0.5555555555555556,0.8,0.0,0.0,0.5,1.0
44,0.8500000000000001,0.3333333333333339,0.6666666666666665,0.2,0.0,0.2,0.0,1.0
45,0.8500000000000001,0.3333333333333339,0.6666666666666665,0.4,0.0,0.0,0.0,1.0
46,0.8500000000000001,0.3333333333333339,0.6666666666666665,0.6000000000000001,0.2,0.4,0.0,1.0
47,0.75,0.3333333333333339,0.8888888888888888,0.2,0.4,0.4,0.5,0.0
48,0.75,0.3333333333333339,0.8888888888888888,0.4,0.2,0.2,0.5,0.0
49,0.75,0.3333333333333339,0.8888888888888888,0.6000000000000001,0.4,0.0,0.5,0.0
50,0.75,0.3333333333333339,1.0,0.2,0.6000000000000001,0.6000000000000001,1.0,0.0
51,0.75,0.3333333333333339,1.0,0.4,1.0,0.4,0.5,0.0
52,0.75,0.3333333333333339,1.0,0.8,0.8,0.6000000000000001,0.5,0.0
53,0.9500000000000001,0.5,0.0,0.2,0.8,0.8,0.5,0.5
54,0.9500000000000001,0.5,0.0,0.4,1.0,1.0,0.5,0.5
55,0.9500000000000001,0.5,0.0,0.6000000000000001,0.0,0.0,0.5,0.5
56,0.9500000000000001,0.5,0.0,0.8,0.4,0.8,0.5,0.5
57,0.9500000000000001,0.5,0.1111111111111111,0.2,0.8,0.2,0.5,0.5
58,0.9500000000000001,0.5,0.1111111111111111,0.4,0.4,0.2,0.5,0.5
59,0.9500000000000001,0.5,0.1111111111111111,0.6000000000000001,0.6000000000000001,0.8,0.5,0.5
60,0.9500000000000001,0.5,0.2222222222222222,0.2,0.2,0.2,0.5,0.5
61,0.9500000000000001,0.5,0.2222222222222222,0.4,0.6000000000000001,0.4,0.5,0.5
62,0.9500000000000001,0.5,0.2222222222222222,0.6000000000000001,0.8,0.8,0.5,0.5
63,0.9500000000000001,0.5,0.3333333333333333,0.2,0.8,0.4,0.5,0.5
64,0.9500000000000001,0.5,0.3333333333333333,0.4,0.2,0.8,0.5,0.5
65,1.0,0.5,0.4444444444444445,0.2,0.0,0.0,0.0,1.0
66,1.0,0.5,0.4444444444444445,0.4,0.6000000000000001,0.8,0.5,1.0
67,1.0,0.5,0.5555555555555556,0.2,0.4,0.4,0.5,1.0
68,1.0,0.5,0.5555555555555556,0.4,0.8,0.8,0.5,1.0
69,1.0,0.5,0.5555555555555556,0.6000000000000001,1.0,0.8,0.5,1.0
70,1.0,0.5,0.6666666666666665,0.2,0.0,0.4,0.0,1.0
71,1.0,0.5,0.6666666666666665,0.4,0.2,0.0,0.0,1.0
72,0.9,0.5,0.8888888888888888,0.2,0.2,0.4,0.5,0.0
73,0.9,0.5,0.8888888888888888,0.4,0.6000000000000001,0.6000000000000001,0.5,0.0
74,0.9,0.5,0.8888888888888888,0.6000000000000001,0.4,0.2,0.5,0.0
75,0.9,0.5,1.0,0.2,0.4,0.8,1.0,0.0
76,0.9,0.5,1.0,0.4,0.4,0.2,0.5,0.0
77,0.9,0.5,1.0,0.6000000000000001,0.2,0.6000000000000001,1.0,0.0
78,0.05,0.6666666666666679,0.0,0.2,1.0,1.0,0.5,0.5
79,0.05,0.6666666666666679,0.0,0.4,0.2,0.2,0.5,0.5
80,0.05,0.6666666666666679,0.0,0.6000000000000001,0.2,0.2,0.5,0.5
81,0.05,0.6666666666666679,0.1111111111111111,0.2,0.6000000000000001,0.6000000000000001,0.5,0.5
82,0.05,0.6666666666666679,0.1111111111111111,0.4,0.4,0.4,0.5,0.5
83,0.05,0.6666666666666679,0.1111111111111111,0.6000000000000001,0.0,0.0,0.5,0.5
84,0.05,0.6666666666666679,0.2222222222222222,0.2,0.2,0.2,1.0,0.5
85,0.05,0.6666666666666679,0.2222222222222222,0.4,0.4,0.6000000000000001,0.5,0.5
86,0.05,0.6666666666666679,0.2222222222222222,0.6000000000000001,0.8,0.8,0.5,0.5
87,0.05,0.6666666666666679,0.3333333333333333,0.2,1.0,0.8,0.5,0.5
88,0.05,0.6666666666666679,0.3333333333333333,0.4,0.6000000000000001,0.6000000000000001,0.5,0.5
89,0.05,0.6666666666666679,0.3333333333333333,0.6000000000000001,0.6000000000000001,0.8,0.5,0.5
90,0.1,0.6666666666666679,0.4444444444444445,0.2,0.0,0.0,0.0,1.0
91,0.1,0.6666666666666679,0.4444444444444445,0.4,1.0,1.0,0.5,1.0
92,0.1,0.6666666666666679,0.4444444444444445,0.6000000000000001,0.2,0.2,0.0,1.0
93,0.1,0.6666666666666679,0.5555555555555556,0.2,0.2,0.2,0.5,1.0
94,0.1,0.6666666666666679,0.5555555555555556,0.4,0.4,0.2,0.5,1.0
95,0.1,0.6666666666666679,0.5555555555555556,0.6000000000000001,0.8,0.8,0.5,1.0
96,0.1,0.6666666666666679,0.6666666666666665,0.2,0.0,0.0,0.0,1.0
97,0.1,0.6666666666666679,0.6666666666666665,0.4,0.8,0.6000000000000001,0.5,1.0
98,0.0,0.6666666666666679,0.8888888888888888,0.2,0.8,0.4,0.5,0.0
99,0.0,0.6666666666666679,0.8888888888888888,0.4,0.4,0.4,0.5,0.0
100,0.0,0.6666666666666679,0.8888888888888888,0.6000000000000001,0.8,0.8,0.5,0.0
101,0.0,0.6666666666666679,1.0,0.2,0.6000000000000001,0.6000000000000001,1.0,0.0
102,0.0,0.6666666666666679,1.0,0.4,0.8,0.8,0.5,0.0
103,0.0,0.6666666666666679,1.0,0.6000000000000001,1.0,1.0,1.0,0.0
104,0.2,0.8333333333333339,0.0,0.2,0.2,0.2,0.5,0.5
105,0.2,0.8333333333333339,0.0,0.4,0.4,0.4,0.5,0.5
106,0.2,0.8333333333333339,0.0,0.6000000000000001,1.0,0.8,0.5,0.5
107,0.2,0.8333333333333339,0.1111111111111111,0.2,0.6000000000000001,0.6000000000000001,0.5,0.5
108,0.2,0.8333333333333339,0.1111111111111111,0.4,0.2,0.2,0.5,0.5
109,0.2,0.8333333333333339,0.1111111111111111,0.6000000000000001,0.4,0.2,0.5,0.5
110,0.2,0.8333333333333339,0.2222222222222222,0.2,0.4,0.4,0.5,0.5
111,0.2,0.8333333333333339,0.2222222222222222,0.4,0.0,0.0,0.5,0.5
112,0.2,0.8333333333333339,0.3333333333333333,0.2,0.6000000000000001,0.4,0.5,0.5
113,0.2,0.8333333333333339,0.3333333333333333,0.4,0.2,0.4,0.5,0.5
114,0.2,0.8333333333333339,0.3333333333333333,0.6000000000000001,0.2,0.2,0.5,0.5
115,0.25,0.8333333333333339,0.4444444444444445,0.2,0.0,0.2,0.0,1.0
116,0.25,0.8333333333333339,0.4444444444444445,0.4,0.4,0.4,0.0,1.0
117,0.25,0.8333333333333339,0.4444444444444445,0.6000000000000001,0.4,0.4,0.0,1.0
118,0.25,0.8333333333333339,0.5555555555555556,0.2,1.0,1.0,0.5,1.0
119,0.25,0.8333333333333339,0.5555555555555556,0.4,0.4,0.2,0.0,1.0
120,0.25,0.8333333333333339,0.5555555555555556,0.6000000000000001,0.6000000000000001,0.4,0.5,1.0
121,0.25,0.8333333333333339,0.6666666666666665,0.2,0.0,0.0,0.0,1.0
122,0.25,0.8333333333333339,0.6666666666666665,0.4,0.6000000000000001,0.0,0.5,1.0
123,0.15000000000000002,0.8333333333333339,0.8888888888888888,0.2,0.6000000000000001,0.4,0.5,0.0
124,0.15000000000000002,0.8333333333333339,0.8888888888888888,0.4,0.6000000000000001,0.6000000000000001,0.5,0.0
125,0.15000000000000002,0.8333333333333339,0.8888888888888888,0.6000000000000001,0.6000000000000001,0.4,0.0,0.0
126,0.15000000000000002,0.8333333333333339,1.0,0.2,1.0,0.8,0.5,0.0
127,0.15000000000000002,0.8333333333333339,1.0,0.4,0.6000000000000001,0.6000000000000001,1.0,0.0
128,0.15000000000000002,0.8333333333333339,1.0,0.6000000000000001,0.4,0.2,1.0,0.0
129,0.35000000000000003,1.0,0.0,0.2,0.2,0.2,0.5,0.5
130,0.35000000000000003,1.0,0.0,0.4,0.0,0.0,0.5,0.5
131,0.35000000000000003,1.0,0.0,0.6000000000000001,0.6000000000000001,0.6000000000000001,0.5,0.5
132,0.35000000000000003,1.0,0.0,0.8,0.6000000000000001,0.6000000000000001,0.5,0.5
133,0.35000000000000003,1.0,0.1111111111111111,0.2,0.2,0.2,0.5,0.5
134,0.35000000000000003,1.0,0.1111111111111111,0.4,0.4,0.4,0.5,0.5
135,0.35000000000000003,1.0,0.1111111111111111,0.6000000000000001,0.8,0.8,0.5,0.5
136,0.35000000000000003,1.0,0.2222222222222222,0.2,0.6000000000000001,0.6000000000000001,0.5,0.5
137,0.35000000000000003,1.0,0.2222222222222222,0.4,0.4,0.4,0.5,0.5
138,0.35000000000000003,1.0,0.2222222222222222,0.6000000000000001,0.2,0.2,1.0,0.5
139,0.35000000000000003,1.0,0.3333333333333333,0.2,0.6000000000000001,0.6000000000000001,0.5,0.5
140,0.35000000000000003,1.0,0.3333333333333333,0.4,0.8,0.8,0.5,0.5
141,0.35000000000000003,1.0,0.3333333333333333,0.6000000000000001,0.2,0.2,0.5,0.5
142,0.4,1.0,0.5555555555555556,0.2,0.0,0.0,0.0,1.0
143,0.4,1.0,0.5555555555555556,0.4,0.4,0.4,0.5,1.0
144,0.4,1.0,0.5555555555555556,0.6000000000000001,0.8,0.8,0.5,1.0
145,0.4,1.0,0.6666666666666665,0.2,0.4,0.2,0.0,1.0
146,0.4,1.0,0.6666666666666665,0.4,1.0,0.8,0.5,1.0
147,0.4,1.0,0.6666666666666665,0.6000000000000001,0.6000000000000001,0.6000000000000001,0.5,1.0
148,0.30000000000000004,1.0,0.8888888888888888,0.2,0.2,0.4,0.5,0.0
149,0.30000000000000004,1.0,0.8888888888888888,0.4,0.8,0.8,0.5,0.0
150,0.30000000000000004,1.0,0.8888888888888888,0.8,0.2,0.2,0.0,0.0
151,0.30000000000000004,1.0,1.0,0.2,0.6000000000000001,0.6000000000000001,1.0,0.0
152,0.30000000000000004,1.0,1.0,0.4,0.2,0.2,0.5,0.0
153,0.30000000000000004,1.0,1.0,0.6000000000000001,0.4,0.4,1.0,0.0
154,0.30000000000000004,1.0,1.0,0.8,0.6000000000000001,0.6000000000000001,0.5,0.0
