,f1,f2,f3,f4,f5,f6,f7
0,0.14386464732973864,0.2080933330540603,0.24198437943341844,0.2172903489199557,0.2519050231650817,0.4130216656137351,0.3652989415737351
1,0.14967621278194834,0.11707824532741276,0.13913653808819793,0.3722474391651097,0.47216380151182635,0.2977721208517594,0.370151244289322
2,0.36504496316428825,0.12450690851712992,0.68603557188298,0.12144013472557319,0.49865124359912216,0.3283752647813001,0.3874606282455093
3,0.1364625481748189,0.25117818318915863,0.2429789585293371,0.10237385779534297,0.7371068032187271,0.38876398231075093,0.27829800516443903
4,0.31019776800929855,0.18589112540058228,0.40812090258799627,0.25972663636853344,0.485453243111436,0.47928202460143443,0.25339803070287426
5,0.2035184003775333,0.33977057718758075,0.3396860953063632,0.18336229895355194,0.24283711289929277,0.26052621799397957,0.2998354189722199
6,0.1349069712567838,0.1973133932374031,0.5020294789659961,0.4176861336425519,0.41832784686661806,0.25787840499461145,0.2784256973411652
7,0.16269761507336555,0.21420941289822598,0.3205053537027911,0.23164463294936166,0.436707510363326,0.3389758073507003,0.3946681422207088
8,0.3087558006414571,0.2049724566952224,0.4168062960142168,0.2669760743031949,0.28113569861009524,0.1755267754282952,0.30814959847904433
9,0.05448014891590272,0.3120806540574884,0.8830189806310947,0.06339926910242494,0.36067422579858555,0.3886989483072576,0.8137680542549868
10,0.1520183173551697,0.12917775031592765,0.3733853023311381,0.24862992143843365,0.3084842111680077,0.27158199858783316,0.08033256718027326
11,0.11243849790696253,0.04962682138393765,0.49016023774323125,0.10433010033539636,0.5482351865398682,0.35346909955776873,0.5652223262676994
12,0.3054261669011685,0.10358935690397897,0.4017532069949076,0.11533325583966747,0.35756522799317225,0.28205247315024695,0.5997134020033483
13,0.13568475971580135,0.2846001857165798,0.1701088660902289,0.4790157548402827,0.3364118507681051,0.3149689694897617,0.5342782554411056
14,0.09697885988446783,0.08371209741044064,0.3363887519973717,0.3839650484666177,0.3660692514020971,0.3486008398677021,0.24965239351891277
15,0.28073793772448813,0.19088313120946182,0.5993668145095052,0.0800103198881823,0.3232062301877592,0.4006373332342339,0.43674980846173517
16,0.0,0.1759280592617417,0.5482430596000777,0.2443999013373327,0.05747835893684461,0.16100561150544435,0.6285718339434183
17,0.2258383073924861,0.055861592275307376,0.5522004689156699,0.15712313270979283,0.1403621068032188,0.4749340369393138,0.49585709826622404
18,0.37595147998287126,0.11159751167710452,0.29685049952959097,0.18444532018587134,0.22698732016581302,0.5684343528187596,0.4834283930648957
19,0.28838473437213247,0.06948313539855758,0.2933500589877992,0.2685325629328895,0.3520330407217751,0.7296815191943213,0.4065860787151325
20,0.18402999292125113,0.08051442096223532,0.25075041440795665,0.06737129199896802,0.6688612533528406,0.2178824928462595,0.21728952072869667
21,0.060737413372717985,0.11402718723163607,0.1526275704493526,0.2362318799490809,0.5669196537429895,0.11969972871529966,0.42379614653386666
22,0.28637471925332314,0.29424906967164477,0.28142407000881076,0.360141416489707,0.43641794684223356,0.37180868854286664,0.10435288442439195
23,0.2738252335550177,0.26299841512542854,0.30458611472006925,0.2934250404715395,0.5799804925627894,0.6008027054145451,0.7608751170511616
24,0.17009971422828532,0.23946267864748066,0.254409151322372,0.34108080982770883,0.3023881370397461,0.494314169980304,0.5283476632331658
25,0.19727861431305552,0.07191979277939525,0.15831727969177006,0.3353906956568581,0.39561997073884414,0.523477275261065,0.5123577651031468
26,0.21700298006589358,0.4128982259179356,0.2459119215088929,0.15260959919708994,0.5994269690319436,0.15361960682299602,0.36738458046025935
27,0.12056595034388738,0.07475441425968207,0.456183265385362,0.20189840580408658,0.3148774689100218,0.7784663123861904,0.8224227462330806
28,0.12785443994861356,0.10705932457812317,0.4506966533757447,0.21972572912561628,0.4543708851499635,0.34153071463079243,0.408912913935473
29,0.06589353911227246,0.13656452254780807,0.21146006003315265,0.29122497639750844,0.9455010972933431,0.21779887769891126,0.451434408785222
30,0.19768061733681738,0.2183217085925337,0.20786105759897255,0.4001479940008562,0.41195744940258483,0.49266973874911746,0.256278198689027
31,0.09890148304158984,0.18492763337033702,0.24859997311948384,0.09335813130640147,0.7246022311631308,0.31168939759931624,0.3376606793223802
32,0.06594597428928488,0.5111395038714228,0.24533847049863355,0.17990060019789234,0.3661759326993417,0.32857036679177964,0.5506370420816662
33,0.13393692048205408,0.12203534200476163,0.21420784612397892,0.16486871911475776,0.49684528163862485,0.7270058344791706,0.37537243551545085
34,0.1919477046501263,0.34382003644513337,0.20240132610546124,0.25465174630085874,0.4049393440624236,0.41055037348099144,0.33591555290712494
35,0.05499576148985817,0.21532650510720597,0.2250048534265191,0.19443349767660756,0.6471668495488907,0.4712270987401983,0.28225646264294424
36,0.32564866683562455,0.17010521612243334,0.5376252557382435,0.12204118315816925,0.777424713484516,0.48939945743059954,0.0
37,0.24979244409099252,0.11804173735765805,0.3259800188163613,0.2923448543733361,0.3960543160204828,0.3761009327734217,0.68672852643228
38,0.23541646639342118,0.1778061705380894,0.3793677105267088,0.1525897532582779,0.22369544013655207,0.48265450221115613,0.3888794302091312
39,0.11894045985650241,0.24081715295086892,0.3885429266908591,0.33840444322218655,0.24522220190197497,0.28220112230108896,0.8190318095400242
40,0.2944497365132356,0.26515579945402123,0.2522378029658169,0.1827697559233039,0.19006035113386965,0.22240700137500458,0.5298374052949688
41,0.156318001870188,0.06165650810939127,0.20175918044293112,0.124921679420045,0.4966928797854182,0.29453900182095216,0.4028830055900796
42,0.08840570844293742,0.2945004154186653,0.5515583232531398,0.36411343938625007,0.5433202267739576,0.44465606302724003,0.383090718197554
43,0.15193092539348232,0.12196552374170036,0.5900571957648253,0.34745135618640444,0.36981071689831735,0.34272919840945404,0.3776425186572454
44,0.2766130371328446,0.26582605477940924,0.5565909532129683,0.25845082601632463,0.49413252865154833,0.22509197666208314,0.6495701030050225
45,0.12267209662055287,0.0,0.40496990875558136,0.14074456292154902,0.3296604486710557,0.1439388308744285,0.4191282880735505
46,0.09932096445768919,0.03338011156958437,0.5841524423935607,0.32991605167882465,0.46257010485247485,0.8872496190865509,0.49100479555063714
47,0.2349969849773218,0.1410049640785037,0.12288875946418171,0.35018159034013097,0.30180900999756166,0.341595748634286,0.5728271047927129
48,0.15443033549774096,0.1808362831549477,0.19761659423860933,0.5328152598258661,0.5117349426969033,0.6024099743580213,0.7383871059277545
49,0.1350730159839898,0.15255290478883468,0.15826650538357,0.2318515977398311,0.9232656669105099,0.3219090267196849,0.24153684628699512
50,0.10501892035970532,0.210920972708041,0.1999253318997058,0.2811375692127115,0.4356406973908804,0.4249321788249283,0.39012797593711834
51,0.12400045443820079,0.12698545685580437,0.4003703537774592,0.09385427977670485,0.3017251889782979,0.47844587312794973,0.44042450554751555
52,0.06597219187779109,0.22033945639500385,0.1290921852366232,0.19875424206942105,0.5522281150938795,0.2809468950908618,0.5863908515649388
53,0.09613989705226914,0.254543423468711,0.6881352388632528,0.2984233819180816,0.48408924652523777,0.4325597383774944,0.8284100905195655
54,0.20223373854072904,0.1511355940486913,0.412651762913848,0.051168500525917426,0.1904794562301877,0.87276561745141,0.5653925825033337
55,0.18704501559946518,0.1416612557512794,0.37436196108298614,0.1829994017867016,0.45049987807851744,0.43668475231335235,0.23674129564995328
56,0.1393901788913456,0.12810953089109053,0.1094395412391918,0.19308680897149832,0.4823747256766642,0.15805120963246488,0.37571294798671984
57,0.14915186101182418,0.09647487589803741,0.2835745112972836,0.17430404545287004,0.702077237259205,0.6098517224720352,0.31030617746374967
58,0.2787279226056788,0.053508716810143214,0.5805205859952511,0.2517003716860826,0.3960543160204828,0.37912036864989407,0.4466388581481793
59,0.07677383834234928,0.18881651062284877,0.5279034690799397,0.3348208336995382,0.25121921482565224,0.4444702515886876,0.40847308532675
60,0.1876043241542643,0.11855141067800518,0.3203410838821439,0.25516490557585825,0.6344489148988051,0.2943903526701104,0.3712153457620384
61,0.18213358735263532,0.10923765438563424,0.26074100622731955,0.09331843942877716,0.4346805657156789,0.2736259244119068,0.4660480690105273
62,0.19553951427547697,0.061272507662554404,0.3000851216343353,0.17339396740162794,0.302449097781029,0.43477089449626516,0.4761783150307881
63,0.11903659101435851,0.16300469876910406,0.07057628839807056,0.1353152810893719,0.6359119726895879,0.239808242595414,0.3535228852756731
64,0.24510823494454984,0.18360108637217326,0.34396607081522634,0.2792351942208625,0.26221500853450386,0.320794158088372,0.08901563519763922
65,0.11445725222194064,0.1662093570436155,0.23767752340844944,0.48188207543157824,0.9162247012923677,0.632725110557806,0.6604381260463663
66,0.3826020082672797,0.6288112044348562,0.7121096725057121,0.38684837986260934,0.39868324798829535,0.32335835594039164,0.5251411707953801
67,0.31070464138708526,0.1938434255632589,0.14572226453414572,0.41794980111534175,0.786058278468666,0.40062804266230634,0.529979285491331
68,0.12386062729950101,0.4151882649463447,0.3550079894867315,0.354284029406011,0.3191980614484271,0.2706436508231447,0.47433387247807923
69,0.18674788292972816,0.1272228389502126,0.41631348655227507,0.2509433908771055,0.36392800536454506,0.40165000557434305,0.6684685451604664
70,0.05579976753738192,0.25502516948383364,0.18336992070247748,0.29923990054349514,0.2225371860521823,0.3024452785313463,0.5357396214636356
71,0.10624240782332843,0.10647983299471478,0.30626764033869447,0.15352534751656427,0.39012588393074865,0.2995744918057155,0.6746687097414941
72,0.11935994127260176,0.2876861529438871,0.44256380389170136,0.23963971115653626,0.3517129968300414,0.0,0.34012939473908244
73,0.1126482386150122,0.5832478059610833,0.18598927766079776,0.30916003481544696,0.6050277371372836,0.23236649448140034,0.4655940523821682
74,0.38777561239917163,0.06476342081561698,0.31987216821229636,0.3261821800480271,0.31020635210924175,0.6327344011297338,0.48996907011719326
75,0.09090511854719605,0.011261685831779888,0.3351641951525469,0.09290167471372235,0.3480553523530847,0.4989966182318182,0.6178315030788002
76,0.1590795878595087,0.022809626542110897,0.3577796693696518,0.27949035629130425,0.5700667520117044,0.3049072800921624,0.4565420958542603
77,0.2328384035236439,0.1725069643717404,0.12049042008273225,0.13964736601864958,0.7011018653986834,0.43675907688877325,0.7172327686501521
78,0.020475936623349386,0.27762534123676075,0.26940250586144576,0.18335946381943602,0.2574295903438184,0.7327659890742872,0.41680145285321046
79,0.1342078355632849,0.06447716593706584,0.49007063602287826,0.24685229234768946,0.1944723847841987,0.5722527778810063,0.3235719758236142
80,0.09017102606902218,0.22767735584274135,0.2211908068634918,0.21410082303943379,0.5480827846866618,0.4054963023523728,0.26869271587071886
81,0.2402929378555761,0.06963673557729233,0.4207099442975972,0.0797494875495085,0.47448030968056565,0.5207644282582036,0.33673845804602553
82,0.1339194420897166,0.10854645358132783,0.19210608843689797,0.2316503032175936,0.2939831748354058,0.5947545430896726,0.729292585340938
83,0.11558460852770765,0.24872756215570874,0.1888804265041889,0.42005630576354414,0.7200682760302364,0.1652514028763612,0.37088902131040546
84,0.1349069712567838,0.2989199114704425,0.2061436912922061,0.20747227947618063,0.6091730675445015,0.2980415474376601,0.5821202576544366
85,0.21946743338547725,0.27200497106033,0.3270522527365859,0.5440508963276508,0.6548402828578397,0.43604370285034744,0.3485712664226326
86,0.18641579347531617,0.12526094575819144,0.34671983035407616,0.24143718618609256,0.3036454523287002,0.38158237021070995,0.38345960670809554
87,0.31595689828449586,0.17323307430757745,0.3961232322327255,0.0856664124496409,0.9888975249939043,0.3453584302649668,0.4430634771998525
88,0.22956120496036778,0.06936444435135344,0.33242835595776776,0.06935305074606551,0.6089368446720314,0.7541807573674235,0.36046082687778425
89,0.14675732126159038,0.09871604214230362,0.16445499753595272,0.03668096519305847,0.5179453182150695,0.3288955368092459,0.308603615107403
90,0.19919249827400878,0.15304163263026344,0.0566880217433508,0.181017643039604,0.4354654352596927,0.5111393957412018,0.23195993303254747
91,0.24979244409099252,0.2153963233702672,0.2570822693129042,0.23158793026704128,0.42918647890758344,0.2701326693671262,0.459010811270963
92,0.18653814222167847,0.21652737923185955,0.3309290205038603,0.20092028453405986,0.20036271641063141,0.6014437548775502,0.39722198575522816
93,0.09112359845141445,0.06766786055896504,0.20373041829069782,0.24683244640887736,0.4250030480370641,0.2739789661451557,0.3736982491983767
94,0.2525103340994696,0.15323014194052884,0.28093126054686923,0.16352486554376455,0.3989575713240674,0.5311419971013414,0.5175789563292752
95,0.0930549608047052,0.23963024247882764,0.15412391917924823,0.07788396930116781,0.2611710558400391,0.4514288899624659,0.331772651173349
96,0.2762459908937577,0.29518463439666554,0.22436868121201264,0.17350453763215268,0.4479547671299684,0.5977832695380727,0.3821543089015633
97,0.4767406293969082,0.08197362266021549,0.4209578423905739,0.2838621330982062,0.2358875883930749,0.6016202757441749,0.15588377174313983
98,0.10019488407456283,0.21424432202975657,0.38180189059629943,0.32360220800244954,0.38535570592538404,0.29583039131888955,0.34042734315144285
99,0.1478934167635261,0.18190450257978485,0.27351522482565005,0.2571636751276519,0.5148287003169958,0.25287078672563057,0.48610992877614123
100,0.582371293488425,0.25083607370015853,0.27861654943774916,0.20723979847866703,0.387451231406974,0.46263331970716126,0.08369512783405675
101,0.07239550106181235,0.0780917272340099,0.21069247196212837,0.10683352375984145,0.6399125213362593,0.2806774685049611,0.4522856899633947
102,0.1995595445130957,0.029924107548052414,0.48524707674387346,0.2029445702928977,0.1810991221653253,0.6543071091456392,0.3921001106665529
103,0.11228119237592528,0.08709130134260523,0.35089527052252734,0.4261433387106377,0.23506461838575943,0.15487383403322297,0.46614738514798093
104,0.0706564010242338,0.07161259242192575,0.5036512701043859,0.3109745206496993,0.4117364667154353,0.5027592998624995,0.5372009874861665
105,0.09740708049673592,0.448784813131419,0.10226543016292583,0.2530158739159156,0.6155282248232137,0.49756587015496656,0.19860389886779606
106,0.1670235171768901,0.26846518512312456,0.2277227722772277,0.19940348778198946,0.44024323335771753,0.6499405403396634,0.3078942141255925
107,0.07984129619757577,0.06137025323084014,0.5073548078789779,0.1148767992469884,0.2688902097049499,0.6673417815600728,0.648108736982492
108,0.15783862200354815,0.05783046729363467,0.1776593043919777,0.16054230445371215,0.38252865154840276,0.5663439741350478,0.13877302006185976
109,0.5319985667718284,0.09694265826054782,0.23386646356943386,0.1925226172824105,0.44057851743477183,0.4064903935486268,0.39571805567378915
110,0.15413320282800388,0.2344148182281522,0.47973657094216204,0.22975926876220887,0.4247287247012923,0.2606191237132558,0.52431826565648
111,0.2013598189238554,0.17339365631261827,0.1349551244717232,0.12120765372805964,0.4065852840770545,0.2818109182801294,0.4269458868931073
112,0.04867732265986175,0.15614156351018305,0.2894882248405837,0.09429939583291991,0.4273652767617653,0.2962670481994871,0.26999801367725107
113,0.1064521485313781,0.5777810359633875,0.2425010826874543,0.38783500653498404,0.22046452084857338,0.4281560072838084,0.4326352827672313
114,0.3163589013082577,0.09680302173442532,0.4471275181816824,0.08320835117105213,0.28611923920994853,0.5056765394477682,0.23946539542010692
115,0.2728988787611316,0.4480726668481943,0.32827083613338703,0.2286904232004695,0.6404230675445015,0.13308744286298269,0.26937374081325727
116,0.10158441626539193,0.24830865257734125,0.36317070621089254,0.16501614608879078,0.44912064130699836,0.5056207960162027,0.4703896030192105
117,0.10378669369991349,0.15863407550146968,0.2578379104878813,0.2426307776489366,0.33642709095342616,0.3116801070273887,0.4921114610822621
118,0.11892298146416494,0.11004056441083862,0.42770783865716877,0.2400678164080552,0.35776335040234075,0.3811642944739677,0.2821429584858546
119,0.06015188722941264,0.10918179977518522,0.5615728088645968,0.1636439411766374,0.6347841989758596,0.38616262217102104,0.3990948043472091
120,0.20897165878682483,0.15384454265546785,0.6768006212385943,0.17574712871792397,0.46706595952206764,0.2743134267345497,0.4158934195964923
121,0.1628461814082341,0.24218559090686947,0.35639084270417987,0.19881094475174155,0.36059802487198245,0.44421940614664246,0.30849011095031376
122,0.13663733209819362,0.19450669906234075,0.652673864671535,0.19537759733724203,0.5227993172396976,0.35827232524434205,0.24260094775971153
123,0.14169732667989202,0.21404883089318505,0.5505637441572211,0.1038651383403692,0.44939496464276996,0.4844568731651122,0.4758661785987912
124,0.144581261415575,0.3870096139748236,0.39182234965578,0.11686706339643399,0.26347232382345753,0.3839421754803225,0.4255980250276665
125,0.16972392879302964,0.21090700905542875,0.5904902707465317,0.10453706512586575,0.2995306022921238,0.47205395964175545,0.6584092392383871
126,0.24946909383274932,0.08776853849429936,0.5745859653838686,0.3356940550072721,0.5364773835649841,0.22260210338548458,0.4590675633495076
127,0.07928198764277664,0.5630424006311572,0.1800456968773801,0.1976457046300576,0.43688277249451346,0.4727600431082537,0.1918645895405917
128,0.05196326041930664,0.15454272528608037,0.46137419171781435,0.19837149896375839,0.18257742014142875,0.033892006391913476,0.5058738401293943
129,0.08617721341990965,0.1613220786293279,0.5035915356241506,0.2796689697406135,0.07085924164837842,0.3150711657809655,0.30772395788995777
130,0.9123895584084177,0.17222769131949534,0.4244224422442243,0.16522027574514409,0.3207601804437943,0.6512319298376006,0.870108680230413
131,0.18635461910213502,0.15623930907846878,0.23910219076206263,0.17107766282884018,0.3939283101682518,0.4460775205321641,0.3170596748105896
132,0.12188556896536659,0.11147183880359426,0.5104998282633693,0.22026156947354392,0.5517785296269202,0.4990895239510944,0.9699355863908514
133,0.2446188399591006,0.14955071947720086,0.30315846064244434,0.17553449365922258,0.714337966349671,0.4210301386153332,0.5794103459039186
134,0.01126482386150122,0.13797485146164534,0.32615026208503206,0.2051304586963486,0.35055474274567167,0.2472499907094281,0.49311881047643347
135,0.27664799391751954,0.33914919464633564,0.2734435434493675,0.22800715587850884,0.5790279809802488,0.6791965513397005,0.38344541868845905
136,0.30408906988735185,0.20183063485746605,0.27233845556501346,0.15351400698010015,0.3782461594732993,0.3314968969489762,0.6808546863028857
137,0.1872634955036836,0.11637308087049414,0.21450054507713212,0.22682206981801278,0.6383046817849305,0.5220743988999961,0.2182684940835955
138,0.23159743766768334,0.01869034902149705,0.46406821677642873,0.3315462537955358,0.4884098390636431,0.574510386859415,0.395164722907976
139,0.1331241752383616,0.1728002010765976,0.09941908217971118,0.12228216955803095,0.4000853450377957,0.5333159909324019,0.5673221531738597
140,0.6022529647723003,0.058382031571818566,0.2504278482146857,0.23820513329383042,0.37853572299439153,0.4710877401612843,0.4720496013166482
141,0.30506785985825036,0.14241529299234096,0.3007541478129713,0.3339419421235721,0.22489941477688347,0.46292132743691705,0.49923384693964445
142,0.15001704143252903,0.09042163249062693,0.3636694891208577,0.07585968354232997,0.6892831016825165,0.45863837377828975,0.2535399108992369
143,0.2292815506829682,0.34441349168115404,0.4114451264130937,0.07826954754094645,0.6227215922945621,0.6573172544501837,0.17144802928407232
144,0.13685581200241204,0.25711273554936503,0.45700760121260997,0.22691846437795737,0.36761613021214323,0.33516667286038104,0.14159643596946747
145,0.04653621959852133,0.14396525843230076,0.3385750339739857,0.14110746008839942,0.3740170080468177,0.3426641644059607,0.4632388411225561
146,0.1331241752383616,0.3269379804369228,0.19785553215955082,0.09930624268181004,0.48837935869300186,0.4539373443829202,0.18187622371669354
147,0.18835589502477565,0.1298480056413157,0.43059600077654825,0.11921455444449802,0.5658757010485247,0.38820654799509446,0.23662779149286317
148,0.1106557018885403,0.357350815826404,0.31345668503501933,0.38945103298111516,0.5649155693733237,0.5344308595637146,0.5795664141199168
149,0.08281262289494613,0.11071780156253275,0.28393889162671926,0.25434555181632856,0.5753474762253108,0.33963543795756057,0.7022785959535764
150,0.24177860120426126,0.1767449329395584,0.5106939653241341,0.1884145079482985,0.2127301267983419,0.41977591140510606,0.4867767656990436
151,0.2830101287283597,0.3939146401915814,0.22396846019443573,0.1366931562697573,0.8599731772738357,0.6217250733955184,0.18803382423881265
152,0.2137432598949549,0.09912796989436501,0.32592028433612596,0.23052191983941794,0.8055885759570836,0.3273161395815525,0.19002014698788328
153,0.07469390965419002,0.3470177128933387,0.23160551349252567,0.2547538111290355,0.16502072665203604,0.5029729830168344,0.30734088135977977
154,0.4542109816739057,0.32024939083565485,0.3171094485014112,0.24435453919147643,0.40356772738356517,0.7127169348545095,0.44381544224057157
155,0.09926852928067678,0.08643500966982945,0.38640741902244513,0.3163782862748322,0.5536530724213606,0.4589821249396113,0.2203399449504837
156,0.10966817272147308,0.047525291665793945,0.33615578752445385,0.1371949750082928,0.6353023652767615,0.3339124456501543,0.30917113589285217
157,0.09932096445768919,0.10065698985540639,0.3806669354718277,0.3229898190333894,0.3148927090953424,0.444321602437846,0.39577480775233376
158,0.2046719742718065,0.12326414343463965,0.4955811418245897,0.18346719891584462,0.4395421848329675,0.3747630904158459,0.19985244459578322
159,0.29611892298146425,0.22366978754302552,0.15601152875468544,0.1741140914670969,0.836564252621312,0.28138355197145937,0.5924491359496042
160,0.06110445961180491,0.32685419852124925,0.5622298881471858,0.0693899074895738,0.2870184101438673,0.3053996804043255,0.3704491927016824
161,0.11958716037298892,0.0747334687807637,0.20405298448396875,0.058449124935855135,0.46062698122409174,0.2788658069790777,0.3589710848159813
162,0.26640565600776045,0.2004272877699349,0.4554843719666083,0.2177071136350105,0.43785814435503534,0.25237838641346766,0.413836156749241
163,0.06473122602183051,0.10229073721103968,0.29670116332900254,0.25557032975444904,0.3220936966593513,0.42100226689955034,0.4939984676938791
164,0.12499672280143675,0.09036577788017791,0.31605513492525716,0.1673863182097829,0.5099518410143866,0.5105355085659073,0.38998609574075616
165,0.15627430588934432,0.12918473214223378,0.21273539118617746,0.29176932214778417,0.4325240794928067,0.6769389423612917,0.4702619108424848
166,0.10559570730684194,0.3211779737343695,0.4212714484118095,0.1967101103717711,0.47520421848329675,0.28879742836969036,0.6134474050112084
167,0.1478934167635261,0.03722011603795322,0.19275719427146332,0.2293198229742257,0.35945501097293353,0.42929874763090403,0.17715161317783235
168,0.24038032981726343,0.10902121777014434,0.3087287009243911,0.18337363949001606,0.442254937820044,0.338678509049017,0.11444056638574374
169,0.1795293068943519,0.161049787403389,0.05422397443364246,0.3463343133446928,0.6322619483052914,0.6560630272399568,0.45261201441502763
170,0.12026881767415035,0.2613995769013259,0.4595313830025536,0.3534249837688571,0.38994300170690055,0.3814708833475786,0.666624102607758
171,0.15830179940049116,0.08830613911987101,0.5049952959096814,0.2251805271648376,0.36504815898561316,0.3074157345126167,0.6044947646207541
172,0.1758763228958201,0.10464361267620387,0.19476427280737124,0.2829350442422679,0.5487000121921481,0.48408525028800775,0.3423427258023324
173,0.22467599430204413,0.2675086749191854,0.5892448068336245,0.25768817493911544,0.33775298707632273,0.2504738191683078,0.46723986265996986
174,0.15947285168710185,0.25689629893387517,0.29656078730044955,0.27093392152915785,0.4634616556937332,0.42279534728157864,0.5654777106211513
175,0.2733445777657372,0.21262453832673556,0.13226707286113226,0.03831400244388561,0.754267251889783,0.38983239808242587,0.2663091285718342
176,0.16237426481512232,0.2635709248825308,0.4021713483565551,0.17265116226323085,0.36061326505730307,0.26871121186220215,0.261939218523878
177,0.12478698209338707,0.03016148964246068,0.3938383883637232,0.14534598559184836,0.3741541697147035,0.435727823404809,0.4871598422292216
178,0.1181451930051474,0.24318399206864538,0.276137568507982,0.27988727506754696,0.5020421848329675,0.1908655096807761,0.5522402883005593
179,0.1818626722714045,0.08091936688799059,0.33095888774397797,1.0,0.5208866739819558,0.4456687353673492,0.2678272466729097
180,0.23844022826780398,0.1359571036591752,0.21283395307856579,0.18314399362661848,0.47879328212631056,0.15949124828124406,0.08162367696716899
181,0.06685485069083347,0.0787619825593979,0.38820542687752935,0.08360526994729489,0.8881903803950257,0.37666765766100574,0.4074941119718507
182,0.2328384035236439,0.18628210767372533,0.4580649015127757,0.13783288018439716,0.4112259205071931,0.3700713515924041,0.0977270792542777
183,0.2255062179380741,0.2070320954555293,0.17487866433702193,0.16192868503644564,0.5395330407217751,0.4634323088929353,0.282100394426946
184,0.6456168561615704,0.044153069559935504,0.17302689544972594,0.2887754205212677,0.24753108997805406,0.32840313649708275,0.2922590164864789
185,0.151974621374326,0.18714785413568485,0.22340098263219987,0.20535443429151412,0.4980721165569373,0.4241889330707198,0.804829601884169
186,0.16344044674770816,0.1117301663769209,0.09914430357062859,0.18019828928007442,0.623041636186296,0.3832732543015347,0.3306092335631794
187,0.1919214870616201,0.1301552059987852,0.2712751818168243,0.16791365315536255,0.30366069251402084,0.3385112787543201,0.3464572514968358
188,0.2831412166708907,0.22447269756822996,0.2703433239251527,0.14456632370994305,0.33386673981955606,0.3971812404771635,0.1023381856360488
189,0.12770587361374502,0.4180717592107745,0.16145632662813791,0.007453567591014898,0.4787475615703487,0.5130439629863612,0.5115064839249737
190,0.25113828030097796,0.05709039370518543,0.4088466765228559,0.29059841175786816,0.2813109607412825,0.326377791816864,0.3172724951051329
191,0.26980520331739893,0.21489363187622623,0.3952540955453011,0.21155487260324846,0.37810899780541307,0.3405087517187557,0.4789733548991233
192,0.2417611228119238,0.14840569996299632,0.9531084330152472,0.1411244708930956,0.2907827359180688,0.4553309301720614,0.20169688714849165
193,0.1195609427844827,0.09310265379217897,0.5263205053537027,0.12305049090347225,0.4080407217751767,0.27753725519342987,0.435458698674839
194,0.11558460852770765,0.21392315801967482,0.36620223108283667,0.32382618359761506,0.27083333333333326,0.18025567653944785,0.55580148122925
195,0.22160853644681763,0.11059212868902249,0.4163194600002986,0.28671994828715375,0.3844565349914655,0.25627113605113516,0.41813512669901565
196,0.10244085748992808,0.24155722653931821,0.7174559084867762,0.5755464012225098,0.14251097293343085,0.47630904158459986,0.49106154762918175
197,0.12196422173088521,0.19858408562511787,0.08373280766990726,0.15694451926048364,0.4693291270421849,0.20189341855884635,0.3209471921909137
198,0.2314838281174898,0.07615776134721322,0.3651568776787181,0.19267004425644352,0.5221973299195319,0.495401166895834,0.4908203512953664
199,0.08006851529796291,0.5581132312590329,0.11933455789017816,0.2276754451869345,0.366259753718605,0.37360176892489494,0.40940949462274023
200,0.12428884791176908,0.07189186547417076,0.3944417066141003,0.16228874706918006,0.2536576444769567,0.2443884945557251,0.36358219119775237
201,0.16372884022127648,0.2631520153041633,0.5401938383883637,0.3518855059438586,0.7816767251889785,0.09759745809952047,0.4380125422093579
202,0.1867566221258969,0.14454475001570913,0.44066126069620537,0.31906032314858657,0.8227033040721776,0.6723679809729084,0.4029539456882607
203,0.17141933284976452,0.05074391359291766,0.2570076012126099,0.2537671844566607,0.48558278468666183,0.1523375078969862,0.4962117987571295
204,0.13743259894954865,0.27140453399800324,0.19819900542090407,0.19007022627205372,0.32141550841258226,0.49204727042996765,0.38187054850883895
205,0.12361592980677638,0.06872211633118994,0.2784731866851844,0.35526498581015375,0.3501737381126555,0.2538277156341744,0.23054113106892515
206,0.1109877913429523,0.2723819896808608,0.3281364335528575,0.23467822645350234,0.3659854303828334,0.2277119179456688,0.3980732669334013
207,0.17916226065526494,0.12986196929392793,0.2274151397040156,0.20644596092618162,0.5360887588393073,0.6151473484707715,0.3612695439970488
208,0.15848532252003464,0.11790210083153554,0.22073383808969133,0.36983190489826123,0.33596226530114603,0.4891207402727713,0.544749013932635
209,0.10036092880176882,0.07041171829727219,0.5020533727580903,0.15534266848493272,0.4174515362106803,0.4467928945705899,0.4725887460628244
210,0.10276420774817134,0.15197341320542632,0.3544345384764721,0.15526044959556812,0.7238935625457206,0.27629231855513026,0.2820010782894924
211,0.1546138586172844,0.1430646028388106,0.349267505936114,0.26680313112211773,0.5501554498902705,0.2161823181835072,0.35193382707641696
212,0.4511085670340043,0.26405267089765344,0.29528246942341296,0.1470499011955761,0.29034839063643014,0.4957727897729385,0.40414573933770326
213,0.1265260821309656,0.37411418078741043,0.6376446694443199,0.09241686677988298,0.5332617044623262,0.13983239808242587,0.6478675406486762
214,0.14099819098639307,0.31511076667434673,0.39193285844421544,0.0957056223544655,0.42309040477932225,0.5766750901185478,0.10056468318152145
215,0.16129060449019902,0.29468892472893066,0.46875140002688054,0.3056813252550912,0.27904017312850504,0.5044780556691069,0.3309923100933574
216,0.16552911463203618,0.2568404443234262,0.3277630930513865,0.2367422040899645,0.5279276396000976,0.21874651603552686,0.4625720041996537
217,0.23359871359032397,0.3487352421646455,0.38834281618207067,0.0460567537147345,0.46401792245793705,0.19538072763759318,0.39490933855452415
218,0.12602794794934763,0.08875995782976911,0.3228260382599346,0.9437849607475679,0.42130730309680553,0.549676688096919,0.5336823586163844
219,0.30077691453940075,0.21825887215577855,0.31243223869898296,0.17837246290935793,0.18740855888807606,0.20093648965030297,0.31000822905138925
220,0.14853137808384387,0.4878551131404954,0.3295163000462943,0.14519288834958338,0.5314405023165081,0.5102660819800067,0.562271218183366
221,0.22304176461849043,0.14404904034797428,0.22443737586428325,0.25990241468372655,0.35995793708851487,0.40877587424281825,0.3016089214267472
222,0.18788397843166388,0.06361141947510632,0.27431566686080366,0.2695673868852366,0.4163161424042916,0.4527202794604037,0.3946823302403448
223,0.3641011299780647,0.08126147637699072,0.38390454430058385,0.18295687477496125,0.4210024993903927,0.3387899959121483,0.4748020771260748
224,0.1868090573029093,0.2113329004601024,0.2352642504069411,0.18632784923890822,0.3199753108997805,0.3031606525697721,0.5908033256718026
225,0.14396951768376345,0.24717759671574896,0.4680196526439975,0.11915218149394552,0.31867227505486473,0.282814300048311,0.38294883800119184
226,0.13759864367675462,0.09064505093242292,0.3016083508803369,0.21599185749481875,0.48421116800780295,0.34798766212048005,0.4060611219885928
227,0.03189806601588786,0.13337382792590888,0.12341740961426462,0.1983516530249464,0.42839398927090944,0.4509922330818683,0.34878408671717587
228,0.12357223382593271,0.06677418679178102,0.17643474754715288,0.1514868860871464,0.5109424530602291,0.33653238693373955,0.4156522232626769
229,0.06571875518889773,0.1602748046834091,0.20682466436688918,0.17017609017994595,0.0,0.2094466535359918,0.2623648591129646
230,0.214005435780017,0.37269687004726704,0.608022340695608,0.24457284451840988,0.36636643501584976,0.25806421643316346,0.42718708322692267
231,0.09606998348291926,0.10472041276557123,0.07481146304675718,0.3969556329862184,0.5625533406486223,0.32708387528336225,0.5183025453307226
232,0.15153766156588921,0.22372564215347457,0.4611501874169317,0.13914271214599805,0.22276578883199205,0.49941469396856064,0.4169858971084812
233,0.24948657222508677,0.2711601700772889,0.4319011991696906,0.24210627783747307,0.23671817849305032,0.34899104388866165,0.36687381175335565
234,0.03698427818609245,0.1917977504555642,0.15605632961486193,0.25179109597779514,0.3951094245306024,0.270755137686276,0.5162452824834709
235,0.1993410646088773,0.10518819512808161,0.7303734898376715,0.2903999523697468,0.4206138746647159,0.6061169125571373,0.6694900825742742
236,0.1758763228958201,0.3251157237710241,0.5524543404566701,0.15295832069336046,0.48015727871250924,0.3747073469842803,0.48186771090491165
237,0.1456824001328358,0.23735416710303087,0.29548556665621306,0.1740290374436162,0.3247531089978053,0.227182355345795,0.4002156578984706
238,0.21490557298539684,0.13477019318713393,0.30433224317906904,0.21617614121235995,0.392632894415996,0.36177487086105,0.915666411282313
239,0.33580361278369625,0.411578660746078,0.4637635709272284,0.1648630488465257,0.5654337356742258,0.39326061912371335,0.4543145767713743
240,0.1008590629833868,0.0782034364549079,0.4533160103340651,0.18575798728158832,0.5103328456474032,0.30427552120108503,0.13939729292585357
241,1.0000000000000002,0.2174908712621048,0.46035273210578964,0.2311456493449423,0.2262176908071203,0.47276933368018126,0.18620356970574026
242,0.1333950903195924,1.0,0.18913429804518916,0.41565050734725006,0.46164045354791505,0.380095878702293,0.1579977866689366
243,0.5698655037709632,0.12354341648688466,0.42093394859847977,0.19162104463351637,0.43203639356254575,0.2562990077669183,0.38963139524985113
244,0.12242739912782824,0.2445245027194214,0.5751773367381986,0.0,0.21164807364057525,0.31457876546880215,0.24098351352118286
245,0.087391961687364,0.26274008755210193,0.31345668503501933,0.4901720075868188,0.614926237503048,0.23552528893678693,0.3004738798558497
246,0.35430449107291123,0.2622094687528364,0.4353000910950823,0.44517275889735963,0.5110491343574739,0.2912036864989409,0.7006753497346838
247,0.2718414360247145,0.062347708913697675,0.4986186401445575,0.0980502782684135,0.24209034381858063,0.5643836634583226,0.3407252915638037
248,0.08991758938012882,0.19176284132403354,0.17349879784358524,0.1571146273074448,0.2588012070226773,0.24943327511241575,0.25013478618654394
249,0.13359609183147336,0.14354634885393325,0.17820288816211938,0.4416118304476392,0.5905724213606436,0.540321082165818,0.4128713714139778
250,0.03611909776538754,0.3820804446026993,0.2962173140390961,0.22056492882395806,0.5021031455742502,0.6354379575606675,0.6123407394795835
251,0.20801034720826383,0.07501972365931481,0.3585801114048056,0.1647468083477689,0.537338454035601,0.45921438923780133,0.8680230413438892
252,0.0652555777919547,0.2022076534779968,0.28125980018816366,0.32460868061363635,0.33962752987076317,0.18489167193132383,0.2053432081950004
253,0.35774773436339335,0.10428753953459147,0.26913967414841033,0.21275980460255672,0.3936082662765179,0.648686313129436,0.8810050793110298
254,0.1109877913429523,0.2803831626276802,0.5706524498603706,0.22658108341815109,0.5126645940014631,0.14359507971310714,0.28339150421384174
255,0.1912922649374711,0.20675980422959045,0.7520361990950225,0.3239736105716481,0.24375152401853217,0.3400442231223755,0.5310291989444114
256,0.1005444519213123,0.0033512766269400834,0.24690650060481156,0.33513836872053226,0.6162140331626431,0.3915697350328886,0.4276269118356457
257,0.06798220699660046,0.12248916071465976,0.21677642877409914,0.21436732564633965,0.32855553523530845,0.5033167341781561,0.2822848386822163
258,0.17780768524911084,0.21423734020345048,0.36574824903304815,0.25715516972530383,0.32639904901243577,0.33557545802519595,0.3824522573139242
259,0.06373495765859458,0.03593545999762618,0.4147812971342383,0.1112081357008593,0.32671147281150925,0.2998067561039057,0.2178144774552364
260,0.1246995901316997,0.12012930342318948,0.36630676642324866,0.29455342384971517,0.3013137039746403,0.6507209483815826,0.4108708606452711
261,0.22473716867522528,0.15959756753171495,0.37805952540955456,0.2772335895349529,0.19222445744940253,0.7211806458805603,0.42761272381600923
262,0.11457960096830296,0.15729356485069368,0.5375894150501023,0.23675921489466067,0.22777980980248702,0.2764502582778996,0.4436026219460283
263,0.09265295778094332,0.14882460954136387,0.2562400131415856,0.1970474913315775,0.39045354791514275,0.3711676390798617,0.5454158508555373
264,0.064582659686962,0.25525556975193575,0.5697922733449815,0.2639765024084464,0.46030693733235784,0.9999999999999998,0.3489259669135385
265,0.12130878201822998,0.47558106249432736,0.27335991517703806,0.2940175835017875,0.5188673494269689,0.5026385224274406,0.5192105785874408
266,0.12695430274323372,0.1910995678249517,0.6131595059958485,0.2521029607305574,0.282697817605462,0.3744286298264521,0.7188502028886807
267,0.14776232882099505,0.14738635332230204,0.4994937502800053,0.09827708899769505,0.24634235552304307,0.6167546174142482,0.6631054737379753
268,0.08291749324897096,0.12257294263033325,0.11344175141496049,0.3300464678481615,0.51585741282614,0.4185495559106618,0.3828069578048292
269,0.10370804093439487,0.14990679261881326,0.2045368337738751,0.12225381821687076,0.49465069495245073,0.45964175554647135,0.5421242302999345
270,0.24650650633154764,0.12022704899147521,0.1577946029897107,0.23458183189355764,0.3676542306754449,0.3679066483332716,0.49618342271785654
271,0.2703382942836918,0.10330310202542783,0.1333930678135687,0.1928911847174931,0.44305504754937797,0.3666338399791891,0.3091569478732161
272,0.27950571106469635,0.06382785609059619,0.045762585308304626,0.19237235517426154,0.17399719580590078,0.7202794604035823,0.80332567180273
273,0.05566867959485087,0.0804585663517863,0.4867225184056867,0.4172126662451767,0.4247439648866129,0.4037682559738378,0.44652535399109006
274,0.08985641500694767,0.10983809144796097,0.20342577244149757,0.22221781201359725,0.20557485979029488,0.2462187372254634,0.35211827133168727
275,0.11471942810700274,0.1423105655977491,0.19410719352478234,0.10092510426205709,0.15236375274323333,0.2720093648965032,0.4480576601118016
276,0.24172616602724886,0.20900097047385657,0.0,0.1648743893829897,0.8524597659107536,0.2995466200899326,0.3045316534718081
277,0.20830747987800086,0.16257182553812433,0.7906157131550259,0.15120620780966043,0.44833577176298456,0.4503511836188636,0.33374478590278356
278,0.10889912345862429,0.12310356142959877,0.22530352582769592,0.16642520774445235,0.2785524871982441,0.31269277936749784,0.21955960387049167
279,0.1955220358831395,0.16531568327643148,0.35942834102414767,0.3699963426769902,0.16918129724457454,0.6626686238804862,0.3883686615022275
280,0.12143113076459229,0.09581858422526168,0.5769992383853769,0.12830115928634006,0.5558857595708364,0.34855438700806407,0.3540052779433047
281,0.22467599430204413,0.1659510294702889,0.21047444110926927,0.09074697278554761,0.44911302121433794,0.5020253446802185,0.42373939445532205
282,0.11439607784875948,0.21686948872085965,0.21565640726968627,0.18407675275078894,0.2670232870031699,0.46002266899550337,0.5325331290258508
283,0.11180927578281351,0.1850253789386228,0.08689873512238105,0.14271214599806636,0.3472019019751278,0.4261771154632279,0.6163843250759058
284,0.372613107046414,0.16347946295792054,0.3215507071069098,0.31634993493367203,0.2923143745427945,0.2692221933182206,0.35179194688005433
285,0.19484037858197806,0.15175697658993645,0.4525095948508877,0.38766206335390685,0.2790630334064863,0.2951986324278122,0.7272778865525948
286,0.16418327842205077,0.09690076730271105,0.5994803100219523,0.20835117105214662,0.5643288222384784,0.0634453156936341,0.6084532220992593
287,0.07742053885883578,0.18945185681670618,0.5011872227946776,0.19225611467550474,0.6426024140453548,0.39346501170612047,0.3340711103544165
288,0.20959214171480509,0.19833273987809735,0.3718172722249601,0.06985203435048493,0.5156059497683492,0.31404920286892835,0.5358815016599983
289,0.4135999370777877,0.14444700444742337,0.2635933276585577,0.11413682924270735,0.48459217264081933,0.1037663978594523,0.5297948412360602
290,0.06356891293138858,0.16600688408073788,0.18199602765706435,0.3533654459524208,0.41330620580346245,0.5279924932178826,0.35389177378621506
291,0.14689714840029017,0.2577061907853857,0.6001612830966354,0.11518015859740244,0.5174576322848086,0.31105763870823866,0.4626287562781983
292,0.09712742621933636,0.22536637133541398,0.20147842838582503,0.17212099218353527,0.29801420385271893,0.09667769147868754,0.502993672143242
293,0.2908317092993787,0.2970418001940948,0.37299702820960834,0.3148388084498337,0.3530693733235797,0.3738804860827232,0.8120371158593684
294,0.11291915369624303,0.025364974970152707,0.16654570434419008,0.2457919521882983,0.08876645940014627,0.17513657140733607,0.48152719843364267
295,0.1676177825163642,0.25920030161489643,0.22050983378880873,0.24029462713733662,0.463713118751524,0.36713553086327977,0.4757668624613376
296,0.15001704143252903,0.30290653429124,0.305078924182011,0.27786298930870923,0.6447131797122654,0.45730053142071436,0.28150449760222473
297,0.19375671825705476,0.3804955700312088,0.10190104983349013,0.06685246245573645,0.3663969153864912,0.5340963989743208,1.0
298,0.29821633006196097,0.04384586920246597,0.24901811448113137,0.3242457834467859,0.2751615459643988,0.529163105280761,0.2271927584347777
299,0.08801244461534428,0.1897311298689512,0.32323223272553503,0.1365315536251442,0.15207418922214067,0.6229328477461069,0.2877756022814335
300,0.0778574986672726,0.2074230777286723,0.2450457715454803,0.28512660291395087,0.8616038771031458,0.3682596900665205,0.40786300048239266
301,0.09141199192498276,0.19324997032723823,0.17176052446873646,0.08553599628030406,0.28221775176786146,0.5016258500873314,0.3198689026985613
302,0.2037106626932455,0.14795188125309822,0.36553021818018905,0.17698891746074052,0.49971043647890756,0.40440001486491495,0.20442098691864574
303,0.3606229299029076,0.12227272409916987,0.3019368905216313,0.11382496448994517,0.5256797122653012,0.07424096027351434,0.5366902187792628
304,0.1993410646088773,0.3091203597036914,0.30852859041560265,0.2048185939435866,0.20255730309680553,0.22086476643502162,0.3725632076274792
305,0.11230740996443149,0.057991049298675545,0.21305795737944838,0.2025873433942793,0.35411332601804446,0.26036827827121023,0.3239834283930647
306,0.0643903973712498,0.12161643242639414,0.16697280587787283,0.07006466940918638,0.08273134601316734,0.2766174885725965,0.13516926307426003
307,0.2119954206612076,0.06706742349663827,0.10327494287890326,0.10523450811840657,0.4356102170202387,0.3582630346724145,0.33085042989699476
308,0.05719803892437974,0.08463369848284916,0.4237354957215178,0.2345591508206296,0.6154444038039504,0.4102995280389461,0.4889049686444764
309,0.15830179940049116,0.25014487289585213,0.7873452503621402,0.1300220856947638,0.4840968666178982,0.4033130179493851,0.783221247978207
310,0.15093465703024636,0.18700123578325623,0.43329898600719796,0.08175959763776625,0.30523805169470863,0.33209149355234313,0.5525240486932832
311,0.21156720004893953,0.37560130979061507,0.3117243851081941,0.41064082536424384,0.22223238234576903,0.1888494555724849,0.3461876791237479
312,0.18134705969744905,0.11542355249286113,0.31371055657601965,0.2097999245854325,0.4265727871250915,0.42793303355754597,0.2069180783746205
313,0.208202609523976,0.08293013286415463,0.32535878022191356,0.8684469418825855,0.6083119970738844,0.209344457244788,0.3281688941857497
314,0.24463631835143806,0.017691947859721155,0.43945163747143934,0.30597050893492517,0.4694662887100707,0.33826972388420207,0.14376720297380885
315,0.13357861343913588,0.11147183880359426,0.43945163747143934,0.2244263814899764,0.39892709095342616,0.4124270690103682,0.1897789506540679
316,0.668504810927491,0.18308443122552004,0.6998282633693232,0.1856786035263398,0.5930337112899293,0.28258203575012075,0.5225021991430432
317,0.08129200276158599,0.08222496840723598,0.29672505712109676,0.21273428839551256,0.3474609851255792,0.2115184510758481,0.336312817456939
318,0.18314733410820874,0.1564557456939587,0.32437913474605373,0.18053283510576468,0.27969550109729324,0.32361849195436476,0.40101018699809865
319,0.12224387600828476,0.1516382855427323,0.4733748487970968,0.24068304051123135,0.47389356254572057,0.6846501170612063,0.523495360517579
320,0.06868134269009937,0.10844870801304207,0.7882562011857294,0.14914790044143034,0.47284198975859537,0.48064773867479293,0.654464969779518
321,0.10934482246322985,0.10587241410608189,0.4190433522990308,0.81959191079534,0.22230858327237257,0.23688171243821787,0.30961096450157477
322,0.20819387032780726,0.24409861131474775,0.2170751011752759,0.12086460250002129,0.3601560594976836,0.40105540897097636,0.4073380437558525
323,0.14742150017041436,0.47830397475371617,0.2943715185998238,0.1818795238108739,0.30161088758839316,0.3014418967631647,0.6976107374932607
324,0.30408906988735185,0.10257001026328469,0.25296059017666467,0.1705191414079843,0.3910936356986101,0.35523430822401414,0.4429925371016714
325,0.12959353998619208,0.26101557645448903,0.32804085838448094,0.2504018802609457,0.3775832114118507,0.4191162807982458,0.4255980250276665
326,0.13397187726672902,0.03992208281842366,0.22082343981004438,0.07312944938860333,0.5969504389173372,0.7119551079564459,0.3930932720410887
327,0.06881243063263043,0.5028590578723584,0.20539701028926421,0.3485230368822597,0.3407019629358692,0.1673789438477833,0.4688431088788625
328,0.05463745444693997,0.1250514909690077,0.05365649687140661,0.23136395467187576,0.51562881004633,0.27985060760340397,0.24043018075537015
329,0.1410768437519117,0.6094855092195017,0.8888878933142182,0.11059574673179917,0.23427212874908543,0.4632650785982384,0.030887318748049175
330,0.22108418467669347,0.11164638446124739,0.392067261024745,0.34903052588902717,0.5233479639112413,0.3546211304767921,0.44862518089725034
331,0.1028515997098587,0.13933630759133975,0.15384615384615385,0.10159419591343766,0.018074859790294884,0.49362666765766083,0.28167475383785945
332,0.1113985335628829,0.8403465778578363,0.28784552663411134,0.3348633607112784,0.33047579858571074,0.5754487346241033,0.4608126897647624
333,0.2766130371328446,0.14693951643871003,0.10758777235189582,0.2392853193920338,0.29069129480614486,0.4603199672971867,0.13698532958769638
334,0.19543464392145216,0.06603411320333175,0.2547526245837254,0.1464318419582839,0.5423067544501341,0.147840871084024,0.5643142930109812
335,0.10234472633207199,0.3026202794126888,0.40238041903737887,0.16684764272773922,0.19209491587417693,0.3165297855736,0.4811015578445561
336,0.08264657816774015,0.21423734020345048,0.11928975703000166,0.3843619672428604,0.017084247744452608,0.29403731093686125,0.8900570358389377
337,0.03698427818609245,0.3768161475678809,0.45744067619431616,0.31371609533989,1.0000000000000002,0.08822327102456429,0.5442524332453678
338,0.28073793772448813,0.23805933155994946,0.42588593700999056,0.25650875914685145,0.46898622287247016,0.402625515626742,0.2316619846201866
339,0.14919555699266784,0.24916043538668853,0.6175559637411704,0.13142264194807735,0.30134418434528176,0.4225166301237504,0.5667546323884114
340,0.12400045443820079,0.31664676846169426,0.41090751609097553,0.12740809203979392,0.27021610582784694,0.46390612806124354,0.2885133793025165
341,0.09141199192498276,0.18295875835200975,0.24492032913698614,0.30904379431669016,0.3717767008046817,0.6415047010293955,0.5416418376323033
342,0.13340382951576116,0.2220290583610861,0.25017397667368546,0.0642469742031147,0.6862274445257255,0.5135456538704521,0.3738401293947389
343,0.21806916199847942,0.22655328180745526,0.4459626958170929,0.30029173530053843,0.5058903316264325,0.5104890557062691,0.27668057092591036
344,0.2020327370288481,0.27592177561806625,0.14172602780640053,0.15052294048769976,0.393143440624238,0.28490467873202285,0.2484889759087423
345,0.3010827864053065,0.10643794203687801,0.4175977778773352,0.3304320460879402,0.41937179956108284,0.39581552640380546,0.5107261428449816
346,0.12271579260139653,0.12161643242639414,0.3570479219867687,0.0921673749776733,0.2033193123628383,0.43199301348991037,0.38148747197866095
347,0.34464767930645746,0.3421094890001327,0.2553410092140436,0.18724076242426646,0.367189405023165,0.4122877104314542,0.22109190999120365
348,0.0998977514048258,0.18739221805639922,0.5258515896838553,0.24011034341979542,0.4035296269202633,0.458824185216842,0.6334241366590048
349,0.2336511487673364,0.21206599222224554,0.267664232486597,0.33290144790299303,0.3877788953913681,0.514121669329964,0.21345875542691717
350,0.04036634710339343,0.19861899475664846,0.3175843376192823,0.5830708471664251,0.34397860277980996,0.21227098740198458,0.6185125280213386
351,0.13601684917021334,0.044634815575058134,0.5430610934396607,0.27528301726313165,0.49897128749085584,0.36886357724181473,0.21389858403564022
352,0.1528398017950309,0.31934873524216467,0.19637113032570225,0.18614073038725087,0.3867959034381858,0.2513564235014307,0.41587923157685625
353,0.13596441399320092,0.2983543835396464,0.43025252751519494,0.4847030338770175,0.3101834918312607,0.3240644394068899,0.4139070968474221
354,0.07181871411467573,0.227600555753374,0.18531726475815002,0.32532313441087335,0.563315349914655,0.6162436359582293,0.30484378990380545
355,0.14002814021166335,0.019611950093905567,0.2135149261532488,0.1692149797146154,0.41005242623750293,0.2541343045077853,0.7108907238727618
356,0.20211138979436674,0.09580462057264941,0.09322162985529325,0.3405846613574055,0.40799500121921484,0.37922256494109785,0.309412332226668
357,0.24393718265793915,0.03414113063695204,0.36454459925630567,0.357802430843991,0.4133519263594245,0.576387082388792,0.35264322805822745
358,0.07236928347330614,0.3293118013810053,0.1292564550572704,0.2481706297116385,0.41230035357229955,0.32503065888736105,0.4811583099231007
359,0.1558897812579199,0.2508500373527708,0.31466630825978525,0.07336476552023297,0.20598634479395272,0.25809208814894635,0.724312590448625
360,0.15847658332386588,0.32512968742363635,0.35233487149619935,0.1641003977693164,0.4390925993660082,0.13796499312497668,0.46736755483669556
361,0.141531281952686,0.0895838133338919,0.2384600450995326,0.14658210406643285,0.27478054133138263,0.201308112527407,0.41778042620810973
362,0.18573413617415474,0.11330107729579905,0.18583994146020938,0.17921733287593167,0.2934345281638624,0.4649280909732805,0.6033880990891287
363,0.23769739659346137,0.18126217455962135,0.36385765273359916,0.16362126010370914,0.29076749573274796,0.30111672674569845,0.5848727334638633
364,0.032011675566081435,0.23250877964657996,0.4422292908023834,0.11047383596481031,0.21718788100463304,0.18182578319521348,0.5130671660849582
365,0.09321226633574245,0.12023403081778133,0.2837776085300837,0.581738334131896,0.4583409534259937,0.17853692073284044,0.3429669986663262
366,0.40098053781013226,0.3505993897883809,0.24031181398682855,0.23967940303416047,0.33484973177273836,0.25063175889107736,0.8522033994495049
367,0.0905817682889528,0.08704242855846234,0.5695891761121814,0.23876932498291825,0.7888015118263838,0.3511836188635773,0.4241508470247721
368,0.13419035717094743,0.19808837595738293,0.2629959828562042,0.012732587315042954,0.35364088027310414,0.45392805381099244,0.6903464714395162
369,0.09031085320772196,0.35702266999001603,0.37151262637575966,0.3804353064921736,0.2533757010485247,0.16119142294399635,0.26713203371073435
370,0.07907224693472695,0.6964232103833723,0.5349820049878291,0.14580811245275954,0.6033055961960496,0.645072280649597,0.46318208904401104
371,0.3119893032238895,0.10145291805430467,0.34248166898137766,0.37752929402325375,0.4808735674225799,0.6413467613066259,0.31280326891972443
372,0.10461691733594346,0.08781741127844223,0.5275988232307393,0.20189840580408658,0.5428630212143379,0.3453212679772566,0.39750574614795253
373,0.10320116755660816,0.18246304868427488,0.15813210280304046,0.09389397165432911,0.6973527798098025,0.32003233119030816,0.48575522828523576
374,0.18825976386691953,0.0867491918536051,0.7954990069142661,0.2821837337015227,0.730294440380395,0.17728269352261328,0.15236514287335767
375,0.21262464278535664,0.1168059541014739,0.2945208548004121,0.16948715258975322,0.22084552548158998,0.5088260433312275,0.5231406600266735
376,0.2534279496971869,0.1222447967939454,0.37235488254707827,0.3688254322870743,0.2133321141185076,0.23727191645917722,0.34597485882920465
377,0.21166333120679565,0.07588547012127433,0.25824111822947,0.12292858013648339,0.2878108997805413,0.1291389497937494,0.408487273346386
378,0.24550149877214297,0.16322811721090008,0.2606902319191195,0.2961155827476418,0.31235521823945356,0.6381415139916011,0.41587923157685625
379,0.22576839382313618,0.10226280990581518,0.3380374236518674,0.24366276646716767,0.9495930870519385,0.26412166932996395,0.5822337618115259
380,0.18798010958951997,0.16493866465590074,0.22307841643892895,0.16050544771020392,0.2123338819800047,0.3480248244081905,0.4358275871853805
381,0.20305522298059028,0.26111332202277476,1.0,0.0810933411205017,0.22106650816873907,0.2998532089635437,0.5778496637439345
382,0.181215971754918,0.05248937016944896,0.4627719785553216,0.17316148640411433,0.5181815410875394,0.4181128990300642,0.8241536846286994
383,0.09201499646062557,0.2551089513995071,0.47804011170347804,0.26396232673786635,0.23747256766642288,0.441553012003419,0.8593825373854318
384,0.3817892630235872,0.3062717745707923,0.33484162895927605,0.2932974594363187,0.25985277980980226,0.3021851425173734,0.38694985953860517
385,0.1350730159839898,0.10300288349426445,0.11914042082941323,0.16444628413147078,0.5803233967325041,0.19433089300977358,0.304063448823813
386,0.18539330752357402,0.08449406195672668,0.3827098546958768,0.23595687193982706,0.3949417824920749,0.30903229402802035,0.6854657926846572
387,0.1554266038609769,0.28014578053327194,0.2530651255170766,0.14585063946449983,0.628543343087052,0.49364524880151595,0.306390284044153
388,0.1769862008092496,0.06831018857912854,0.16964592386840494,0.26717453369131616,0.4348024871982441,0.5836708907800363,0.535299792854913
389,0.20701407884502787,0.15959058570540885,0.3689559906216866,0.1269176138377226,0.31352109241648374,0.3766026236575124,0.2775034760648105
390,0.0931073959817176,0.12454181764866054,0.5138001582963726,0.14342943492941934,0.36981071689831735,0.49025419004793935,0.4725603700235519
391,0.1370393351219555,0.22996041304484433,0.4813255081164225,0.23776001723761542,0.3198457693245549,0.28971719499052373,0.4725178059646433
392,0.16552911463203618,0.29232906743746034,0.4668040559712079,0.4052710813485032,0.781272860277981,0.2511984837786616,0.425186572458216
393,0.3625018570791859,0.06710233262816889,0.6271612681630153,0.29052186313673567,0.48400542550597403,0.6242985618194654,0.28455492182401176
394,0.15899219589782135,0.08925566749750402,0.29690426056180275,0.10923771749022587,0.7286485003657643,0.39753428221041287,0.31175335546664407
395,0.11308519842344902,0.2074719505128152,0.29565580992488383,0.10516079463139005,0.6522189709826871,0.25516555799175,0.47433387247807923
396,0.13405926922841638,0.15431930684428435,0.4587906754476352,0.281628047414783,0.21077176298463796,0.4027091307740902,0.2900740614625006
397,0.3930803044735946,0.16578346563894186,0.501091647626301,0.08190418947768324,0.4405632772494512,0.4724720353784979,0.4075224880111237
398,0.07986751378608196,0.3562127781385055,0.16860057046428628,0.16727858311337418,0.4785494391611802,0.2996673975249917,0.4806901052751056
399,0.09035454918856566,0.07575979724776408,0.33867956931439747,0.2527720523819379,0.32815167032431103,0.4688858746144413,0.2624216111915101
