,f1,f2,f3,f4,f5,f6,f7,f8,f9,f10,f11,f12
0,0.03017241379310348,0.8447653429602884,0.018518518518518517,0.0,1.0,1.0,0.303440366972477,1.0,1.0,0.5,0.7039473684210527,0.0
1,0.47126436781609216,0.030685920577616876,0.8148148148148147,1.0,1.0,1.0,0.04908256880733941,0.0,0.0,1.0,0.9671052631578947,1.0
2,0.5862068965517243,0.02346570397111858,0.5925925925925926,0.0,0.0,0.0,0.20848623853211,0.0,0.5,0.5,0.42763157894736836,0.5
3,0.26005747126436785,0.8429602888086638,0.018518518518518517,0.5,1.0,0.0,0.6018348623853211,0.0,1.0,1.0,0.48684210526315785,0.0
4,0.6192528735632185,0.8140794223826715,0.018518518518518517,0.0,0.0,1.0,0.3715596330275228,0.0,0.0,1.0,0.6118421052631579,1.0
5,0.11206896551724141,0.21119133574007165,0.7592592592592593,1.0,1.0,0.0,0.3633027522935779,0.0,0.0,0.5,0.75,0.5
6,0.11637931034482765,0.12093862815884471,0.537037037037037,0.5,1.0,0.0,0.3463302752293578,1.0,0.5,1.0,0.45394736842105265,0.0
7,0.06178160919540235,0.0,0.1481481481481481,1.0,0.0,1.0,0.925,0.0,1.0,0.0,0.0,0.5
8,0.2097701149425288,0.7111913357400717,0.7222222222222222,0.0,1.0,1.0,0.9130733944954128,0.0,0.0,0.0,0.8223684210526316,1.0
9,0.7370689655172415,0.7166064981949454,0.0,0.0,0.0,1.0,0.08486238532110091,1.0,1.0,0.5,0.5328947368421053,1.0
10,0.8002873563218392,0.0722021660649812,0.5,0.0,0.0,0.0,0.9688073394495413,0.0,1.0,0.5,0.019736842105263108,0.5
11,0.3591954022988507,0.7743682310469309,0.611111111111111,0.0,0.0,0.0,0.9862385321100917,0.0,0.0,1.0,0.39473684210526305,0.0
12,0.0014367816091954144,0.0036101083032491488,0.9814814814814814,1.0,0.0,0.0,0.3596330275229358,0.0,0.0,0.5,0.7039473684210527,0.5
13,0.8362068965517243,0.7581227436823097,0.4814814814814815,1.0,0.0,0.0,0.12224770642201832,0.0,0.5,0.5,0.23684210526315785,0.5
14,0.0459770114942529,0.756317689530686,0.40740740740740733,1.0,1.0,1.0,0.05458715596330266,0.0,0.5,0.0,0.9473684210526316,0.0
15,0.6293103448275863,0.0018050541516245744,0.7407407407407407,0.0,0.0,1.0,0.9949541284403669,0.0,0.5,0.5,0.2894736842105263,1.0
16,0.10344827586206898,0.07400722021660577,0.0,0.5,0.0,0.0,0.8603211009174312,0.0,0.0,0.5,0.980263157894737,0.5
17,0.06321839080459771,0.6841155234657039,0.8888888888888888,1.0,0.0,1.0,0.41490825688073385,0.0,0.0,1.0,0.16447368421052633,0.5
18,0.2586206896551725,0.8068592057761732,0.018518518518518517,0.5,0.0,1.0,0.8706422018348623,0.0,0.5,0.5,0.6644736842105263,0.5
19,0.0,0.7220216606498191,0.0,0.5,1.0,0.0,0.7412844036697248,0.0,0.5,0.0,0.5,0.5
20,0.5804597701149427,0.6877256317689531,0.7222222222222222,1.0,1.0,1.0,0.3690366972477064,0.0,0.0,1.0,0.6710526315789473,0.5
21,0.011494252873563232,0.9151624548736459,0.7407407407407407,0.0,0.0,0.0,0.9353211009174311,0.0,0.5,0.5,0.6776315789473684,0.5
22,0.008620689655172431,0.743682310469314,0.09259259259259253,0.5,1.0,0.0,0.3575688073394494,0.0,0.5,1.0,0.8092105263157896,0.0
23,0.6077586206896552,0.11552346570397098,0.0,1.0,0.0,0.0,0.9850917431192661,0.0,1.0,0.5,0.5394736842105263,0.5
24,0.5876436781609197,0.050541516245487195,0.018518518518518517,0.5,0.0,0.0,0.17958715596330266,0.0,0.5,1.0,0.5855263157894737,0.5
25,0.7485632183908048,0.8032490974729241,0.11111111111111108,0.0,1.0,1.0,0.19908256880733943,0.0,0.5,1.0,0.4671052631578947,0.5
26,0.1063218390804598,0.005415162454873723,0.611111111111111,1.0,0.0,1.0,0.6676605504587156,0.0,1.0,0.0,0.3486842105263158,0.0
27,0.07614942528735633,0.07581227436823035,0.4629629629629629,1.0,0.0,1.0,0.861697247706422,0.0,0.5,0.5,0.7960526315789473,1.0
28,0.10201149425287362,0.21299638989169623,0.018518518518518517,1.0,1.0,1.0,0.08233944954128436,0.5,1.0,0.5,0.5723684210526315,0.5
29,0.017241379310344834,0.7996389891696749,0.24074074074074073,0.0,1.0,1.0,0.9568807339449541,1.0,0.0,0.0,0.006578947368421018,0.0
30,0.24425287356321843,0.6660649819494582,0.2962962962962963,0.0,0.0,0.0,0.2011467889908256,0.0,1.0,0.5,0.4342105263157895,0.0
31,0.02729885057471268,0.04151624548736432,0.018518518518518517,0.5,0.0,0.0,0.8151376146788991,0.0,0.0,0.5,0.35526315789473684,0.0
32,0.5876436781609197,0.14801444043321244,0.7777777777777777,1.0,1.0,0.0,0.7729357798165137,0.0,0.0,0.0,0.868421052631579,1.0
33,0.839080459770115,0.034296028880866025,0.5555555555555555,0.0,0.0,1.0,0.09082568807339442,0.0,0.5,1.0,0.2894736842105263,1.0
34,0.6321839080459771,0.0,0.018518518518518517,0.5,1.0,1.0,0.9857798165137615,0.0,1.0,0.0,0.5328947368421053,0.5
35,0.7701149425287357,0.01624548736462028,0.537037037037037,0.0,0.0,0.0,0.8690366972477064,0.0,0.5,0.0,0.4407894736842105,0.5
36,0.012931034482758647,0.7220216606498191,0.8888888888888888,0.0,0.0,1.0,0.3486238532110091,0.0,0.0,0.0,0.45394736842105265,0.5
37,0.39655172413793116,0.7328519855595665,0.0,0.5,1.0,0.0,0.9729357798165137,0.0,1.0,1.0,0.5789473684210525,0.0
38,0.0517241379310345,0.5722021660649812,0.4814814814814815,0.0,0.0,0.0,0.035091743119265995,0.0,1.0,0.5,0.868421052631579,0.5
39,0.11925287356321843,0.7400722021660648,0.018518518518518517,1.0,1.0,1.0,0.2479357798165137,0.0,0.5,0.0,0.2171052631578947,0.5
40,0.39367816091954033,0.010830324909746558,0.611111111111111,0.0,1.0,1.0,0.909862385321101,0.0,0.0,0.0,0.09210526315789469,0.0
41,0.3548850574712644,0.0866425992779778,0.5555555555555555,1.0,1.0,0.0,0.15688073394495405,0.5,0.0,0.5,0.006578947368421018,0.0
42,0.5675287356321841,0.7472924187725631,0.40740740740740733,1.0,0.0,1.0,0.3763761467889908,0.0,1.0,0.5,0.006578947368421018,1.0
43,0.40517241379310365,0.9223826714801442,0.018518518518518517,0.5,1.0,0.0,0.5571100917431193,0.0,0.0,0.0,0.6052631578947368,0.5
44,0.959770114942529,0.9620938628158839,0.537037037037037,0.5,0.0,0.0,0.344954128440367,1.0,1.0,1.0,0.9407894736842106,1.0
45,0.010057471264367818,0.0036101083032491488,0.40740740740740733,0.5,0.0,1.0,0.9655963302752293,0.0,0.0,1.0,0.8026315789473684,1.0
46,0.08620689655172412,0.0,0.4629629629629629,0.0,1.0,1.0,0.9745412844036698,0.0,0.5,0.5,0.7894736842105263,0.0
47,0.4885057471264368,0.4638989169675085,0.018518518518518517,0.0,0.0,0.0,0.40688073394495405,0.0,0.5,0.5,0.30263157894736836,0.0
48,0.014367816091954033,0.0036101083032491488,0.6666666666666666,1.0,0.0,0.0,0.2105504587155963,1.0,0.0,0.5,0.006578947368421018,0.5
49,0.795977011494253,0.0722021660649812,0.0,0.5,0.0,1.0,0.03899082568807333,1.0,0.0,1.0,0.881578947368421,1.0
50,0.9525862068965517,0.9458483754512628,0.018518518518518517,0.5,0.0,0.0,0.08876146788990824,0.0,1.0,1.0,0.006578947368421018,0.5
51,0.6020114942528736,0.030685920577616876,0.018518518518518517,0.0,0.0,0.0,0.9087155963302753,0.0,0.5,1.0,0.03947368421052627,0.5
52,0.022988505747126464,0.9657039711191331,0.0740740740740741,0.0,1.0,0.0,0.04839449541284402,0.0,0.5,1.0,0.855263157894737,0.5
53,0.09482758620689655,0.07400722021660577,0.0,0.5,0.0,0.0,0.4983944954128441,0.0,0.5,0.5,0.059210526315789436,0.5
54,0.09051724137931036,0.149819494584837,0.16666666666666666,1.0,0.0,0.0,0.8536697247706422,0.0,1.0,0.5,0.4078947368421052,0.0
55,0.5574712643678162,0.29061371841155204,0.9074074074074072,1.0,1.0,0.0,0.25642201834862377,0.0,0.0,0.5,0.7105263157894737,0.5
56,0.45114942528735635,0.005415162454873723,0.7222222222222222,0.5,1.0,0.0,0.6605504587155964,0.0,0.5,0.0,0.9144736842105263,0.5
57,0.7428160919540231,0.14079422382671414,0.0,1.0,0.0,1.0,0.1704128440366972,0.0,0.0,0.0,0.006578947368421018,0.5
58,0.02155172413793105,0.010830324909746558,0.0,0.5,0.0,1.0,0.8612385321100917,0.0,0.0,0.0,0.4407894736842105,0.5
59,0.3275862068965518,0.7364620938628157,0.7962962962962963,1.0,0.0,0.0,0.35733944954128427,0.5,1.0,0.0,0.5855263157894737,0.0
60,0.7385057471264369,0.010830324909746558,0.018518518518518517,0.0,1.0,1.0,0.3610091743119266,0.0,0.5,1.0,0.4605263157894737,1.0
61,0.9310344827586209,0.06137184115523464,0.6851851851851851,0.0,1.0,0.0,0.9607798165137615,0.0,0.5,0.0,0.618421052631579,0.5
62,0.11637931034482765,0.09566787003610067,0.6296296296296295,0.0,0.0,1.0,0.08302752293577975,1.0,1.0,1.0,0.6513157894736843,0.5
63,0.9568965517241382,0.7166064981949454,0.8888888888888888,1.0,0.0,1.0,0.9543577981651377,0.0,1.0,1.0,0.006578947368421018,0.5
64,0.033045977011494254,0.09927797833934981,0.4444444444444444,0.5,0.0,1.0,0.3639908256880733,0.0,0.5,1.0,0.8223684210526316,0.5
65,0.03735632183908047,0.8664259927797833,0.7407407407407407,0.5,0.0,0.0,0.10917431192660543,1.0,0.0,0.0,0.006578947368421018,0.0
66,0.4525862068965517,0.14620938628158786,0.7407407407407407,0.0,0.0,0.0,0.3408256880733944,0.0,0.5,0.5,0.618421052631579,1.0
67,0.7844827586206898,0.0,0.018518518518518517,1.0,0.0,1.0,0.6878440366972478,0.0,0.5,1.0,0.6447368421052633,0.5
68,0.05603448275862069,0.7346570397111911,0.7407407407407407,0.5,0.0,0.0,0.008486238532110058,0.0,0.5,0.0,0.006578947368421018,0.5
69,0.5919540229885059,0.7111913357400717,0.018518518518518517,1.0,0.0,0.0,0.35481651376146783,0.0,0.5,0.5,0.6578947368421053,0.5
70,0.005747126436781602,0.7328519855595665,0.6666666666666666,0.0,0.0,0.0,0.810091743119266,0.0,0.0,1.0,0.059210526315789436,0.5
71,0.6005747126436782,0.743682310469314,0.648148148148148,1.0,1.0,0.0,0.8144495412844037,0.0,1.0,1.0,0.8026315789473684,0.5
72,0.8505747126436783,0.11371841155234641,0.6851851851851851,0.0,0.0,0.0,0.09334862385321097,0.0,1.0,0.5,0.9736842105263157,0.5
73,0.795977011494253,0.7256317689530682,0.611111111111111,0.5,1.0,0.0,0.28463302752293573,0.0,1.0,0.0,0.32894736842105265,0.5
74,0.8433908045977013,0.11191335740072184,0.5185185185185184,0.5,0.0,1.0,0.9298165137614678,0.0,0.5,1.0,0.39473684210526305,0.5
75,0.6106321839080461,0.05595667870036092,0.6296296296296295,1.0,0.0,1.0,0.6454128440366973,0.0,0.5,0.5,0.618421052631579,1.0
76,0.035919540229885055,0.7545126353790614,0.5740740740740741,0.5,0.0,0.0,0.23073394495412836,0.0,0.5,0.0,0.4078947368421052,1.0
77,0.03160919540229884,0.16787003610108275,0.5,0.0,1.0,1.0,0.2834862385321101,1.0,1.0,0.5,0.1578947368421052,0.0
78,0.6594827586206898,0.9241877256317688,0.7222222222222222,0.5,0.0,1.0,0.9360091743119265,0.0,0.5,0.0,0.5065789473684211,0.5
79,0.03017241379310348,0.7418772563176894,0.5,0.0,1.0,0.0,0.9910550458715597,0.5,1.0,1.0,0.9605263157894737,0.5
80,0.0675287356321839,0.4927797833935017,0.018518518518518517,1.0,1.0,1.0,0.6786697247706421,0.0,0.0,1.0,0.4605263157894737,0.5
81,0.0014367816091954144,0.009025270758121984,0.5185185185185184,0.0,1.0,0.0,0.8699541284403669,0.0,1.0,0.0,0.0789473684210526,0.0
82,0.017241379310344834,0.8826714801444036,0.5740740740740741,0.5,1.0,0.0,0.5201834862385322,0.0,1.0,1.0,0.368421052631579,0.5
83,0.9295977011494255,0.12454873646209386,0.7407407407407407,0.5,0.0,0.0,0.9837155963302753,0.0,0.5,0.5,0.48684210526315785,1.0
84,0.03735632183908047,0.2707581227436817,0.8518518518518516,1.0,0.0,0.0,0.025688073394495414,0.0,1.0,1.0,0.0,0.5
85,0.028735632183908066,0.6516245487364616,0.7222222222222222,0.5,0.0,1.0,0.3655963302752294,0.0,0.0,1.0,0.006578947368421018,0.0
86,0.5158045977011495,0.05415162454873634,0.0,1.0,1.0,1.0,0.18027522935779816,0.0,0.5,1.0,0.5131578947368421,0.5
87,0.8376436781609197,0.11371841155234641,0.8148148148148147,0.0,1.0,1.0,0.013990825688073305,0.0,0.0,1.0,0.6118421052631579,0.5
88,0.4928160919540231,0.12274368231046928,0.648148148148148,0.0,0.0,1.0,0.9626146788990826,0.0,0.0,0.0,0.22368421052631582,0.0
89,0.8304597701149427,0.5758122743682303,0.5,0.5,0.0,1.0,0.016055045871559592,0.0,1.0,0.0,0.3157894736842105,0.5
90,0.007183908045977017,0.7274368231046928,0.8518518518518516,0.5,0.0,0.0,0.3525229357798165,0.0,1.0,1.0,0.013157894736842035,0.5
91,0.24281609195402307,0.7220216606498191,0.7407407407407407,0.5,1.0,1.0,0.7676605504587155,0.0,0.5,0.0,0.6513157894736843,0.5
92,0.04022988505747127,0.23826714801444027,0.537037037037037,1.0,0.0,1.0,0.3502293577981652,0.0,0.5,0.0,0.4078947368421052,0.5
93,0.6436781609195403,0.010830324909746558,0.5740740740740741,1.0,0.0,1.0,0.7731651376146789,0.0,0.0,0.0,0.75,0.0
94,0.5905172413793104,0.9638989169675085,0.35185185185185186,0.5,0.0,0.0,0.06215596330275219,0.0,0.0,0.0,0.9407894736842106,0.5
95,0.02729885057471268,0.012635379061371133,0.9074074074074072,0.5,0.0,0.0,0.8369266055045872,0.5,0.5,1.0,0.9407894736842106,1.0
96,0.9310344827586209,0.5018050541516246,0.018518518518518517,1.0,1.0,1.0,0.10550458715596323,0.0,0.5,0.0,0.5855263157894737,0.5
97,0.2543103448275863,0.6227436823104693,0.611111111111111,1.0,1.0,1.0,0.09013761467889903,0.0,0.0,1.0,0.006578947368421018,0.5
98,0.810344827586207,0.7129963898916962,0.5185185185185184,1.0,1.0,0.0,0.4130733944954128,0.5,1.0,0.0,0.30263157894736836,0.5
99,0.002873563218390801,0.03249097472924145,0.6851851851851851,0.0,1.0,1.0,0.3392201834862385,0.0,0.0,1.0,0.14473684210526316,0.5
100,0.37787356321839094,0.5577617328519855,0.6851851851851851,1.0,0.0,1.0,0.42087155963302747,0.0,1.0,0.0,0.17763157894736836,0.0
101,0.7183908045977013,0.30505415162454863,0.6296296296296295,0.5,0.0,1.0,0.7619266055045872,0.0,0.0,0.5,0.08552631578947367,0.5
102,0.005747126436781602,0.014440433212995707,0.03703703703703701,0.0,1.0,1.0,0.34472477064220186,0.0,0.0,1.0,0.006578947368421018,0.5
103,0.5862068965517243,0.9458483754512628,0.18518518518518515,0.5,0.0,0.0,0.6566513761467889,0.0,0.5,0.5,0.7960526315789473,0.5
104,0.6149425287356324,0.04512635379061347,0.7037037037037036,0.5,1.0,1.0,0.1681192660550458,0.0,0.5,0.5,0.48026315789473684,0.5
105,0.9554597701149427,0.6444043321299633,0.2592592592592593,0.5,1.0,0.0,0.9314220183486239,0.0,0.0,0.0,0.7302631578947367,0.5
106,0.09195402298850572,0.07400722021660577,0.8518518518518516,0.0,0.0,1.0,0.6905963302752294,1.0,0.0,0.5,0.39473684210526305,0.5
107,0.10057471264367815,0.8772563176895307,0.7222222222222222,0.0,0.0,0.0,0.07087155963302749,0.0,1.0,1.0,0.8289473684210527,0.5
108,0.5977011494252875,0.7400722021660648,0.12962962962962962,0.5,0.0,1.0,0.12270642201834858,0.0,1.0,1.0,0.0,0.5
109,0.6120689655172414,0.7418772563176894,0.9444444444444444,1.0,0.0,0.0,0.8811926605504588,0.5,0.0,1.0,0.006578947368421018,0.0
110,0.07040229885057472,0.7527075812274369,0.6296296296296295,0.0,0.0,1.0,0.9490825688073394,0.0,0.5,1.0,0.6644736842105263,0.5
111,0.11206896551724141,0.005415162454873723,0.0,0.0,1.0,0.0,0.2711009174311926,0.0,1.0,0.0,0.5263157894736843,0.5
112,0.7428160919540231,0.8971119133574001,0.7777777777777777,0.5,1.0,0.0,0.7362385321100917,0.0,0.0,0.0,0.006578947368421018,1.0
113,0.13936781609195406,0.8483754512635375,0.2777777777777778,0.0,1.0,1.0,0.32637614678899074,0.0,0.0,1.0,0.006578947368421018,0.0
114,0.5775862068965518,0.7166064981949454,0.9444444444444444,1.0,0.0,1.0,0.05802752293577973,0.0,0.0,0.5,0.8289473684210527,1.0
115,0.02729885057471268,0.7220216606498191,0.2777777777777778,0.0,0.0,0.0,0.9678899082568808,0.0,1.0,1.0,0.0,0.5
116,0.2571839080459771,0.7346570397111911,0.0,1.0,1.0,1.0,0.3465596330275229,0.0,0.5,0.0,0.6973684210526316,0.0
117,0.942528735632184,0.7545126353790614,0.7037037037037036,0.0,1.0,1.0,0.8972477064220183,0.0,0.0,1.0,0.7960526315789473,0.0
118,0.9770114942528739,0.8393501805054147,0.018518518518518517,0.5,1.0,1.0,0.07178899082568801,0.0,1.0,0.0,0.5,0.5
119,0.06321839080459771,0.0,0.0,0.5,1.0,0.0,0.34311926605504595,0.0,0.5,1.0,0.4671052631578947,0.5
120,0.5474137931034484,0.09025270758122694,0.7222222222222222,0.0,0.0,0.0,0.07522935779816509,0.0,0.5,0.5,0.9013157894736843,0.0
121,0.041666666666666685,0.987364620938628,0.7222222222222222,1.0,1.0,0.0,0.9534403669724771,0.0,0.5,0.5,0.5723684210526315,0.5
122,0.29885057471264376,0.5812274368231041,0.7222222222222222,1.0,0.0,0.0,0.33233944954128436,0.0,0.5,0.5,0.9276315789473684,0.0
123,0.4224137931034483,0.03971119133573975,0.648148148148148,0.5,0.0,0.0,0.014908256880733939,0.5,0.5,0.5,0.48684210526315785,0.0
124,0.8405172413793104,0.03249097472924145,0.18518518518518515,1.0,0.0,1.0,0.9889908256880735,0.0,0.5,0.5,0.8026315789473684,1.0
125,0.4353448275862071,0.5162454873646203,0.537037037037037,0.0,0.0,1.0,0.37477064220183487,0.0,0.5,1.0,0.4605263157894737,0.0
126,0.31896551724137934,0.009025270758121984,0.0740740740740741,0.5,0.0,0.0,0.9850917431192661,0.0,0.5,1.0,1.0,1.0
127,0.5775862068965518,0.8357400722021655,0.5185185185185184,0.5,0.0,1.0,0.8263761467889907,0.0,1.0,1.0,0.8355263157894737,0.5
128,0.02442528735632185,0.893501805054151,0.5925925925925926,0.5,0.0,0.0,0.1309633027522935,1.0,0.5,1.0,0.375,0.0
129,0.008620689655172431,0.149819494584837,0.7037037037037036,0.5,0.0,1.0,0.7596330275229357,0.0,0.5,0.5,0.6973684210526316,0.0
130,0.11350574712643682,0.9566787003610102,0.09259259259259253,1.0,1.0,0.0,1.0,0.0,1.0,1.0,0.4473684210526315,0.5
131,0.028735632183908066,0.7527075812274369,0.611111111111111,0.5,1.0,0.0,0.26422018348623855,0.0,0.5,0.0,0.019736842105263108,0.5
132,0.8017241379310346,0.7292418772563174,0.4629629629629629,1.0,1.0,1.0,0.23944954128440366,0.0,1.0,0.0,0.4078947368421052,1.0
133,0.7500000000000001,0.028880866425992302,0.4814814814814815,0.0,1.0,1.0,0.07316513761467891,0.0,1.0,1.0,0.7039473684210527,0.0
134,0.8448275862068967,0.0,0.0,1.0,0.0,1.0,0.2155963302752293,0.0,0.5,1.0,0.493421052631579,0.5
135,0.014367816091954033,0.13898916967508956,0.7222222222222222,0.0,1.0,1.0,0.973394495412844,0.0,0.5,0.0,0.736842105263158,0.0
136,0.1063218390804598,0.40974729241877217,0.648148148148148,0.0,0.0,0.0,0.9600917431192661,0.0,0.5,0.5,0.6842105263157896,0.0
137,0.7270114942528737,0.4007220216606493,0.6296296296296295,1.0,1.0,1.0,0.16055045871559626,0.0,1.0,0.0,0.1578947368421052,0.5
138,0.03017241379310348,0.9223826714801442,0.4259259259259258,0.0,0.0,0.0,0.9903669724770643,0.0,0.5,0.0,0.9210526315789473,0.0
139,0.5991379310344829,0.4079422382671476,0.018518518518518517,0.0,0.0,1.0,0.3552752293577981,0.0,1.0,1.0,0.618421052631579,0.5
140,0.03160919540229884,0.7093862815884471,0.0,1.0,0.0,1.0,0.9821100917431194,0.0,0.5,1.0,0.4013157894736842,0.0
141,0.7543103448275864,0.31227436823104693,0.7592592592592593,1.0,0.0,1.0,0.04931192660550454,0.0,0.0,0.5,0.4736842105263158,1.0
142,0.7571839080459771,0.8375451263537901,0.537037037037037,1.0,0.0,1.0,0.059403669724770625,0.0,1.0,1.0,0.881578947368421,0.5
143,0.15660919540229887,0.007220216606497409,0.0,0.5,1.0,1.0,0.09197247706422018,0.0,0.5,0.5,0.8026315789473684,0.0
144,0.596264367816092,0.14079422382671414,0.6851851851851851,0.0,1.0,0.0,0.351605504587156,0.0,0.0,0.5,0.23684210526315785,0.5
145,0.5933908045977012,0.018050541516244856,0.7037037037037036,0.0,0.0,1.0,0.361697247706422,0.0,0.5,1.0,0.888157894736842,0.0
146,0.07902298850574715,0.3880866425992773,0.537037037037037,0.0,0.0,0.0,0.9552752293577982,0.0,1.0,0.0,0.7894736842105263,0.5
147,0.6910919540229886,0.04151624548736432,0.5,0.0,1.0,1.0,0.059633027522935755,0.0,0.5,0.0,0.9736842105263157,0.5
148,0.5445402298850576,0.7364620938628157,0.018518518518518517,0.0,1.0,1.0,0.05252293577981648,0.0,0.5,0.0,0.06578947368421051,0.0
149,0.17816091954022992,0.2635379061371834,0.7037037037037036,0.0,0.0,1.0,0.09816513761467882,1.0,0.0,0.0,0.7105263157894737,0.0
150,0.07327586206896555,0.028880866425992302,0.7222222222222222,0.5,0.0,1.0,0.04334862385321092,0.0,0.5,0.5,0.5855263157894737,0.5
151,0.4137931034482759,0.71841155234657,0.018518518518518517,1.0,1.0,1.0,0.9779816513761468,0.0,0.5,0.0,0.20394736842105254,1.0
152,0.6206896551724139,0.8916967509025264,0.7222222222222222,0.5,0.0,0.0,0.405045871559633,0.0,0.5,0.5,0.3421052631578948,0.5
153,0.5833333333333334,0.050541516245487195,0.0,0.5,1.0,0.0,0.1827981651376146,0.0,1.0,0.0,0.42763157894736836,0.5
154,0.5775862068965518,0.027075812274367728,0.6666666666666666,0.0,0.0,0.0,0.06055045871559628,0.0,0.5,0.5,0.026315789473684126,0.0
155,0.8721264367816094,0.13357400722021584,0.7222222222222222,0.5,0.0,0.0,0.00619266055045864,1.0,0.0,0.0,0.7894736842105263,0.0
156,0.6077586206896552,0.08844765342960237,0.611111111111111,1.0,1.0,0.0,0.0344036697247706,0.5,0.0,0.5,0.3355263157894737,0.5
157,0.7198275862068967,0.128158844765343,0.611111111111111,0.0,0.0,0.0,0.11972477064220177,0.0,0.0,0.5,0.10526315789473678,0.5
158,0.08908045977011494,0.021660649819494004,0.0,0.0,0.0,1.0,0.03371559633027521,0.0,0.0,1.0,0.42763157894736836,0.5
159,0.05316091954022992,0.7238267148014437,0.0,1.0,0.0,1.0,0.34678899082568804,0.0,0.0,0.0,0.48026315789473684,0.5
160,0.011494252873563232,0.0018050541516245744,0.5740740740740741,1.0,1.0,0.0,0.8451834862385321,0.0,1.0,0.5,0.9078947368421053,0.0
161,0.45833333333333337,0.05776173285198549,0.03703703703703701,0.5,1.0,0.0,0.5589449541284404,0.0,1.0,0.5,0.4013157894736842,0.0
162,0.05028735632183909,0.030685920577616876,0.8333333333333333,1.0,0.0,1.0,0.9534403669724771,0.0,0.0,1.0,0.9671052631578947,0.5
163,0.9410919540229886,0.12454873646209386,0.6296296296296295,0.5,1.0,1.0,0.9139908256880733,0.0,0.0,0.5,0.3092105263157895,0.5
164,0.7686781609195403,0.0018050541516245744,0.7407407407407407,0.5,0.0,0.0,0.9887614678899082,0.5,0.5,0.5,0.8223684210526316,1.0
165,0.810344827586207,0.03971119133573975,0.20370370370370364,0.0,1.0,1.0,0.34266055045871546,0.0,0.0,0.5,0.23026315789473684,0.5
166,0.7629310344827587,0.7166064981949454,0.7407407407407407,0.0,0.0,1.0,0.7942660550458716,0.0,0.5,0.0,0.5197368421052632,1.0
167,0.8620689655172417,0.07039711191335662,0.09259259259259253,0.5,1.0,0.0,0.08096330275229358,0.0,0.5,0.0,0.9605263157894737,0.0
168,0.09339080459770119,0.8682310469314078,0.018518518518518517,1.0,0.0,1.0,0.03692660550458715,0.0,1.0,1.0,0.6907894736842106,0.5
169,0.033045977011494254,0.010830324909746558,0.6296296296296295,0.0,0.0,0.0,0.9752293577981652,0.0,0.0,0.0,0.006578947368421018,0.0
170,0.7313218390804599,0.09205776173285152,0.0,1.0,0.0,1.0,0.3378440366972477,0.5,0.5,0.0,0.046052631578947345,1.0
171,0.663793103448276,1.0,0.33333333333333326,0.0,0.0,1.0,0.20848623853211,0.0,0.5,1.0,0.8092105263157896,1.0
172,0.7255747126436783,0.13898916967508956,0.018518518518518517,0.0,0.0,1.0,0.3422018348623852,0.0,0.0,1.0,0.4605263157894737,0.5
173,0.012931034482758647,0.0866425992779778,0.648148148148148,1.0,0.0,1.0,0.33371559633027514,0.0,0.5,0.0,0.6776315789473684,0.0
174,0.3491379310344829,0.9350180505415162,0.9629629629629628,0.0,1.0,0.0,0.6642201834862385,0.0,0.5,0.5,0.013157894736842035,1.0
175,0.012931034482758647,0.1444043321299633,0.537037037037037,0.5,1.0,1.0,0.0775229357798165,0.0,1.0,1.0,0.3355263157894737,0.0
176,0.022988505747126464,0.0036101083032491488,0.7407407407407407,0.0,0.0,0.0,0.9915137614678899,0.0,0.5,0.5,0.5131578947368421,0.0
177,0.03160919540229884,0.012635379061371133,0.611111111111111,0.0,1.0,1.0,0.04036697247706422,0.0,0.5,0.0,0.6710526315789473,0.0
178,0.041666666666666685,0.005415162454873723,0.0,1.0,1.0,1.0,0.9928899082568807,0.0,0.5,0.5,0.45394736842105265,1.0
179,0.03017241379310348,0.7400722021660648,0.9074074074074072,0.0,0.0,0.0,0.3580275229357799,0.0,0.0,0.5,0.763157894736842,1.0
180,0.8405172413793104,0.0,0.6851851851851851,1.0,1.0,1.0,0.36284403669724763,0.0,0.5,1.0,0.0,1.0
181,0.5775862068965518,0.0,0.0,0.5,0.0,1.0,0.9892201834862386,0.0,0.5,0.0,0.625,0.5
182,0.6724137931034484,0.7581227436823097,0.0,0.5,0.0,0.0,0.8272935779816513,0.0,1.0,0.5,0.6513157894736843,0.5
183,0.7270114942528737,0.09205776173285152,1.0,0.0,0.0,0.0,0.022706422018348604,1.0,0.0,1.0,0.7105263157894737,0.5
184,0.656609195402299,0.7256317689530682,0.611111111111111,0.0,0.0,0.0,0.8243119266055046,0.0,1.0,0.5,0.2828947368421052,0.5
185,0.007183908045977017,0.11371841155234641,0.6296296296296295,1.0,1.0,1.0,0.4018348623853212,0.0,0.5,1.0,0.493421052631579,1.0
186,0.6321839080459771,0.0018050541516245744,1.0,1.0,0.0,1.0,0.9557339449541284,0.0,1.0,0.0,0.006578947368421018,0.5
187,0.020114942528735663,0.0361010830324906,0.9814814814814814,0.0,0.0,0.0,0.8944954128440368,0.0,1.0,0.0,0.013157894736842035,0.5
188,0.8850574712643681,0.5072202166064974,0.7777777777777777,0.5,1.0,1.0,0.8305045871559633,0.0,0.0,0.0,0.48684210526315785,0.5
189,0.7370689655172415,0.7599277978339343,0.8703703703703702,1.0,0.0,1.0,0.5229357798165137,1.0,0.0,1.0,0.006578947368421018,0.0
190,0.033045977011494254,0.9007220216606493,0.6666666666666666,0.5,0.0,0.0,0.7511467889908257,0.5,0.5,0.0,0.5,0.0
191,0.007183908045977017,0.846570397111913,0.8703703703703702,1.0,0.0,1.0,0.4394495412844037,0.0,0.0,0.5,0.875,0.5
192,0.3204022988505748,0.0036101083032491488,0.018518518518518517,0.0,0.0,0.0,0.3188073394495412,0.0,0.0,0.5,0.1907894736842105,0.5
193,0.017241379310344834,0.05956678700361007,0.018518518518518517,1.0,1.0,1.0,0.3472477064220183,0.0,0.5,1.0,0.26315789473684204,1.0
194,0.020114942528735663,0.7364620938628157,0.33333333333333326,0.0,1.0,1.0,0.868348623853211,1.0,1.0,0.0,0.0,0.5
195,0.08620689655172412,0.0794223826714795,0.9259259259259258,1.0,1.0,1.0,0.9600917431192661,0.0,0.5,0.0,0.868421052631579,0.0
196,0.03448275862068967,0.7256317689530682,0.537037037037037,0.0,0.0,0.0,0.3788990825688072,0.0,1.0,1.0,0.1907894736842105,0.5
197,0.5919540229885059,0.021660649819494004,0.6851851851851851,0.0,0.0,0.0,0.3655963302752294,0.0,0.0,0.5,0.17763157894736836,0.5
198,0.7370689655172415,0.8772563176895307,0.7037037037037036,0.0,0.0,0.0,0.20091743119266048,0.0,0.0,0.5,0.006578947368421018,0.0
199,0.04310344827586207,0.4855595667870034,0.648148148148148,0.5,1.0,1.0,0.9993119266055046,0.0,0.5,0.0,0.9078947368421053,0.5
200,0.7471264367816094,0.09747292418772524,0.5185185185185184,1.0,0.0,1.0,0.40894495412844045,1.0,0.0,0.0,0.0,0.5
201,0.0043103448275862155,0.08303249097472865,0.611111111111111,1.0,1.0,1.0,0.6866972477064219,0.0,0.0,1.0,0.4078947368421052,0.0
202,0.8864942528735634,0.637184115523465,0.018518518518518517,0.5,0.0,1.0,0.04495412844036695,0.0,1.0,0.0,0.6118421052631579,0.5
203,0.020114942528735663,0.7454873646209386,0.6851851851851851,1.0,0.0,0.0,0.008027522935779796,0.5,0.5,0.5,0.4473684210526315,0.0
204,0.5833333333333334,0.7599277978339343,0.7037037037037036,0.5,1.0,0.0,0.2864678899082569,0.0,0.5,0.0,0.48026315789473684,0.5
205,0.012931034482758647,0.007220216606497409,0.6666666666666666,0.5,1.0,0.0,0.7211009174311926,0.0,0.5,0.0,0.5855263157894737,0.5
206,0.7729885057471266,0.06498194945848379,0.5185185185185184,0.5,0.0,1.0,0.16399082568807333,0.0,0.5,0.5,0.006578947368421018,0.0
207,0.0675287356321839,0.16967509025270733,0.7407407407407407,0.5,0.0,1.0,0.12683486238532105,0.5,0.5,0.5,0.0,0.5
208,0.949712643678161,0.32490974729241806,0.5555555555555555,1.0,0.0,0.0,0.9759174311926606,0.0,1.0,0.5,0.0,0.5
209,0.8204022988505749,0.756317689530686,0.6296296296296295,0.5,1.0,0.0,0.888302752293578,0.0,1.0,0.0,0.8157894736842106,1.0
210,0.11781609195402301,0.8537906137184113,0.0,0.0,1.0,1.0,0.798165137614679,0.0,0.0,1.0,0.493421052631579,0.5
211,0.10201149425287362,0.9241877256317688,0.4814814814814815,0.0,0.0,0.0,0.07775229357798163,0.0,0.5,0.0,0.4144736842105262,0.5
212,0.8534482758620691,0.42418772563176876,0.6296296296296295,0.5,1.0,1.0,0.3378440366972477,0.0,0.0,0.0,0.019736842105263108,0.5
213,0.11781609195402301,0.04873646209386262,0.11111111111111108,0.0,0.0,0.0,0.3451834862385321,0.0,1.0,0.5,0.0,1.0
214,0.08908045977011494,0.07400722021660577,0.611111111111111,0.5,0.0,1.0,0.023394495412843996,0.0,0.5,1.0,0.09210526315789469,0.0
215,0.022988505747126464,0.021660649819494004,0.611111111111111,1.0,0.0,1.0,0.4016055045871558,0.0,0.5,0.0,0.6842105263157896,0.0
216,0.022988505747126464,0.31227436823104693,0.8518518518518516,0.5,0.0,0.0,0.5690366972477063,0.0,0.0,0.0,0.7894736842105263,0.5
217,0.02155172413793105,0.11010830324909726,0.9074074074074072,1.0,1.0,0.0,0.015596330275229331,0.0,1.0,0.0,0.16447368421052633,0.5
218,0.048850574712643674,0.11913357400722013,0.6296296296296295,1.0,0.0,0.0,0.8669724770642202,0.0,0.5,0.5,0.6710526315789473,0.5
219,0.0014367816091954144,0.6823104693140793,0.16666666666666666,0.5,0.0,0.0,0.49816513761467895,0.0,0.5,1.0,0.7236842105263157,0.5
220,0.9798850574712646,0.027075812274367728,0.9074074074074072,0.5,0.0,1.0,0.8435779816513762,0.0,0.5,1.0,0.0328947368421052,0.5
221,0.011494252873563232,0.7202166064981945,0.648148148148148,0.5,0.0,1.0,0.06628440366972477,0.0,0.0,0.5,0.06578947368421051,1.0
222,0.5919540229885059,0.7400722021660648,0.0,0.5,0.0,0.0,0.9321100917431193,0.0,0.0,0.0,0.256578947368421,0.5
223,0.11350574712643682,0.010830324909746558,0.7962962962962963,0.5,0.0,0.0,0.3509174311926606,0.5,0.5,1.0,0.0,0.5
224,0.8936781609195404,0.9548736462093856,0.7222222222222222,0.0,0.0,0.0,0.37775229357798157,0.0,0.5,0.5,0.763157894736842,0.5
225,0.08764367816091959,0.06678700361010836,0.37037037037037035,1.0,0.0,1.0,0.9750000000000001,0.0,0.0,0.0,0.006578947368421018,0.5
226,0.005747126436781602,0.05234657039711177,0.7222222222222222,0.0,0.0,1.0,0.9683486238532111,0.0,0.5,1.0,0.5328947368421053,0.0
227,0.5876436781609197,0.16245487364620903,0.0,0.5,1.0,1.0,0.4190366972477064,0.0,0.5,1.0,0.5,0.5
228,0.7643678160919543,0.08303249097472865,0.5555555555555555,0.0,1.0,1.0,0.032110091743119185,0.0,0.0,1.0,0.0,1.0
229,0.060344827586206934,0.005415162454873723,0.537037037037037,0.0,0.0,1.0,0.9763761467889909,0.0,0.0,0.5,0.7960526315789473,0.5
230,0.028735632183908066,0.05956678700361007,0.7037037037037036,0.0,0.0,0.0,0.06169724770642193,1.0,0.5,0.0,0.0,0.5
231,0.5876436781609197,0.07761732851985492,1.0,0.0,1.0,0.0,0.006880733944954032,0.5,0.5,0.0,0.006578947368421018,1.0
232,0.8160919540229886,0.11552346570397098,0.7037037037037036,0.5,0.0,0.0,0.33738532110091746,0.0,0.5,0.0,0.763157894736842,0.5
233,0.017241379310344834,0.8140794223826715,0.5740740740740741,1.0,0.0,0.0,0.2747706422018348,0.5,0.0,1.0,0.019736842105263108,0.5
234,0.29166666666666674,0.0036101083032491488,0.018518518518518517,1.0,0.0,0.0,0.33967889908256876,0.0,0.5,0.5,0.6710526315789473,0.0
235,0.7801724137931035,0.26895306859205714,0.018518518518518517,0.5,0.0,0.0,0.21238532110091735,1.0,0.5,0.5,0.4144736842105262,0.5
236,0.5172413793103449,0.7364620938628157,0.537037037037037,0.0,1.0,0.0,0.9809633027522935,0.0,0.5,0.0,0.20394736842105254,0.5
237,0.6077586206896552,0.8357400722021655,0.37037037037037035,0.5,0.0,0.0,0.3536697247706422,0.0,1.0,0.5,0.4013157894736842,0.5
238,0.09051724137931036,0.9476534296028873,0.0,0.5,1.0,0.0,0.7896788990825687,0.0,1.0,1.0,0.5855263157894737,1.0
239,0.6264367816091955,0.0,0.7037037037037036,0.0,0.0,1.0,0.5243119266055045,0.0,1.0,0.0,0.868421052631579,1.0
240,0.13793103448275865,0.7581227436823097,0.8888888888888888,1.0,0.0,1.0,0.19128440366972477,0.0,0.5,0.0,0.42763157894736836,0.0
241,0.9137931034482759,0.030685920577616876,0.018518518518518517,1.0,1.0,1.0,0.41055045871559637,0.0,0.5,0.0,0.19736842105263153,0.0
242,0.057471264367816105,0.8339350180505409,0.611111111111111,0.5,0.0,0.0,0.5458715596330275,0.0,0.0,0.5,0.026315789473684126,1.0
243,0.6149425287356324,0.03249097472924145,0.12962962962962962,0.0,0.0,1.0,0.010091743119265972,0.0,0.0,1.0,0.8092105263157896,0.5
244,0.017241379310344834,0.149819494584837,0.7407407407407407,1.0,0.0,0.0,0.9470183486238533,0.0,1.0,0.5,0.0328947368421052,0.0
245,0.9396551724137933,0.7364620938628157,0.2777777777777778,0.0,0.0,1.0,0.8052752293577983,0.5,0.5,0.0,0.980263157894737,0.5
246,0.41954022988505757,0.07400722021660577,0.9074074074074072,0.0,0.0,0.0,0.06353211009174309,0.0,0.0,0.5,0.5986842105263158,0.0
247,0.8160919540229886,0.6101083032490973,0.11111111111111108,0.5,1.0,1.0,0.20298165137614677,0.0,0.5,0.5,1.0,1.0
248,0.07183908045977014,0.012635379061371133,0.6296296296296295,0.5,1.0,0.0,0.9305045871559634,0.0,0.0,0.0,0.381578947368421,1.0
249,0.32327586206896564,0.4855595667870034,0.7407407407407407,0.5,0.0,1.0,0.8032110091743119,1.0,1.0,0.5,0.24342105263157898,0.0
250,0.8591954022988507,0.7418772563176894,0.6296296296296295,1.0,0.0,0.0,0.9619266055045872,0.5,0.0,0.5,0.3486842105263158,0.5
251,0.03160919540229884,0.10469314079422354,0.8888888888888888,0.5,0.0,1.0,0.07064220183486236,0.0,1.0,0.0,0.006578947368421018,0.0
252,0.060344827586206934,0.2870036101083029,0.03703703703703701,0.5,1.0,1.0,0.6371559633027524,1.0,0.0,1.0,0.0,0.5
253,0.05890804597701152,0.050541516245487195,0.7222222222222222,1.0,1.0,1.0,0.7458715596330274,0.0,0.0,0.5,0.006578947368421018,1.0
254,0.8678160919540231,0.7418772563176894,0.0,0.0,0.0,1.0,0.36444954128440354,1.0,0.0,0.0,0.45394736842105265,0.5
255,0.32183908045977017,0.07761732851985492,0.018518518518518517,1.0,0.0,1.0,0.4706422018348624,1.0,1.0,0.5,0.4342105263157895,0.0
256,0.6020114942528736,0.731046931407942,0.2777777777777778,0.0,1.0,1.0,0.7885321100917431,0.0,0.0,1.0,0.006578947368421018,0.5
257,0.015804597701149448,0.128158844765343,0.9074074074074072,0.0,0.0,1.0,0.9995412844036697,0.0,0.0,1.0,0.6907894736842106,0.5
258,0.5158045977011495,0.5072202166064974,0.8333333333333333,0.0,1.0,0.0,0.5965596330275229,0.0,1.0,0.5,0.013157894736842035,0.0
259,0.014367816091954033,0.9711191335740068,0.018518518518518517,1.0,0.0,1.0,0.04495412844036695,0.0,0.5,1.0,0.39473684210526305,0.5
260,0.19540229885057472,0.7509025270758123,0.0,1.0,1.0,1.0,0.18004587155963303,0.0,1.0,0.0,0.0,0.0
261,0.9137931034482759,0.08122743682310407,0.1481481481481481,0.0,1.0,0.0,0.9369266055045871,0.0,0.0,0.0,0.861842105263158,0.5
262,0.03160919540229884,0.24007220216606484,0.611111111111111,1.0,1.0,0.0,0.7506880733944954,0.5,0.5,0.5,0.48026315789473684,0.0
263,0.31034482758620696,0.06317689530685922,0.7407407407407407,0.0,1.0,0.0,0.22821100917431192,0.0,0.0,1.0,0.006578947368421018,0.0
264,0.002873563218390801,0.009025270758121984,0.5740740740740741,1.0,0.0,1.0,0.23302752293577977,0.0,0.5,0.0,0.42763157894736836,1.0
265,0.008620689655172431,0.0036101083032491488,0.0,0.5,1.0,0.0,0.2229357798165137,0.0,0.5,1.0,0.3421052631578948,0.5
266,0.03160919540229884,0.005415162454873723,0.7407407407407407,0.0,0.0,0.0,0.9839449541284404,0.0,0.5,0.0,0.5592105263157894,0.0
267,0.8362068965517243,0.018050541516244856,0.7222222222222222,0.0,0.0,0.0,0.9993119266055046,0.0,0.5,1.0,0.5,1.0
268,0.0043103448275862155,0.09747292418772524,0.018518518518518517,0.0,0.0,0.0,0.36307339449541276,0.0,0.5,0.5,0.6513157894736843,0.0
269,0.22413793103448285,0.7527075812274369,0.5185185185185184,1.0,0.0,1.0,0.36077981651376145,0.0,1.0,0.0,0.0,0.5
270,0.08477011494252876,0.10288808664259896,0.33333333333333326,0.0,1.0,0.0,0.36307339449541276,0.0,1.0,0.5,0.42105263157894735,0.0
271,0.011494252873563232,0.137184115523465,0.9629629629629628,1.0,0.0,0.0,0.8880733944954129,0.0,0.0,0.5,1.0,0.0
272,0.584770114942529,0.9620938628158839,0.4444444444444444,0.5,1.0,0.0,0.13509174311926597,0.0,1.0,1.0,0.006578947368421018,0.5
273,0.7327586206896552,0.7490974729241877,0.0,1.0,0.0,1.0,0.344954128440367,0.0,0.5,0.0,0.5592105263157894,0.0
274,0.02442528735632185,0.7093862815884471,0.018518518518518517,0.0,1.0,0.0,0.9917431192660551,0.0,0.5,0.0,0.4013157894736842,0.5
275,0.9281609195402302,0.5270758122743677,0.16666666666666666,0.5,1.0,1.0,0.34747706422018343,0.0,0.5,0.0,0.493421052631579,0.0
276,0.9008620689655175,0.0036101083032491488,0.8333333333333333,1.0,0.0,0.0,0.2126146788990826,0.0,0.0,0.5,0.7828947368421053,0.5
277,0.7485632183908048,0.649819494584837,0.7407407407407407,0.0,0.0,1.0,0.15733944954128432,0.0,0.5,0.0,0.5592105263157894,0.5
278,0.9454022988505749,0.6245487364620939,0.12962962962962962,1.0,0.0,1.0,0.031192660550458662,0.0,0.5,0.5,0.7105263157894737,0.0
279,0.8419540229885057,0.10649819494584811,0.16666666666666666,0.5,0.0,1.0,0.09197247706422018,0.0,0.5,0.0,0.763157894736842,0.0
280,0.5014367816091956,0.11732851985559556,0.6296296296296295,0.0,0.0,1.0,0.9954128440366972,0.0,0.5,1.0,0.0,1.0
281,0.03017241379310348,0.010830324909746558,0.0,0.0,0.0,0.0,0.9924311926605505,0.0,0.0,0.0,0.3421052631578948,0.5
282,0.26005747126436785,0.9548736462093856,0.2592592592592593,0.5,0.0,0.0,0.22752293577981653,0.0,0.5,1.0,0.0,0.0
283,0.025862068965517265,0.0036101083032491488,0.7962962962962963,0.0,0.0,1.0,0.007110091743119273,0.5,1.0,0.5,0.0,0.0
284,0.2701149425287357,0.046931407942238046,0.7037037037037036,0.0,1.0,1.0,0.7142201834862385,0.0,0.5,1.0,0.8223684210526316,0.0
285,0.007183908045977017,0.4079422382671476,0.648148148148148,0.5,0.0,1.0,0.3458715596330275,0.0,0.0,0.5,0.4078947368421052,0.0
286,0.06178160919540235,0.034296028880866025,0.7222222222222222,0.0,1.0,1.0,0.07889908256880729,0.5,0.5,1.0,0.006578947368421018,0.5
287,0.21695402298850577,0.025270758122743153,0.6851851851851851,0.5,0.0,0.0,0.04678899082568799,0.0,0.5,0.5,0.6644736842105263,1.0
288,0.028735632183908066,0.9476534296028873,0.6666666666666666,0.0,1.0,0.0,0.83348623853211,0.0,0.5,1.0,0.5328947368421053,0.5
289,0.005747126436781602,0.40252707581227387,0.7407407407407407,0.5,0.0,1.0,0.05825688073394486,0.0,1.0,0.0,0.006578947368421018,0.0
290,0.596264367816092,0.7238267148014437,0.7037037037037036,0.0,1.0,1.0,0.059862385321100886,0.0,0.0,1.0,0.14473684210526316,0.5
291,0.584770114942529,0.005415162454873723,0.018518518518518517,0.0,0.0,0.0,0.9610091743119267,1.0,0.5,0.5,0.4342105263157895,0.5
292,0.8160919540229886,0.08303249097472865,0.6296296296296295,1.0,1.0,1.0,0.4064220183486238,0.0,0.0,0.0,0.006578947368421018,0.0
293,0.7385057471264369,0.08122743682310407,0.018518518518518517,0.5,1.0,1.0,0.03646788990825689,0.5,0.5,1.0,0.6842105263157896,0.5
294,0.017241379310344834,0.0018050541516245744,0.5925925925925926,0.0,1.0,1.0,0.7908256880733946,0.0,1.0,1.0,0.7236842105263157,0.0
295,0.11781609195402301,0.7581227436823097,0.5,0.0,0.0,0.0,0.0899082568807339,0.0,1.0,0.0,0.11842105263157893,0.5
296,0.9022988505747128,0.4981949458483754,0.7222222222222222,0.5,0.0,1.0,0.0,0.5,1.0,0.0,0.0,0.5
297,0.08189655172413793,0.9386281588447654,0.6296296296296295,0.5,1.0,0.0,0.6488532110091743,0.0,0.5,0.5,0.375,0.0
298,0.8534482758620691,0.050541516245487195,0.018518518518518517,1.0,0.0,0.0,0.9433486238532109,0.0,0.5,0.5,0.6513157894736843,0.0
299,0.09770114942528738,0.8700361010830324,0.03703703703703701,0.5,0.0,0.0,0.6438073394495414,0.5,0.0,0.0,0.006578947368421018,0.5
300,0.4454022988505748,0.1444043321299633,0.4444444444444444,1.0,0.0,1.0,0.6685779816513762,0.0,0.0,0.0,0.0,0.0
301,0.5747126436781611,0.3916967509025264,0.6851851851851851,0.5,0.0,0.0,0.041284403669724745,0.0,0.5,1.0,0.618421052631579,0.5
302,0.048850574712643674,0.7238267148014437,0.018518518518518517,0.0,0.0,0.0,0.909862385321101,0.0,0.0,1.0,0.5789473684210525,0.5
303,0.8362068965517243,0.9638989169675085,0.611111111111111,1.0,1.0,1.0,0.06720183486238529,0.0,0.0,1.0,0.16447368421052633,0.5
304,0.6048850574712645,0.9729241877256314,0.648148148148148,0.5,0.0,0.0,0.9802752293577981,0.0,0.0,1.0,0.45394736842105265,0.5
305,0.6048850574712645,0.8104693140794224,0.5555555555555555,0.5,1.0,1.0,0.020412844036697186,0.0,1.0,0.0,0.11842105263157893,1.0
306,0.5991379310344829,0.9638989169675085,0.9629629629629628,0.0,0.0,0.0,0.9658256880733944,0.0,0.0,0.0,0.9342105263157894,0.5
307,0.07614942528735633,0.9277978339350179,0.7222222222222222,0.0,1.0,0.0,0.7493119266055046,0.0,1.0,0.5,0.861842105263158,1.0
308,0.04310344827586207,0.7527075812274369,0.5555555555555555,0.5,1.0,1.0,0.1139908256880734,0.0,0.0,1.0,0.0328947368421052,0.5
309,0.5948275862068967,0.2003610108303242,0.018518518518518517,0.5,0.0,0.0,0.3442660550458716,0.0,1.0,1.0,0.638157894736842,0.5
310,0.06465517241379312,0.07761732851985492,0.8518518518518516,0.5,0.0,0.0,0.2266055045871559,0.0,0.0,0.5,0.8092105263157896,0.5
311,0.03017241379310348,0.010830324909746558,0.018518518518518517,0.5,1.0,1.0,0.08256880733944949,0.0,0.5,0.5,0.861842105263158,0.0
312,0.011494252873563232,0.005415162454873723,0.7037037037037036,0.0,0.0,0.0,0.08256880733944949,1.0,0.0,0.5,0.9736842105263157,1.0
313,0.7097701149425288,0.1444043321299633,0.38888888888888895,1.0,1.0,0.0,0.9013761467889909,0.0,0.0,0.5,0.9473684210526316,1.0
314,0.9195402298850576,0.7527075812274369,0.6851851851851851,0.5,0.0,0.0,0.3204128440366971,0.0,0.0,0.0,0.375,0.5
315,0.406609195402299,0.8014440433212995,0.0,0.0,0.0,1.0,0.18669724770642193,0.0,0.0,1.0,0.0,0.0
316,0.0043103448275862155,0.13537906137184041,0.09259259259259253,0.0,0.0,0.0,0.573394495412844,0.0,0.5,0.0,0.9144736842105263,0.5
317,0.7471264367816094,0.08122743682310407,0.018518518518518517,0.0,0.0,0.0,0.9908256880733946,0.0,0.0,1.0,0.23026315789473684,0.0
318,0.5344827586206897,0.7274368231046928,0.0,1.0,0.0,1.0,0.3545871559633027,0.0,1.0,0.0,0.5394736842105263,0.0
319,0.002873563218390801,0.8628158844765341,0.0,0.5,1.0,1.0,0.5314220183486238,0.0,0.5,0.0,0.4473684210526315,0.5
320,0.6005747126436782,0.5595667870036101,0.8148148148148147,0.5,0.0,1.0,0.3091743119266055,0.0,1.0,0.5,0.0328947368421052,0.5
321,0.5919540229885059,0.12454873646209386,0.018518518518518517,1.0,0.0,0.0,0.32270642201834865,1.0,0.5,0.0,0.4473684210526315,0.5
322,0.035919540229885055,0.046931407942238046,0.7592592592592593,1.0,1.0,0.0,0.5594036697247706,0.0,0.5,0.0,0.4736842105263158,1.0
323,0.07758620689655174,0.04512635379061347,0.611111111111111,0.5,1.0,1.0,0.6332568807339449,0.0,0.0,0.0,0.026315789473684126,0.5
324,0.9698275862068967,0.9205776173285196,1.0,0.5,0.0,1.0,0.017889908256880638,0.0,1.0,1.0,0.0328947368421052,0.5
325,0.39655172413793116,0.2148014440433208,0.24074074074074073,0.0,1.0,0.0,0.03922018348623846,0.5,1.0,1.0,0.25,1.0
326,0.3045977011494253,0.790613718411552,0.6296296296296295,0.5,0.0,0.0,0.23738532110091737,0.0,0.0,0.0,0.0,1.0
327,0.9209770114942532,0.7364620938628157,0.611111111111111,0.0,1.0,1.0,0.04655963302752286,0.0,0.5,0.5,0.6578947368421053,0.5
328,0.5833333333333334,0.010830324909746558,0.537037037037037,1.0,1.0,0.0,0.8155963302752294,0.0,0.0,0.5,0.006578947368421018,0.5
329,0.044540229885057486,0.0018050541516245744,0.018518518518518517,0.5,1.0,0.0,0.7993119266055047,0.0,0.5,0.5,0.5657894736842105,0.0
330,0.8204022988505749,0.7238267148014437,0.4444444444444444,0.0,1.0,1.0,0.8121559633027522,0.0,0.5,1.0,1.0,0.0
331,0.5919540229885059,0.7418772563176894,0.0,1.0,0.0,0.0,0.25779816513761467,0.0,0.5,0.0,0.26315789473684204,1.0
332,0.06609195402298854,0.012635379061371133,0.2777777777777778,0.5,0.0,0.0,0.8231651376146789,0.0,1.0,1.0,0.006578947368421018,0.5
333,0.007183908045977017,0.7490974729241877,0.0,0.0,0.0,0.0,0.07270642201834854,0.0,1.0,0.0,0.026315789473684126,0.5
334,0.002873563218390801,0.010830324909746558,0.7407407407407407,0.5,0.0,1.0,0.7805045871559633,0.0,0.0,0.5,0.006578947368421018,0.0
335,0.5617816091954024,0.2870036101083029,0.0,0.0,1.0,1.0,0.566743119266055,0.5,1.0,0.5,0.6513157894736843,0.0
336,0.406609195402299,0.7129963898916962,0.7037037037037036,0.5,1.0,0.0,0.35733944954128427,0.0,0.0,1.0,0.638157894736842,0.0
337,0.8951149425287358,0.9512635379061365,0.22222222222222218,0.5,1.0,1.0,0.36444954128440354,0.0,0.0,0.0,0.0328947368421052,1.0
338,0.5948275862068967,0.7490974729241877,0.7962962962962963,0.0,0.0,0.0,0.9649082568807339,0.5,1.0,0.0,0.4078947368421052,0.5
339,0.002873563218390801,0.11191335740072184,0.8888888888888888,0.5,1.0,0.0,0.9864678899082568,0.0,0.0,0.5,0.7828947368421053,0.0
340,0.7054597701149427,0.005415162454873723,0.018518518518518517,1.0,0.0,1.0,0.9958715596330274,0.0,0.5,0.5,0.4671052631578947,0.5
341,0.0014367816091954144,0.7220216606498191,0.611111111111111,0.0,1.0,1.0,0.4233944954128439,0.0,0.0,0.5,0.38815789473684204,0.0
342,0.020114942528735663,0.7400722021660648,0.6666666666666666,0.0,0.0,0.0,0.9802752293577981,0.0,0.5,1.0,0.5328947368421053,1.0
343,0.03448275862068967,0.7274368231046928,0.8518518518518516,0.0,0.0,1.0,0.988532110091743,1.0,1.0,0.5,0.0,0.5
344,0.03160919540229884,0.5703971119133566,0.22222222222222218,0.0,1.0,1.0,0.28692660550458715,0.0,0.0,0.5,1.0,1.0
345,0.03017241379310348,0.8519855595667867,0.6296296296296295,0.0,1.0,0.0,0.521559633027523,0.0,0.5,0.5,0.5263157894736843,0.5
346,0.5919540229885059,0.7509025270758123,0.6666666666666666,0.5,0.0,1.0,0.35573394495412836,0.0,0.5,0.0,0.0328947368421052,1.0
347,0.35057471264367823,0.7418772563176894,0.018518518518518517,1.0,0.0,1.0,0.3408256880733944,0.0,0.5,0.5,0.4078947368421052,0.0
348,0.8117816091954023,0.1425992779783387,0.018518518518518517,1.0,1.0,0.0,0.05183486238532109,0.0,0.0,0.5,0.4078947368421052,0.5
349,0.028735632183908066,0.3519855595667867,0.16666666666666666,1.0,0.0,0.0,0.9993119266055046,0.0,0.5,0.5,0.9078947368421053,0.0
350,0.29885057471264376,0.40974729241877217,0.0,0.0,0.0,1.0,0.4949541284403669,0.0,0.5,0.5,0.5657894736842105,0.0
351,0.020114942528735663,0.5920577617328515,0.33333333333333326,0.0,1.0,0.0,0.155045871559633,0.0,1.0,0.5,0.013157894736842035,0.5
352,0.002873563218390801,0.1425992779783387,0.4814814814814815,1.0,0.0,0.0,0.09633027522935778,0.5,1.0,1.0,0.3157894736842105,0.5
353,0.2586206896551725,0.3303249097472918,0.7037037037037036,0.5,1.0,1.0,0.08165137614678897,0.0,0.5,0.0,0.6842105263157896,1.0
354,0.581896551724138,0.7093862815884471,0.31481481481481477,0.0,0.0,0.0,0.7543577981651377,0.0,1.0,1.0,0.006578947368421018,0.5
355,0.31178160919540243,0.04512635379061347,0.5185185185185184,0.0,0.0,0.0,0.0307339449541284,0.0,0.0,0.5,0.006578947368421018,0.0
356,0.008620689655172431,0.10469314079422354,0.6851851851851851,1.0,0.0,0.0,0.07316513761467891,0.0,1.0,0.0,0.8157894736842106,1.0
357,0.7255747126436783,0.128158844765343,0.5185185185185184,1.0,0.0,0.0,0.9211009174311926,0.0,0.5,0.5,0.4736842105263158,0.5
358,0.8750000000000001,0.2707581227436817,0.0,0.5,1.0,1.0,0.34678899082568804,0.0,1.0,0.0,0.7302631578947367,0.0
359,0.02155172413793105,0.9332129963898916,0.018518518518518517,1.0,1.0,1.0,0.18807339449541283,0.0,0.0,0.0,0.6710526315789473,0.5
360,0.1910919540229886,0.7346570397111911,0.6851851851851851,0.0,1.0,0.0,0.21536697247706416,0.0,0.5,0.0,0.2763157894736842,1.0
361,0.06609195402298854,0.7924187725631766,0.16666666666666666,1.0,0.0,1.0,0.851605504587156,0.0,0.5,0.5,0.9736842105263157,0.0
362,0.8132183908045979,0.007220216606497409,0.7222222222222222,0.5,1.0,0.0,0.9903669724770643,0.0,0.5,0.0,0.6644736842105263,1.0
363,0.7327586206896552,0.7364620938628157,0.5,1.0,1.0,0.0,0.044036697247706424,0.0,0.0,1.0,0.026315789473684126,0.5
364,0.5833333333333334,0.7274368231046928,0.0,0.0,0.0,1.0,0.11972477064220177,0.0,1.0,0.5,0.6118421052631579,0.5
365,0.810344827586207,0.0433212996389889,0.5925925925925926,0.0,0.0,0.0,0.9637614678899082,0.0,1.0,1.0,0.368421052631579,1.0
366,0.041666666666666685,0.12635379061371843,0.37037037037037035,0.5,0.0,1.0,0.0077981651376146655,0.0,1.0,0.0,0.4473684210526315,0.0
367,0.12068965517241384,0.30324909747292406,0.0,1.0,0.0,0.0,0.05504587155963303,0.0,0.5,0.0,0.006578947368421018,0.5
368,0.5948275862068967,0.6191335740072201,0.0740740740740741,0.0,0.0,0.0,0.01834862385321101,0.0,0.0,1.0,0.0,0.5
369,0.04310344827586207,0.02346570397111858,0.7037037037037036,1.0,1.0,1.0,0.36009174311926606,0.0,0.5,0.5,0.5460526315789473,0.0
370,0.9885057471264368,0.7148014440433208,0.611111111111111,0.0,0.0,0.0,0.9912844036697248,1.0,0.0,0.0,0.743421052631579,0.0
371,0.005747126436781602,0.11010830324909726,0.7407407407407407,0.5,1.0,1.0,0.09587155963302751,0.5,0.5,0.0,0.8092105263157896,0.5
372,0.6436781609195403,0.009025270758121984,0.5925925925925926,0.0,0.0,0.0,0.9690366972477065,0.0,1.0,0.5,0.30263157894736836,0.5
373,0.09482758620689655,0.8393501805054147,0.7407407407407407,1.0,1.0,1.0,0.36238532110091737,0.0,0.5,1.0,0.618421052631579,0.5
374,0.5775862068965518,0.13357400722021584,0.7592592592592593,0.0,0.0,1.0,0.36238532110091737,0.0,0.0,1.0,0.8486842105263159,0.5
375,0.8275862068965519,0.7400722021660648,0.6851851851851851,0.5,0.0,0.0,0.9610091743119267,0.0,0.0,1.0,0.21052631578947367,0.0
376,0.05890804597701152,0.08122743682310407,0.018518518518518517,1.0,0.0,0.0,0.6451834862385322,0.0,1.0,0.0,0.6578947368421053,1.0
377,0.5977011494252875,0.71841155234657,0.5925925925925926,0.5,1.0,0.0,0.34243119266055033,0.0,0.5,0.0,0.4736842105263158,0.5
378,0.017241379310344834,0.10108303249097439,0.33333333333333326,1.0,0.0,0.0,0.9094036697247707,0.0,1.0,0.5,0.0789473684210526,0.5
379,0.5833333333333334,0.5649819494584838,0.6296296296296295,1.0,0.0,0.0,0.28027522935779814,0.0,0.5,0.5,0.5263157894736843,0.5
380,0.6135057471264369,0.0018050541516245744,0.5185185185185184,0.5,0.0,0.0,0.3626146788990825,0.0,1.0,1.0,0.9539473684210527,0.5
381,0.08189655172413793,0.7382671480144403,0.7407407407407407,0.0,0.0,0.0,0.9685779816513762,0.0,0.0,0.0,0.4473684210526315,0.5
382,0.035919540229885055,0.40433212996389845,0.648148148148148,1.0,0.0,1.0,0.3575688073394494,0.0,0.0,1.0,0.45394736842105265,0.5
383,0.7859195402298852,0.7274368231046928,0.7222222222222222,0.5,1.0,1.0,0.21284403669724772,0.0,0.5,1.0,0.5131578947368421,1.0
384,0.2543103448275863,0.014440433212995707,0.2777777777777778,0.5,0.0,0.0,0.07729357798165137,0.0,0.5,0.5,0.861842105263158,0.0
385,0.05890804597701152,0.037906137184115174,0.648148148148148,1.0,0.0,1.0,0.23050458715596323,0.0,0.0,1.0,0.0,0.5
386,0.995689655172414,0.18231046931407935,0.7222222222222222,1.0,0.0,1.0,0.6905963302752294,0.0,1.0,0.5,0.9736842105263157,1.0
387,0.8936781609195404,0.846570397111913,0.9074074074074072,0.5,1.0,0.0,0.5483944954128439,0.0,0.0,0.5,0.21052631578947367,0.0
388,0.375,0.0,0.2777777777777778,1.0,0.0,0.0,0.4736238532110091,0.0,0.5,0.0,0.9210526315789473,0.0
389,0.589080459770115,0.7129963898916962,0.2777777777777778,1.0,1.0,0.0,0.9596330275229359,0.0,0.5,1.0,0.9144736842105263,0.5
390,0.9094827586206898,0.0361010830324906,0.6666666666666666,0.0,0.0,1.0,0.3555045871559632,0.0,0.0,1.0,0.45394736842105265,0.5
391,0.03160919540229884,0.8068592057761732,0.018518518518518517,1.0,0.0,0.0,0.9818807339449542,0.0,0.5,0.5,0.5526315789473684,0.5
392,0.5876436781609197,0.8844765342960281,0.9074074074074072,0.0,1.0,1.0,0.3121559633027522,0.0,0.0,1.0,0.4078947368421052,0.5
393,0.11637931034482765,0.007220216606497409,0.0,1.0,1.0,1.0,0.1513761467889908,0.0,0.5,0.0,0.5394736842105263,0.5
394,0.06178160919540235,0.8989169675090247,0.5740740740740741,1.0,0.0,1.0,0.20298165137614677,0.0,0.5,0.0,0.42105263157894735,0.5
395,0.6652298850574714,0.8555956678700358,0.0,1.0,0.0,1.0,0.35733944954128427,0.0,0.0,1.0,0.6973684210526316,0.5
396,0.035919540229885055,0.9386281588447654,0.018518518518518517,0.0,1.0,0.0,0.9903669724770643,0.0,0.5,0.0,0.48026315789473684,0.0
397,0.2974137931034484,0.7129963898916962,0.0,1.0,1.0,1.0,0.9713302752293578,0.0,0.5,0.5,0.5460526315789473,0.0
398,0.9612068965517243,0.012635379061371133,0.611111111111111,0.0,0.0,1.0,0.1360091743119266,0.0,0.0,0.0,0.4473684210526315,0.0
399,0.6063218390804599,0.0722021660649812,0.09259259259259253,0.5,1.0,0.0,0.2545871559633027,0.0,1.0,1.0,0.006578947368421018,0.5
400,0.014367816091954033,0.16245487364620903,0.018518518518518517,0.5,1.0,1.0,0.09059633027522929,0.0,0.5,0.0,0.5526315789473684,0.0
401,0.4956896551724139,0.11371841155234641,0.611111111111111,0.0,0.0,0.0,0.23417431192660543,0.0,0.0,0.5,0.05263157894736836,0.0
402,0.6005747126436782,0.7418772563176894,0.0,1.0,1.0,0.0,0.07201834862385315,0.0,0.5,1.0,0.30263157894736836,0.5
403,0.581896551724138,0.0433212996389889,0.7222222222222222,0.0,0.0,0.0,0.07889908256880729,0.0,1.0,0.0,0.7105263157894737,0.0
404,0.3951149425287357,0.6173285198555956,0.0,1.0,0.0,0.0,0.9538990825688074,0.0,0.5,0.0,0.888157894736842,1.0
405,0.2313218390804598,0.027075812274367728,0.35185185185185186,0.0,0.0,0.0,0.9983944954128441,0.0,0.5,1.0,0.75,1.0
406,0.7270114942528737,0.08483754512635322,0.0,0.5,1.0,1.0,0.8933486238532111,0.5,0.0,1.0,0.9736842105263157,0.0
407,0.35344827586206906,0.7545126353790614,0.11111111111111108,0.0,0.0,0.0,0.7821100917431192,0.0,1.0,1.0,0.9144736842105263,0.0
408,0.9554597701149427,0.9332129963898916,0.0,0.5,1.0,0.0,0.032568807339449446,0.0,0.5,1.0,0.4013157894736842,0.5
409,0.589080459770115,0.2725631768953063,0.5555555555555555,0.5,0.0,1.0,0.446559633027523,0.0,0.5,0.5,0.48026315789473684,0.5
410,0.02729885057471268,0.8429602888086638,0.09259259259259253,0.0,0.0,0.0,0.15344036697247698,0.0,1.0,0.0,0.45394736842105265,1.0
411,0.6149425287356324,0.8628158844765341,0.537037037037037,0.0,0.0,0.0,0.8272935779816513,0.0,1.0,0.5,0.16447368421052633,0.5
412,0.05459770114942533,0.7256317689530682,0.4814814814814815,1.0,1.0,0.0,0.020183486238532056,0.0,1.0,1.0,0.375,0.0
413,0.02442528735632185,0.05234657039711177,0.5925925925925926,0.0,1.0,1.0,0.6302752293577982,0.0,1.0,0.5,0.39473684210526305,0.5
414,0.46264367816091967,0.11913357400722013,0.35185185185185186,0.5,0.0,0.0,0.17706422018348622,1.0,1.0,0.5,0.0,0.5
415,0.3908045977011495,0.021660649819494004,0.7222222222222222,0.0,1.0,0.0,0.32133027522935786,0.0,1.0,0.0,0.006578947368421018,1.0
416,0.04310344827586207,0.07400722021660577,0.611111111111111,0.0,0.0,0.0,0.9988532110091743,0.5,1.0,1.0,0.6578947368421053,0.5
417,0.9554597701149427,0.4350180505415162,0.4814814814814815,0.0,1.0,1.0,0.996559633027523,0.0,1.0,0.0,0.026315789473684126,0.0
418,0.18390804597701152,0.11552346570397098,0.7407407407407407,0.5,0.0,1.0,0.8832568807339449,0.0,0.0,0.0,0.0,1.0
419,0.011494252873563232,0.7346570397111911,0.611111111111111,0.5,1.0,1.0,0.22408256880733946,0.0,0.5,0.5,0.631578947368421,0.0
420,0.02729885057471268,0.7454873646209386,0.0,0.5,0.0,0.0,0.7736238532110091,0.0,1.0,0.0,0.006578947368421018,0.5
421,0.5876436781609197,0.0036101083032491488,0.648148148148148,0.0,0.0,1.0,0.05160550458715596,0.0,0.0,0.0,0.23684210526315785,0.5
422,0.0675287356321839,0.07761732851985492,0.35185185185185186,0.0,0.0,1.0,0.8066513761467891,0.5,0.0,1.0,0.9671052631578947,0.5
423,0.038793103448275856,0.12093862815884471,0.33333333333333326,0.0,0.0,0.0,0.020871559633027448,1.0,0.5,1.0,0.9407894736842106,1.0
424,0.020114942528735663,0.7382671480144403,0.4444444444444444,1.0,0.0,1.0,0.3513761467889909,0.0,0.0,0.0,0.0,0.5
425,0.8002873563218392,0.8953068592057756,0.24074074074074073,1.0,0.0,1.0,0.22339449541284395,0.0,0.0,1.0,0.013157894736842035,0.5
426,0.02729885057471268,0.07400722021660577,0.5740740740740741,0.5,0.0,0.0,0.830045871559633,0.0,1.0,1.0,0.0,0.5
427,0.012931034482758647,0.13357400722021584,0.20370370370370364,1.0,0.0,0.0,0.9853211009174312,0.0,1.0,0.5,0.0,0.5
428,0.7543103448275864,0.7490974729241877,0.6296296296296295,0.5,0.0,0.0,0.08646788990825682,0.0,0.0,0.0,0.17105263157894735,1.0
429,0.5933908045977012,0.7454873646209386,0.11111111111111108,1.0,1.0,1.0,0.751834862385321,1.0,0.5,1.0,0.0,0.5
430,0.9525862068965517,0.7256317689530682,0.018518518518518517,1.0,0.0,1.0,0.9497706422018348,0.0,1.0,0.0,0.5921052631578947,1.0
431,0.5905172413793104,0.05956678700361007,0.1481481481481481,0.5,1.0,1.0,0.3509174311926606,0.0,1.0,0.5,0.42763157894736836,0.0
432,0.007183908045977017,0.07039711191335662,0.5740740740740741,0.5,0.0,1.0,0.3472477064220183,0.0,0.5,1.0,0.29605263157894735,1.0
433,0.014367816091954033,0.9422382671480145,0.7407407407407407,0.0,0.0,1.0,0.15619266055045866,0.0,0.5,0.5,0.7763157894736843,0.0
434,0.002873563218390801,0.7888086642599275,0.611111111111111,1.0,0.0,1.0,0.3479357798165137,0.0,0.5,1.0,0.4144736842105262,0.0
435,0.15229885057471268,0.03249097472924145,0.018518518518518517,0.5,0.0,0.0,0.6275229357798164,0.0,0.5,0.0,0.618421052631579,1.0
436,0.584770114942529,0.149819494584837,0.12962962962962962,0.5,0.0,0.0,0.7841743119266056,0.0,0.5,1.0,0.875,0.5
437,0.09626436781609196,0.12635379061371843,0.4814814814814815,0.5,0.0,1.0,0.9674311926605506,0.0,0.5,0.5,0.4736842105263158,0.5
438,0.7658045977011496,0.05595667870036092,0.018518518518518517,0.0,0.0,0.0,0.3603211009174312,0.0,0.0,0.5,0.618421052631579,0.5
439,0.09339080459770119,0.128158844765343,0.6296296296296295,0.5,1.0,1.0,0.07614678899082561,0.0,0.0,1.0,0.35526315789473684,0.5
440,0.0517241379310345,0.12274368231046928,0.0,1.0,0.0,1.0,0.6694954128440367,0.0,0.5,0.0,0.45394736842105265,1.0
441,0.5948275862068967,0.034296028880866025,0.6296296296296295,1.0,0.0,1.0,0.3722477064220182,1.0,0.0,0.5,0.23026315789473684,1.0
442,0.45833333333333337,0.034296028880866025,0.22222222222222218,0.0,0.0,0.0,0.05825688073394486,0.5,0.5,0.5,0.7894736842105263,0.0
443,0.8520114942528737,0.06317689530685922,0.5185185185185184,1.0,0.0,0.0,0.5568807339449542,1.0,1.0,0.0,0.13815789473684204,0.5
444,0.9123563218390806,0.10108303249097439,0.648148148148148,0.5,1.0,1.0,0.7662844036697247,0.0,1.0,0.0,0.3223684210526315,0.5
445,0.012931034482758647,0.09927797833934981,0.4444444444444444,1.0,1.0,0.0,0.3369266055045872,0.0,1.0,0.0,0.0328947368421052,0.0
446,0.005747126436781602,0.04151624548736432,0.4629629629629629,0.0,0.0,1.0,0.010779816513761364,0.0,0.0,1.0,0.0,0.0
447,0.47844827586206906,0.7581227436823097,0.9629629629629628,0.5,0.0,1.0,0.3465596330275229,0.0,1.0,0.0,0.0328947368421052,0.0
448,0.6005747126436782,0.09566787003610067,0.7037037037037036,0.5,1.0,0.0,0.06766055045871555,0.0,0.0,0.0,0.0,1.0
449,0.0,0.7509025270758123,0.7222222222222222,1.0,0.0,1.0,0.35733944954128427,0.0,0.0,0.0,0.7039473684210527,0.0
450,0.03735632183908047,0.765342960288808,0.6666666666666666,0.0,0.0,0.0,0.33944954128440363,0.5,0.5,1.0,0.625,0.5
451,0.010057471264367818,0.9241877256317688,0.0,0.0,0.0,0.0,0.849770642201835,0.0,0.5,1.0,0.5131578947368421,0.5
452,0.025862068965517265,0.010830324909746558,1.0,0.5,1.0,0.0,0.9298165137614678,0.0,0.0,1.0,0.868421052631579,0.5
453,0.07040229885057472,0.007220216606497409,1.0,0.5,0.0,0.0,0.3465596330275229,0.0,0.5,1.0,0.888157894736842,0.5
454,0.048850574712643674,0.7472924187725631,0.7592592592592593,1.0,0.0,0.0,0.8688073394495412,0.0,0.0,1.0,0.5263157894736843,0.5
455,0.02442528735632185,0.010830324909746558,0.11111111111111108,1.0,1.0,1.0,0.9575688073394495,0.0,0.0,0.5,0.9407894736842106,0.0
456,0.85632183908046,0.731046931407942,0.018518518518518517,0.0,0.0,0.0,0.9963302752293579,0.0,0.0,1.0,0.39473684210526305,0.5
457,0.02729885057471268,0.8610108303249095,0.8518518518518516,1.0,0.0,0.0,0.3435779816513762,0.5,0.5,1.0,0.0328947368421052,0.0
458,0.5158045977011495,0.77797833935018,0.9074074074074072,1.0,1.0,1.0,0.065137614678899,0.0,0.0,1.0,0.0,0.0
459,0.02442528735632185,0.09566787003610067,0.5185185185185184,1.0,0.0,1.0,0.5621559633027522,0.0,1.0,0.0,0.26973684210526316,0.5
460,0.033045977011494254,0.7454873646209386,0.03703703703703701,1.0,0.0,1.0,0.34266055045871546,0.0,1.0,0.0,0.4671052631578947,0.0
461,0.01867816091954025,0.8646209386281587,0.6851851851851851,0.5,1.0,0.0,0.3559633027522935,1.0,0.5,1.0,0.5394736842105263,0.5
462,0.03735632183908047,0.36823104693140785,0.4629629629629629,0.5,1.0,1.0,0.3428899082568806,0.0,0.0,1.0,0.11842105263157893,0.5
463,0.015804597701149448,0.009025270758121984,0.7222222222222222,1.0,1.0,1.0,0.9715596330275229,0.5,0.0,0.5,0.006578947368421018,0.5
464,0.6738505747126438,0.7220216606498191,0.5,1.0,0.0,1.0,0.21284403669724772,0.0,0.5,0.0,0.4144736842105262,0.5
465,0.7658045977011496,0.05776173285198549,0.7407407407407407,0.5,1.0,0.0,0.8814220183486239,0.0,0.5,1.0,0.6052631578947368,0.5
466,0.5977011494252875,0.7328519855595665,0.6296296296296295,1.0,0.0,0.0,0.3155963302752294,0.0,0.0,0.5,0.12499999999999994,0.5
467,0.964080459770115,0.534296028880866,0.7037037037037036,0.5,0.0,1.0,0.8896788990825688,0.0,1.0,1.0,0.769736842105263,0.5
468,0.02729885057471268,0.01985559566786943,0.7407407407407407,0.0,0.0,1.0,0.18761467889908257,1.0,1.0,0.0,0.769736842105263,0.5
469,0.995689655172414,0.0036101083032491488,0.9259259259259258,1.0,0.0,0.0,0.34243119266055033,0.5,0.0,0.5,0.5394736842105263,0.0
470,0.07758620689655174,0.034296028880866025,0.7222222222222222,1.0,0.0,1.0,0.3525229357798165,0.0,0.0,0.5,0.006578947368421018,0.5
471,0.6077586206896552,0.1425992779783387,0.7407407407407407,1.0,1.0,0.0,0.35779816513761475,1.0,0.5,1.0,0.5592105263157894,0.5
472,0.02442528735632185,0.9458483754512628,0.4444444444444444,0.0,1.0,0.0,0.9862385321100917,1.0,1.0,0.0,0.0,0.5
473,0.9166666666666669,0.6768953068592056,0.05555555555555555,0.5,1.0,1.0,0.8394495412844036,0.5,0.5,0.5,0.12499999999999994,1.0
474,0.8850574712643681,0.11552346570397098,0.611111111111111,1.0,0.0,0.0,0.955045871559633,0.0,0.0,0.5,0.32894736842105265,0.5
475,0.022988505747126464,0.0036101083032491488,0.648148148148148,0.5,0.0,1.0,0.6220183486238533,0.0,0.0,1.0,0.24342105263157898,0.0
476,0.060344827586206934,0.9079422382671476,0.018518518518518517,0.0,0.0,0.0,0.9355504587155963,0.0,0.5,0.5,0.5921052631578947,0.5
477,0.02155172413793105,0.8537906137184113,0.8888888888888888,0.0,1.0,1.0,0.35183486238532113,0.0,1.0,1.0,0.006578947368421018,0.0
478,0.7112068965517243,0.010830324909746558,0.9444444444444444,1.0,1.0,1.0,0.14587155963302745,0.0,0.5,0.0,0.03947368421052627,0.5
479,0.022988505747126464,0.19855595667869963,0.6296296296296295,0.0,0.0,1.0,0.3442660550458716,0.0,0.0,0.0,0.006578947368421018,0.0
480,0.6910919540229886,0.18772563176895307,0.5740740740740741,1.0,0.0,1.0,0.4527522935779815,0.0,0.5,0.5,0.0328947368421052,1.0
481,0.18821839080459776,0.07039711191335662,0.0,0.5,0.0,1.0,0.032110091743119185,0.0,0.5,0.5,0.6842105263157896,1.0
482,0.27155172413793105,0.71841155234657,0.33333333333333326,0.5,1.0,1.0,0.9619266055045872,0.0,0.5,1.0,0.9013157894736843,1.0
483,0.025862068965517265,0.9350180505415162,0.7777777777777777,0.0,1.0,0.0,0.02752293577981646,0.0,0.0,1.0,0.013157894736842035,1.0
484,1.0,0.19494584837545048,0.7037037037037036,1.0,1.0,1.0,0.543348623853211,0.0,0.5,1.0,0.5855263157894737,0.0
485,0.7183908045977013,0.7490974729241877,0.0,1.0,1.0,0.0,0.771559633027523,0.0,1.0,0.0,0.8289473684210527,0.5
486,0.9195402298850576,0.05415162454873634,0.611111111111111,0.0,0.0,1.0,0.6456422018348624,0.5,0.0,0.0,0.0,0.0
487,0.6681034482758621,0.021660649819494004,0.7222222222222222,0.5,0.0,1.0,0.5155963302752293,0.0,0.5,1.0,0.013157894736842035,1.0
488,0.6192528735632185,0.0866425992779778,0.5555555555555555,1.0,0.0,1.0,0.3589449541284404,0.0,0.5,0.0,0.4013157894736842,0.5
489,0.5876436781609197,0.7328519855595665,0.12962962962962962,0.0,1.0,0.0,0.9931192660550459,0.0,0.5,0.0,0.6776315789473684,0.5
490,0.9022988505747128,0.08303249097472865,0.0,0.5,1.0,0.0,0.9240825688073395,0.0,0.5,0.0,0.15131578947368418,0.0
491,0.560344827586207,0.07039711191335662,0.6851851851851851,0.0,0.0,1.0,0.10022935779816511,0.0,0.5,1.0,0.6447368421052633,0.0
492,0.40373563218390807,0.06317689530685922,0.0,0.5,1.0,0.0,0.013761467889908174,0.0,0.5,0.5,0.5986842105263158,0.0
493,0.17672413793103456,0.487364620938628,0.018518518518518517,0.5,1.0,1.0,0.0577981651376146,0.5,0.5,0.0,0.2763157894736842,0.0
494,0.11637931034482765,0.06859205776173205,0.648148148148148,0.0,1.0,1.0,0.07431192660550456,0.0,0.5,1.0,0.013157894736842035,0.0
495,0.9281609195402302,0.007220216606497409,0.9074074074074072,0.0,1.0,1.0,0.8947247706422019,1.0,0.5,1.0,0.17763157894736836,0.0
496,0.6393678160919541,0.7364620938628157,0.03703703703703701,0.5,0.0,1.0,0.8614678899082568,0.0,0.0,0.0,0.013157894736842035,1.0
497,0.3520114942528736,0.7166064981949454,0.5,0.0,1.0,0.0,0.2639908256880734,0.0,0.5,0.0,0.45394736842105265,0.0
498,0.02155172413793105,0.7418772563176894,0.7037037037037036,1.0,1.0,0.0,0.09885321100917421,1.0,0.0,1.0,0.5,0.5
499,0.581896551724138,0.12635379061371843,0.537037037037037,0.0,0.0,1.0,0.33967889908256876,0.0,1.0,1.0,0.8092105263157896,1.0
