,f1,f2,f3,f4,f5,f6,f7,f8,f9,f10,f11,f12,f18,f19,f22,f23,f24,f25,f26
0,1.0,0.0,0.5740740740740744,0.2337662337662338,0.22727272727272727,0.6666666666666667,0.6666666666666667,0.22000000000000003,0.5,1.0,1.0,1.0,0.4230769230769231,0.059509918319719954,0.5,0.2748722938457796,0.0,0.0,1.0
1,0.0,0.0,0.7037037037037042,0.3766233766233767,0.13636363636363638,0.5666666666666667,0.5666666666666667,0.6000000000000001,0.0,0.5,1.0,0.3333333333333333,0.5192307692307692,0.9533255542590432,1.0,0.053709559717830216,0.0,0.0,1.0
2,1.0,0.0,0.5370370370370363,0.06493506493506496,0.1818181818181818,0.0,0.0,0.4000000000000001,0.0,0.5,0.6666666666666667,0.0,0.19230769230769235,0.03967327887981331,0.0,0.0,0.0,0.0,0.0
3,0.0,1.0,0.685185185185186,0.8701298701298703,0.8636363636363636,1.0,0.0,1.0000000000000002,0.5,0.25,1.0,1.0,0.4807692307692308,0.04550758459743291,0.5,0.053709559717830216,0.0,0.0,0.0
4,1.0,0.0,0.3518518518518512,0.4805194805194805,0.3068181818181819,0.5999999999999999,0.5999999999999999,1.0000000000000002,0.5,0.8500000000000001,0.8,0.5999999999999999,0.9807692307692308,0.04784130688448075,0.5,0.10459742155193384,0.0,0.0,1.0
5,1.0,0.0,0.4999999999999991,0.16753246753246753,0.20454545454545456,0.3333333333333333,0.0,0.4000000000000001,0.0,0.25,0.6666666666666667,0.3333333333333333,0.34038461538461545,0.482730455075846,0.0,0.0,0.0,0.0,1.0
6,0.0,0.0,0.4629629629629628,0.11688311688311687,0.09090909090909091,0.0,0.0,0.0,0.0,0.5,0.6666666666666667,0.6666666666666667,0.2692307692307692,0.04317386231038507,0.0,0.07599124300656775,0.0,0.0,1.0
7,0.0,0.0,0.4462962962962971,0.19480519480519481,0.2465909090909091,0.6666666666666667,0.16666666666666669,0.27999999999999997,0.0,0.5,1.0,0.3333333333333333,0.4038461538461539,0.05834305717619605,0.5,0.053709559717830216,0.0,0.0,1.0
8,1.0,0.0,0.4666666666666668,0.32467532467532473,0.31818181818181823,0.6666666666666667,1.0,0.4000000000000001,0.0,0.75,1.0,1.0,0.2884615384615385,0.0338389731621937,1.0,0.0779615665288251,0.0,0.0,1.0
9,1.0,1.0,0.5370370370370363,0.3896103896103897,0.2215909090909091,0.0,0.10000000000000003,0.0,0.0,1.0,0.6666666666666667,0.0,0.3269230769230769,0.0338389731621937,0.0,0.0,0.0,0.0,0.0
10,0.0,0.0,0.5,0.2337662337662338,0.04545454545454544,0.6666666666666667,0.6666666666666667,0.8,0.0,0.5,0.6666666666666667,0.0,0.4038461538461539,0.03150525087514586,0.0,0.05166626125030406,0.0,0.0,0.0
11,1.0,0.0,0.685185185185186,0.27272727272727276,0.5,0.3333333333333333,0.4000000000000001,0.2,0.0,0.25,0.0,0.3333333333333333,0.5192307692307692,0.05250875145857643,0.0,0.05135003648747263,0.0,0.0,1.0
12,0.0,0.0,0.3333333333333339,0.07792207792207795,0.04545454545454544,0.3333333333333333,0.0,0.0,0.0,0.5,0.6666666666666667,0.6666666666666667,0.5173076923076922,0.04317386231038507,0.0,0.10031622476283143,0.0,0.0,1.0
13,1.0,1.0,0.48148148148148184,0.4025974025974027,0.22727272727272727,0.0,0.0,0.2,0.0,0.0,0.6666666666666667,0.3333333333333333,0.2692307692307692,0.03267211201866978,0.5,0.0,0.0,0.0,0.0
14,0.0,0.0,0.518518518518519,0.29870129870129875,0.22727272727272727,0.6666666666666667,0.0,0.0,0.0,0.5,1.0,0.0,0.44230769230769235,0.9066511085180864,0.0,0.0513743614692289,0.0,0.0,1.0
15,0.0,0.0,0.40740740740740744,0.42857142857142855,0.4545454545454545,0.6666666666666667,0.0,0.6000000000000001,0.0,1.0,0.6666666666666667,0.6666666666666667,0.4230769230769231,0.04084014002333722,0.5,0.07801021649233764,0.0,0.0,1.0
16,0.0,1.0,0.5740740740740744,0.6363636363636365,0.31818181818181823,0.6666666666666667,0.6666666666666667,0.6000000000000001,0.5,0.75,1.0,0.6666666666666667,0.5769230769230771,0.05250875145857643,0.5,0.034054974458769156,0.0,0.0,0.0
17,1.0,0.0,0.3888888888888893,0.11688311688311687,0.1818181818181818,0.26666666666666666,0.0,0.12000000000000005,0.050000000000000044,0.175,0.26666666666666666,0.10000000000000003,0.3211538461538462,0.26837806301050177,0.0,0.0,0.0,0.0,1.0
18,0.0,0.0,0.40740740740740744,0.2207792207792208,0.14772727272727273,0.0,0.0,0.2,0.0,0.25,0.6666666666666667,0.0,0.3269230769230769,0.04317386231038507,0.0,0.10228654828508879,0.0,0.0,0.0
19,1.0,0.0,0.7407407407407405,0.5194805194805194,0.3068181818181819,1.0,0.6666666666666667,1.0000000000000002,0.0,0.275,0.6666666666666667,0.6666666666666667,0.6153846153846154,0.06301050175029171,0.0,0.0,0.0,0.0,1.0
20,0.0,0.0,0.833333333333333,0.27272727272727276,0.5909090909090909,0.0,0.0,0.8,0.5,1.0,1.0,1.0,0.44230769230769235,0.03267211201866978,0.0,0.05135003648747263,0.0,0.0,1.0
21,1.0,0.0,0.5555555555555554,0.11688311688311687,0.09090909090909091,0.0,0.03333333333333338,0.0,0.0,0.0,0.6666666666666667,0.0,0.5,0.04084014002333722,0.0,0.0,0.0,0.0,1.0
22,0.0,0.0,0.5925925925925934,0.07792207792207795,0.2954545454545454,0.3333333333333333,0.0,0.6000000000000001,0.0,0.25,0.6666666666666667,0.0,0.4807692307692308,0.04550758459743291,0.0,0.07567501824373632,0.0,0.0,1.0
23,0.0,1.0,0.5370370370370363,0.6493506493506493,0.5909090909090909,0.5666666666666667,0.6666666666666667,0.4000000000000001,0.0,0.25,1.0,0.4666666666666666,0.5192307692307692,0.7782963827304551,0.0,0.07567501824373632,0.0,0.0,1.0
24,0.0,0.0,0.5,0.19480519480519481,0.04545454545454544,0.6666666666666667,0.6666666666666667,0.4000000000000001,0.0,0.475,1.0,0.6666666666666667,0.5384615384615385,0.7199533255542591,0.0,0.07567501824373632,0.0,0.0,1.0
25,1.0,0.0,0.44444444444444375,0.19480519480519481,0.38636363636363635,0.26666666666666666,0.06666666666666665,0.18,0.0,0.30000000000000004,0.3,0.16666666666666669,0.3923076923076923,0.38751458576429404,0.0,0.0,0.0,0.0,1.0
26,0.0,0.0,0.5370370370370363,0.27272727272727276,0.25,1.0,0.6666666666666667,0.4000000000000001,0.5,0.5,0.6666666666666667,0.6666666666666667,0.38461538461538464,0.04317386231038507,0.0,0.07567501824373632,0.0,0.0,0.0
27,0.0,0.0,0.44444444444444375,0.11688311688311687,0.04545454545454544,0.6666666666666667,0.0,0.0,0.0,0.75,0.6666666666666667,0.3333333333333333,0.2692307692307692,0.025670945157526256,0.0,0.1002675747993189,0.0,0.0,0.0
28,0.0,0.0,0.4870370370370374,0.4662337662337663,0.28295454545454546,0.5999999999999999,0.6666666666666667,0.8,0.4,0.875,0.8,0.5999999999999999,0.7288461538461539,0.09813302217036174,0.5,0.10459742155193384,0.0,0.0,1.0
29,1.0,0.0,0.4259259259259265,0.11688311688311687,0.16704545454545452,0.3333333333333333,0.0,0.0,0.0,0.0,0.0,0.0,0.4230769230769231,0.8483080513418904,0.0,0.0,0.0,0.0,1.0
30,1.0,0.0,0.4259259259259265,0.42857142857142855,0.25,0.6666666666666667,0.6666666666666667,0.6000000000000001,0.5,1.0,1.0,1.0,0.8269230769230771,0.04900816802800467,0.5,0.10228654828508879,0.0,0.0,1.0
31,1.0,0.0,0.3333333333333339,0.5064935064935066,0.04545454545454544,0.6666666666666667,0.6666666666666667,0.6000000000000001,0.5,0.25,1.0,0.3333333333333333,0.5576923076923077,0.0571761960326721,1.0,0.05368523473607395,0.0,0.0,0.0
32,0.0,0.0,0.3333333333333339,0.19480519480519481,0.2465909090909091,0.3333333333333333,0.0,0.0,0.0,0.5,0.6666666666666667,0.6666666666666667,0.38461538461538464,0.03850641773628938,0.0,0.053733884699586475,0.0,0.0,1.0
33,0.0,0.0,0.518518518518519,0.2207792207792208,0.22727272727272727,0.0,0.0,0.0,0.0,0.5,0.0,0.4333333333333333,0.5,0.061843640606767794,0.0,0.053709559717830216,0.0,0.0,0.0
34,0.0,0.0,0.4944444444444436,0.45454545454545453,0.25,0.6666666666666667,0.6666666666666667,0.6000000000000001,0.5,1.0,1.0,1.0,0.5576923076923077,0.03850641773628938,0.0,0.02734127949404038,0.0,0.0,1.0
35,1.0,0.0,0.575925925925926,0.4805194805194805,0.1818181818181818,1.0,0.6666666666666667,0.4000000000000001,0.5,0.75,1.0,0.6666666666666667,0.9615384615384617,0.059509918319719954,1.0,0.17297494526879106,0.0,0.0,1.0
36,1.0,0.0,0.5370370370370363,0.5324675324675325,0.09090909090909091,0.4000000000000001,0.6666666666666667,0.8,0.5,0.4,0.7333333333333334,0.0,0.5384615384615385,0.03150525087514586,1.0,0.12661153004135248,0.0,0.0,0.0
37,0.0,0.0,0.44444444444444375,0.27272727272727276,0.2159090909090909,0.36666666666666664,0.6666666666666667,0.18,0.0,1.0,0.6666666666666667,0.0,0.6346153846153848,0.8949824970828472,0.0,0.07567501824373632,0.0,0.0,1.0
38,1.0,0.0,0.5925925925925934,0.14285714285714285,0.18863636363636369,0.0,0.0,0.0,0.0,0.5,0.6666666666666667,0.3333333333333333,0.17307692307692307,0.03850641773628938,0.0,0.0,0.0,0.0,0.0
39,0.0,1.0,0.7037037037037042,0.7532467532467533,0.9999999999999999,0.49999999999999994,0.36666666666666664,0.5800000000000001,0.25,0.5,0.8333333333333333,0.5666666666666667,0.5403846153846155,0.13885647607934656,0.5,0.051398686450985165,0.0,0.0,1.0
40,0.0,0.0,0.5092592592592595,0.3766233766233767,0.25681818181818183,0.6666666666666667,0.6666666666666667,1.0000000000000002,0.5,1.0,0.6666666666666667,0.6666666666666667,0.7692307692307694,0.03733955659276546,0.5,0.10228654828508879,0.0,0.0,1.0
41,1.0,1.0,0.666666666666667,0.7792207792207793,0.7272727272727273,0.5333333333333334,0.5333333333333334,0.14,0.09999999999999998,0.44999999999999996,0.7333333333333334,0.5666666666666667,0.4615384615384615,0.060676779463243874,0.0,0.2286548285088786,0.0,0.0,0.0
42,1.0,0.0,0.48148148148148184,0.19480519480519481,0.04545454545454544,0.6666666666666667,0.0,0.4000000000000001,0.0,0.5,0.6666666666666667,0.0,0.4615384615384615,0.04317386231038507,0.0,0.07567501824373632,0.0,0.0,1.0
43,0.0,0.0,0.4907407407407405,0.5844155844155845,0.3795454545454545,0.6666666666666667,1.0,0.6000000000000001,0.0,0.75,1.0,1.0,0.5576923076923077,0.7432905484247374,1.0,0.0779615665288251,0.0,0.0,1.0
44,0.0,0.0,0.0,0.7142857142857144,0.1818181818181818,0.6666666666666667,0.6666666666666667,0.6000000000000001,0.5,0.75,1.0,0.8333333333333333,0.653846153846154,0.7666277712952159,1.0,0.0779615665288251,0.0,0.0,1.0
45,1.0,0.0,0.5148148148148151,0.5844155844155845,0.30000000000000004,1.0,0.6666666666666667,0.6000000000000001,0.5,1.0,1.0,1.0,0.7115384615384617,0.03733955659276546,0.5,0.0779615665288251,0.0,0.0,1.0
46,0.0,0.0,0.4629629629629628,0.19480519480519481,0.07954545454545456,0.6666666666666667,0.06666666666666665,0.6000000000000001,0.5,1.0,1.0,1.0,0.8076923076923077,0.04900816802800467,0.0,0.05606908294818779,0.0,0.0,0.0
47,1.0,0.0,0.3888888888888893,0.11688311688311687,0.09090909090909091,0.0,0.0,0.0,0.0,0.0,0.0,0.0,0.2692307692307692,0.03733955659276546,0.0,0.0,0.0,0.0,1.0
48,0.0,0.0,0.6481481481481479,0.32467532467532473,0.40909090909090906,0.6666666666666667,0.6666666666666667,0.4000000000000001,0.5,0.25,0.6666666666666667,0.6666666666666667,0.5961538461538463,0.03733955659276546,0.5,0.17297494526879106,0.0,0.0,1.0
49,1.0,0.0,0.3333333333333339,0.3506493506493507,0.4545454545454545,0.6666666666666667,0.6666666666666667,0.8,0.5,0.75,0.0,0.3333333333333333,0.9615384615384617,0.025670945157526256,0.5,0.10459742155193384,0.0,0.0,0.0
50,1.0,0.0,0.5925925925925934,0.10389610389610393,0.1931818181818182,0.0,0.0,0.2,0.0,0.0,0.6666666666666667,0.3333333333333333,0.5,0.0676779463243874,0.0,0.07567501824373632,0.0,0.0,0.0
51,0.0,0.0,0.37037037037037024,0.3506493506493507,0.31818181818181823,0.0,0.4666666666666666,0.4000000000000001,0.5,0.5,0.6666666666666667,0.3333333333333333,0.3942307692307692,0.10431738623103848,0.5,0.17535879348090488,0.0,0.0,0.0
52,1.0,0.0,0.5240740740740746,0.1467532467532468,0.20000000000000004,0.0,0.0,0.4000000000000001,0.0,0.0,0.6666666666666667,0.0,0.38461538461538464,0.05134189031505251,0.0,0.07567501824373632,0.0,0.0,1.0
53,1.0,0.0,0.5925925925925934,0.06493506493506496,0.13636363636363638,0.1333333333333333,0.06666666666666665,0.10000000000000003,0.0,0.25,0.5666666666666667,0.26666666666666666,0.3461538461538462,0.03617269544924155,0.0,0.07567501824373632,0.0,0.0,0.0
54,1.0,0.0,0.9074074074074074,0.5454545454545454,0.31818181818181823,0.6666666666666667,0.6666666666666667,0.0,0.5,0.25,0.6666666666666667,0.6666666666666667,0.653846153846154,0.056009334889148193,1.0,0.18000486499635127,0.0,0.0,0.0
55,0.0,1.0,0.5925925925925934,0.8441558441558443,0.13636363636363638,0.6666666666666667,0.4000000000000001,0.8,0.0,0.5,0.6666666666666667,1.0,0.2884615384615385,0.10431738623103848,0.5,0.17297494526879106,0.0,0.0,0.0
56,0.0,0.0,0.4722222222222232,0.09220779220779224,0.26250000000000007,0.26666666666666666,0.16666666666666669,0.10000000000000003,0.050000000000000044,0.375,0.5333333333333334,0.26666666666666666,0.019230769230769218,0.03967327887981331,0.0,0.07569934322549259,0.0,0.0,1.0
57,0.0,0.0,0.45740740740740726,0.2207792207792208,0.31818181818181823,0.3333333333333333,0.5666666666666667,0.2,0.0,1.0,0.6666666666666667,0.6666666666666667,0.36538461538461536,0.05134189031505251,0.5,0.07805886645585015,0.0,0.0,1.0
58,0.0,0.0,0.48148148148148273,0.3409090909090909,0.13636363636363638,1.0,0.6666666666666667,0.4000000000000001,0.25,1.0,1.0,0.6666666666666667,0.5769230769230771,0.03033838973162195,0.5,0.0779615665288251,0.0,0.0,0.0
59,1.0,0.0,0.5388888888888896,0.42857142857142855,0.2886363636363636,0.6666666666666667,0.6666666666666667,0.4000000000000001,0.5,1.0,1.0,1.0,0.7115384615384617,0.1574095682613769,0.5,0.10228654828508879,0.0,0.0,1.0
60,1.0,0.0,0.44444444444444375,0.11688311688311687,0.2727272727272727,0.0,0.0,0.4000000000000001,0.0,0.25,0.0,0.4333333333333333,0.2692307692307692,0.03967327887981331,0.0,0.05166626125030406,0.0,0.0,1.0
61,1.0,0.0,0.5740740740740744,0.19480519480519481,0.20681818181818182,0.3333333333333333,0.3333333333333333,0.0,0.0,0.0,0.3333333333333333,0.3333333333333333,0.4038461538461539,0.05134189031505251,0.0,0.0,0.0,0.0,1.0
62,0.0,0.0,0.44444444444444375,0.3766233766233767,0.1590909090909091,0.3333333333333333,0.0,0.2,0.0,0.5,0.8666666666666667,0.8,0.7884615384615385,0.05484247374562427,0.5,0.0779615665288251,0.0,0.0,0.0
63,1.0,0.0,0.518518518518519,0.6493506493506493,0.09090909090909091,1.0,0.6666666666666667,0.6000000000000001,0.5,0.25,1.0,1.0,0.8076923076923077,0.9183197199533255,1.0,0.053733884699586475,0.19687807621994094,0.0,1.0
64,0.0,0.0,0.666666666666667,0.2207792207792208,0.31818181818181823,0.6666666666666667,0.0,0.6000000000000001,0.5,0.5,0.6666666666666667,0.3333333333333333,0.4038461538461539,0.04900816802800467,0.0,0.051398686450985165,0.0,0.0,0.0
65,0.0,0.0,0.496296296296296,0.19480519480519481,0.31818181818181823,0.6666666666666667,0.0,0.4000000000000001,0.0,0.5,0.6666666666666667,0.3333333333333333,0.057692307692307654,0.8016336056009334,0.0,0.053709559717830216,0.0,0.0,1.0
66,1.0,0.0,0.4629629629629628,0.27272727272727276,0.19204545454545455,0.0,0.0,0.8,0.5,0.5,0.6666666666666667,0.0,0.6730769230769231,0.8249708284714119,0.0,0.056482607638044274,0.0,0.0,1.0
67,1.0,0.0,0.5555555555555554,0.15584415584415584,0.1818181818181818,0.0,0.0,0.0,0.0,0.0,0.6666666666666667,0.0,0.5,0.04550758459743291,0.0,0.07567501824373632,0.0,0.0,0.0
68,1.0,0.0,0.518518518518519,0.14285714285714285,0.09090909090909091,0.0,0.3,0.4000000000000001,0.0,0.525,0.5666666666666667,0.4333333333333333,0.6153846153846154,0.04550758459743291,0.0,0.05166626125030406,0.0,0.0,1.0
69,1.0,0.0,0.48148148148148184,0.11688311688311687,0.04545454545454544,0.0,0.0,0.0,0.0,0.0,0.6666666666666667,0.26666666666666666,0.36538461538461536,0.03500583430571762,0.0,0.07567501824373632,0.0,0.0,0.0
70,1.0,0.0,0.2962962962962967,0.19480519480519481,0.13636363636363638,0.6666666666666667,0.10000000000000003,0.37999999999999995,0.0,0.5,0.5999999999999999,0.6666666666666667,0.38461538461538464,0.05017502917152859,1.0,0.053733884699586475,0.0,0.0,0.0
71,0.0,0.0,0.44444444444444375,0.11688311688311687,0.22727272727272727,0.0,0.0,0.0,0.0,0.0,0.3333333333333333,0.0,0.44230769230769235,0.03033838973162195,0.0,0.0,0.0,0.0,0.0
72,0.0,0.0,0.4259259259259265,0.16883116883116883,0.18863636363636369,0.4333333333333333,0.23333333333333334,0.52,0.09999999999999998,0.475,0.5666666666666667,0.3333333333333333,0.45,0.046091015169194866,0.5,0.051398686450985165,0.0,0.0,1.0
73,0.0,0.0,0.5,0.14285714285714285,0.1818181818181818,0.0,0.0,0.8,0.0,0.75,0.6666666666666667,0.0,0.5961538461538463,0.04900816802800467,0.5,0.0513743614692289,0.0,0.0,0.0
74,0.0,1.0,0.6388888888888893,0.36428571428571427,0.4,0.5333333333333334,0.5333333333333334,0.14,0.15000000000000002,0.42500000000000004,0.7666666666666666,0.5666666666666667,0.2692307692307692,0.018669778296382736,0.5,0.2705910970566772,0.0,0.0,1.0
75,0.0,1.0,0.7962962962962967,0.45454545454545453,0.31818181818181823,0.6666666666666667,0.6666666666666667,0.8,0.5,0.25,0.6666666666666667,0.6333333333333333,0.4807692307692308,0.6266044340723453,1.0,0.034054974458769156,0.0,0.0,1.0
76,0.0,0.0,0.40740740740740744,0.051948051948051965,0.13636363636363638,0.6666666666666667,0.6666666666666667,0.0,0.0,0.5,0.6666666666666667,0.3333333333333333,0.2692307692307692,0.7549591598599766,0.0,0.0779615665288251,0.0,0.0,1.0
77,1.0,0.0,0.6111111111111116,0.14285714285714285,0.13636363636363638,0.3333333333333333,0.10000000000000003,0.0,0.0,0.0,0.0,0.0,0.19230769230769235,0.8599766627771295,0.0,0.0,0.0,0.0,1.0
78,0.0,0.0,0.5037037037037022,0.1636363636363637,0.24090909090909093,0.6666666666666667,0.6666666666666667,0.4000000000000001,1.0,1.0,0.6666666666666667,0.6666666666666667,0.44230769230769235,0.03033838973162195,0.5,0.07358306981269765,0.0,0.0,1.0
79,0.0,0.0,0.3888888888888893,0.42857142857142855,0.11363636363636365,0.0,0.6666666666666667,1.0000000000000002,0.5,0.5,1.0,0.3333333333333333,0.8846153846153848,0.06534422403733957,0.0,0.053709559717830216,0.0,0.0,0.0
80,0.0,0.0,0.18518518518518512,0.44155844155844154,0.3068181818181819,0.6666666666666667,0.6666666666666667,0.6000000000000001,0.0,0.75,0.6666666666666667,0.3333333333333333,0.4615384615384615,0.03617269544924155,0.5,0.05363658477256142,0.0,0.0,0.0
81,0.0,0.0,0.3518518518518512,0.06493506493506496,0.16704545454545452,0.26666666666666666,0.6666666666666667,0.0,0.0,0.25,0.6666666666666667,0.3333333333333333,0.24999999999999994,0.17852975495915988,0.0,0.07567501824373632,0.0,0.0,1.0
82,0.0,1.0,0.5,0.45454545454545453,0.8181818181818182,0.6666666666666667,0.0,0.2,0.0,0.5,1.0,0.0,0.24999999999999994,0.028004667444574097,0.0,0.07567501824373632,0.0,0.0,1.0
83,0.0,0.0,0.48148148148148184,0.35909090909090907,0.1818181818181818,0.6666666666666667,0.6666666666666667,1.0000000000000002,0.5,1.0,0.9000000000000001,1.0,0.8653846153846154,0.05250875145857643,0.5,0.0779615665288251,0.0,0.0,1.0
84,0.0,0.0,0.44444444444444375,0.19480519480519481,0.8181818181818182,0.0,0.6666666666666667,0.2,0.5,0.25,0.6666666666666667,0.6666666666666667,0.3269230769230769,0.014002333722287048,0.0,0.12663585502310873,0.0,0.0,0.0
85,1.0,0.0,0.48148148148148184,0.15584415584415584,0.25,0.3333333333333333,0.6666666666666667,0.4000000000000001,1.0,0.5,0.0,0.3333333333333333,0.4230769230769231,0.0338389731621937,0.0,0.009729992702505474,0.0,0.0,1.0
86,0.0,0.0,0.5203703703703706,0.3766233766233767,0.36363636363636365,0.6666666666666667,0.6666666666666667,0.6000000000000001,0.5,1.0,1.0,0.6666666666666667,0.5192307692307692,0.05134189031505251,0.5,0.10228654828508879,0.0,0.0,0.0
87,1.0,0.0,0.44814814814814863,0.06493506493506496,0.09090909090909091,0.4666666666666666,0.2,0.46,0.0,0.6,0.6666666666666667,0.4666666666666666,0.5192307692307692,0.04317386231038507,1.0,0.053709559717830216,0.0,0.0,0.0
88,1.0,0.0,0.666666666666667,0.2207792207792208,0.36363636363636365,0.0,0.0,0.8,0.0,0.5,0.6666666666666667,0.3333333333333333,0.36538461538461536,0.04900816802800467,0.0,0.12162490878131842,0.0,0.0,0.0
89,1.0,0.0,0.5370370370370363,0.07792207792207795,0.022727272727272735,0.0,0.0,0.0,0.0,0.0,0.0,0.0,0.2884615384615385,0.6732788798133023,0.0,0.0,0.0,0.0,1.0
90,1.0,0.0,0.48148148148148184,0.14285714285714285,0.09090909090909091,0.5333333333333334,0.3,0.6000000000000001,0.25,0.25,0.8,0.5666666666666667,0.5769230769230771,0.9649941656942823,0.0,0.056482607638044274,0.0,0.0,1.0
91,1.0,0.0,0.9074074074074074,0.5454545454545454,0.31818181818181823,0.6666666666666667,0.6666666666666667,0.0,0.5,0.25,0.6666666666666667,0.6666666666666667,0.653846153846154,0.056009334889148193,0.5,0.0779615665288251,0.0,0.0,0.0
92,1.0,0.0,0.6296296296296289,0.12987012987012986,0.13636363636363638,0.6666666666666667,0.0,0.0,0.0,0.0,0.0,0.0,0.36538461538461536,0.0338389731621937,0.0,0.0,0.0,0.0,1.0
93,1.0,0.0,0.514814814814816,0.24480519480519486,0.34318181818181825,0.6666666666666667,0.6666666666666667,0.0,0.0,1.0,0.6666666666666667,0.6666666666666667,0.2884615384615385,0.03733955659276546,0.5,0.0779615665288251,0.0,0.0,1.0
94,1.0,0.0,0.3888888888888893,0.11688311688311687,0.25,1.0,0.0,0.4000000000000001,0.0,0.125,0.3333333333333333,0.0,0.4807692307692308,0.061843640606767794,0.0,0.0,0.0,0.0,1.0
95,0.0,0.0,0.3518518518518512,0.11688311688311687,0.13636363636363638,0.6333333333333333,0.0,0.2,0.0,0.5,0.6666666666666667,0.6666666666666667,0.3461538461538462,0.7666277712952159,0.0,0.0779615665288251,0.0,0.0,1.0
96,1.0,0.0,0.5166666666666648,0.3506493506493507,0.31818181818181823,0.49999999999999994,0.26666666666666666,0.4000000000000001,0.0,0.30000000000000004,0.6666666666666667,0.0,0.4038461538461539,0.060676779463243874,0.0,0.07567501824373632,0.0,0.0,1.0
97,0.0,0.0,0.5,0.3766233766233767,0.2727272727272727,0.6666666666666667,0.6666666666666667,0.6000000000000001,0.0,0.25,0.6666666666666667,0.6666666666666667,0.6153846153846154,0.661610268378063,1.0,0.0779615665288251,0.0,0.0,1.0
98,1.0,0.0,0.4259259259259265,0.09090909090909094,0.36363636363636365,0.3333333333333333,0.0,0.4000000000000001,0.0,0.0,0.6666666666666667,0.3333333333333333,0.3461538461538462,0.661610268378063,0.0,0.0,0.0,0.0,1.0
99,1.0,0.0,0.7777777777777786,0.5064935064935066,0.48863636363636365,0.6666666666666667,0.6666666666666667,1.0000000000000002,0.5,0.25,1.0,0.6666666666666667,0.6923076923076923,0.05484247374562427,0.0,0.10459742155193384,0.0,0.0,0.0
100,0.0,0.0,0.518518518518519,0.06493506493506496,0.09090909090909091,0.6666666666666667,0.6666666666666667,0.0,0.0,0.0,0.6666666666666667,0.16666666666666669,0.2115384615384615,0.7316219369894983,0.0,0.0,0.0,0.0,1.0
101,0.0,0.0,0.4425925925925922,0.19480519480519481,0.13636363636363638,1.0,0.6666666666666667,0.6000000000000001,0.5,1.0,1.0,0.8,0.4826923076923077,0.2488914819136523,1.0,0.0779615665288251,0.0,0.0,1.0
102,1.0,0.0,0.5370370370370363,0.06493506493506496,0.09090909090909091,0.6666666666666667,0.06666666666666665,0.0,0.0,0.25,0.26666666666666666,0.2,0.2692307692307692,0.6266044340723453,0.0,0.0,0.0,0.0,1.0
103,0.0,1.0,0.48148148148148184,0.7142857142857144,0.6818181818181818,0.0,0.0,0.0,0.0,0.5,0.6666666666666667,0.3333333333333333,0.30769230769230765,0.023337222870478416,0.0,0.17297494526879106,0.0,0.0,1.0
104,0.0,0.0,0.44444444444444375,0.14285714285714285,0.1818181818181818,0.0,0.6666666666666667,0.4000000000000001,0.0,0.75,1.0,0.0,0.4807692307692308,0.03850641773628938,0.5,0.1313549014838239,0.0,0.0,1.0
105,0.0,0.0,0.5685185185185189,0.25974025974025977,0.31818181818181823,0.0,0.4000000000000001,0.4000000000000001,0.5,0.25,0.6666666666666667,0.3333333333333333,0.24999999999999994,0.04667444574095683,0.0,0.7567501824373631,0.0,0.0,1.0
106,0.0,0.0,0.5370370370370363,0.14285714285714285,0.9999999999999999,0.5666666666666667,0.6666666666666667,0.4000000000000001,0.0,0.8500000000000001,0.8,0.8,0.38461538461538464,0.03267211201866978,0.0,0.07805886645585015,0.0,0.0,0.0
107,1.0,0.0,0.3518518518518512,0.12987012987012986,0.2727272727272727,0.0,0.0,0.4000000000000001,0.0,0.0,0.6666666666666667,0.3333333333333333,0.4038461538461539,0.04317386231038507,0.0,0.0,0.0,0.0,1.0
108,0.0,0.0,0.6111111111111116,0.19480519480519481,0.2727272727272727,1.0,0.6666666666666667,0.2,0.5,0.75,1.0,1.0,0.5769230769230771,0.7082847141190198,1.0,0.0779615665288251,0.0,0.0,1.0
109,0.0,1.0,0.5555555555555554,0.3506493506493507,0.36363636363636365,0.6666666666666667,0.6666666666666667,0.2,0.0,0.5,0.6666666666666667,0.6666666666666667,0.24999999999999994,0.03850641773628938,0.5,0.05363658477256142,0.0,0.0,0.0
110,0.0,0.0,0.5555555555555554,0.25974025974025977,0.09090909090909091,0.6666666666666667,1.0,0.8,0.5,0.25,0.6666666666666667,0.3333333333333333,0.7115384615384617,0.04900816802800467,0.5,0.0513743614692289,0.0,0.0,1.0
111,0.0,0.0,0.5370370370370363,0.06493506493506496,0.09090909090909091,0.6666666666666667,0.2,0.18,0.0,0.0,0.6666666666666667,0.3333333333333333,0.2884615384615385,0.6382730455075846,0.0,0.07567501824373632,1.0,0.0,1.0
112,0.0,0.0,0.4870370370370374,0.06493506493506496,0.17727272727272728,0.3333333333333333,0.0,0.0,0.0,0.0,0.6666666666666667,0.0,0.30769230769230765,0.6149358226371062,0.0,0.07567501824373632,0.0,0.0,1.0
113,0.0,0.0,0.25925925925925863,0.19480519480519481,0.22727272727272727,0.7,0.4666666666666666,0.4000000000000001,0.19999999999999996,0.925,0.8,0.8,0.48653846153846153,0.2501750291715286,0.5,0.0779615665288251,0.0,0.0,0.0
114,0.0,0.0,0.5555555555555554,0.09090909090909094,0.1818181818181818,0.6666666666666667,0.49999999999999994,0.6000000000000001,0.25,1.0,1.0,0.6666666666666667,0.5192307692307692,0.8599766627771295,0.0,0.0779615665288251,0.0,0.0,1.0
115,1.0,0.0,0.4925925925925929,0.16233766233766234,0.36363636363636365,0.6666666666666667,0.0,0.0,0.0,0.5,0.6666666666666667,0.3333333333333333,0.4230769230769231,0.7782963827304551,0.0,0.0,0.0,0.0,1.0
116,0.0,0.0,0.48148148148148184,0.09090909090909094,0.04545454545454544,0.0,0.0,0.0,0.0,0.5,0.6666666666666667,0.6666666666666667,0.36538461538461536,0.7199533255542591,0.0,0.0779615665288251,0.43749121080016873,0.0,1.0
117,1.0,0.0,0.7592592592592595,0.4220779220779221,0.25681818181818183,0.6666666666666667,0.6666666666666667,0.6000000000000001,0.5,0.5,1.0,0.6666666666666667,0.5923076923076924,0.03967327887981331,1.0,0.10228654828508879,0.0,0.0,1.0
118,0.0,0.0,0.20370370370370416,0.31168831168831174,0.25,0.0,0.4000000000000001,0.0,0.0,1.0,0.6666666666666667,0.0,0.2115384615384615,0.8366394399066511,0.0,0.07569934322549259,0.8595134298973421,0.0,1.0
119,1.0,0.0,0.5,0.16883116883116883,0.13636363636363638,0.3333333333333333,0.0,0.2,0.0,0.0,0.6666666666666667,0.0,0.44230769230769235,0.7782963827304551,0.0,0.0,0.0,0.0,1.0
120,0.0,0.0,0.7407407407407405,0.15584415584415584,0.6590909090909091,0.0,0.0,0.2,0.0,0.25,0.6666666666666667,0.3333333333333333,0.30769230769230765,0.03150525087514586,0.0,0.053660909754317684,0.0,0.0,0.0
121,0.0,0.0,0.5370370370370363,0.32467532467532473,0.36363636363636365,0.4333333333333333,0.49999999999999994,1.0000000000000002,0.5,0.75,0.6666666666666667,0.0,0.8461538461538463,0.08051341890315052,1.0,0.053709559717830216,0.0,0.0,1.0
122,1.0,0.0,0.6111111111111116,0.06493506493506496,0.22727272727272727,0.3333333333333333,0.0,0.0,0.0,0.5,0.0,0.0,0.30769230769230765,0.6849474912485414,0.0,0.0,0.0,0.0,1.0
123,0.0,0.0,0.518518518518519,0.2207792207792208,0.1818181818181818,0.0,0.0,0.4000000000000001,0.0,0.75,1.0,0.6666666666666667,0.4230769230769231,0.04900816802800467,0.5,0.0779615665288251,0.0,0.0,0.0
124,1.0,0.0,0.40740740740740744,0.11688311688311687,0.13636363636363638,0.6666666666666667,0.0,0.6000000000000001,0.0,0.0,0.0,0.6666666666666667,0.2692307692307692,0.025670945157526256,1.0,0.05363658477256142,0.0,0.0,1.0
125,0.0,0.0,0.48148148148148184,0.07792207792207795,0.6818181818181818,1.0,0.0,0.0,0.0,0.5,0.6666666666666667,0.3333333333333333,0.3461538461538462,0.05017502917152859,0.0,0.05363658477256142,0.0,0.0,1.0
126,0.0,0.0,0.6111111111111116,0.23961038961038966,0.3534090909090909,0.6666666666666667,0.0,0.4000000000000001,0.0,1.0,1.0,0.3333333333333333,0.19230769230769235,0.03733955659276546,0.0,0.7567501824373631,0.0,0.0,1.0
127,0.0,0.0,0.37037037037037024,0.12987012987012986,0.2727272727272727,0.6666666666666667,0.6666666666666667,0.32,0.0,0.75,1.0,0.0,0.4230769230769231,0.05367561260210035,0.0,0.053709559717830216,0.0,0.0,0.0
128,0.0,0.0,0.37037037037037024,0.3506493506493507,0.13636363636363638,0.5666666666666667,0.49999999999999994,0.4000000000000001,0.0,0.25,0.6666666666666667,0.6666666666666667,0.1538461538461538,0.6732788798133023,1.0,0.053709559717830216,0.0,0.0,1.0
129,0.0,0.0,0.5555555555555554,0.12337662337662336,0.26250000000000007,0.49999999999999994,0.1333333333333333,0.0,0.0,0.525,0.7,0.0,0.4038461538461539,0.05017502917152859,0.0,0.053660909754317684,0.0,0.0,1.0
130,0.0,0.0,0.44444444444444375,0.0,0.04545454545454544,0.4666666666666666,0.23333333333333334,0.5,0.09999999999999998,0.475,0.5666666666666667,0.3333333333333333,0.43076923076923074,0.04597432905484247,0.5,0.051398686450985165,0.0,0.0,1.0
131,1.0,0.0,0.40740740740740744,0.3766233766233767,0.31818181818181823,0.6666666666666667,0.0,0.0,0.0,0.5,0.6666666666666667,0.3333333333333333,0.4038461538461539,0.03150525087514586,0.5,0.034054974458769156,0.0,0.0,1.0
132,0.10000000000000009,0.0,0.48148148148148184,0.11688311688311687,0.13636363636363638,0.6666666666666667,0.0,0.4000000000000001,0.0,0.75,0.6666666666666667,0.0,0.38461538461538464,0.8133022170361727,0.19999999999999996,0.07567501824373632,0.0,0.0,1.0
133,1.0,0.0,0.4629629629629628,0.06493506493506496,0.1818181818181818,0.0,0.0,0.0,0.0,0.25,0.6666666666666667,0.0,0.3269230769230769,0.028004667444574097,0.0,0.009729992702505474,0.0,0.0,1.0
134,0.0,0.0,0.5092592592592595,0.45454545454545453,0.25681818181818183,0.6666666666666667,0.5999999999999999,0.6000000000000001,0.5,1.0,1.0,0.5999999999999999,0.6923076923076923,0.03500583430571762,0.5,0.10228654828508879,0.0,0.0,1.0
135,0.0,1.0,0.5,0.6883116883116884,0.4545454545454545,0.6666666666666667,0.6666666666666667,0.4000000000000001,0.0,1.0,0.0,0.6666666666666667,0.19230769230769235,0.018669778296382736,0.5,0.05363658477256142,0.0,0.0,0.0
136,0.0,0.0,0.5037037037037022,0.1636363636363637,0.24090909090909093,0.6666666666666667,0.6666666666666667,0.4000000000000001,0.5,1.0,0.6666666666666667,0.6666666666666667,0.44230769230769235,0.03033838973162195,0.5,0.07358306981269765,0.0,0.0,1.0
137,0.0,0.0,0.48148148148148184,0.11688311688311687,0.14659090909090908,0.0,0.0,0.0,0.0,0.0,0.3333333333333333,1.0,0.31923076923076926,0.17934655775962657,0.0,0.07567501824373632,0.0,0.0,1.0
138,1.0,0.0,0.48148148148148184,0.16883116883116883,0.17954545454545454,0.0,0.3333333333333333,0.4000000000000001,0.0,0.0,0.0,0.0,0.36538461538461536,0.7899649941656943,0.0,0.0,0.0,0.0,1.0
139,1.0,0.0,0.48148148148148184,0.19480519480519481,0.2727272727272727,0.0,0.0,0.14,0.0,0.5,0.6666666666666667,0.10000000000000003,0.5192307692307692,0.04317386231038507,0.0,0.0,0.0,0.0,1.0
140,0.0,0.0,0.5,0.09090909090909094,0.011363636363636367,0.6666666666666667,0.0,0.0,0.0,0.25,0.3333333333333333,0.0,0.1538461538461538,0.04667444574095683,0.0,0.12464120651909512,0.0,0.0,1.0
141,1.0,0.0,0.11111111111111072,0.07792207792207795,0.25,0.5666666666666667,0.49999999999999994,0.8,0.0,0.5,0.7333333333333334,0.5666666666666667,0.7884615384615385,0.04084014002333722,0.5,0.034054974458769156,0.0,0.0,1.0
142,0.0,0.0,0.5148148148148151,0.5844155844155845,0.2909090909090909,1.0,0.6666666666666667,1.0000000000000002,0.5,1.0,1.0,1.0,0.653846153846154,0.014002333722287048,0.5,0.0779615665288251,0.0,0.0,0.0
143,0.0,0.0,0.44444444444444375,0.11688311688311687,0.22727272727272727,0.0,0.0,0.0,0.5,0.0,0.3333333333333333,0.0,0.44230769230769235,0.03033838973162195,0.0,0.0,0.0,0.0,0.0
144,0.0,0.0,0.3148148148148149,0.3506493506493507,0.36363636363636365,0.6666666666666667,0.6666666666666667,1.0000000000000002,0.0,0.25,1.0,1.0,1.0,0.9066511085180864,1.0,0.034054974458769156,0.0,0.0,1.0
145,1.0,0.0,0.5,0.32467532467532473,0.2727272727272727,0.6666666666666667,0.6666666666666667,0.2,0.0,0.25,0.6666666666666667,0.6666666666666667,0.5192307692307692,0.8949824970828472,0.0,0.0,0.0,0.0,1.0
146,0.0,0.0,0.518518518518519,0.11688311688311687,0.18863636363636369,0.0,0.6666666666666667,0.4000000000000001,0.0,0.5,1.0,1.0,0.36538461538461536,0.7899649941656943,0.0,0.07567501824373632,0.0,0.0,1.0
147,1.0,0.0,0.48148148148148184,0.09090909090909094,0.04545454545454544,0.3333333333333333,0.0,0.4000000000000001,0.0,0.5,1.0,0.6666666666666667,0.19230769230769235,0.03733955659276546,0.5,0.053733884699586475,0.0,0.0,1.0
148,0.0,0.0,0.5370370370370363,0.6623376623376624,0.3943181818181819,0.4666666666666666,0.6666666666666667,1.0000000000000002,0.5,0.25,1.0,0.3333333333333333,0.653846153846154,0.05484247374562427,0.0,0.0513743614692289,0.0,0.0,0.0
149,1.0,0.0,0.6111111111111116,0.11688311688311687,0.1818181818181818,0.3,0.10000000000000003,0.06,0.050000000000000044,0.0,0.0,0.16666666666666669,0.2115384615384615,0.6966161026837806,0.0,0.0,0.0,0.0,1.0
150,1.0,0.0,0.6481481481481479,0.09090909090909094,0.06818181818181818,0.6666666666666667,0.0,0.0,0.0,0.25,0.6666666666666667,0.3333333333333333,0.19230769230769235,0.7082847141190198,0.0,0.0,0.0,0.0,1.0
151,0.0,0.0,0.7222222222222223,0.44415584415584425,0.23750000000000002,1.0,0.6666666666666667,1.0000000000000002,0.5,0.75,1.0,0.3333333333333333,1.0,0.19556592765460912,0.5,0.05368523473607395,0.0,0.0,0.0
152,0.0,0.0,0.5148148148148133,0.45454545454545453,0.24772727272727277,0.6666666666666667,0.6666666666666667,0.6000000000000001,0.5,0.475,1.0,1.0,0.8653846153846154,0.7082847141190198,0.0,0.053733884699586475,0.0,0.0,1.0
153,1.0,0.0,0.5925925925925934,0.11688311688311687,0.13636363636363638,0.6666666666666667,0.0,0.0,0.0,0.0,0.6666666666666667,0.3333333333333333,0.5192307692307692,0.04667444574095683,0.0,0.07567501824373632,0.0,0.0,0.0
154,1.0,0.0,0.6296296296296289,0.11688311688311687,0.36363636363636365,0.0,0.0,0.4000000000000001,0.0,0.5,0.6666666666666667,1.0,0.3461538461538462,0.7199533255542591,0.0,0.10031622476283143,0.0,0.0,1.0
155,1.0,0.0,0.48148148148148184,0.11688311688311687,0.13636363636363638,0.6666666666666667,0.6666666666666667,0.6000000000000001,0.0,0.0,1.0,0.3333333333333333,0.5,0.05834305717619605,0.0,0.009729992702505474,0.0,0.0,0.0
156,1.0,0.0,0.5925925925925934,0.14285714285714285,0.13636363636363638,0.0,0.0,0.0,0.0,0.5,0.6666666666666667,0.3333333333333333,0.24999999999999994,0.03850641773628938,0.0,0.0,0.0,0.0,0.0
157,0.0,0.0,0.44444444444444375,0.19480519480519481,0.1818181818181818,0.0,0.4333333333333333,0.4000000000000001,0.5,0.575,1.0,1.0,0.5576923076923077,0.8366394399066511,1.0,0.05363658477256142,0.0,0.0,1.0
158,1.0,0.0,0.48148148148148184,0.07792207792207795,0.36363636363636365,0.6666666666666667,0.0,0.0,0.0,0.5,0.6666666666666667,0.0,0.3048076923076924,0.17619603267211204,0.0,0.07567501824373632,0.0,0.0,1.0
159,1.0,0.0,0.5351851851851865,0.15194805194805194,0.04545454545454544,0.0,0.0,0.2,0.0,0.25,0.0,0.3333333333333333,0.4038461538461539,0.04900816802800467,0.0,0.0,0.0,0.0,0.0
160,0.0,0.0,0.518518518518519,0.4220779220779221,0.24772727272727277,0.5333333333333334,0.5333333333333334,0.6400000000000001,0.30000000000000004,0.75,0.8666666666666667,0.5999999999999999,0.23076923076923078,0.6382730455075846,0.0,0.10228654828508879,0.0,0.0,1.0
161,0.0,0.0,0.5370370370370363,0.07792207792207795,0.1818181818181818,0.4666666666666666,0.4000000000000001,0.24000000000000005,0.0,0.5,0.49999999999999994,0.49999999999999994,0.3269230769230769,0.060676779463243874,0.5,0.17302359523230357,0.0,0.0,1.0
162,1.0,0.0,0.7592592592592595,0.19480519480519481,0.022727272727272735,0.6666666666666667,0.03333333333333338,0.12000000000000005,0.5,0.5,0.6666666666666667,0.3333333333333333,0.2884615384615385,0.6149358226371062,0.0,0.0,0.0,0.0,1.0
163,0.0,0.0,0.48148148148148184,0.2337662337662338,0.13636363636363638,0.0,0.6666666666666667,0.4000000000000001,0.0,1.0,0.6666666666666667,0.0,0.44230769230769235,0.49824970828471415,1.0,0.1510338117246412,0.0,0.0,1.0
164,0.0,0.0,0.6111111111111116,0.29870129870129875,0.18636363636363637,0.0,0.0,0.8,0.5,0.5,0.6666666666666667,0.3333333333333333,0.5192307692307692,0.05484247374562427,0.0,0.053709559717830216,0.0,0.0,0.0
165,0.0,0.0,0.7407407407407405,0.5844155844155845,0.4545454545454545,0.6333333333333333,0.49999999999999994,0.8,0.0,0.475,0.6666666666666667,0.6666666666666667,0.6346153846153848,0.7082847141190198,1.0,0.034054974458769156,0.0,0.0,1.0
166,0.0,0.0,0.5370370370370363,0.06493506493506496,0.11363636363636365,0.0,0.0,0.0,0.0,0.5,0.0,0.0,0.38461538461538464,0.03033838973162195,0.0,0.0,0.0,0.0,0.0
167,1.0,0.0,0.5462962962962967,0.09090909090909094,0.1818181818181818,0.0,0.0,0.0,0.0,0.5,0.6666666666666667,0.0,0.3038461538461538,0.03500583430571762,0.0,0.07567501824373632,0.0,0.0,1.0
168,0.0,0.0,0.5555555555555554,0.4805194805194805,0.36363636363636365,0.0,0.0,0.4000000000000001,0.0,0.25,1.0,0.3333333333333333,0.6153846153846154,0.060676779463243874,0.0,0.05166626125030406,0.0,0.0,1.0
169,0.0,0.0,0.442592592592594,0.2272727272727273,0.1818181818181818,0.7,0.49999999999999994,0.4000000000000001,0.5,1.0,0.8,1.0,0.48653846153846153,0.25017502917152856,1.0,0.0779615665288251,0.0,0.0,1.0
170,1.0,0.0,0.3888888888888893,0.09090909090909094,0.13636363636363638,0.0,0.0,0.4000000000000001,0.0,0.275,0.0,0.0,0.23076923076923078,0.04550758459743291,0.0,0.0,0.0,0.0,1.0
171,1.0,0.0,0.666666666666667,0.3636363636363637,0.09090909090909091,0.6666666666666667,0.6666666666666667,0.8,0.15000000000000002,0.5,0.6666666666666667,0.6666666666666667,0.8653846153846154,0.029171528588098017,0.5,0.1313549014838239,0.0,0.0,0.0
172,0.0,0.0,0.5740740740740744,0.6428571428571428,0.4545454545454545,0.6666666666666667,0.6666666666666667,0.4000000000000001,0.0,0.25,1.0,0.6666666666666667,0.653846153846154,0.7316219369894983,0.0,0.053660909754317684,0.0,0.0,1.0
173,0.0,0.0,0.4666666666666668,0.4805194805194805,0.19772727272727272,0.6666666666666667,0.6666666666666667,0.8,0.5,0.25,1.0,0.6666666666666667,0.8846153846153848,0.061843640606767794,0.5,0.05368523473607395,0.0,0.0,0.0
174,1.0,0.0,0.5629629629629624,0.41298701298701296,0.28181818181818175,0.6666666666666667,1.0,1.0000000000000002,0.25,0.75,0.9333333333333333,1.0,0.6576923076923078,0.10956826137689615,0.5,0.08270493797129652,0.0,0.0,0.0
175,0.0,0.0,0.44814814814814863,0.3077922077922079,0.19886363636363638,0.4666666666666666,0.3333333333333333,0.4400000000000001,0.15000000000000002,0.55,0.7666666666666666,0.49999999999999994,0.5,0.26172695449241534,0.0,0.053709559717830216,0.0,0.0,1.0
176,0.0,0.0,0.518518518518519,0.19480519480519481,0.25,0.0,0.0,0.4000000000000001,0.0,0.5,0.6666666666666667,0.0,0.4807692307692308,0.7316219369894983,0.0,0.14867428849428363,0.0,0.0,1.0
177,0.0,0.0,0.5055555555555564,0.24675324675324678,0.06818181818181818,0.5666666666666667,0.4666666666666666,0.6000000000000001,0.0,0.75,0.8666666666666667,0.6333333333333333,0.575,0.15834305717619604,0.5,0.10228654828508879,0.0,0.0,0.0
178,0.0,0.0,0.47777777777777874,0.19480519480519481,0.25,0.6666666666666667,0.6666666666666667,0.6000000000000001,0.5,1.0,1.0,1.0,0.4230769230769231,0.7782963827304551,0.0,0.14864996351252738,0.43749121080016873,0.0,1.0
179,1.0,0.0,0.5740740740740744,0.45454545454545453,0.275,0.6666666666666667,0.6666666666666667,0.8,0.5,0.75,0.6666666666666667,1.0,0.6480769230769232,0.2548424737456243,1.0,0.02702505473120895,0.0,0.0,0.0
180,0.0,0.0,0.5555555555555554,0.3506493506493507,0.25,0.6666666666666667,0.0,0.8,0.5,0.75,0.6666666666666667,0.6666666666666667,0.4615384615384615,0.04900816802800467,0.5,0.05594745803940647,0.0,0.0,1.0
181,1.0,0.0,0.44444444444444375,0.11688311688311687,0.06818181818181818,0.1333333333333333,0.06666666666666665,0.0,0.0,0.5,0.5666666666666667,0.3333333333333333,0.23076923076923078,0.04900816802800467,0.0,0.07567501824373632,0.0,0.0,0.0
182,0.0,0.0,0.48148148148148184,0.40779220779220776,0.1818181818181818,0.6666666666666667,0.6666666666666667,1.0000000000000002,0.5,1.0,0.8,1.0,0.8653846153846154,0.05250875145857643,0.5,0.05363658477256142,0.0,0.0,1.0
183,1.0,0.0,0.44444444444444375,0.16883116883116883,0.09090909090909091,0.0,0.0,0.2,0.0,0.25,0.0,0.0,0.4038461538461539,0.7549591598599766,0.0,0.0,0.0,0.0,1.0
184,1.0,0.0,0.518518518518519,0.24675324675324678,0.2727272727272727,0.3333333333333333,0.3333333333333333,0.2,0.0,0.0,0.0,0.0,0.38461538461538464,0.7199533255542591,0.0,0.0,0.0,0.0,1.0
185,0.0,0.0,0.5740740740740744,0.5844155844155845,0.5909090909090909,1.0,0.6666666666666667,1.0000000000000002,0.5,0.4,0.6666666666666667,0.26666666666666666,0.5961538461538463,0.11061843640606764,0.0,0.1313549014838239,0.0,0.0,1.0
186,0.0,0.0,0.7222222222222223,0.2207792207792208,0.9318181818181818,0.3333333333333333,0.6666666666666667,0.0,0.0,0.525,0.6666666666666667,0.0,0.30769230769230765,0.03967327887981331,0.0,0.5135003648747264,0.0,0.0,1.0
187,0.0,0.0,0.5555555555555554,0.32467532467532473,0.25,1.0,0.6666666666666667,0.0,0.0,0.5,0.6666666666666667,0.6666666666666667,0.17307692307692307,0.03267211201866978,0.0,0.17535879348090488,0.0,0.0,0.0
188,0.0,0.0,0.5740740740740744,0.19480519480519481,0.24431818181818185,0.0,0.0,0.46,0.0,0.75,0.0,0.0,0.19230769230769235,0.5799299883313885,0.0,0.1,0.0,0.0,1.0
189,0.0,0.0,0.5370370370370363,0.19480519480519481,0.09090909090909091,0.6666666666666667,0.0,0.0,0.0,0.25,0.0,0.0,0.13461538461538464,0.03150525087514586,0.0,0.7567501824373631,0.0,0.0,1.0
190,0.0,0.0,0.3148148148148149,0.06493506493506496,0.0,0.1333333333333333,0.0,0.6000000000000001,0.0,0.5,0.6666666666666667,0.0,0.0,0.03967327887981331,0.0,0.07621016784237412,0.0,0.0,0.0
191,1.0,1.0,0.575925925925926,0.45454545454545453,0.40909090909090906,0.3333333333333333,0.0,0.0,0.0,0.75,0.0,0.0,0.2692307692307692,0.016336056009334896,0.0,0.17297494526879106,0.0,0.0,1.0
192,0.0,0.0,0.518518518518519,0.11688311688311687,0.11363636363636365,0.0,0.0,0.0,0.0,0.5,0.6666666666666667,0.6666666666666667,0.4807692307692308,0.8249708284714119,0.0,0.12432498175626369,0.0,0.0,1.0
193,0.0,0.0,0.4666666666666668,0.19480519480519481,0.4545454545454545,0.6666666666666667,0.6666666666666667,0.6000000000000001,0.5,0.75,0.6666666666666667,1.0,0.6730769230769231,0.05017502917152859,0.5,0.0779615665288251,0.0,0.0,1.0
194,1.0,0.0,0.4629629629629628,0.3766233766233767,0.1818181818181818,0.0,0.0,0.2,0.0,0.25,0.3333333333333333,0.0,0.2692307692307692,0.6149358226371062,0.0,0.0,0.0,0.0,1.0
195,1.0,0.0,0.48148148148148184,0.09090909090909094,0.04545454545454544,0.6666666666666667,0.0,0.0,0.0,0.175,0.0,0.3333333333333333,0.36538461538461536,0.7082847141190198,0.0,0.0,0.0,0.0,1.0
196,1.0,0.0,0.5740740740740744,0.19480519480519481,0.13636363636363638,0.0,0.0,0.8,0.5,0.25,0.3333333333333333,0.0,0.7692307692307694,0.04900816802800467,1.0,0.007297494526879105,0.0,0.0,0.0
197,1.0,0.0,0.5740740740740744,0.42857142857142855,0.31818181818181823,0.6666666666666667,0.6666666666666667,0.7,0.5,0.25,1.0,0.3333333333333333,0.903846153846154,0.060676779463243874,0.5,0.034054974458769156,0.0,0.0,0.0
198,1.0,0.0,0.5370370370370363,0.19480519480519481,0.13636363636363638,0.0,0.0,0.0,0.5,0.0,0.6666666666666667,0.0,0.2115384615384615,0.7316219369894983,0.0,0.0,0.0,0.0,1.0
199,1.0,0.0,0.5740740740740744,0.19480519480519481,0.36363636363636365,0.6666666666666667,0.0,0.2,0.0,0.25,0.0,0.3333333333333333,0.5,0.6499416569428238,0.0,0.0,0.0,0.0,1.0
200,0.0,0.0,0.3518518518518512,0.11688311688311687,0.04545454545454544,0.0,0.5666666666666667,0.4000000000000001,0.0,0.5,0.0,0.6666666666666667,0.3269230769230769,0.03850641773628938,0.0,0.0779615665288251,0.0,0.0,0.0
201,0.0,0.0,0.5740740740740744,0.3636363636363637,0.2909090909090909,0.0,0.0,0.4000000000000001,0.0,0.75,1.0,0.6666666666666667,0.4230769230769231,0.04784130688448075,0.5,0.07805886645585015,0.0,0.0,0.0
202,0.0,0.0,0.3888888888888893,0.11688311688311687,0.36363636363636365,0.5333333333333334,0.36666666666666664,0.4000000000000001,0.15000000000000002,0.55,0.7333333333333334,0.4000000000000001,0.3461538461538462,0.603267211201867,1.0,0.053709559717830216,0.0,0.0,1.0
203,1.0,0.0,0.3333333333333339,0.038961038961038974,0.011363636363636367,0.0,0.0,0.0,0.0,0.25,0.6666666666666667,0.0,0.23076923076923078,0.028004667444574097,0.0,0.7567501824373631,0.0,0.0,1.0
204,0.0,0.0,0.7037037037037042,0.15584415584415584,0.17045454545454544,0.6666666666666667,0.0,0.4000000000000001,0.0,0.75,1.0,0.3333333333333333,0.24999999999999994,0.03850641773628938,0.0,0.07577231817076137,0.0,0.0,0.0
205,1.0,0.0,0.5740740740740744,0.45454545454545453,0.24772727272727277,0.6666666666666667,0.6666666666666667,0.8,0.5,0.75,0.6666666666666667,1.0,0.528846153846154,0.21925320886814464,1.0,0.10031622476283143,0.0,0.0,1.0
206,0.0,0.0,0.5740740740740744,0.42857142857142855,0.25,0.3333333333333333,0.6666666666666667,0.6000000000000001,0.5,0.75,1.0,0.6666666666666667,0.5192307692307692,0.7199533255542591,0.0,0.14864996351252738,0.4376318379974687,0.0,1.0
207,0.0,0.0,0.41111111111111054,0.2487012987012987,0.2772727272727272,0.4666666666666666,0.3,0.32,0.09999999999999998,0.6,0.6666666666666667,0.4666666666666666,0.4230769230769231,0.06301050175029171,0.5,0.053709559717830216,0.0,0.0,1.0
208,0.0,0.0,0.44444444444444375,0.3766233766233767,0.8181818181818182,0.6666666666666667,0.6666666666666667,0.8,0.5,0.8,0.6666666666666667,0.6666666666666667,0.7884615384615385,0.9999999999999999,1.0,0.0779615665288251,0.0,0.0,1.0
209,1.0,0.0,0.3888888888888893,0.09090909090909094,0.022727272727272735,0.6666666666666667,0.0,0.0,0.0,0.5,0.0,0.3333333333333333,0.38461538461538464,0.5565927654609102,0.0,0.0,0.0,0.0,1.0
210,0.0,0.0,0.4629629629629628,0.24675324675324678,0.13636363636363638,0.4000000000000001,0.0,0.2,0.0,0.25,1.0,0.3333333333333333,0.4230769230769231,0.008168028004667448,0.5,0.1313549014838239,0.0,0.0,0.0
211,0.0,0.0,0.48148148148148184,0.3636363636363637,0.1818181818181818,1.0,0.6666666666666667,0.6000000000000001,0.0,0.25,1.0,1.0,0.4230769230769231,0.025670945157526256,0.5,0.07567501824373632,0.0,0.0,0.0
212,0.0,1.0,0.6481481481481479,0.5844155844155845,0.25,0.0,0.6666666666666667,0.2,0.5,0.5,0.6666666666666667,0.6666666666666667,0.4615384615384615,0.03500583430571762,0.0,0.05166626125030406,0.0,0.0,1.0
213,0.0,0.0,0.40740740740740744,0.09740259740259744,0.04545454545454544,0.6666666666666667,0.0,0.4000000000000001,0.0,0.525,0.3333333333333333,0.3333333333333333,0.30769230769230765,0.04317386231038507,0.0,0.0513743614692289,0.0,0.0,0.0
214,1.0,0.0,0.5925925925925934,0.16883116883116883,0.2727272727272727,0.3333333333333333,0.0,0.0,0.0,0.0,0.0,0.0,0.3269230769230769,0.04317386231038507,0.0,0.0,0.0,0.0,0.0
215,0.0,0.0,0.44444444444444375,0.06493506493506496,0.04545454545454544,0.0,0.0,0.0,0.0,0.0,0.3333333333333333,0.0,0.2884615384615385,0.04317386231038507,0.0,0.07567501824373632,0.0,0.0,1.0
216,1.0,0.0,0.5018518518518515,0.15974025974025974,0.2022727272727273,0.3333333333333333,0.03333333333333338,0.07999999999999996,0.0,0.175,0.3,0.26666666666666666,0.4134615384615385,0.5180863477246208,0.0,0.0,0.0,0.0,1.0
217,0.0,0.0,0.48148148148148184,0.29870129870129875,0.11363636363636365,0.4333333333333333,0.36666666666666664,0.6400000000000001,0.5,0.675,0.7,0.4333333333333333,0.9230769230769231,0.08984830805134189,0.0,0.053733884699586475,0.0,0.0,0.0
218,0.0,0.0,0.5,0.06493506493506496,0.31818181818181823,0.0,0.3333333333333333,0.2,0.0,0.25,0.3333333333333333,0.3,0.3048076923076924,0.17619603267211204,1.0,0.07569934322549259,0.0,0.0,1.0
219,0.0,0.0,0.518518518518519,0.14285714285714285,0.22727272727272727,0.6666666666666667,0.6666666666666667,0.6000000000000001,0.0,0.5,1.0,0.6666666666666667,0.2692307692307692,0.056009334889148193,0.0,0.05135003648747263,0.0,0.0,1.0
220,0.0,0.0,0.7037037037037042,0.3766233766233767,0.5681818181818181,1.0,1.0,0.56,0.5,1.0,1.0,0.7666666666666666,0.5634615384615385,0.24900816802800468,1.0,0.0779615665288251,0.0,0.0,1.0
221,0.0,0.0,0.5740740740740744,0.4025974025974027,0.36363636363636365,1.0,0.6666666666666667,0.54,0.0,0.25,1.0,0.6666666666666667,0.44230769230769235,0.7432905484247374,0.0,0.053709559717830216,0.0,0.0,1.0
222,0.0,0.0,0.48148148148148273,0.5324675324675325,0.05681818181818182,1.0,1.0,0.6000000000000001,0.0,0.25,0.6666666666666667,0.0,0.7115384615384617,0.03500583430571762,0.0,0.05363658477256142,0.0,0.0,0.0
223,0.0,0.0,0.4259259259259265,0.2337662337662338,0.04545454545454544,0.0,0.0,0.4000000000000001,0.0,0.5,0.6666666666666667,0.3333333333333333,0.1634615384615385,0.0338389731621937,0.0,0.053709559717830216,0.0,0.0,0.0
224,0.0,0.0,0.6296296296296289,0.12987012987012986,0.06818181818181818,0.0,0.0,0.0,0.0,0.5,0.0,0.0,0.2884615384615385,0.6382730455075846,0.0,0.07567501824373632,0.0,0.0,1.0
225,1.0,0.0,0.5555555555555554,0.15584415584415584,0.1818181818181818,0.0,0.0,0.0,0.0,0.0,0.6666666666666667,0.0,0.5,0.04550758459743291,0.0,0.07567501824373632,0.0,0.0,0.0
226,0.0,0.0,0.7037037037037042,0.5844155844155845,0.13636363636363638,1.0,0.6666666666666667,0.8,0.5,0.25,0.6666666666666667,0.6666666666666667,0.7115384615384617,0.06417736289381565,0.5,0.05363658477256142,0.0,0.0,1.0
227,0.0,1.0,0.5907407407407419,0.3935064935064935,0.4568181818181818,0.5333333333333334,0.4000000000000001,0.14,0.050000000000000044,0.375,0.5333333333333334,0.4333333333333333,0.4230769230769231,0.03733955659276546,0.0,0.21892483580637315,0.0,0.0,0.0
228,0.0,0.0,0.3518518518518512,0.3896103896103897,0.36363636363636365,0.6666666666666667,0.5999999999999999,1.0000000000000002,0.5,1.0,1.0,0.6666666666666667,0.8076923076923077,0.544924154025671,1.0,0.0779615665288251,0.0,0.0,1.0
229,0.0,1.0,0.5740740740740744,0.5844155844155845,0.7045454545454546,0.4000000000000001,0.4666666666666666,0.54,0.30000000000000004,0.65,0.0,0.7,0.23076923076923078,0.5915985997666278,0.0,0.10228654828508879,0.43749121080016873,1.0,1.0
230,0.0,0.0,0.5740740740740744,0.4805194805194805,0.36363636363636365,0.6666666666666667,0.6666666666666667,0.56,0.0,0.75,0.6666666666666667,1.0,0.5634615384615385,0.13920653442240372,0.0,0.05166626125030406,0.0,0.0,1.0
231,1.0,0.0,0.7592592592592595,0.4025974025974027,0.22727272727272727,0.6666666666666667,0.6666666666666667,1.0000000000000002,0.0,1.0,1.0,0.0,0.9423076923076923,0.03617269544924155,0.5,0.08027243979567016,0.0,0.0,1.0
232,0.0,0.0,0.5740740740740744,0.0,0.11363636363636365,0.4333333333333333,0.3,0.52,0.09999999999999998,0.525,0.5666666666666667,0.4333333333333333,0.3269230769230769,0.05134189031505251,0.0,0.051398686450985165,0.0,0.0,1.0
233,0.0,0.0,0.5370370370370363,0.27272727272727276,0.25,1.0,0.6666666666666667,0.4000000000000001,0.5,0.5,0.6666666666666667,0.6666666666666667,0.38461538461538464,0.04317386231038507,0.0,0.07572366820724885,0.0,0.0,0.0
234,1.0,0.0,0.3888888888888893,0.11688311688311687,0.25,1.0,0.0,0.4000000000000001,0.0,0.2,0.3333333333333333,0.0,0.4807692307692308,0.061843640606767794,0.0,0.009729992702505474,0.0,0.0,1.0
235,0.0,0.0,0.5,0.14285714285714285,0.1818181818181818,0.0,0.0,0.8,0.0,0.75,0.6666666666666667,0.0,0.5961538461538463,0.04900816802800467,0.5,0.053660909754317684,0.0,0.0,0.0
236,1.0,0.0,0.518518518518519,0.07792207792207795,0.20454545454545456,0.0,0.0,0.0,0.0,0.5,0.0,0.3333333333333333,0.24999999999999994,0.04200700116686115,0.0,0.07567501824373632,0.0,0.0,1.0
237,1.0,0.0,0.4629629629629628,0.15584415584415584,0.38636363636363635,0.3333333333333333,0.0,0.8,0.0,0.5,0.0,0.0,0.4615384615384615,0.5915985997666278,0.0,0.0,0.0,0.0,1.0
238,1.0,0.0,0.12962962962962976,0.3766233766233767,0.2261363636363636,0.6666666666666667,0.6666666666666667,0.4000000000000001,0.0,0.5,0.6666666666666667,0.3333333333333333,0.4230769230769231,0.04317386231038507,1.0,0.053733884699586475,0.0,0.0,0.0
239,0.0,0.0,0.5,0.25974025974025977,0.1590909090909091,0.7,0.0,0.46,0.0,1.0,0.6666666666666667,0.7666666666666666,0.24999999999999994,0.7199533255542591,1.0,0.0779615665288251,0.0,0.0,1.0
240,0.0,0.0,0.48148148148148184,0.3896103896103897,0.25,1.0,0.6666666666666667,0.6000000000000001,0.5,1.0,1.0,1.0,0.6153846153846154,0.03267211201866978,0.5,0.0779615665288251,0.0,0.0,1.0
241,0.0,0.0,0.518518518518519,0.14285714285714285,0.09090909090909091,0.0,0.0,0.2,0.0,0.0,0.3333333333333333,0.0,0.38461538461538464,0.056009334889148193,0.0,0.0,0.0,0.0,0.0
242,0.0,0.0,0.44814814814814863,0.038961038961038974,0.2727272727272727,0.0,0.0,0.6000000000000001,0.0,1.0,0.6666666666666667,0.6666666666666667,0.3461538461538462,0.03033838973162195,0.5,0.05363658477256142,0.0,0.0,1.0
243,0.0,0.0,0.5555555555555554,0.4025974025974027,0.13636363636363638,0.0,0.5999999999999999,0.6599999999999999,0.5,0.6,0.6666666666666667,0.6666666666666667,0.6000000000000001,0.26721120186697783,0.0,0.053709559717830216,0.0,0.0,0.0
244,0.0,1.0,0.518518518518519,0.6103896103896105,0.9090909090909091,0.0,0.6666666666666667,0.2,0.0,0.25,0.6666666666666667,1.0,0.4615384615384615,0.05484247374562427,0.0,0.2286548285088786,0.0,0.0,0.0
245,1.0,0.0,0.5685185185185198,0.42857142857142855,0.3534090909090909,0.6666666666666667,0.6666666666666667,0.4000000000000001,0.5,1.0,1.0,1.0,0.7115384615384617,0.0411901983663944,0.5,1.0,0.0,0.0,1.0
246,0.0,0.0,0.40740740740740744,0.24675324675324678,0.2727272727272727,0.6666666666666667,0.5666666666666667,0.4000000000000001,0.0,0.75,0.3333333333333333,1.0,0.4615384615384615,0.04550758459743291,0.0,0.07805886645585015,0.0,0.0,1.0
247,0.0,0.0,0.5,0.3766233766233767,0.1818181818181818,0.6666666666666667,0.6666666666666667,0.6000000000000001,0.0,1.0,1.0,0.6666666666666667,0.3461538461538462,0.015169194865810968,0.5,0.053733884699586475,0.0,0.0,1.0
248,0.0,0.0,0.48148148148148184,0.5064935064935066,0.5909090909090909,0.3333333333333333,0.6666666666666667,0.6000000000000001,0.0,0.75,0.6666666666666667,0.6666666666666667,0.5865384615384617,0.24947491248541426,0.0,0.05363658477256142,0.0,0.0,1.0
249,1.0,0.0,0.518518518518519,0.11688311688311687,0.18522727272727277,0.3333333333333333,0.1333333333333333,0.0,0.5,0.5,0.6666666666666667,0.0,0.2115384615384615,0.03850641773628938,0.0,0.07567501824373632,0.0,0.0,1.0
250,0.0,0.0,0.7222222222222223,0.45454545454545453,0.48863636363636365,1.0,1.0,1.0000000000000002,0.0,0.25,1.0,0.0,0.8269230769230771,0.1131855309218203,1.0,0.051398686450985165,0.0,0.0,1.0
251,1.0,0.0,0.22222222222222232,0.07792207792207795,0.11363636363636365,0.6666666666666667,0.6666666666666667,0.2,0.0,0.0,1.0,0.0,0.5576923076923077,0.04434072345390898,0.5,0.12432498175626369,0.0,0.0,1.0
252,0.0,1.0,0.6296296296296289,0.6103896103896105,0.31818181818181823,0.6666666666666667,0.0,0.2,0.0,0.25,0.6666666666666667,1.0,0.5192307692307692,0.05017502917152859,0.5,0.053709559717830216,0.0,0.0,0.0
253,1.0,0.0,0.5037037037037031,0.5324675324675325,0.1818181818181818,0.6666666666666667,0.6666666666666667,0.6000000000000001,0.5,1.0,1.0,0.3333333333333333,0.3269230769230769,0.023337222870478416,0.0,0.009729992702505474,0.0,0.0,0.0
254,0.0,0.0,0.48703703703703827,0.32467532467532473,0.22954545454545452,0.6666666666666667,0.6666666666666667,0.4000000000000001,0.0,0.75,1.0,1.0,0.38461538461538464,0.7782963827304551,0.0,0.07567501824373632,0.0,0.0,1.0
255,0.0,1.0,0.6296296296296289,1.0000000000000002,0.8636363636363636,0.0,0.4000000000000001,0.0,0.0,0.75,0.0,0.6666666666666667,0.19230769230769235,0.0,0.5,0.17297494526879106,0.0,0.0,1.0
256,0.0,0.0,0.3888888888888893,0.27272727272727276,0.38409090909090904,0.3333333333333333,0.0,0.0,0.0,0.25,0.0,0.0,0.23076923076923078,0.7199533255542591,1.0,0.17535879348090488,0.0,0.0,1.0
257,0.0,0.0,0.6111111111111116,0.42857142857142855,0.22727272727272727,0.6666666666666667,0.6666666666666667,0.6000000000000001,0.0,0.55,1.0,0.4333333333333333,0.7884615384615385,0.06651108518086347,0.5,0.05363658477256142,0.0,0.0,0.0
258,1.0,0.0,0.3888888888888893,0.14285714285714285,0.04545454545454544,0.0,0.0,0.0,0.0,0.25,0.6666666666666667,0.3333333333333333,0.24999999999999994,0.6732788798133023,0.0,0.0,0.0,0.0,1.0
259,0.0,0.0,1.0,0.27272727272727276,0.38636363636363635,0.6666666666666667,0.6666666666666667,0.0,0.0,0.25,0.6666666666666667,0.0,0.5961538461538463,0.04784130688448075,0.5,0.277304792021406,0.0,0.0,0.0
260,1.0,0.0,0.48148148148148184,0.06493506493506496,0.1931818181818182,0.4333333333333333,0.0,0.0,0.0,0.75,0.6666666666666667,0.3333333333333333,0.2692307692307692,0.7666277712952159,0.0,0.0,0.0,0.0,1.0
261,1.0,0.0,0.5555555555555554,0.11688311688311687,0.09090909090909091,0.3333333333333333,0.0,0.0,0.0,0.0,0.6333333333333333,0.3333333333333333,0.30769230769230765,0.03733955659276546,0.0,0.07567501824373632,0.0,0.0,0.0
262,1.0,1.0,0.5925925925925934,0.3766233766233767,0.22727272727272727,0.2,0.10000000000000003,0.18,0.0,0.35,0.4333333333333333,0.26666666666666666,0.23076923076923078,0.03033838973162195,0.0,0.0,0.0,0.0,1.0
263,0.0,0.0,0.3148148148148149,0.29220779220779225,0.31818181818181823,0.5999999999999999,0.5999999999999999,0.4000000000000001,0.5,0.75,1.0,0.3333333333333333,0.4807692307692308,0.04784130688448075,0.5,0.29695937728046706,0.0,0.0,0.0
264,0.0,0.0,0.5370370370370363,0.09090909090909094,0.14772727272727273,0.6666666666666667,0.0,0.2,0.0,0.5,0.6666666666666667,0.6666666666666667,0.4038461538461539,0.03733955659276546,0.0,0.053733884699586475,0.0,0.0,0.0
265,1.0,0.0,0.5055555555555564,0.16883116883116883,0.6818181818181818,0.6666666666666667,0.0,0.0,0.0,0.5,0.6666666666666667,0.0,0.3269230769230769,0.03150525087514586,1.0,0.12663585502310873,0.0,0.0,1.0
266,1.0,0.0,0.5925925925925934,0.24675324675324678,0.13636363636363638,0.3333333333333333,0.0,0.4000000000000001,0.0,0.5,0.6666666666666667,0.3333333333333333,0.2884615384615385,0.03733955659276546,0.0,0.12464120651909512,0.0,0.0,0.0
267,1.0,0.0,0.5370370370370363,0.15584415584415584,0.11363636363636365,0.6666666666666667,0.0,0.2,0.0,0.25,0.6666666666666667,0.3333333333333333,0.4038461538461539,0.04550758459743291,0.0,0.05166626125030406,0.0,0.0,0.0
268,0.0,0.0,0.518518518518519,0.07792207792207795,0.13636363636363638,0.4333333333333333,0.06666666666666665,0.0,0.0,0.275,0.6666666666666667,0.2,0.4615384615384615,0.661610268378063,0.0,0.0,0.0,0.0,1.0
269,0.0,0.0,0.7222222222222223,0.2207792207792208,0.9318181818181818,0.3333333333333333,0.6666666666666667,0.0,0.0,0.6,0.6666666666666667,0.0,0.30769230769230765,0.03967327887981331,0.0,0.7567501824373631,0.0,0.0,1.0
270,0.0,0.0,0.3888888888888893,0.19480519480519481,0.4772727272727273,0.6666666666666667,0.6666666666666667,0.0,0.0,0.5,0.6666666666666667,0.3333333333333333,0.23076923076923078,0.03733955659276546,0.5,0.053733884699586475,0.0,0.0,1.0
271,0.0,0.0,0.4259259259259265,0.32467532467532473,0.24431818181818185,0.6666666666666667,0.6666666666666667,1.0000000000000002,0.0,1.0,1.0,0.0,0.5192307692307692,0.603267211201867,0.0,0.10231087326684506,0.0,0.0,1.0
272,0.0,0.0,0.6259259259259267,0.45454545454545453,0.25,0.6666666666666667,0.6666666666666667,0.6000000000000001,0.5,1.0,1.0,1.0,0.5576923076923077,0.03850641773628938,0.0,0.05166626125030406,0.0,0.0,1.0
273,0.0,0.0,0.4259259259259265,0.5844155844155845,0.22727272727272727,0.6666666666666667,0.6666666666666667,0.4000000000000001,0.0,1.0,0.6666666666666667,0.6666666666666667,0.8076923076923077,0.04317386231038507,0.5,0.10228654828508879,0.0,0.0,0.0
274,0.0,0.0,0.6388888888888884,0.29870129870129875,0.42272727272727273,0.6333333333333333,0.6666666666666667,0.18,0.15000000000000002,0.42500000000000004,1.0,1.0,0.4711538461538462,0.044807467911318566,1.0,0.2705910970566772,0.0,0.0,1.0
275,0.0,1.0,0.6296296296296289,0.7792207792207793,0.4772727272727273,0.0,0.6666666666666667,1.0000000000000002,0.5,1.0,0.6666666666666667,0.3333333333333333,0.5192307692307692,0.0338389731621937,0.5,0.10233519824860132,0.0,0.0,1.0
276,0.0,0.0,0.48148148148148184,0.038961038961038974,0.09090909090909091,0.6666666666666667,0.0,0.0,0.0,0.75,0.3333333333333333,0.3333333333333333,0.2692307692307692,0.8366394399066511,1.0,0.07567501824373632,0.0,0.0,1.0
277,1.0,0.0,0.2777777777777777,0.12987012987012986,0.36363636363636365,0.3333333333333333,0.6666666666666667,0.4000000000000001,0.0,0.0,0.6666666666666667,0.3333333333333333,0.2788461538461538,0.03733955659276546,0.0,0.07567501824373632,0.0,0.0,1.0
278,1.0,0.0,0.44444444444444375,0.06493506493506496,0.09090909090909091,0.0,0.0,0.0,0.0,0.0,0.0,0.0,0.2692307692307692,0.04084014002333722,0.0,0.0,0.0,0.0,1.0
279,1.0,0.0,0.518518518518519,0.16883116883116883,0.36363636363636365,1.0,0.6666666666666667,0.0,0.0,0.25,1.0,0.6666666666666667,0.4615384615384615,0.04550758459743291,0.0,0.20189734857698857,0.0,0.0,0.0
280,0.0,0.0,0.5925925925925934,0.11688311688311687,0.04545454545454544,0.26666666666666666,0.10000000000000003,0.0,0.0,0.0,0.0,0.1333333333333333,0.24999999999999994,0.7432905484247374,0.0,0.0,0.0,0.0,1.0
281,1.0,0.0,0.8518518518518521,0.31168831168831174,0.47045454545454546,0.6666666666666667,0.6666666666666667,0.8,0.0,0.25,0.6666666666666667,0.0,0.8269230769230771,0.03733955659276546,0.5,0.20432984675261495,0.0,0.0,0.0
282,0.0,0.0,0.5518518518518514,0.25974025974025977,0.09090909090909091,0.6666666666666667,1.0,0.8,0.5,0.25,0.6666666666666667,0.3333333333333333,0.7115384615384617,0.04900816802800467,0.5,0.034054974458769156,0.0,0.0,1.0
283,0.0,0.0,0.518518518518519,0.27272727272727276,0.11363636363636365,0.4666666666666666,0.2,0.25999999999999995,0.09999999999999998,0.35,0.7333333333333334,0.36666666666666664,0.23076923076923078,0.03617269544924155,0.0,0.07599124300656775,0.0,0.0,1.0
284,1.0,0.0,0.5740740740740744,0.15584415584415584,0.1840909090909091,0.0,0.0,0.0,0.0,0.5,0.0,0.0,0.3269230769230769,0.04084014002333722,0.0,0.0,0.0,0.0,0.0
285,0.0,0.0,0.5740740740740744,0.2337662337662338,0.1818181818181818,0.0,0.0,0.0,0.0,0.5,0.6666666666666667,0.0,0.3269230769230769,0.03967327887981331,0.0,0.7567501824373631,0.0,0.0,0.0
286,1.0,0.0,0.44444444444444375,0.3376623376623377,0.04545454545454544,0.6666666666666667,0.0,0.0,0.5,0.75,0.6666666666666667,0.6666666666666667,0.5192307692307692,0.04317386231038507,1.0,0.05363658477256142,0.0,0.0,1.0
287,1.0,1.0,0.7592592592592595,0.3506493506493507,0.25,0.10000000000000003,0.03333333333333338,0.12000000000000005,0.0,0.35,0.4333333333333333,0.23333333333333334,0.0961538461538462,0.019836639439906656,0.0,0.0,0.0,0.0,1.0
288,0.0,0.0,0.5370370370370363,0.2649350649350649,0.19090909090909094,0.4333333333333333,0.36666666666666664,0.46,0.15000000000000002,0.475,0.7333333333333334,0.4000000000000001,0.48846153846153845,0.05099183197199533,0.0,0.05166626125030406,0.0,0.0,1.0
289,0.0,0.0,0.48148148148148184,0.12987012987012986,0.31818181818181823,0.49999999999999994,0.0,0.0,0.0,0.5,0.3333333333333333,0.3333333333333333,0.30769230769230765,0.03850641773628938,0.0,0.20432984675261495,0.0,0.0,0.0
290,1.0,0.0,0.5925925925925934,0.09740259740259744,0.09090909090909091,0.3333333333333333,0.0,0.2,0.0,0.0,0.0,0.2,0.38461538461538464,0.6382730455075846,0.0,0.0,0.0,0.0,1.0
291,0.0,0.0,0.6481481481481479,0.32467532467532473,0.40909090909090906,0.6666666666666667,0.6666666666666667,0.4000000000000001,0.0,0.25,0.6666666666666667,0.6666666666666667,0.5961538461538463,0.03733955659276546,0.5,0.17297494526879106,0.0,0.0,1.0
292,0.0,0.0,0.2962962962962967,0.2337662337662338,0.13636363636363638,0.0,0.6666666666666667,0.2,0.0,0.75,0.6666666666666667,0.6666666666666667,0.23076923076923078,0.04200700116686115,0.5,0.7567501824373631,0.0,0.0,1.0
293,0.0,0.0,0.5092592592592577,0.31168831168831174,0.1818181818181818,0.6666666666666667,0.6666666666666667,0.4000000000000001,0.0,0.525,0.6666666666666667,0.6333333333333333,0.38461538461538464,0.6849474912485414,1.0,0.053733884699586475,0.0,0.0,1.0
294,1.0,0.0,0.5740740740740744,0.06493506493506496,0.09090909090909091,0.0,0.0,0.0,0.0,0.25,0.0,0.0,0.2692307692307692,0.7432905484247374,0.0,0.0,0.0,0.0,1.0
295,0.0,0.0,0.5,0.5844155844155845,0.7045454545454546,1.0,0.6666666666666667,0.6000000000000001,0.5,0.25,1.0,0.7666666666666666,0.6153846153846154,0.7199533255542591,1.0,0.0779615665288251,0.0,0.0,1.0
296,1.0,0.0,0.3333333333333339,0.27272727272727276,0.1818181818181818,0.6666666666666667,0.3333333333333333,0.6000000000000001,0.5,0.75,0.6666666666666667,0.6666666666666667,0.4038461538461539,0.19066511085180865,1.0,0.053709559717830216,0.0,0.0,0.0
297,0.0,0.0,0.3888888888888893,0.27272727272727276,0.25,1.0,0.6666666666666667,0.6000000000000001,0.0,0.75,1.0,0.6666666666666667,0.7115384615384617,0.04084014002333722,0.5,0.0779615665288251,0.0,0.0,1.0
298,0.0,0.0,0.20370370370370416,0.45454545454545453,0.1818181818181818,0.6666666666666667,0.6666666666666667,0.4000000000000001,0.0,0.5,0.6666666666666667,0.6666666666666667,0.5192307692307692,0.03150525087514586,0.0,0.053709559717830216,0.0,0.0,0.0
299,0.0,0.0,0.3333333333333339,0.06493506493506496,0.13636363636363638,0.3333333333333333,0.4000000000000001,0.4200000000000001,0.15000000000000002,0.5,0.7,0.2,0.24999999999999994,0.6849474912485414,1.0,0.14867428849428363,0.0,0.0,1.0
