,f1,f2,f3,f4,f5,f6,f7,f8,f9,f12
0,0.41666666666666663,0.2857142857142857,0.9199999999999999,0.16666666666666666,0.375,0.4375,0.5882352941176471,0.25,1.0,0.0
1,0.08333333333333333,0.2857142857142857,0.0,0.0,0.375,0.4375,0.0,0.5,0.34782608695652173,0.0
2,0.9166666666666666,0.14285714285714285,0.0,0.0,0.0,0.4375,0.23529411764705882,0.5,0.6521739130434783,0.7142857142857142
3,0.0,0.0,0.9199999999999999,0.0,0.25,0.4375,0.23529411764705882,0.5,0.7826086956521738,0.7142857142857142
4,0.5833333333333333,0.2857142857142857,0.9,0.16666666666666666,0.375,0.4375,0.058823529411764705,0.5,0.08695652173913043,0.14285714285714285
5,0.5,0.2857142857142857,0.0,0.16666666666666666,0.375,0.9375,0.5882352941176471,0.25,1.0,0.7142857142857142
6,0.08333333333333333,0.0,0.0,0.5,0.375,0.4375,0.23529411764705882,1.0,0.13043478260869565,0.7857142857142857
7,0.25,0.0,0.0,0.6666666666666666,0.0,0.4375,0.4117647058823529,0.5,0.6521739130434783,1.0
8,0.16666666666666666,0.0,0.0,0.6666666666666666,0.25,0.9375,0.4117647058823529,0.25,0.13043478260869565,0.7857142857142857
9,0.5,0.2857142857142857,0.0,0.6666666666666666,0.375,0.9375,0.5882352941176471,0.5,0.5652173913043478,1.0
10,0.75,0.0,1.0,0.6666666666666666,0.375,0.4375,0.23529411764705882,0.5,0.6521739130434783,0.7857142857142857
11,0.16666666666666666,0.0,0.0,0.6666666666666666,0.25,0.9375,0.4117647058823529,1.0,0.5652173913043478,0.0
12,0.8333333333333333,0.2857142857142857,0.9400000000000001,0.16666666666666666,0.5,0.4375,0.7058823529411764,1.0,1.0,0.7142857142857142
13,0.9166666666666666,0.0,0.96,0.16666666666666666,0.375,0.4375,0.4117647058823529,0.25,0.13043478260869565,0.0
14,0.08333333333333333,0.2857142857142857,1.0,0.16666666666666666,0.375,0.1875,0.4117647058823529,1.0,0.13043478260869565,0.7857142857142857
15,0.08333333333333333,0.2857142857142857,0.0,0.6666666666666666,0.5,0.1875,0.23529411764705882,1.0,0.6086956521739131,1.0
16,0.5833333333333333,0.0,0.9400000000000001,0.0,0.625,0.4375,0.4117647058823529,1.0,0.13043478260869565,0.7857142857142857
17,0.5,0.42857142857142855,1.0,0.6666666666666666,0.0,0.4375,0.23529411764705882,0.5,1.0,0.5714285714285714
18,0.0,0.0,0.0,0.16666666666666666,0.5,0.5625,0.7058823529411764,0.5,0.13043478260869565,0.5714285714285714
19,0.41666666666666663,0.0,1.0,0.16666666666666666,0.0,0.4375,0.5882352941176471,0.25,0.3913043478260869,1.0
20,0.41666666666666663,0.0,0.9,0.0,0.0,0.4375,0.23529411764705882,1.0,0.13043478260869565,0.7857142857142857
21,0.08333333333333333,0.2857142857142857,0.86,0.16666666666666666,0.375,0.4375,0.5882352941176471,0.5,1.0,0.7857142857142857
22,0.0,0.2857142857142857,0.8,0.5,0.375,0.9375,0.4117647058823529,0.5,0.13043478260869565,0.7857142857142857
23,0.41666666666666663,0.0,0.9400000000000001,0.3333333333333333,0.375,0.9375,0.5882352941176471,0.25,0.13043478260869565,0.7857142857142857
24,0.41666666666666663,0.0,0.0,0.6666666666666666,0.0,0.9375,0.5882352941176471,0.5,0.6521739130434783,0.5714285714285714
25,0.41666666666666663,0.0,0.0,0.16666666666666666,0.0,0.4375,0.5882352941176471,0.25,0.13043478260869565,0.7142857142857142
26,0.41666666666666663,0.0,0.9400000000000001,0.16666666666666666,0.25,0.4375,0.5882352941176471,0.5,1.0,0.7857142857142857
27,0.08333333333333333,0.2857142857142857,0.0,0.0,0.375,0.4375,0.5882352941176471,0.5,0.13043478260869565,0.7142857142857142
28,0.5833333333333333,0.2857142857142857,0.86,0.6666666666666666,0.0,0.4375,0.5882352941176471,0.5,0.6521739130434783,0.9285714285714285
29,0.5833333333333333,0.2857142857142857,0.9400000000000001,0.16666666666666666,0.25,0.625,0.4117647058823529,0.25,0.08695652173913043,0.14285714285714285
30,0.08333333333333333,0.0,0.9199999999999999,0.0,0.0,0.4375,0.5882352941176471,0.25,0.6521739130434783,0.7857142857142857
31,0.08333333333333333,0.2857142857142857,0.0,0.16666666666666666,0.25,0.4375,0.5882352941176471,0.5,0.7826086956521738,0.7857142857142857
32,0.08333333333333333,0.0,0.8800000000000001,0.0,0.0,0.4375,0.5882352941176471,0.5,0.2608695652173913,0.0
33,0.0,0.0,0.86,0.0,0.25,0.4375,0.5882352941176471,0.25,1.0,0.7857142857142857
34,0.75,0.14285714285714285,0.9400000000000001,0.16666666666666666,0.25,0.4375,0.7058823529411764,1.0,1.0,0.7142857142857142
35,0.08333333333333333,0.2857142857142857,0.9199999999999999,0.6666666666666666,0.5,0.1875,0.23529411764705882,0.5,0.13043478260869565,0.5714285714285714
36,0.9166666666666666,0.0,0.9199999999999999,0.6666666666666666,0.5,0.4375,0.23529411764705882,0.5,1.0,0.7142857142857142
37,0.0,0.0,0.0,0.16666666666666666,0.0,0.4375,0.4117647058823529,0.5,0.13043478260869565,0.7142857142857142
38,0.75,0.0,0.9199999999999999,0.16666666666666666,0.5,0.4375,0.5882352941176471,0.5,0.13043478260869565,0.7857142857142857
39,0.08333333333333333,0.0,0.9,0.16666666666666666,0.25,0.9375,0.4117647058823529,0.25,0.13043478260869565,0.7857142857142857
40,0.0,0.0,1.0,0.6666666666666666,0.25,0.9375,0.5882352941176471,0.5,0.13043478260869565,0.7857142857142857
41,0.0,0.2857142857142857,0.8800000000000001,0.0,0.0,0.4375,0.3529411764705882,0.5,0.6956521739130435,0.7857142857142857
42,0.08333333333333333,0.0,0.96,0.16666666666666666,0.5,0.4375,0.4117647058823529,0.5,0.30434782608695654,0.5714285714285714
43,0.08333333333333333,0.2857142857142857,0.96,0.6666666666666666,0.25,0.4375,0.5882352941176471,0.5,0.13043478260869565,0.7142857142857142
44,0.9166666666666666,0.0,0.96,0.16666666666666666,0.5,0.4375,0.5882352941176471,0.5,0.13043478260869565,0.5714285714285714
45,0.41666666666666663,0.0,0.0,0.16666666666666666,0.5,0.4375,0.4117647058823529,0.5,1.0,0.7857142857142857
46,0.41666666666666663,0.0,0.96,0.0,0.25,0.9375,0.7058823529411764,0.25,0.6521739130434783,0.2857142857142857
47,0.08333333333333333,0.0,0.0,0.16666666666666666,0.375,0.4375,0.3529411764705882,0.5,0.13043478260869565,0.14285714285714285
48,0.08333333333333333,0.2857142857142857,0.9400000000000001,0.16666666666666666,0.375,0.4375,0.5882352941176471,0.25,0.3913043478260869,0.7857142857142857
49,0.08333333333333333,0.42857142857142855,0.0,0.0,0.5,0.1875,0.23529411764705882,0.25,1.0,0.7857142857142857
50,0.41666666666666663,0.2857142857142857,1.0,0.6666666666666666,0.375,0.9375,0.5882352941176471,0.25,1.0,0.0
51,0.08333333333333333,0.2857142857142857,0.86,0.6666666666666666,0.375,0.4375,0.5882352941176471,1.0,0.3913043478260869,0.0
52,0.08333333333333333,0.0,0.0,0.0,0.25,0.4375,0.3529411764705882,0.5,0.6521739130434783,0.7857142857142857
53,0.08333333333333333,0.0,0.9199999999999999,0.6666666666666666,0.0,0.4375,0.5882352941176471,0.5,0.6521739130434783,0.7857142857142857
54,0.8333333333333333,0.0,0.9,0.16666666666666666,0.25,0.4375,0.7058823529411764,0.5,0.6521739130434783,0.2857142857142857
55,0.25,0.0,0.0,0.3333333333333333,0.5,0.875,0.23529411764705882,0.5,0.13043478260869565,0.5714285714285714
56,0.08333333333333333,0.0,0.9800000000000001,0.3333333333333333,0.5,0.875,0.23529411764705882,0.5,0.13043478260869565,0.7857142857142857
57,0.8333333333333333,0.2857142857142857,0.9199999999999999,0.0,0.0,0.4375,0.5882352941176471,0.5,1.0,0.7857142857142857
58,0.5,0.2857142857142857,0.9,0.16666666666666666,0.375,0.9375,0.5882352941176471,0.5,0.6521739130434783,0.7142857142857142
59,1.0,0.0,0.0,0.16666666666666666,0.0,0.6875,0.5882352941176471,0.5,0.6521739130434783,0.5714285714285714
60,0.5833333333333333,0.14285714285714285,0.0,0.16666666666666666,0.25,0.9375,0.23529411764705882,0.5,0.6956521739130435,0.7857142857142857
61,0.08333333333333333,0.0,0.0,0.6666666666666666,0.25,0.4375,0.4117647058823529,0.5,0.13043478260869565,0.6428571428571428
62,0.08333333333333333,0.0,1.0,0.16666666666666666,0.375,0.4375,0.4117647058823529,0.25,0.6521739130434783,0.0
63,0.08333333333333333,0.0,0.9400000000000001,0.16666666666666666,0.625,0.4375,0.5882352941176471,0.5,1.0,0.7857142857142857
64,0.41666666666666663,0.2857142857142857,0.8,0.3333333333333333,0.0,0.4375,0.5882352941176471,0.25,0.13043478260869565,0.7857142857142857
65,0.08333333333333333,0.0,1.0,0.16666666666666666,0.0,0.9375,0.4117647058823529,0.5,0.13043478260869565,0.7857142857142857
66,0.08333333333333333,0.2857142857142857,0.0,0.6666666666666666,0.375,0.9375,0.3529411764705882,0.5,0.7826086956521738,0.7857142857142857
67,0.08333333333333333,0.42857142857142855,0.9,0.3333333333333333,0.5,0.4375,0.23529411764705882,0.5,0.6521739130434783,0.5714285714285714
68,1.0,0.0,0.96,0.0,0.375,0.9375,0.4117647058823529,0.5,0.6521739130434783,0.7857142857142857
69,0.08333333333333333,0.42857142857142855,0.0,0.16666666666666666,0.0,0.9375,0.4117647058823529,0.25,0.6521739130434783,0.7857142857142857
70,0.5,0.0,1.0,0.6666666666666666,0.375,0.9375,0.5882352941176471,0.5,0.13043478260869565,0.7142857142857142
71,0.8333333333333333,0.2857142857142857,0.0,0.16666666666666666,0.25,0.9375,0.4117647058823529,0.5,0.6521739130434783,0.7857142857142857
72,0.41666666666666663,0.0,0.8400000000000001,0.16666666666666666,0.5,0.9375,0.5882352941176471,0.5,0.13043478260869565,0.7857142857142857
73,0.08333333333333333,0.2857142857142857,0.96,0.6666666666666666,0.25,0.4375,0.23529411764705882,0.5,0.13043478260869565,0.7857142857142857
74,0.08333333333333333,0.2857142857142857,0.8800000000000001,0.3333333333333333,0.0,0.4375,0.5882352941176471,0.5,0.6521739130434783,0.7857142857142857
75,0.08333333333333333,0.2857142857142857,0.9400000000000001,0.0,0.25,0.4375,0.4117647058823529,1.0,0.08695652173913043,0.14285714285714285
76,0.08333333333333333,0.0,1.0,0.5,0.5,0.1875,0.23529411764705882,1.0,0.13043478260869565,0.2857142857142857
77,0.08333333333333333,0.2857142857142857,0.0,0.6666666666666666,0.25,0.9375,0.5882352941176471,1.0,0.13043478260869565,0.7142857142857142
78,0.08333333333333333,0.0,0.0,0.6666666666666666,0.25,0.4375,0.5882352941176471,0.5,1.0,0.7857142857142857
79,0.5,0.8571428571428571,0.9400000000000001,0.6666666666666666,0.5,0.9375,0.5882352941176471,1.0,0.6521739130434783,1.0
80,0.08333333333333333,0.2857142857142857,1.0,0.16666666666666666,0.375,0.9375,0.5882352941176471,0.25,0.6521739130434783,0.0
81,0.75,0.0,0.9400000000000001,0.16666666666666666,0.25,0.9375,0.5882352941176471,0.5,0.6521739130434783,0.7857142857142857
82,0.41666666666666663,0.2857142857142857,1.0,0.6666666666666666,0.25,0.4375,0.23529411764705882,0.5,0.13043478260869565,0.9285714285714285
83,0.9166666666666666,0.2857142857142857,0.9199999999999999,0.16666666666666666,0.375,0.4375,0.4117647058823529,0.5,1.0,0.7142857142857142
84,0.08333333333333333,0.0,0.0,0.6666666666666666,0.5,0.4375,0.3529411764705882,0.25,0.6521739130434783,0.7857142857142857
85,0.08333333333333333,0.7142857142857142,0.9800000000000001,0.0,0.375,0.1875,0.4117647058823529,1.0,1.0,0.5714285714285714
86,0.08333333333333333,0.2857142857142857,0.0,0.3333333333333333,0.0,0.4375,0.23529411764705882,0.5,1.0,0.7857142857142857
87,0.41666666666666663,0.0,0.8,0.3333333333333333,0.0,0.9375,0.5882352941176471,1.0,0.6956521739130435,0.5714285714285714
88,0.41666666666666663,0.2857142857142857,1.0,0.16666666666666666,0.0,0.4375,0.23529411764705882,0.5,1.0,0.7142857142857142
89,0.0,0.0,0.9199999999999999,0.16666666666666666,0.5,0.5625,0.7058823529411764,1.0,0.13043478260869565,0.7857142857142857
90,0.08333333333333333,0.0,0.0,0.0,0.25,0.1875,0.5882352941176471,0.5,0.13043478260869565,0.5714285714285714
91,0.08333333333333333,0.0,0.96,0.0,0.5,0.4375,0.4117647058823529,0.5,0.13043478260869565,0.7857142857142857
92,0.3333333333333333,0.42857142857142855,0.0,0.16666666666666666,0.5,0.375,0.3529411764705882,0.5,0.13043478260869565,0.7857142857142857
93,0.41666666666666663,0.2857142857142857,0.96,0.16666666666666666,0.25,0.4375,0.3529411764705882,0.5,0.7826086956521738,0.7857142857142857
94,0.08333333333333333,0.42857142857142855,0.0,0.3333333333333333,0.25,0.9375,0.23529411764705882,1.0,1.0,0.0
95,0.08333333333333333,0.42857142857142855,0.0,0.16666666666666666,0.25,0.9375,0.7058823529411764,0.5,0.7826086956521738,0.7857142857142857
96,0.08333333333333333,0.0,0.0,0.16666666666666666,0.25,0.4375,0.5882352941176471,0.5,0.7826086956521738,0.7142857142857142
97,0.08333333333333333,0.0,0.0,0.6666666666666666,0.5,0.9375,0.23529411764705882,0.5,1.0,0.7142857142857142
98,0.9166666666666666,0.2857142857142857,0.96,0.3333333333333333,0.375,0.4375,0.4117647058823529,0.5,1.0,0.7142857142857142
99,0.41666666666666663,0.2857142857142857,0.96,0.0,0.375,0.9375,0.23529411764705882,0.5,0.13043478260869565,0.7142857142857142
100,0.6666666666666666,0.0,0.8,0.6666666666666666,0.375,0.5,0.23529411764705882,1.0,0.13043478260869565,0.7857142857142857
101,0.08333333333333333,0.0,0.9400000000000001,0.0,0.375,0.9375,0.4117647058823529,0.5,1.0,0.7142857142857142
102,0.08333333333333333,0.2857142857142857,0.0,0.6666666666666666,0.5,0.4375,0.3529411764705882,0.5,0.6521739130434783,0.5714285714285714
103,0.5,0.2857142857142857,0.96,0.6666666666666666,0.375,0.4375,0.4117647058823529,1.0,1.0,0.0
104,1.0,0.42857142857142855,0.9199999999999999,0.0,0.5,0.75,0.4117647058823529,0.25,0.13043478260869565,0.7857142857142857
105,0.9166666666666666,0.0,0.9400000000000001,0.0,0.375,0.4375,0.4117647058823529,0.5,0.13043478260869565,0.7857142857142857
106,0.5833333333333333,0.2857142857142857,0.9400000000000001,0.16666666666666666,0.25,0.4375,0.4117647058823529,0.25,0.6521739130434783,0.14285714285714285
107,0.08333333333333333,0.2857142857142857,0.9199999999999999,0.6666666666666666,0.0,0.4375,0.23529411764705882,0.5,0.13043478260869565,0.7857142857142857
108,0.08333333333333333,0.42857142857142855,0.0,0.6666666666666666,0.25,0.4375,0.5882352941176471,0.5,0.13043478260869565,0.7857142857142857
109,0.08333333333333333,0.0,0.9400000000000001,0.0,0.0,0.4375,0.3529411764705882,1.0,1.0,1.0
110,0.41666666666666663,0.0,0.0,0.0,0.0,0.9375,0.5882352941176471,0.25,1.0,0.5714285714285714
111,0.08333333333333333,0.2857142857142857,0.9400000000000001,0.6666666666666666,0.5,0.4375,0.5882352941176471,0.5,0.13043478260869565,0.7857142857142857
112,0.08333333333333333,0.0,0.0,0.16666666666666666,0.0,0.4375,0.4117647058823529,0.25,0.6521739130434783,0.7142857142857142
113,0.5833333333333333,0.0,0.96,0.0,0.0,0.6875,0.5882352941176471,0.5,1.0,0.7857142857142857
114,0.75,0.0,1.0,0.16666666666666666,0.25,0.4375,0.3529411764705882,0.5,1.0,1.0
115,0.5833333333333333,0.0,0.86,0.0,0.5,0.4375,0.5882352941176471,0.5,1.0,0.7857142857142857
116,0.08333333333333333,0.0,0.9,0.0,0.25,0.4375,0.4117647058823529,0.5,0.13043478260869565,0.5714285714285714
117,0.08333333333333333,0.2857142857142857,0.9400000000000001,0.0,0.0,0.4375,0.23529411764705882,1.0,0.13043478260869565,0.7142857142857142
118,0.08333333333333333,0.2857142857142857,0.9,0.6666666666666666,0.0,0.9375,0.4117647058823529,0.5,0.7826086956521738,0.7857142857142857
119,0.8333333333333333,0.0,0.7200000000000001,0.0,0.5,0.9375,0.23529411764705882,0.5,0.6521739130434783,0.7857142857142857
120,1.0,0.0,0.96,0.0,0.5,0.9375,0.4117647058823529,0.5,0.43478260869565216,0.7857142857142857
121,0.9166666666666666,0.0,0.0,0.6666666666666666,0.375,0.4375,0.5882352941176471,1.0,1.0,1.0
122,0.41666666666666663,0.2857142857142857,0.9199999999999999,0.6666666666666666,0.25,0.4375,0.23529411764705882,0.5,1.0,0.42857142857142855
123,0.41666666666666663,0.2857142857142857,0.0,0.6666666666666666,0.5,0.9375,0.5882352941176471,0.25,0.13043478260869565,0.7857142857142857
124,1.0,0.0,0.9199999999999999,0.0,0.25,0.4375,0.4117647058823529,0.25,0.13043478260869565,0.5714285714285714
125,0.08333333333333333,0.0,0.8800000000000001,0.16666666666666666,0.375,0.4375,0.4117647058823529,0.25,1.0,0.5714285714285714
126,0.5833333333333333,0.2857142857142857,0.9800000000000001,0.16666666666666666,0.0,0.4375,0.4117647058823529,0.5,0.08695652173913043,0.14285714285714285
127,0.41666666666666663,0.2857142857142857,0.9199999999999999,0.6666666666666666,0.375,0.9375,0.5882352941176471,0.5,0.13043478260869565,0.7857142857142857
128,0.75,0.0,0.8800000000000001,0.6666666666666666,0.0,0.9375,0.7058823529411764,0.5,1.0,0.7857142857142857
129,0.08333333333333333,0.0,0.0,0.6666666666666666,0.25,0.4375,0.4117647058823529,1.0,0.13043478260869565,1.0
130,0.08333333333333333,0.2857142857142857,0.0,0.16666666666666666,0.375,0.9375,0.23529411764705882,0.5,0.0,0.7857142857142857
131,0.41666666666666663,0.0,0.9199999999999999,0.16666666666666666,0.5,0.4375,0.23529411764705882,0.5,0.6521739130434783,0.5714285714285714
132,1.0,0.0,0.9199999999999999,0.16666666666666666,0.25,0.9375,0.23529411764705882,1.0,1.0,1.0
133,0.5833333333333333,0.0,0.9400000000000001,0.0,0.5,0.4375,0.5882352941176471,0.5,0.08695652173913043,0.7857142857142857
134,0.5,0.0,0.9400000000000001,0.0,0.0,0.4375,0.5882352941176471,0.5,1.0,0.7857142857142857
135,0.5833333333333333,0.14285714285714285,0.0,0.16666666666666666,0.5,0.4375,0.7058823529411764,0.25,0.7826086956521738,0.5714285714285714
136,0.08333333333333333,0.0,0.0,0.5,0.5,0.4375,0.4117647058823529,0.25,0.6521739130434783,0.7857142857142857
137,0.25,0.0,0.9800000000000001,0.0,0.0,0.4375,0.4117647058823529,0.5,0.6521739130434783,0.7142857142857142
138,0.08333333333333333,0.2857142857142857,0.9400000000000001,0.16666666666666666,0.0,0.4375,0.23529411764705882,1.0,0.13043478260869565,0.7857142857142857
139,0.5833333333333333,0.0,0.86,0.6666666666666666,0.375,0.1875,0.5882352941176471,1.0,1.0,1.0
140,0.41666666666666663,0.2857142857142857,0.0,0.6666666666666666,0.0,0.6875,0.4117647058823529,0.25,1.0,0.7857142857142857
141,0.5833333333333333,0.2857142857142857,0.9400000000000001,0.5,0.375,0.4375,0.4117647058823529,0.25,0.08695652173913043,0.7142857142857142
142,0.41666666666666663,0.7142857142857142,0.9,0.0,0.25,0.4375,0.5882352941176471,1.0,1.0,0.7857142857142857
143,0.08333333333333333,0.0,0.9400000000000001,0.16666666666666666,0.0,0.4375,0.5882352941176471,1.0,0.13043478260869565,0.0
144,0.08333333333333333,0.0,0.0,0.0,0.25,0.1875,0.5882352941176471,0.5,0.13043478260869565,0.7857142857142857
145,0.5833333333333333,0.7142857142857142,0.9400000000000001,0.6666666666666666,0.375,0.4375,0.5882352941176471,1.0,1.0,0.7142857142857142
146,0.08333333333333333,0.7142857142857142,0.8800000000000001,0.6666666666666666,0.375,0.875,0.5882352941176471,0.5,0.13043478260869565,0.7857142857142857
147,0.08333333333333333,0.0,0.96,0.0,0.875,0.9375,0.4117647058823529,0.25,0.6521739130434783,0.7857142857142857
148,0.9166666666666666,0.0,0.86,0.6666666666666666,0.875,0.4375,0.4117647058823529,1.0,0.08695652173913043,0.7142857142857142
149,0.5833333333333333,0.7142857142857142,0.9,0.0,0.375,0.4375,0.5882352941176471,0.5,0.13043478260869565,0.7857142857142857
150,0.08333333333333333,0.0,0.8800000000000001,0.16666666666666666,0.375,0.875,0.5882352941176471,0.5,0.08695652173913043,0.7857142857142857
151,0.9166666666666666,0.42857142857142855,0.0,0.3333333333333333,0.5,0.875,0.3529411764705882,0.5,0.13043478260869565,0.6428571428571428
152,0.41666666666666663,0.7142857142857142,0.9400000000000001,0.6666666666666666,0.375,0.875,0.5882352941176471,0.5,0.13043478260869565,0.7857142857142857
153,0.9166666666666666,0.14285714285714285,0.0,0.0,0.375,0.4375,0.4117647058823529,0.5,0.13043478260869565,0.7142857142857142
154,0.08333333333333333,0.7142857142857142,0.0,0.6666666666666666,0.25,0.9375,0.7058823529411764,1.0,0.7826086956521738,1.0
155,0.41666666666666663,0.0,0.0,0.3333333333333333,0.0,0.6875,0.4117647058823529,0.5,1.0,0.7857142857142857
156,0.08333333333333333,0.2857142857142857,0.0,0.6666666666666666,0.25,0.4375,0.4117647058823529,0.5,1.0,0.7857142857142857
157,0.5833333333333333,0.42857142857142855,1.0,0.6666666666666666,0.5,0.4375,0.5882352941176471,0.5,0.7826086956521738,0.7857142857142857
158,0.08333333333333333,0.2857142857142857,0.9400000000000001,0.6666666666666666,0.375,0.4375,0.5882352941176471,1.0,1.0,0.7142857142857142
159,0.41666666666666663,0.2857142857142857,0.96,0.6666666666666666,0.25,0.9375,0.5882352941176471,1.0,1.0,0.7857142857142857
160,0.08333333333333333,0.0,0.9,0.0,0.5,0.4375,0.4117647058823529,0.5,0.13043478260869565,0.5714285714285714
161,0.9166666666666666,0.0,0.0,0.3333333333333333,0.25,0.4375,0.23529411764705882,0.5,0.43478260869565216,0.7142857142857142
162,0.08333333333333333,0.0,0.7400000000000001,0.6666666666666666,0.0,0.1875,0.23529411764705882,1.0,1.0,0.7857142857142857
163,0.9166666666666666,0.0,0.96,0.0,0.5,0.4375,0.5882352941176471,0.5,0.13043478260869565,0.5714285714285714
164,0.5833333333333333,0.0,0.0,0.5,0.25,0.1875,0.23529411764705882,1.0,0.13043478260869565,0.14285714285714285
165,0.08333333333333333,0.0,0.0,0.0,0.5,0.5,0.4117647058823529,0.5,0.43478260869565216,0.7857142857142857
166,0.8333333333333333,0.42857142857142855,1.0,0.16666666666666666,0.5,0.4375,0.5882352941176471,0.25,0.6521739130434783,0.7857142857142857
167,0.0,0.0,0.9800000000000001,0.6666666666666666,0.375,0.6875,0.5882352941176471,0.5,1.0,0.7857142857142857
168,0.08333333333333333,0.14285714285714285,0.9800000000000001,0.3333333333333333,0.25,0.4375,0.7058823529411764,0.5,1.0,0.14285714285714285
169,0.0,0.0,0.9199999999999999,0.6666666666666666,0.5,0.4375,0.23529411764705882,0.5,0.43478260869565216,0.7857142857142857
170,0.08333333333333333,0.2857142857142857,0.9,0.6666666666666666,0.5,0.4375,0.23529411764705882,0.5,0.43478260869565216,0.7857142857142857
171,0.08333333333333333,0.2857142857142857,0.96,0.5,0.375,0.4375,0.4117647058823529,0.25,0.43478260869565216,0.2857142857142857
172,0.41666666666666663,0.42857142857142855,0.9199999999999999,0.0,0.375,0.4375,0.4117647058823529,0.5,0.8695652173913043,0.7857142857142857
173,0.08333333333333333,0.0,0.9,0.16666666666666666,0.5,0.9375,0.5882352941176471,0.5,1.0,0.9285714285714285
174,1.0,0.0,0.0,0.3333333333333333,0.0,0.4375,0.5882352941176471,0.5,0.2608695652173913,0.5714285714285714
175,0.08333333333333333,0.2857142857142857,0.0,0.0,0.5,0.4375,0.5882352941176471,0.25,0.6521739130434783,0.42857142857142855
176,0.5833333333333333,0.7142857142857142,1.0,0.0,0.5,0.4375,0.7058823529411764,0.5,0.7826086956521738,0.7142857142857142
177,0.0,0.0,0.86,0.16666666666666666,0.25,0.4375,0.23529411764705882,0.5,0.43478260869565216,0.5714285714285714
178,0.41666666666666663,0.7142857142857142,0.8800000000000001,0.6666666666666666,0.0,0.4375,0.23529411764705882,0.25,0.13043478260869565,0.42857142857142855
179,0.5833333333333333,0.7142857142857142,0.0,0.6666666666666666,0.375,0.5625,0.4117647058823529,0.25,0.13043478260869565,0.7142857142857142
180,0.08333333333333333,0.0,0.9,0.6666666666666666,0.375,0.4375,0.4117647058823529,0.5,0.13043478260869565,0.7857142857142857
181,0.41666666666666663,0.7142857142857142,0.9400000000000001,0.16666666666666666,0.5,0.6875,0.5882352941176471,1.0,0.5652173913043478,0.7857142857142857
182,0.08333333333333333,0.7142857142857142,0.9400000000000001,0.6666666666666666,0.25,0.4375,0.5882352941176471,0.25,0.13043478260869565,0.21428571428571427
183,0.08333333333333333,0.42857142857142855,0.96,0.16666666666666666,0.5,0.5625,0.4117647058823529,0.5,0.6521739130434783,0.5714285714285714
184,0.41666666666666663,0.7142857142857142,0.86,0.6666666666666666,0.5,0.9375,0.5882352941176471,0.5,0.7826086956521738,0.7857142857142857
185,0.5,0.0,0.0,0.0,0.5,0.875,0.23529411764705882,0.5,0.43478260869565216,0.7857142857142857
186,0.08333333333333333,0.2857142857142857,0.0,0.6666666666666666,1.0,0.4375,0.23529411764705882,0.5,0.13043478260869565,0.5714285714285714
187,0.5833333333333333,0.42857142857142855,0.96,0.6666666666666666,0.25,0.6875,0.5882352941176471,0.5,0.6521739130434783,0.7857142857142857
188,0.41666666666666663,0.0,0.0,0.3333333333333333,0.0,0.9375,0.5882352941176471,0.25,0.13043478260869565,0.7857142857142857
189,0.08333333333333333,0.2857142857142857,0.9199999999999999,0.3333333333333333,0.25,0.4375,0.23529411764705882,0.5,0.13043478260869565,0.7857142857142857
190,0.9166666666666666,0.42857142857142855,0.9400000000000001,0.6666666666666666,0.25,0.875,0.5882352941176471,0.5,0.43478260869565216,0.7857142857142857
191,1.0,0.7142857142857142,0.9400000000000001,0.6666666666666666,0.375,0.4375,0.23529411764705882,0.25,0.13043478260869565,0.7857142857142857
192,0.5833333333333333,0.0,0.96,0.16666666666666666,0.375,0.4375,0.4117647058823529,0.5,0.13043478260869565,0.7857142857142857
193,0.5833333333333333,0.0,0.0,0.16666666666666666,0.375,0.4375,0.4117647058823529,0.5,0.13043478260869565,0.7142857142857142
194,0.08333333333333333,0.0,0.9400000000000001,0.16666666666666666,0.875,0.4375,0.23529411764705882,1.0,1.0,0.0
195,0.08333333333333333,0.7142857142857142,0.9199999999999999,0.6666666666666666,0.875,0.4375,0.23529411764705882,0.5,0.6521739130434783,0.7857142857142857
196,0.75,0.0,1.0,0.6666666666666666,0.375,0.9375,0.5882352941176471,1.0,1.0,1.0
197,0.08333333333333333,0.0,0.0,0.6666666666666666,0.375,0.9375,0.5882352941176471,0.5,0.13043478260869565,0.5714285714285714
198,0.41666666666666663,0.0,1.0,0.0,0.875,0.4375,0.7058823529411764,0.5,0.6521739130434783,0.2857142857142857
199,0.41666666666666663,0.0,0.96,0.6666666666666666,0.5,0.4375,0.5882352941176471,0.5,0.6521739130434783,0.7857142857142857
200,0.08333333333333333,0.0,0.9400000000000001,0.3333333333333333,0.375,0.9375,0.4117647058823529,0.5,0.13043478260869565,0.14285714285714285
201,0.08333333333333333,0.0,0.82,0.16666666666666666,0.0,0.9375,0.23529411764705882,1.0,1.0,1.0
202,0.08333333333333333,0.0,1.0,0.5,0.0,0.4375,0.4117647058823529,0.5,0.08695652173913043,1.0
203,0.41666666666666663,0.0,1.0,0.16666666666666666,0.375,0.9375,0.5882352941176471,0.25,0.13043478260869565,0.7857142857142857
204,1.0,0.0,0.9199999999999999,0.0,0.375,0.6875,0.4117647058823529,0.5,0.13043478260869565,0.7857142857142857
205,0.08333333333333333,0.0,0.9,0.16666666666666666,0.375,0.5625,0.5882352941176471,1.0,1.0,1.0
206,0.9166666666666666,0.0,0.9,0.0,0.0,0.4375,0.5882352941176471,0.25,1.0,0.7857142857142857
207,0.08333333333333333,0.0,0.0,0.16666666666666666,0.375,0.4375,0.7058823529411764,0.5,0.5652173913043478,0.7857142857142857
208,0.5833333333333333,0.0,0.9400000000000001,0.0,0.375,0.4375,0.5882352941176471,0.5,0.13043478260869565,0.7142857142857142
209,0.5,0.2857142857142857,0.9400000000000001,0.6666666666666666,0.5,0.4375,0.4117647058823529,0.5,0.5652173913043478,0.7142857142857142
210,0.08333333333333333,0.7142857142857142,1.0,0.6666666666666666,0.25,0.6875,0.5882352941176471,0.25,0.8695652173913043,0.9285714285714285
211,0.08333333333333333,0.0,1.0,0.16666666666666666,0.5,0.4375,0.5882352941176471,0.5,1.0,0.7857142857142857
212,0.08333333333333333,0.0,0.86,0.6666666666666666,0.375,0.4375,0.5882352941176471,0.5,0.13043478260869565,0.9285714285714285
213,1.0,0.7142857142857142,0.9,0.16666666666666666,0.5,0.9375,0.7058823529411764,1.0,1.0,0.5714285714285714
214,0.08333333333333333,0.0,0.86,0.3333333333333333,0.25,0.1875,0.23529411764705882,0.5,0.13043478260869565,0.5714285714285714
215,0.08333333333333333,0.0,0.8800000000000001,0.0,0.0,0.4375,0.3529411764705882,0.5,1.0,0.0
216,0.8333333333333333,0.2857142857142857,0.86,0.16666666666666666,0.0,0.5,0.4117647058823529,0.5,0.21739130434782608,0.7142857142857142
217,0.08333333333333333,0.2857142857142857,0.9199999999999999,0.6666666666666666,0.375,0.4375,0.23529411764705882,0.5,0.13043478260869565,0.7857142857142857
218,0.08333333333333333,0.7142857142857142,0.9199999999999999,0.0,0.5,0.4375,0.23529411764705882,1.0,0.13043478260869565,1.0
219,0.08333333333333333,0.0,0.9199999999999999,0.16666666666666666,0.25,0.4375,0.5882352941176471,0.5,1.0,0.7857142857142857
220,0.08333333333333333,0.7142857142857142,0.0,0.6666666666666666,0.0,0.5625,0.7058823529411764,0.25,1.0,1.0
221,0.08333333333333333,0.0,0.9400000000000001,0.3333333333333333,0.25,0.4375,0.3529411764705882,0.25,1.0,1.0
222,0.08333333333333333,0.0,0.0,0.3333333333333333,0.375,0.4375,0.5882352941176471,0.25,0.13043478260869565,0.7857142857142857
223,0.08333333333333333,0.7142857142857142,0.96,0.6666666666666666,0.375,0.4375,0.5882352941176471,0.5,0.13043478260869565,0.7142857142857142
224,0.08333333333333333,0.0,1.0,0.3333333333333333,0.5,0.4375,0.5882352941176471,0.25,0.6521739130434783,0.6428571428571428
225,0.41666666666666663,0.8571428571428571,0.0,0.6666666666666666,0.5,0.9375,0.5882352941176471,0.5,0.6521739130434783,0.7857142857142857
226,0.08333333333333333,0.7142857142857142,0.8800000000000001,0.6666666666666666,0.375,0.4375,0.5882352941176471,0.5,0.6521739130434783,0.7142857142857142
227,0.08333333333333333,0.0,0.96,0.16666666666666666,0.0,0.9375,0.4117647058823529,1.0,1.0,0.7142857142857142
228,0.08333333333333333,0.0,1.0,0.6666666666666666,0.375,0.9375,0.5882352941176471,1.0,0.4782608695652174,0.5714285714285714
229,0.41666666666666663,0.7142857142857142,0.96,0.16666666666666666,0.0,0.9375,0.23529411764705882,0.5,0.13043478260869565,0.7142857142857142
230,0.08333333333333333,0.0,0.9199999999999999,0.6666666666666666,0.5,0.9375,0.23529411764705882,0.5,0.13043478260869565,0.9285714285714285
231,0.08333333333333333,0.0,0.9199999999999999,0.16666666666666666,0.5,0.9375,0.23529411764705882,0.5,0.08695652173913043,1.0
232,0.08333333333333333,0.7142857142857142,1.0,0.3333333333333333,0.25,0.4375,0.5882352941176471,0.5,0.08695652173913043,0.7142857142857142
233,0.5833333333333333,0.0,0.0,0.16666666666666666,0.5,0.4375,0.4117647058823529,0.5,0.6521739130434783,0.7857142857142857
234,0.08333333333333333,0.7142857142857142,0.96,0.6666666666666666,0.25,0.4375,0.5882352941176471,1.0,0.08695652173913043,0.7142857142857142
235,0.08333333333333333,0.0,0.9199999999999999,0.16666666666666666,0.0,0.4375,0.4117647058823529,0.25,0.6521739130434783,0.14285714285714285
236,0.5,0.0,1.0,0.16666666666666666,0.25,0.6875,0.5882352941176471,0.25,1.0,0.7857142857142857
237,0.08333333333333333,0.2857142857142857,0.9800000000000001,0.6666666666666666,0.875,0.4375,0.5882352941176471,0.25,0.7826086956521738,0.7142857142857142
238,0.08333333333333333,0.0,0.9400000000000001,0.0,0.375,0.4375,0.5882352941176471,0.5,0.7826086956521738,0.7857142857142857
239,0.08333333333333333,0.42857142857142855,0.9199999999999999,0.16666666666666666,0.875,0.4375,0.23529411764705882,0.5,0.043478260869565216,0.7857142857142857
240,0.08333333333333333,0.0,0.9400000000000001,0.16666666666666666,0.875,0.9375,0.5882352941176471,0.25,0.6521739130434783,0.7142857142857142
241,0.41666666666666663,0.0,0.9400000000000001,0.16666666666666666,0.875,0.9375,0.5882352941176471,0.5,0.6521739130434783,0.5714285714285714
242,0.08333333333333333,0.0,0.7000000000000001,0.16666666666666666,0.875,0.9375,0.4117647058823529,0.5,1.0,0.7857142857142857
243,0.08333333333333333,0.0,0.96,0.16666666666666666,0.875,0.4375,0.7058823529411764,0.5,1.0,0.7142857142857142
244,0.08333333333333333,0.0,0.0,0.16666666666666666,0.875,0.4375,0.23529411764705882,0.5,0.13043478260869565,0.7857142857142857
245,0.08333333333333333,0.7142857142857142,0.9199999999999999,0.16666666666666666,0.375,0.4375,0.5882352941176471,0.5,0.13043478260869565,0.9285714285714285
246,0.08333333333333333,0.0,0.9400000000000001,0.0,0.25,0.9375,0.3529411764705882,0.5,1.0,0.7142857142857142
247,0.08333333333333333,0.7142857142857142,0.9,0.6666666666666666,0.375,0.4375,0.23529411764705882,0.5,0.13043478260869565,0.7857142857142857
248,0.08333333333333333,0.0,0.9400000000000001,0.16666666666666666,0.375,0.4375,0.5882352941176471,0.5,0.6521739130434783,0.07142857142857142
249,0.08333333333333333,0.7142857142857142,0.9,0.16666666666666666,0.5,0.4375,0.4117647058823529,0.5,0.08695652173913043,0.7857142857142857
250,0.08333333333333333,0.7142857142857142,0.9400000000000001,0.3333333333333333,0.75,0.4375,0.23529411764705882,0.5,0.13043478260869565,0.5714285714285714
251,0.5833333333333333,0.2857142857142857,0.0,0.6666666666666666,0.375,0.1875,0.5882352941176471,1.0,0.13043478260869565,0.7142857142857142
252,0.75,0.8571428571428571,1.0,0.16666666666666666,0.25,0.6875,0.5882352941176471,0.5,0.08695652173913043,1.0
253,0.08333333333333333,0.0,0.9800000000000001,0.16666666666666666,0.0,0.9375,0.5882352941176471,1.0,0.6521739130434783,1.0
254,0.75,0.8571428571428571,0.0,0.0,0.5,0.9375,0.5882352941176471,0.5,0.6521739130434783,1.0
255,0.75,0.8571428571428571,0.0,0.16666666666666666,0.5,0.9375,0.11764705882352941,1.0,1.0,1.0
256,0.08333333333333333,0.2857142857142857,0.8800000000000001,0.16666666666666666,0.5,0.9375,0.8823529411764706,1.0,0.13043478260869565,1.0
257,0.75,0.8571428571428571,0.0,0.16666666666666666,0.25,0.9375,0.7647058823529411,0.5,0.30434782608695654,1.0
258,0.75,0.5714285714285714,0.0,0.16666666666666666,0.5,0.0625,0.5882352941176471,0.5,1.0,1.0
259,0.75,0.5714285714285714,0.0,0.16666666666666666,0.25,0.0625,0.5882352941176471,1.0,0.5652173913043478,1.0
260,0.75,0.0,1.0,0.16666666666666666,0.5,0.4375,0.1764705882352941,0.25,0.6521739130434783,1.0
261,0.75,0.5714285714285714,0.9400000000000001,0.16666666666666666,0.5,0.8125,0.5294117647058824,0.5,1.0,1.0
262,0.75,1.0,0.96,0.6666666666666666,0.5,0.4375,0.5882352941176471,0.25,1.0,1.0
263,0.75,1.0,0.9,0.0,0.375,1.0,0.23529411764705882,1.0,1.0,1.0
264,0.75,0.8571428571428571,0.9800000000000001,0.16666666666666666,0.25,0.0625,0.47058823529411764,0.25,1.0,1.0
265,0.75,0.5714285714285714,0.9199999999999999,0.16666666666666666,0.875,0.0625,0.5882352941176471,0.5,1.0,1.0
266,0.75,0.0,1.0,0.16666666666666666,0.25,0.0625,0.5882352941176471,0.5,0.6521739130434783,1.0
267,0.75,0.8571428571428571,0.96,0.0,0.25,0.0625,0.5882352941176471,0.25,0.34782608695652173,1.0
268,0.75,0.8571428571428571,0.0,0.16666666666666666,0.5,0.0625,0.5882352941176471,0.5,0.6521739130434783,1.0
269,0.75,0.5714285714285714,0.9199999999999999,0.0,0.25,0.6875,0.5882352941176471,0.25,0.7826086956521738,1.0
270,0.75,0.0,0.96,0.0,1.0,0.0625,0.5882352941176471,0.25,1.0,1.0
271,0.75,0.42857142857142855,0.9199999999999999,0.3333333333333333,0.5,0.0,0.4117647058823529,0.25,1.0,1.0
272,0.75,0.8571428571428571,0.9800000000000001,0.16666666666666666,0.25,0.0625,0.5882352941176471,0.5,0.7826086956521738,1.0
273,0.75,0.42857142857142855,0.96,0.3333333333333333,0.25,0.9375,0.5882352941176471,0.25,1.0,1.0
274,0.75,0.8571428571428571,0.8400000000000001,0.0,0.5,0.9375,0.5882352941176471,1.0,1.0,1.0
275,0.08333333333333333,0.2857142857142857,0.8800000000000001,0.6666666666666666,0.375,0.4375,0.5882352941176471,1.0,1.0,1.0
276,0.75,0.8571428571428571,0.82,0.16666666666666666,0.5,0.0,0.4117647058823529,0.5,0.13043478260869565,1.0
277,0.75,0.8571428571428571,0.0,0.16666666666666666,0.5,0.4375,0.23529411764705882,0.5,1.0,1.0
278,0.08333333333333333,0.5714285714285714,0.9199999999999999,0.16666666666666666,0.375,0.0625,0.5882352941176471,0.25,1.0,1.0
279,0.75,0.0,0.9400000000000001,0.6666666666666666,0.5,0.4375,0.5882352941176471,1.0,0.6521739130434783,1.0
280,0.75,0.8571428571428571,0.9400000000000001,0.0,0.5,0.6875,0.5882352941176471,0.25,0.9130434782608695,1.0
281,0.75,0.8571428571428571,0.9,0.16666666666666666,0.25,0.9375,0.11764705882352941,1.0,1.0,1.0
282,0.75,0.0,0.9400000000000001,0.6666666666666666,0.25,0.0625,0.5882352941176471,0.25,0.6956521739130435,0.7857142857142857
283,0.75,0.5714285714285714,0.96,0.16666666666666666,0.375,0.0625,0.5882352941176471,0.75,1.0,1.0
284,0.75,0.5714285714285714,0.9199999999999999,0.16666666666666666,0.375,0.6875,0.5882352941176471,0.5,1.0,1.0
285,0.75,0.42857142857142855,0.9400000000000001,0.16666666666666666,0.5,0.4375,0.5882352941176471,0.25,0.13043478260869565,1.0
286,0.5833333333333333,0.0,0.8800000000000001,0.6666666666666666,0.25,0.0625,0.5882352941176471,0.25,0.8695652173913043,0.7857142857142857
287,0.75,0.0,1.0,0.16666666666666666,0.25,0.4375,0.5882352941176471,1.0,1.0,1.0
288,0.75,0.8571428571428571,0.96,0.6666666666666666,0.25,0.0625,0.5882352941176471,0.5,0.6521739130434783,1.0
289,0.75,0.42857142857142855,0.96,0.16666666666666666,0.25,0.4375,0.5882352941176471,0.5,0.7826086956521738,1.0
290,0.75,0.8571428571428571,0.9800000000000001,0.0,0.25,0.6875,0.5882352941176471,1.0,1.0,1.0
291,0.75,0.42857142857142855,0.0,0.6666666666666666,0.5,0.9375,0.4117647058823529,0.25,1.0,1.0
292,1.0,0.0,1.0,0.6666666666666666,0.5,0.4375,0.29411764705882354,1.0,0.34782608695652173,1.0
293,0.75,0.8571428571428571,0.9800000000000001,0.16666666666666666,0.25,0.9375,0.5882352941176471,0.25,1.0,1.0
294,0.08333333333333333,0.5714285714285714,1.0,0.6666666666666666,0.375,0.9375,0.5882352941176471,0.5,0.5652173913043478,1.0
295,0.08333333333333333,0.8571428571428571,0.0,1.0,0.25,0.4375,0.23529411764705882,1.0,1.0,1.0
296,0.08333333333333333,0.42857142857142855,0.9400000000000001,0.16666666666666666,0.25,0.4375,0.5882352941176471,0.5,0.13043478260869565,1.0
297,0.75,0.0,0.0,0.16666666666666666,0.25,0.9375,0.5882352941176471,0.5,1.0,1.0
298,0.08333333333333333,0.0,0.8800000000000001,0.6666666666666666,0.375,0.6875,0.5882352941176471,0.25,0.13043478260869565,1.0
299,0.08333333333333333,0.8571428571428571,0.9199999999999999,0.16666666666666666,0.875,0.4375,0.4117647058823529,0.5,1.0,1.0
300,0.08333333333333333,0.2857142857142857,0.8800000000000001,0.6666666666666666,0.875,0.3125,0.5882352941176471,0.5,1.0,1.0
301,0.75,0.5714285714285714,0.9,0.16666666666666666,0.875,0.4375,0.5882352941176471,1.0,1.0,1.0
302,0.08333333333333333,0.0,0.96,0.6666666666666666,0.375,0.4375,0.5882352941176471,0.5,1.0,1.0
303,0.41666666666666663,0.0,1.0,0.16666666666666666,0.375,0.4375,0.5294117647058824,0.5,0.6521739130434783,1.0
304,0.9166666666666666,0.0,0.9800000000000001,0.6666666666666666,0.375,0.4375,0.9411764705882353,0.25,1.0,1.0
305,0.9166666666666666,0.0,0.9400000000000001,0.3333333333333333,0.375,0.875,0.4117647058823529,0.25,0.13043478260869565,1.0
306,1.0,0.0,0.9800000000000001,0.16666666666666666,0.375,0.75,0.3529411764705882,0.25,0.6521739130434783,1.0
307,0.08333333333333333,0.7142857142857142,0.9400000000000001,0.0,0.25,0.4375,0.4117647058823529,0.5,0.08695652173913043,1.0
308,0.08333333333333333,0.0,0.96,0.0,0.0,0.4375,0.4117647058823529,0.5,0.043478260869565216,1.0
309,0.41666666666666663,0.7142857142857142,0.9400000000000001,0.6666666666666666,0.25,0.9375,0.5294117647058824,1.0,1.0,1.0
310,0.08333333333333333,0.0,0.0,0.3333333333333333,0.5,0.6875,0.3529411764705882,0.5,0.5652173913043478,1.0
311,0.08333333333333333,0.0,0.8400000000000001,0.3333333333333333,0.5,0.9375,0.5882352941176471,0.25,0.6086956521739131,0.5714285714285714
312,0.25,0.0,0.0,0.6666666666666666,0.375,0.4375,0.23529411764705882,0.5,0.13043478260869565,0.7857142857142857
313,0.08333333333333333,0.2857142857142857,0.86,0.6666666666666666,0.375,0.125,0.5882352941176471,0.25,0.08695652173913043,1.0
314,0.08333333333333333,0.0,0.7400000000000001,0.16666666666666666,0.375,0.1875,0.5882352941176471,0.5,0.2608695652173913,1.0
315,0.08333333333333333,0.0,1.0,0.6666666666666666,0.875,0.4375,0.5882352941176471,0.5,0.6521739130434783,1.0
316,0.41666666666666663,0.7142857142857142,1.0,0.6666666666666666,0.25,0.9375,0.5882352941176471,0.25,1.0,1.0
317,0.5833333333333333,0.2857142857142857,0.0,0.6666666666666666,0.5,0.4375,0.5882352941176471,0.5,1.0,1.0
318,0.9166666666666666,0.0,0.96,0.16666666666666666,0.375,0.9375,0.23529411764705882,0.5,0.6956521739130435,1.0
319,0.5,0.0,0.96,0.0,0.5,0.4375,0.5882352941176471,0.5,0.6521739130434783,0.7857142857142857
320,0.5,0.0,0.0,0.6666666666666666,0.25,0.4375,0.5882352941176471,0.5,0.6956521739130435,0.9285714285714285
321,0.41666666666666663,0.0,0.9,0.16666666666666666,0.375,0.25,0.5882352941176471,1.0,0.13043478260869565,0.7857142857142857
322,0.25,0.42857142857142855,0.8400000000000001,0.16666666666666666,0.5,0.4375,0.3529411764705882,0.5,0.6521739130434783,0.0
323,0.08333333333333333,0.2857142857142857,1.0,0.6666666666666666,0.25,0.9375,0.23529411764705882,0.5,0.13043478260869565,0.7857142857142857
324,0.08333333333333333,0.0,1.0,0.0,0.5,0.4375,0.8235294117647058,0.5,0.6521739130434783,0.7857142857142857
325,0.08333333333333333,0.2857142857142857,0.96,0.16666666666666666,0.5,0.9375,0.5882352941176471,0.5,0.6521739130434783,0.7142857142857142
326,0.5,0.2857142857142857,1.0,0.6666666666666666,0.25,0.4375,0.4117647058823529,0.5,0.5652173913043478,0.7142857142857142
327,0.08333333333333333,0.7142857142857142,1.0,0.6666666666666666,0.25,0.25,0.5882352941176471,0.5,0.7826086956521738,0.7142857142857142
328,0.08333333333333333,0.2857142857142857,1.0,0.16666666666666666,0.25,0.4375,0.47058823529411764,0.5,0.08695652173913043,0.7857142857142857
329,0.5833333333333333,0.0,0.86,0.16666666666666666,0.375,1.0,1.0,0.5,0.13043478260869565,0.7857142857142857
330,0.25,0.0,0.0,0.6666666666666666,0.875,0.4375,0.4117647058823529,0.5,0.6521739130434783,1.0
331,0.5833333333333333,0.7142857142857142,0.0,0.0,0.25,0.4375,0.5882352941176471,0.25,1.0,1.0
332,0.41666666666666663,0.2857142857142857,0.96,0.6666666666666666,0.25,0.6875,0.5882352941176471,0.5,0.13043478260869565,0.7857142857142857
333,0.41666666666666663,0.2857142857142857,0.96,0.6666666666666666,0.375,0.6875,0.5882352941176471,0.25,0.7826086956521738,0.7857142857142857
334,0.08333333333333333,0.2857142857142857,0.8800000000000001,0.16666666666666666,0.5,0.4375,0.5882352941176471,0.5,0.6521739130434783,0.7857142857142857
335,0.08333333333333333,0.0,0.9,0.16666666666666666,0.5,0.4375,0.5882352941176471,0.5,0.6521739130434783,0.9285714285714285
336,0.08333333333333333,0.2857142857142857,0.9400000000000001,0.3333333333333333,0.375,0.4375,0.23529411764705882,0.5,0.13043478260869565,0.5714285714285714
337,0.08333333333333333,0.7142857142857142,0.8800000000000001,0.6666666666666666,0.25,0.4375,0.5882352941176471,0.5,0.6521739130434783,0.7142857142857142
338,1.0,0.0,0.9800000000000001,0.16666666666666666,0.5,0.6875,0.4117647058823529,0.5,0.6521739130434783,0.7857142857142857
339,0.5833333333333333,0.42857142857142855,0.9199999999999999,0.6666666666666666,0.25,0.4375,0.4117647058823529,0.5,0.08695652173913043,0.7857142857142857
340,0.08333333333333333,0.2857142857142857,0.9400000000000001,0.6666666666666666,0.25,0.4375,0.3529411764705882,0.5,0.7826086956521738,0.7142857142857142
341,0.08333333333333333,0.2857142857142857,0.9400000000000001,0.16666666666666666,0.5,0.4375,0.23529411764705882,0.25,0.6521739130434783,0.7142857142857142
342,0.08333333333333333,0.0,0.96,0.16666666666666666,0.25,0.4375,0.5882352941176471,0.5,0.13043478260869565,0.7142857142857142
343,0.41666666666666663,0.2857142857142857,0.96,0.0,0.375,0.4375,0.5882352941176471,0.5,0.13043478260869565,0.7857142857142857
344,0.08333333333333333,0.0,0.86,0.16666666666666666,0.25,0.4375,0.3529411764705882,1.0,1.0,1.0
345,0.08333333333333333,0.0,0.9400000000000001,0.5,0.875,0.9375,0.4117647058823529,0.25,0.3913043478260869,0.7142857142857142
346,0.08333333333333333,0.2857142857142857,0.0,0.0,0.875,0.9375,0.23529411764705882,1.0,1.0,0.7857142857142857
347,0.41666666666666663,0.0,0.9400000000000001,0.16666666666666666,0.0,0.6875,0.5882352941176471,0.5,0.5652173913043478,0.7857142857142857
348,0.08333333333333333,0.2857142857142857,0.9400000000000001,0.6666666666666666,0.875,0.4375,0.5882352941176471,0.5,1.0,1.0
349,0.08333333333333333,0.5714285714285714,0.0,0.0,0.875,0.9375,0.23529411764705882,1.0,0.6521739130434783,0.7857142857142857
350,0.08333333333333333,0.2857142857142857,0.9400000000000001,0.0,0.375,0.4375,0.5882352941176471,0.5,0.7826086956521738,0.5714285714285714
351,0.08333333333333333,0.0,0.9400000000000001,0.6666666666666666,0.375,0.9375,0.23529411764705882,0.5,0.13043478260869565,0.7857142857142857
352,0.08333333333333333,0.0,0.0,0.6666666666666666,0.5,0.9375,0.23529411764705882,1.0,0.043478260869565216,0.7857142857142857
353,0.08333333333333333,0.7142857142857142,0.9400000000000001,0.6666666666666666,0.375,0.4375,0.1764705882352941,0.5,0.08695652173913043,0.7142857142857142
354,0.08333333333333333,0.0,0.9400000000000001,0.16666666666666666,0.375,0.4375,0.8235294117647058,1.0,0.08695652173913043,0.7857142857142857
355,0.41666666666666663,0.7142857142857142,0.9,0.6666666666666666,0.375,0.6875,0.5882352941176471,1.0,0.6521739130434783,1.0
356,0.9166666666666666,0.7142857142857142,0.8,0.6666666666666666,0.375,0.875,0.4117647058823529,0.5,0.13043478260869565,0.7857142857142857
357,0.41666666666666663,0.7142857142857142,0.9400000000000001,0.6666666666666666,0.375,0.9375,0.5882352941176471,1.0,1.0,1.0
358,0.5,0.7142857142857142,1.0,0.6666666666666666,0.375,0.4375,0.5882352941176471,0.25,0.13043478260869565,0.7142857142857142
359,0.08333333333333333,0.7142857142857142,0.9400000000000001,0.3333333333333333,0.5,0.4375,0.47058823529411764,0.5,0.17391304347826086,0.7857142857142857
360,0.41666666666666663,0.0,0.9,0.3333333333333333,0.5,0.9375,0.5882352941176471,1.0,0.6521739130434783,1.0
361,0.5833333333333333,0.0,0.9400000000000001,0.16666666666666666,0.375,0.4375,0.5882352941176471,0.5,0.08695652173913043,0.8571428571428571
362,0.9166666666666666,0.2857142857142857,0.0,0.6666666666666666,0.375,0.4375,0.5882352941176471,0.5,0.13043478260869565,0.7142857142857142
363,0.08333333333333333,0.0,0.82,0.0,0.875,0.4375,0.5882352941176471,0.5,0.6521739130434783,1.0
364,0.08333333333333333,0.0,0.8400000000000001,0.16666666666666666,0.875,0.9375,0.23529411764705882,0.25,0.6521739130434783,0.5714285714285714
365,0.0,0.0,0.96,0.6666666666666666,0.875,0.9375,0.3529411764705882,0.5,0.6521739130434783,0.7857142857142857
366,0.0,0.0,0.9800000000000001,0.6666666666666666,0.5,0.4375,0.5882352941176471,0.5,1.0,0.7857142857142857
367,0.41666666666666663,0.0,0.96,0.3333333333333333,0.5,0.9375,0.5882352941176471,0.25,0.6521739130434783,0.7857142857142857
368,0.08333333333333333,0.0,0.9400000000000001,0.0,0.5,0.4375,0.5882352941176471,0.5,0.6521739130434783,0.5714285714285714
369,0.9166666666666666,0.0,0.9400000000000001,0.16666666666666666,0.375,0.9375,0.4117647058823529,0.5,0.6956521739130435,0.7142857142857142
370,0.08333333333333333,0.0,0.96,0.6666666666666666,0.375,0.4375,0.5882352941176471,0.5,0.13043478260869565,0.7857142857142857
371,0.41666666666666663,0.2857142857142857,0.9400000000000001,0.16666666666666666,0.5,0.9375,0.5882352941176471,0.5,0.6521739130434783,0.9285714285714285
372,0.08333333333333333,0.0,1.0,0.8333333333333333,0.25,0.875,0.23529411764705882,0.25,0.13043478260869565,0.7857142857142857
373,0.08333333333333333,0.2857142857142857,0.2,0.16666666666666666,0.25,0.4375,0.3529411764705882,1.0,1.0,1.0
374,0.41666666666666663,0.0,0.82,0.6666666666666666,0.375,0.9375,0.5882352941176471,0.5,0.13043478260869565,1.0
375,0.08333333333333333,0.2857142857142857,0.8,0.6666666666666666,0.375,0.9375,0.5882352941176471,0.5,0.13043478260869565,0.7142857142857142
376,1.0,0.0,0.9400000000000001,0.16666666666666666,0.25,0.9375,0.5882352941176471,1.0,1.0,1.0
377,0.5833333333333333,0.0,0.9199999999999999,0.6666666666666666,0.25,0.9375,0.23529411764705882,0.5,0.13043478260869565,0.7857142857142857
378,0.08333333333333333,0.2857142857142857,1.0,0.16666666666666666,0.25,0.4375,0.5882352941176471,0.5,0.8695652173913043,0.7142857142857142
379,0.08333333333333333,0.0,0.9400000000000001,0.16666666666666666,0.0,0.9375,0.5882352941176471,0.5,1.0,0.9285714285714285
380,0.08333333333333333,0.7142857142857142,0.9199999999999999,0.6666666666666666,0.875,0.4375,0.23529411764705882,0.5,0.6521739130434783,0.7857142857142857
381,0.08333333333333333,0.0,0.9,0.0,0.375,0.4375,0.4117647058823529,0.5,0.13043478260869565,0.7857142857142857
382,0.5833333333333333,0.0,0.9199999999999999,0.16666666666666666,0.0,0.4375,0.8235294117647058,0.5,0.7826086956521738,0.7142857142857142
383,0.08333333333333333,0.2857142857142857,0.9199999999999999,0.6666666666666666,0.0,0.4375,0.3529411764705882,0.5,0.08695652173913043,0.3571428571428571
384,0.08333333333333333,0.2857142857142857,0.9400000000000001,0.0,0.375,1.0,0.5882352941176471,1.0,0.13043478260869565,0.7857142857142857
385,0.41666666666666663,0.2857142857142857,0.0,0.0,0.375,0.4375,0.5882352941176471,0.25,0.8260869565217391,0.9285714285714285
386,0.5,0.0,0.8,0.6666666666666666,0.5,0.4375,0.5882352941176471,0.5,0.6521739130434783,0.9285714285714285
387,0.08333333333333333,0.7142857142857142,0.9400000000000001,0.6666666666666666,0.375,0.4375,0.23529411764705882,0.5,0.13043478260869565,0.7857142857142857
388,1.0,0.0,0.0,0.16666666666666666,0.375,0.9375,0.5882352941176471,0.5,0.13043478260869565,0.7857142857142857
389,0.5,0.0,0.82,0.6666666666666666,0.375,0.4375,0.8235294117647058,1.0,1.0,1.0
390,0.08333333333333333,0.0,0.0,0.16666666666666666,0.25,0.4375,0.3529411764705882,0.5,1.0,1.0
391,0.0,0.2857142857142857,0.9199999999999999,0.16666666666666666,0.375,0.4375,0.4117647058823529,0.5,0.13043478260869565,0.0
392,0.5833333333333333,0.2857142857142857,0.0,0.6666666666666666,0.25,0.9375,0.5882352941176471,0.25,0.08695652173913043,1.0
393,0.08333333333333333,0.0,1.0,0.16666666666666666,0.25,0.4375,0.8235294117647058,1.0,0.8695652173913043,1.0
394,0.08333333333333333,0.2857142857142857,1.0,0.6666666666666666,0.875,0.4375,0.23529411764705882,0.5,0.9565217391304348,0.7857142857142857
395,0.9166666666666666,0.0,0.9,0.0,0.875,0.4375,0.4117647058823529,0.25,1.0,0.5714285714285714
396,0.08333333333333333,0.0,0.9,0.6666666666666666,0.375,0.4375,0.4117647058823529,0.5,0.6521739130434783,0.7857142857142857
397,0.5,0.2857142857142857,0.8800000000000001,0.0,0.375,0.25,0.4117647058823529,0.5,0.13043478260869565,0.14285714285714285
398,0.08333333333333333,0.5714285714285714,0.0,0.0,0.875,0.9375,0.8235294117647058,0.5,0.6521739130434783,0.7857142857142857
399,0.08333333333333333,0.0,0.96,0.6666666666666666,0.875,0.4375,0.5882352941176471,1.0,0.6521739130434783,0.7857142857142857
400,0.0,0.2857142857142857,0.9400000000000001,0.16666666666666666,0.5,0.4375,0.23529411764705882,0.5,0.13043478260869565,0.5714285714285714
401,0.08333333333333333,0.42857142857142855,0.0,0.6666666666666666,0.5,0.25,0.23529411764705882,1.0,0.043478260869565216,0.7857142857142857
402,0.08333333333333333,0.0,0.9400000000000001,0.16666666666666666,0.5,0.4375,0.4117647058823529,0.25,0.6521739130434783,0.0
403,0.75,0.0,0.0,0.16666666666666666,0.375,0.4375,0.23529411764705882,0.5,0.13043478260869565,0.5714285714285714
404,0.5,0.0,0.96,0.3333333333333333,0.375,0.9375,0.4117647058823529,0.5,0.13043478260869565,0.7857142857142857
405,0.41666666666666663,0.0,0.9800000000000001,0.6666666666666666,0.375,0.75,0.5882352941176471,0.5,0.6521739130434783,0.7142857142857142
406,0.08333333333333333,0.0,0.6000000000000001,0.16666666666666666,0.25,0.875,0.4117647058823529,0.25,0.6521739130434783,0.5714285714285714
407,0.08333333333333333,0.7142857142857142,0.9400000000000001,0.0,0.0,0.4375,0.4117647058823529,0.5,0.6521739130434783,0.5714285714285714
408,0.08333333333333333,0.0,0.86,0.16666666666666666,0.0,0.4375,0.5882352941176471,0.5,0.6521739130434783,0.7857142857142857
409,0.08333333333333333,0.0,0.0,0.5,0.5,0.9375,0.4117647058823529,0.25,0.6521739130434783,0.7857142857142857
410,0.08333333333333333,0.2857142857142857,1.0,0.6666666666666666,0.375,0.4375,0.5882352941176471,0.5,0.5217391304347826,0.7857142857142857
411,0.9166666666666666,0.0,0.0,0.0,0.375,0.75,0.4117647058823529,0.25,0.13043478260869565,0.14285714285714285
412,0.08333333333333333,0.2857142857142857,0.9400000000000001,0.6666666666666666,0.875,0.4375,0.5882352941176471,0.5,0.3913043478260869,0.0
413,0.9166666666666666,0.0,1.0,0.16666666666666666,0.375,0.9375,0.8235294117647058,0.5,0.6521739130434783,0.7142857142857142
414,0.08333333333333333,0.2857142857142857,0.9400000000000001,0.0,0.375,0.4375,0.23529411764705882,0.5,0.43478260869565216,0.5714285714285714
415,0.5,0.0,0.9199999999999999,0.16666666666666666,0.25,0.4375,0.5882352941176471,0.5,0.7391304347826086,0.7857142857142857
416,0.75,0.0,0.96,0.16666666666666666,0.375,0.4375,0.23529411764705882,1.0,0.13043478260869565,0.7857142857142857
417,0.5,0.2857142857142857,0.9199999999999999,0.6666666666666666,0.375,0.9375,0.5882352941176471,0.5,0.13043478260869565,0.7857142857142857
418,0.75,0.8571428571428571,0.9199999999999999,0.6666666666666666,0.375,0.4375,0.5882352941176471,0.25,0.6956521739130435,0.7857142857142857
419,0.5833333333333333,0.2857142857142857,0.96,0.16666666666666666,0.25,0.4375,0.4117647058823529,0.5,0.7391304347826086,0.14285714285714285
420,0.9166666666666666,0.0,0.0,0.16666666666666666,0.25,0.4375,0.3529411764705882,0.25,0.6521739130434783,0.0
421,0.08333333333333333,0.42857142857142855,0.9800000000000001,0.0,0.5,0.4375,0.4117647058823529,0.5,0.13043478260869565,0.7857142857142857
422,0.08333333333333333,0.0,0.8400000000000001,0.6666666666666666,0.375,0.4375,0.5882352941176471,0.5,0.13043478260869565,0.9285714285714285
423,0.08333333333333333,0.0,0.9800000000000001,0.16666666666666666,0.375,0.4375,0.4117647058823529,0.0,0.13043478260869565,0.5714285714285714
424,0.5,0.2857142857142857,1.0,0.5,0.25,0.9375,0.8235294117647058,0.5,1.0,0.7142857142857142
425,0.08333333333333333,0.0,0.9400000000000001,0.16666666666666666,0.375,0.4375,0.5882352941176471,1.0,0.13043478260869565,0.14285714285714285
426,0.08333333333333333,0.0,0.0,0.6666666666666666,0.375,0.25,0.3529411764705882,1.0,0.13043478260869565,1.0
427,0.08333333333333333,0.0,0.0,0.6666666666666666,0.375,0.4375,0.5882352941176471,0.5,0.13043478260869565,0.21428571428571427
428,0.41666666666666663,0.42857142857142855,0.0,0.6666666666666666,0.875,0.4375,0.5882352941176471,0.5,0.6521739130434783,0.7857142857142857
429,0.41666666666666663,0.7142857142857142,0.8800000000000001,0.6666666666666666,0.0,0.9375,0.5882352941176471,0.5,0.13043478260869565,0.7857142857142857
430,0.41666666666666663,0.0,0.0,0.6666666666666666,0.25,0.9375,0.23529411764705882,0.5,0.13043478260869565,0.7857142857142857
431,0.0,0.0,0.9800000000000001,0.5,0.25,0.6875,0.23529411764705882,0.5,1.0,0.7857142857142857
432,0.08333333333333333,0.0,0.9400000000000001,0.5,0.375,0.9375,0.3529411764705882,0.5,1.0,0.7142857142857142
433,0.08333333333333333,0.0,0.0,0.6666666666666666,0.0,0.9375,0.23529411764705882,0.5,0.13043478260869565,0.7857142857142857
434,0.08333333333333333,0.0,0.96,0.16666666666666666,0.375,0.9375,0.23529411764705882,0.5,1.0,1.0
435,0.08333333333333333,0.42857142857142855,0.9800000000000001,0.0,0.25,0.75,0.5882352941176471,0.25,1.0,0.7142857142857142
436,0.75,0.0,0.9400000000000001,0.16666666666666666,0.25,0.4375,0.3529411764705882,0.25,1.0,0.5714285714285714
437,0.41666666666666663,0.7142857142857142,0.8800000000000001,0.6666666666666666,0.375,0.25,0.5882352941176471,0.5,0.9130434782608695,0.7857142857142857
438,0.5,0.2857142857142857,0.9199999999999999,0.6666666666666666,0.875,0.4375,0.5882352941176471,0.25,0.6521739130434783,0.5714285714285714
439,0.08333333333333333,0.2857142857142857,0.9199999999999999,0.6666666666666666,0.125,0.4375,0.23529411764705882,0.5,0.6956521739130435,0.7857142857142857
440,0.41666666666666663,0.2857142857142857,0.9,0.6666666666666666,0.375,0.4375,0.5882352941176471,0.25,0.13043478260869565,0.7857142857142857
441,0.41666666666666663,0.2857142857142857,0.0,0.6666666666666666,0.875,0.9375,1.0,0.0,0.13043478260869565,1.0
442,0.08333333333333333,0.0,0.0,0.5,0.25,0.25,0.5882352941176471,0.5,0.43478260869565216,0.7857142857142857
443,0.41666666666666663,0.0,0.0,0.6666666666666666,0.125,0.4375,0.23529411764705882,0.5,0.6521739130434783,0.7857142857142857
444,0.41666666666666663,0.2857142857142857,0.96,0.6666666666666666,0.25,0.9375,0.5882352941176471,0.5,1.0,0.9285714285714285
445,0.0,0.2857142857142857,0.9400000000000001,0.6666666666666666,0.125,0.4375,0.5882352941176471,0.5,1.0,0.7857142857142857
446,0.41666666666666663,0.5714285714285714,1.0,0.16666666666666666,0.375,0.9375,0.5882352941176471,0.5,0.43478260869565216,0.9285714285714285
447,0.08333333333333333,0.0,0.9199999999999999,0.0,0.375,0.25,0.23529411764705882,0.0,0.13043478260869565,0.5714285714285714
448,0.5833333333333333,0.42857142857142855,0.9800000000000001,0.3333333333333333,0.375,0.25,0.5882352941176471,0.25,1.0,0.5714285714285714
449,0.25,0.0,0.9800000000000001,0.16666666666666666,0.125,0.4375,0.4117647058823529,0.5,0.6521739130434783,0.7142857142857142
450,0.08333333333333333,0.2857142857142857,0.86,0.6666666666666666,0.25,0.4375,0.23529411764705882,1.0,1.0,0.5
451,0.08333333333333333,0.2857142857142857,0.9400000000000001,0.3333333333333333,0.125,0.4375,0.5882352941176471,0.5,0.13043478260869565,0.7857142857142857
452,0.08333333333333333,0.0,0.96,0.0,0.125,0.1875,0.5882352941176471,0.5,1.0,0.7857142857142857
453,0.5833333333333333,0.0,0.9,0.0,0.875,0.9375,0.5882352941176471,0.5,0.6521739130434783,0.7857142857142857
454,0.08333333333333333,0.0,0.8800000000000001,0.6666666666666666,0.375,0.4375,0.1764705882352941,0.5,0.13043478260869565,0.7857142857142857
455,0.75,0.0,0.0,0.16666666666666666,0.25,0.4375,0.5882352941176471,1.0,1.0,0.7857142857142857
456,0.41666666666666663,0.2857142857142857,0.0,0.6666666666666666,0.375,0.9375,0.5882352941176471,0.0,1.0,1.0
457,0.08333333333333333,0.2857142857142857,0.96,0.0,0.375,0.9375,0.8235294117647058,0.5,0.13043478260869565,0.7142857142857142
458,1.0,0.0,1.0,0.16666666666666666,0.375,0.4375,0.6470588235294118,0.5,1.0,0.7857142857142857
459,0.25,0.0,1.0,0.6666666666666666,0.375,0.4375,0.5294117647058824,0.5,1.0,0.7142857142857142
460,0.08333333333333333,0.2857142857142857,0.9199999999999999,0.6666666666666666,0.25,0.9375,0.5882352941176471,0.5,0.7826086956521738,0.7857142857142857
461,0.08333333333333333,0.0,0.9,0.16666666666666666,0.375,0.4375,0.23529411764705882,0.5,0.13043478260869565,0.7857142857142857
462,0.08333333333333333,0.0,0.9,0.0,0.25,0.1875,0.8235294117647058,0.5,1.0,0.0
463,0.08333333333333333,0.0,0.9,0.6666666666666666,0.125,0.4375,0.3529411764705882,0.5,0.13043478260869565,0.7857142857142857
464,0.5833333333333333,0.2857142857142857,0.0,0.16666666666666666,0.375,0.1875,0.4117647058823529,1.0,1.0,1.0
465,0.75,0.0,0.9800000000000001,0.16666666666666666,0.875,0.4375,0.3529411764705882,1.0,0.13043478260869565,1.0
466,0.08333333333333333,0.0,0.96,0.16666666666666666,0.375,0.4375,0.3529411764705882,1.0,1.0,1.0
467,0.08333333333333333,0.2857142857142857,0.8800000000000001,0.0,0.375,0.4375,0.5882352941176471,0.5,0.13043478260869565,0.7857142857142857
468,0.08333333333333333,0.0,0.86,0.16666666666666666,0.875,0.6875,0.5294117647058824,0.5,0.6521739130434783,0.7857142857142857
469,0.5833333333333333,0.0,0.9400000000000001,0.0,0.375,0.4375,0.5882352941176471,0.5,0.6521739130434783,0.7857142857142857
470,0.41666666666666663,0.0,0.0,0.3333333333333333,0.375,0.9375,0.5882352941176471,1.0,1.0,1.0
471,0.08333333333333333,0.2857142857142857,0.8800000000000001,0.6666666666666666,0.375,0.4375,0.5882352941176471,1.0,1.0,0.0
472,0.5833333333333333,0.5714285714285714,0.86,0.16666666666666666,0.25,0.1875,0.23529411764705882,0.5,0.6521739130434783,0.7857142857142857
473,1.0,0.0,0.96,0.16666666666666666,0.875,0.875,0.23529411764705882,0.5,1.0,0.7857142857142857
474,0.08333333333333333,0.0,0.9199999999999999,0.16666666666666666,0.25,0.4375,0.3529411764705882,0.5,0.6521739130434783,0.7857142857142857
475,0.41666666666666663,0.2857142857142857,0.0,0.6666666666666666,0.375,0.9375,0.5882352941176471,0.25,0.13043478260869565,0.7857142857142857
476,0.08333333333333333,0.5714285714285714,0.9800000000000001,0.5,0.875,0.9375,0.23529411764705882,0.25,0.13043478260869565,0.7857142857142857
477,0.41666666666666663,0.2857142857142857,0.0,0.6666666666666666,0.875,0.4375,0.5882352941176471,0.5,0.30434782608695654,0.7857142857142857
478,0.5833333333333333,0.0,1.0,0.16666666666666666,0.125,0.9375,0.5882352941176471,0.5,0.13043478260869565,0.7857142857142857
479,0.5833333333333333,0.2857142857142857,0.0,0.6666666666666666,0.25,0.9375,0.5882352941176471,0.5,0.7826086956521738,0.5714285714285714
480,0.08333333333333333,0.2857142857142857,0.8800000000000001,0.6666666666666666,0.375,0.4375,0.23529411764705882,0.5,0.13043478260869565,0.7857142857142857
481,0.08333333333333333,0.0,0.0,0.0,0.25,0.4375,0.5882352941176471,0.5,0.08695652173913043,0.7857142857142857
482,0.5833333333333333,0.0,0.9400000000000001,0.16666666666666666,0.25,0.4375,0.23529411764705882,0.5,0.6956521739130435,0.7857142857142857
483,0.08333333333333333,0.0,0.9199999999999999,0.16666666666666666,0.875,0.9375,0.3529411764705882,0.5,0.7826086956521738,0.7857142857142857
484,0.08333333333333333,0.2857142857142857,0.8800000000000001,0.6666666666666666,0.375,0.4375,0.23529411764705882,0.5,0.13043478260869565,0.7857142857142857
485,0.08333333333333333,0.2857142857142857,1.0,0.16666666666666666,0.0,0.4375,0.5882352941176471,0.25,1.0,0.7142857142857142
486,0.08333333333333333,0.0,0.0,0.6666666666666666,0.875,0.4375,0.4117647058823529,0.5,0.6521739130434783,0.7857142857142857
487,0.41666666666666663,0.0,0.0,0.6666666666666666,0.875,0.6875,0.5882352941176471,0.5,0.13043478260869565,0.7857142857142857
488,0.08333333333333333,0.2857142857142857,0.8800000000000001,0.16666666666666666,0.375,0.4375,0.3529411764705882,0.25,0.08695652173913043,0.7857142857142857
489,0.5833333333333333,0.0,0.0,0.0,0.375,0.4375,0.5882352941176471,0.25,0.13043478260869565,0.7857142857142857
490,0.08333333333333333,0.2857142857142857,0.96,0.6666666666666666,0.875,0.25,0.23529411764705882,0.5,0.6521739130434783,0.7857142857142857
491,0.08333333333333333,0.0,1.0,0.0,0.375,0.4375,0.5882352941176471,0.5,0.13043478260869565,1.0
492,0.5833333333333333,0.0,0.9199999999999999,0.16666666666666666,0.25,0.4375,0.3529411764705882,0.5,0.0,1.0
493,0.5,0.2857142857142857,0.9199999999999999,0.6666666666666666,0.375,0.4375,0.5882352941176471,0.5,0.13043478260869565,0.7857142857142857
494,0.0,0.0,0.9400000000000001,0.16666666666666666,0.875,0.4375,0.3529411764705882,0.5,0.0,0.9285714285714285
495,0.08333333333333333,0.2857142857142857,0.9400000000000001,0.16666666666666666,0.25,0.4375,0.23529411764705882,0.5,0.6521739130434783,0.7857142857142857
496,0.41666666666666663,0.2857142857142857,0.86,0.6666666666666666,0.375,0.4375,0.23529411764705882,0.25,0.13043478260869565,1.0
497,0.08333333333333333,0.0,0.9400000000000001,0.16666666666666666,0.375,0.9375,0.23529411764705882,0.25,0.13043478260869565,0.7857142857142857
498,0.08333333333333333,0.0,0.9199999999999999,0.0,0.875,0.1875,0.5882352941176471,0.25,0.7826086956521738,0.7142857142857142
499,0.08333333333333333,0.2857142857142857,0.8800000000000001,0.6666666666666666,0.375,0.9375,0.4117647058823529,0.25,0.13043478260869565,0.7857142857142857
