,f1,f2,f3,f4,f5,f6,f7,f8,f9,f10,f11,f12,f13,f14,f15,f16
0,0.0,0.5,0.0,0.5,0.5,0.5,0.0,0.0,0.0,0.5,1.0,0.5,0.5,0.5,0.0,0.5
1,0.0,0.5,0.0,0.5,0.5,0.5,0.0,0.0,0.0,0.0,0.0,0.5,0.5,0.5,0.0,1.0
2,1.0,0.5,0.5,1.0,0.5,0.5,0.0,0.0,0.0,0.0,0.5,0.0,0.5,0.5,0.0,0.0
3,0.0,0.5,0.5,0.0,1.0,0.5,0.0,0.0,0.0,0.0,0.5,0.0,0.5,0.0,0.0,0.5
4,0.5,0.5,0.5,0.0,0.5,0.5,0.0,0.0,0.0,0.0,0.5,1.0,0.5,0.5,0.5,0.5
5,0.0,0.5,0.5,0.0,0.5,0.5,0.0,0.0,0.0,0.0,0.0,0.0,0.5,0.5,0.5,0.5
6,0.0,0.5,0.0,0.5,0.5,0.5,0.0,0.0,0.0,0.0,0.0,0.0,1.0,0.5,0.5,0.5
7,0.0,0.5,0.0,0.5,0.5,0.5,0.0,0.0,0.0,0.0,0.0,0.0,0.5,0.5,1.0,0.5
8,0.0,0.5,0.0,0.5,0.5,0.5,0.0,0.0,0.0,0.0,0.0,0.5,0.5,0.5,0.0,0.5
9,0.5,0.5,0.5,0.0,0.0,0.0,0.5,0.5,0.5,0.0,0.0,0.0,0.0,0.0,1.0,1.0
10,0.0,0.5,0.0,0.5,0.5,0.0,0.0,0.0,0.0,0.0,1.0,1.0,0.5,0.5,0.0,0.0
11,0.0,0.5,0.0,0.5,0.5,0.5,0.0,0.0,0.0,0.0,0.5,1.0,0.5,0.5,1.0,1.0
12,0.0,0.5,0.5,0.0,0.0,0.0,0.5,0.5,0.5,0.0,0.0,0.0,0.5,0.0,1.0,1.0
13,0.5,0.5,0.5,0.0,0.0,0.5,0.5,0.5,1.0,0.5,0.5,1.0,0.0,0.0,0.5,1.0
14,0.0,0.5,0.0,0.5,0.5,0.5,0.0,0.0,0.0,0.0,0.0,0.5,1.0,1.0,0.0,1.0
15,0.0,0.5,0.0,0.5,0.5,0.5,0.0,0.0,0.0,0.5,0.0,0.5,0.5,1.0,0.0,1.0
16,0.5,0.0,0.5,0.0,0.0,0.5,0.0,0.5,1.0,0.5,0.5,0.5,1.0,0.0,0.0,0.5
17,0.5,1.0,0.5,0.0,0.0,0.0,0.5,0.5,0.5,0.0,0.0,0.0,0.5,0.0,0.5,0.5
18,0.0,0.5,0.0,0.5,0.5,0.5,0.0,0.0,0.0,0.0,0.0,1.0,0.5,0.5,0.0,0.0
19,0.5,0.5,0.5,0.0,0.0,0.0,0.5,0.5,0.5,0.0,0.5,0.0,0.0,0.0,0.5,0.5
20,0.5,0.5,0.5,0.0,0.0,1.0,0.5,0.5,0.0,0.0,0.5,0.0,0.0,0.0,0.5,0.5
21,0.5,0.5,0.5,0.0,0.0,0.0,0.5,0.5,0.5,0.0,0.0,0.0,1.0,1.0,0.5,0.5
22,0.5,1.0,0.5,0.0,0.0,0.0,0.5,0.5,0.5,0.0,0.0,1.0,0.0,0.0,0.5,0.5
23,0.5,0.5,0.5,0.0,0.0,0.0,0.5,0.5,0.5,0.0,0.0,0.0,0.0,0.0,0.5,0.5
24,0.5,0.0,0.5,0.0,0.0,0.0,0.5,0.5,0.5,0.0,0.0,0.0,0.0,0.0,0.5,1.0
25,0.5,0.0,0.5,0.0,0.0,0.0,0.5,0.5,0.5,0.5,0.0,0.0,0.0,0.0,0.5,0.5
26,0.5,0.0,0.5,0.0,0.0,0.0,0.5,0.5,0.5,0.0,0.5,0.0,0.0,0.0,0.5,0.5
27,0.5,0.5,0.5,0.0,0.0,0.0,0.5,0.5,0.5,0.0,0.5,0.0,0.0,0.0,0.5,0.5
28,0.5,0.0,0.0,0.5,0.5,0.0,0.5,0.5,0.5,0.0,0.0,0.5,0.5,0.5,0.0,0.5
29,0.5,0.5,0.5,0.0,0.0,0.0,0.5,0.5,0.5,0.0,0.5,0.0,0.0,0.0,0.5,0.5
30,0.0,0.5,0.0,0.5,0.5,0.5,0.0,0.0,0.0,0.0,0.0,0.5,0.5,0.5,0.0,0.0
31,0.5,0.5,0.5,0.0,0.0,0.0,0.5,0.5,0.5,0.0,0.5,0.0,0.0,0.0,0.5,1.0
32,0.5,0.5,0.5,0.0,0.0,0.0,0.5,0.5,0.5,0.5,0.0,0.0,0.5,0.0,0.5,0.5
33,0.0,0.5,0.0,0.5,0.5,0.5,0.0,0.0,0.0,0.0,0.0,0.5,0.5,0.5,0.0,0.5
34,0.5,0.5,0.5,0.0,0.0,0.0,0.5,0.5,0.5,0.0,0.0,0.0,0.0,0.0,0.5,0.5
35,0.0,0.5,0.0,0.5,0.5,0.5,0.0,0.0,0.0,0.0,0.0,0.5,0.5,0.5,0.0,0.0
36,0.5,1.0,0.0,0.5,0.5,0.5,0.0,0.0,0.0,0.5,0.0,0.5,1.0,0.5,0.0,0.5
37,0.5,0.5,0.0,0.5,0.5,0.5,0.0,0.0,0.0,0.0,0.0,0.0,0.5,0.5,0.0,0.5
38,0.0,0.5,0.0,0.5,0.5,0.5,0.0,0.0,0.0,0.5,0.0,0.5,0.5,0.5,0.0,0.0
39,0.5,0.0,0.5,0.0,0.0,0.0,0.5,0.5,0.5,0.5,0.5,0.0,0.5,0.0,0.5,0.5
40,0.5,0.5,0.5,0.0,0.0,0.0,0.5,0.5,0.5,0.0,1.0,0.0,0.0,0.0,0.0,1.0
41,0.5,0.5,0.5,0.0,0.0,0.0,0.5,0.5,0.5,0.0,0.0,0.0,0.0,0.0,0.5,1.0
42,0.5,0.0,0.5,0.0,0.0,0.0,0.5,0.5,0.5,0.0,0.0,0.0,0.0,0.0,0.0,0.5
43,0.5,0.0,0.5,0.0,0.0,0.0,0.5,0.5,0.5,0.0,0.0,0.0,0.0,0.0,0.5,0.5
44,0.5,0.5,0.5,0.0,0.0,0.0,0.5,0.5,0.5,0.0,0.5,0.0,0.0,0.0,0.0,1.0
45,0.5,0.5,0.5,0.0,0.0,0.0,0.5,0.5,1.0,0.0,0.5,0.0,0.0,0.0,0.5,1.0
46,0.5,0.5,0.5,0.0,0.0,0.0,0.5,0.5,0.5,0.0,0.0,0.0,0.0,0.0,0.0,0.5
47,0.5,0.0,0.5,0.0,0.0,0.0,0.5,0.5,1.0,0.0,0.0,0.0,0.0,0.0,0.0,1.0
48,0.5,0.5,0.5,0.0,0.0,0.0,0.5,0.5,0.0,0.0,0.0,0.0,0.0,0.5,0.0,0.5
49,0.0,1.0,0.0,0.5,0.5,0.5,0.0,0.0,0.0,0.0,0.0,0.5,0.5,0.5,0.0,0.0
50,0.5,0.5,0.5,0.0,0.0,0.0,0.5,0.5,0.5,0.0,0.5,0.0,0.0,0.0,0.5,0.5
51,0.0,0.5,0.0,0.5,0.5,0.5,0.0,1.0,0.0,0.0,0.0,0.5,0.5,0.5,0.0,0.5
52,0.5,0.5,0.5,0.0,0.0,0.0,0.5,0.5,0.5,0.0,0.0,0.0,0.0,0.0,1.0,1.0
53,0.5,0.5,0.0,0.5,0.5,0.5,0.0,0.0,0.0,0.5,0.0,0.5,0.5,0.5,0.0,0.0
54,0.5,0.5,0.5,0.0,0.0,0.5,1.0,0.5,0.0,0.0,0.5,0.5,0.0,0.5,0.0,1.0
55,0.0,0.5,0.0,0.5,0.5,0.5,0.0,0.0,0.0,0.5,0.5,0.5,0.5,0.5,0.0,0.0
56,0.0,0.5,0.0,0.5,0.5,0.5,0.0,0.0,0.0,0.5,0.5,0.5,0.5,0.5,0.0,0.5
57,0.0,0.5,0.0,0.5,0.5,0.5,0.0,0.0,0.0,0.5,0.0,0.5,0.5,0.5,0.0,0.5
58,0.0,0.5,0.0,0.5,0.5,0.5,0.0,0.0,0.0,0.5,0.0,0.5,0.5,0.5,0.0,0.5
59,0.0,0.5,0.0,0.5,0.5,0.5,0.0,0.0,0.0,0.5,0.0,0.5,0.5,0.5,0.0,1.0
60,0.5,0.5,0.5,0.0,0.0,1.0,0.5,0.5,0.5,0.5,0.0,0.0,0.0,0.0,0.5,1.0
61,0.0,0.5,0.0,0.5,0.5,0.5,0.0,0.0,0.0,0.0,0.0,0.5,0.5,0.5,0.0,0.0
62,0.5,0.5,0.5,0.0,0.0,0.0,0.5,0.5,0.5,0.0,0.0,0.0,0.0,0.0,0.0,1.0
63,0.5,0.5,0.5,0.0,0.0,0.0,0.5,0.5,0.5,0.0,0.5,0.0,0.0,0.0,0.0,0.5
64,0.5,0.5,0.5,0.0,0.0,0.0,0.5,0.5,0.5,0.0,0.5,1.0,0.0,0.0,0.0,0.5
65,0.5,0.5,0.0,0.5,0.5,0.5,0.5,0.0,0.0,0.0,0.0,0.5,0.5,0.5,0.0,0.5
66,0.0,0.5,0.0,0.5,0.5,0.5,0.5,0.0,0.0,0.0,0.5,0.5,0.5,0.5,0.0,0.5
67,0.0,0.5,0.0,0.5,0.5,0.5,0.0,0.0,0.0,0.5,0.0,0.5,0.5,0.5,0.0,0.0
68,0.5,1.0,0.5,0.0,0.0,0.0,0.5,0.5,0.5,0.0,0.0,0.0,0.5,0.0,0.5,0.5
69,0.5,0.5,0.5,0.0,0.0,0.0,0.5,0.5,0.5,0.0,0.0,0.0,0.0,0.0,0.5,0.5
70,0.5,0.0,0.5,0.0,0.0,0.0,0.5,0.5,0.5,0.0,0.0,0.0,0.5,0.0,0.5,1.0
71,0.5,0.5,0.5,0.5,0.0,0.0,0.5,0.5,0.5,0.5,0.5,0.0,0.0,0.5,0.0,0.5
72,0.5,0.5,0.5,0.0,0.0,0.0,0.5,0.5,0.5,0.0,0.5,0.0,0.0,0.0,0.5,1.0
73,0.5,0.0,0.5,0.5,0.5,0.0,0.5,0.0,0.5,0.5,0.0,0.0,0.5,0.5,0.0,0.5
74,0.5,0.0,0.5,0.0,0.0,0.5,0.5,0.5,0.5,0.5,0.5,0.0,0.0,0.5,0.5,0.5
75,0.0,0.5,0.5,0.5,0.5,0.5,0.0,0.0,0.0,0.5,0.5,0.0,0.5,0.5,0.0,0.0
76,0.0,0.5,0.5,0.0,0.5,0.5,0.0,0.0,0.0,0.5,0.5,0.5,0.5,0.5,0.0,1.0
77,0.0,0.5,0.5,0.5,0.5,0.5,0.0,0.5,0.5,0.5,0.5,0.5,0.5,0.5,0.0,0.5
78,0.5,0.5,0.5,0.0,0.5,0.5,0.0,0.0,0.0,0.5,0.5,0.0,0.5,0.5,0.0,0.5
79,0.0,0.0,0.0,0.5,0.5,0.0,0.0,0.0,0.0,0.5,0.0,0.5,0.5,0.5,0.0,0.0
80,0.5,0.0,0.5,0.0,0.0,0.5,0.5,0.5,0.5,0.5,0.0,0.5,0.0,0.5,0.0,1.0
81,0.5,0.0,0.5,0.0,0.0,0.0,0.5,0.5,1.0,0.5,0.5,0.5,0.0,0.5,0.0,0.5
82,0.0,0.0,0.0,0.5,0.5,0.5,0.0,0.0,0.0,0.5,0.0,0.5,0.5,0.5,0.0,0.5
83,0.0,0.0,0.0,0.5,0.5,0.5,0.0,0.0,0.0,0.0,0.0,0.5,0.5,0.5,0.0,0.0
84,0.0,1.0,0.0,0.5,0.5,0.5,0.0,0.0,0.0,0.5,0.0,0.5,0.5,0.5,0.0,0.0
85,0.0,0.0,0.5,0.0,0.5,0.5,0.0,0.0,0.0,0.5,0.5,0.5,0.5,0.5,0.0,0.5
86,0.0,0.0,0.0,0.5,0.5,0.5,0.0,0.0,0.0,0.5,0.0,0.5,0.5,0.5,0.0,0.0
87,0.0,0.0,0.0,0.5,0.5,0.5,0.0,0.0,0.0,0.0,0.0,0.5,0.5,0.5,0.0,0.0
88,0.0,0.5,0.5,0.0,0.5,0.5,0.5,0.0,0.5,0.5,0.5,0.0,0.5,0.5,0.0,0.5
89,0.0,0.0,0.0,0.5,0.5,0.5,0.0,0.0,0.0,0.5,0.0,1.0,0.5,0.5,0.0,1.0
90,0.5,0.0,0.5,0.0,0.0,0.0,0.5,0.5,0.5,0.5,0.0,0.0,0.0,0.0,0.5,0.5
91,0.5,0.0,0.5,0.0,0.0,0.0,0.5,0.5,0.5,0.5,0.5,0.0,0.0,0.0,0.5,0.5
92,0.5,0.5,0.5,0.0,0.0,0.0,0.5,0.5,0.0,0.5,0.5,0.0,0.0,1.0,0.5,0.5
93,0.5,0.0,0.5,0.0,0.0,0.0,0.5,0.0,0.5,0.5,0.5,0.0,0.0,0.0,0.5,0.5
94,0.5,0.0,0.5,0.0,0.5,0.5,0.0,0.0,0.0,0.0,0.0,0.0,0.0,0.0,0.0,0.5
95,0.5,0.0,0.5,0.0,0.5,0.5,0.0,1.0,1.0,0.0,0.5,1.0,1.0,1.0,0.5,0.5
96,0.0,0.0,1.0,0.0,0.5,0.5,0.0,0.0,0.0,0.0,0.5,0.5,0.5,0.5,0.0,0.5
97,0.5,0.0,0.0,0.0,0.5,0.5,0.5,0.0,0.0,0.5,0.5,0.0,0.0,0.5,0.0,0.5
98,0.5,0.5,0.5,0.0,0.0,0.5,0.5,0.5,0.5,0.5,0.0,0.0,0.0,0.0,0.0,0.5
99,0.0,0.0,0.0,0.5,0.5,0.5,0.0,0.0,0.0,0.5,1.0,0.5,0.5,0.5,0.0,0.0
100,0.5,0.0,0.0,0.0,0.5,0.5,0.0,0.0,0.0,0.0,0.5,0.5,0.0,0.5,0.0,0.5
101,0.5,0.0,0.5,0.0,0.5,0.5,0.5,0.0,0.0,0.0,0.5,0.0,0.0,0.5,0.0,0.5
102,0.5,0.0,0.5,0.0,0.5,0.5,0.5,0.0,1.0,0.0,0.5,0.0,0.5,0.5,0.5,1.0
103,0.5,0.0,0.0,0.0,0.5,0.5,1.0,0.0,1.0,0.0,0.0,0.0,0.0,0.5,1.0,0.0
104,1.0,1.0,1.0,1.0,0.0,0.5,0.5,0.5,0.5,0.5,1.0,0.0,0.5,0.5,0.0,1.0
105,0.5,0.5,0.5,0.0,0.0,0.0,0.0,0.5,0.5,0.0,0.5,0.0,0.0,0.0,0.5,0.5
106,0.0,0.5,0.0,0.5,0.5,0.5,0.0,0.0,0.0,0.0,0.0,0.5,0.5,0.5,0.0,0.5
107,0.0,1.0,1.0,1.0,1.0,1.0,1.0,1.0,1.0,1.0,1.0,1.0,1.0,0.5,1.0,1.0
108,0.5,1.0,0.5,0.0,0.0,0.0,0.5,0.5,0.5,0.0,0.0,0.0,0.0,0.0,0.5,1.0
109,0.5,1.0,0.5,0.0,0.0,0.0,0.5,0.5,0.5,0.0,0.0,0.0,0.0,0.0,0.5,1.0
110,0.0,0.0,0.5,0.0,0.0,0.0,0.5,0.5,0.5,0.5,0.0,0.0,0.0,0.0,0.5,0.5
111,0.0,1.0,0.0,0.5,0.5,0.5,0.0,0.0,0.0,0.5,0.0,0.5,0.5,0.5,0.0,0.5
112,0.0,1.0,0.5,0.0,0.0,0.5,0.5,0.5,0.0,0.5,0.0,0.0,0.0,0.0,0.5,1.0
113,0.0,1.0,0.0,0.5,0.5,0.5,0.0,0.0,0.0,0.5,0.0,0.5,0.5,0.5,0.0,0.0
114,0.5,1.0,0.5,0.0,0.0,0.0,0.5,0.5,0.5,0.0,0.0,0.0,0.0,0.0,0.5,1.0
115,0.0,1.0,0.5,0.0,1.0,1.0,0.5,0.5,0.5,0.5,1.0,1.0,0.0,0.0,0.5,0.5
116,0.5,0.0,0.5,0.0,0.0,0.0,0.5,0.5,0.5,0.0,0.5,0.0,0.0,0.0,0.5,0.5
117,0.5,0.5,0.5,0.5,0.5,0.0,0.5,0.0,0.0,0.0,0.0,0.5,0.5,0.5,0.0,0.5
118,0.0,0.5,0.5,0.0,0.0,0.0,0.0,0.5,0.5,0.5,0.5,0.0,0.0,0.0,0.5,0.5
119,0.0,0.0,0.0,0.5,0.5,0.5,0.0,0.0,0.0,0.0,0.0,0.5,0.5,0.5,0.0,0.0
120,0.0,1.0,1.0,0.5,0.5,0.5,0.0,0.0,0.0,0.5,0.0,0.5,0.5,0.5,1.0,0.5
121,0.0,1.0,0.0,0.5,0.5,0.5,0.0,0.0,0.0,0.5,0.0,0.5,0.5,0.5,0.0,0.5
122,0.0,0.0,0.0,0.5,0.5,0.5,0.0,0.0,0.0,0.5,0.0,0.5,0.0,0.5,0.0,0.5
123,0.5,1.0,0.0,0.5,0.5,0.5,0.0,0.5,0.0,0.0,0.0,0.5,0.5,0.5,0.0,0.5
124,0.0,1.0,0.5,0.0,0.0,0.0,0.5,0.5,0.5,0.0,0.0,0.0,0.0,0.0,0.5,0.5
125,0.0,1.0,0.0,0.5,0.5,0.5,0.0,0.0,0.0,0.5,0.0,0.5,0.5,0.5,0.0,0.5
126,0.0,1.0,0.0,0.5,0.5,0.5,0.0,0.0,0.0,0.0,0.0,0.5,0.5,0.5,0.0,0.0
127,0.0,1.0,0.5,0.0,0.0,0.0,0.5,0.5,0.5,0.5,0.5,0.0,0.0,0.5,0.5,0.5
128,0.0,1.0,0.5,0.0,0.0,0.5,0.0,0.5,0.0,0.5,0.5,0.0,0.0,0.0,0.5,0.5
129,1.0,1.0,0.5,0.0,0.0,0.0,0.5,0.5,1.0,0.0,1.0,1.0,1.0,1.0,1.0,1.0
130,0.5,1.0,0.5,0.0,1.0,1.0,0.5,0.5,0.5,0.0,0.0,0.0,0.0,0.0,0.5,1.0
131,0.0,0.0,0.5,0.0,0.0,0.5,0.0,0.5,0.5,0.5,0.0,0.0,0.0,0.5,0.0,0.5
132,0.0,0.0,0.0,0.5,0.5,0.5,0.0,0.0,0.0,0.5,0.0,0.5,0.5,0.5,0.0,1.0
133,0.0,0.0,0.0,0.5,0.5,0.5,0.0,0.0,0.0,0.5,0.0,0.5,0.5,0.5,0.0,0.5
134,0.0,0.0,0.0,0.5,0.5,0.5,0.0,0.0,0.0,0.0,0.0,0.5,0.5,0.5,0.0,1.0
135,0.0,0.0,0.0,0.5,0.5,0.5,0.0,0.0,0.0,0.5,0.0,0.5,0.5,0.5,0.0,0.0
136,0.0,0.5,0.0,0.5,0.5,0.5,0.0,0.0,0.0,0.5,0.5,0.5,0.5,0.0,0.0,0.5
137,0.0,1.0,0.5,0.0,0.0,0.5,0.5,0.5,0.5,0.5,0.0,0.0,0.0,0.5,0.5,0.5
138,0.0,0.0,0.5,0.0,0.0,0.5,0.5,0.5,0.5,0.5,0.0,0.0,0.0,0.5,0.0,0.5
139,0.5,0.0,0.5,0.0,0.0,0.5,0.5,0.5,0.5,0.0,0.0,0.0,0.0,0.0,0.5,0.5
140,0.0,0.0,0.0,0.5,0.0,0.0,0.5,0.5,0.5,0.5,0.0,0.0,0.5,0.5,0.0,0.5
141,0.0,0.0,0.0,0.5,0.5,0.5,0.5,0.5,0.5,0.5,0.0,0.5,0.5,0.5,1.0,0.5
142,0.0,0.0,0.0,0.5,0.5,0.5,0.5,0.5,0.5,0.5,0.0,0.5,0.5,0.5,0.0,0.5
143,1.0,0.5,0.0,0.0,0.0,0.0,0.5,0.5,0.5,0.5,0.5,0.0,0.0,0.5,0.5,0.5
144,0.0,1.0,0.0,0.0,0.0,0.5,0.5,0.5,0.5,0.5,0.0,0.0,0.0,0.5,0.0,1.0
145,0.0,0.0,0.5,0.0,0.0,0.5,0.5,0.5,0.5,0.5,0.0,0.0,0.0,0.5,1.0,0.5
146,0.0,0.5,0.0,0.5,0.5,0.5,0.0,0.0,0.0,0.0,0.0,0.5,0.5,0.5,0.0,0.5
147,0.0,0.0,0.0,0.0,0.0,0.0,0.5,0.5,0.5,0.5,0.0,0.5,0.5,0.5,0.5,0.5
148,0.0,0.5,0.0,0.5,0.5,0.5,0.0,0.0,0.0,0.5,0.5,0.5,0.5,0.5,0.0,0.5
149,0.0,0.0,0.5,0.0,0.0,0.0,0.5,0.5,0.5,0.5,0.0,0.0,0.5,0.0,0.5,0.5
150,0.5,0.5,0.0,0.5,0.5,0.5,0.0,0.0,0.0,0.5,0.0,0.5,0.5,0.5,0.0,0.5
151,0.5,0.5,1.0,0.5,0.5,0.5,0.0,0.0,0.5,0.0,0.5,1.0,0.5,0.5,0.0,0.0
152,0.0,0.5,0.5,0.0,0.0,0.5,0.0,0.5,0.5,0.5,0.5,0.0,0.5,0.0,0.5,0.5
153,0.0,0.0,0.5,0.0,0.0,0.5,0.5,0.5,0.5,0.5,0.5,0.0,0.5,0.5,0.0,0.5
154,0.0,0.5,0.0,0.5,0.5,0.5,0.0,0.0,0.0,0.0,0.0,0.5,0.5,0.5,0.0,0.0
155,0.5,0.5,0.0,0.5,0.5,0.5,0.0,1.0,0.0,0.0,0.5,0.5,0.5,0.5,0.0,0.0
156,0.5,0.5,0.0,0.5,0.5,0.5,0.5,0.0,0.0,0.0,0.0,0.5,0.5,0.5,0.0,0.0
157,0.0,0.5,0.5,0.0,0.0,0.5,0.0,0.5,0.5,0.0,0.5,0.0,1.0,1.0,1.0,1.0
158,0.0,0.5,0.0,0.5,0.5,0.5,0.0,0.0,0.0,0.5,0.0,0.5,0.5,0.5,0.0,0.0
159,0.0,0.5,0.5,0.0,1.0,0.5,0.5,0.5,0.5,0.5,0.5,0.0,0.0,1.0,0.0,1.0
160,0.0,0.5,0.0,0.0,0.5,0.5,0.0,0.0,0.0,0.0,0.0,0.5,0.5,0.5,0.5,0.5
161,0.0,0.0,0.0,0.0,0.5,0.5,0.5,0.0,0.0,0.0,0.0,0.5,0.5,0.5,0.0,0.5
162,0.0,0.5,0.5,0.0,0.5,0.5,0.5,0.0,0.0,0.0,0.5,0.5,0.5,0.5,0.0,0.5
163,0.0,0.5,0.0,0.5,0.5,0.5,0.5,0.0,0.0,0.0,0.0,0.5,0.5,0.5,0.0,0.5
164,0.5,0.5,0.0,0.0,0.5,0.5,0.0,0.0,0.0,0.5,0.5,0.5,0.5,0.5,0.0,1.0
165,0.0,0.5,0.5,0.0,0.0,0.5,0.5,0.5,0.5,0.5,0.5,0.0,0.5,0.0,0.5,1.0
166,0.5,0.0,0.5,0.5,0.5,0.5,0.5,0.5,0.0,0.5,0.0,0.5,0.0,0.5,0.5,0.5
167,0.5,0.0,0.5,0.5,0.5,0.5,0.5,0.5,0.0,0.5,0.5,0.5,0.0,0.5,0.5,0.5
168,0.0,0.0,0.5,0.5,0.5,0.5,0.0,0.0,0.5,0.0,0.0,0.0,0.5,0.5,0.5,1.0
169,0.5,0.0,0.5,0.0,0.0,0.0,0.5,0.5,0.5,0.5,0.5,0.0,0.0,0.5,0.0,0.5
170,0.5,0.0,0.5,0.0,0.0,0.0,1.0,0.5,0.5,1.0,0.0,0.0,0.0,0.0,0.5,1.0
171,0.0,1.0,0.0,0.5,0.5,0.5,0.0,0.0,0.0,0.5,0.0,0.5,0.5,0.5,0.0,0.5
172,0.0,0.5,0.5,0.0,0.0,0.0,0.5,0.5,0.5,0.5,0.0,0.0,1.0,0.0,0.5,0.5
173,0.0,0.0,0.0,0.0,0.5,0.5,0.0,0.0,0.0,0.5,0.5,0.5,0.5,0.5,0.0,0.5
174,0.5,1.0,0.5,0.0,0.0,0.0,0.5,0.5,0.5,0.0,0.0,0.0,0.0,0.0,0.5,1.0
175,0.0,0.5,0.5,0.0,0.0,0.0,0.5,0.5,0.5,0.5,0.0,0.0,0.0,0.0,0.5,0.5
176,0.0,0.0,0.5,0.5,0.0,0.0,0.5,0.5,0.5,0.5,0.0,0.0,0.0,0.5,0.5,0.5
177,0.0,0.0,0.5,0.0,0.0,0.0,0.5,0.5,0.5,0.5,0.5,1.0,0.0,0.0,0.5,0.5
178,1.0,0.0,0.5,0.0,0.0,0.0,0.5,0.5,0.5,0.5,0.5,1.0,0.0,0.0,0.5,1.0
179,0.5,0.0,0.5,0.0,0.0,0.0,0.5,0.5,0.5,0.5,0.0,0.0,0.0,0.0,0.5,0.5
180,1.0,1.0,0.5,0.0,0.0,0.0,0.5,0.5,0.5,1.0,1.0,0.0,0.0,0.0,1.0,1.0
181,0.0,0.0,0.5,0.0,0.0,0.0,0.5,0.5,0.5,0.5,0.5,0.0,0.0,0.0,0.5,0.5
182,0.5,1.0,0.5,0.0,0.0,0.0,0.5,0.5,0.5,0.0,0.0,0.0,0.0,0.0,0.5,0.5
183,1.0,1.0,1.0,1.0,1.0,1.0,1.0,1.0,0.5,1.0,1.0,1.0,1.0,1.0,1.0,1.0
184,0.0,0.0,0.5,0.0,0.0,0.0,0.5,0.5,0.5,0.5,0.5,0.0,0.0,0.0,0.5,0.5
185,0.5,0.0,0.5,0.0,0.0,0.0,0.5,0.5,0.5,0.5,0.0,1.0,0.0,0.0,0.5,0.5
186,0.0,0.5,0.5,0.0,0.0,0.0,0.5,0.5,0.5,0.5,0.5,0.0,0.0,0.0,0.5,0.5
187,0.5,0.0,0.5,0.0,0.0,0.0,0.5,0.5,0.5,0.0,0.0,0.0,0.0,0.0,0.5,1.0
188,0.5,1.0,0.0,0.5,0.5,0.5,0.5,0.5,0.0,0.0,0.0,0.5,1.0,0.5,1.0,1.0
189,0.5,0.0,0.5,0.0,0.0,0.0,0.5,0.5,0.5,0.0,0.0,0.0,0.0,0.0,0.5,0.5
190,0.0,1.0,0.0,0.5,0.5,0.5,0.0,0.0,0.0,0.0,0.0,0.5,0.5,0.5,0.0,1.0
191,0.0,0.5,0.0,0.5,0.5,0.5,0.0,1.0,0.0,0.5,0.0,0.5,0.5,0.5,0.0,1.0
192,0.0,0.0,0.0,0.0,0.0,0.5,0.5,0.5,0.5,0.0,0.5,0.0,0.0,0.5,0.5,0.5
193,0.0,0.0,0.5,0.0,0.0,0.0,0.5,0.5,0.5,0.0,0.0,0.0,0.0,0.0,0.5,0.5
194,0.0,0.0,0.5,0.0,0.0,0.5,0.5,1.0,0.5,0.5,0.5,0.0,0.0,0.0,0.5,0.5
195,0.0,0.0,0.0,0.5,0.5,0.5,0.0,0.0,0.0,0.0,0.0,0.5,0.5,0.5,0.0,1.0
196,0.0,0.0,0.5,0.0,0.0,0.5,0.5,0.5,0.5,0.0,0.5,0.5,0.0,0.5,0.5,1.0
197,0.0,1.0,0.5,0.5,0.5,0.5,0.0,0.0,0.0,0.5,0.0,0.0,0.0,0.5,0.0,0.5
198,0.0,0.0,0.5,0.0,0.0,0.0,0.5,0.5,0.5,0.5,0.5,0.0,1.0,0.0,0.5,1.0
199,0.5,0.5,0.0,0.0,0.0,0.0,0.5,0.5,1.0,0.0,0.5,0.0,0.0,0.0,0.5,1.0
200,0.0,0.0,0.5,0.0,0.0,0.0,0.5,0.5,0.5,0.0,0.0,0.0,0.0,0.5,0.5,0.5
201,0.5,0.5,0.5,0.0,0.0,0.0,0.5,0.5,0.5,0.0,0.0,0.0,0.0,0.0,0.5,0.5
202,0.5,0.0,0.5,0.0,0.0,0.5,0.5,0.5,0.5,0.5,0.5,0.0,0.0,0.0,0.5,0.5
203,0.5,0.0,0.5,0.0,0.0,0.0,0.5,0.5,0.5,0.5,0.0,0.0,0.0,0.0,0.5,0.5
204,0.0,0.0,0.5,0.5,0.5,0.5,0.5,0.0,0.0,0.0,0.0,0.5,0.5,0.5,0.0,0.5
205,0.0,0.0,0.5,0.0,0.0,0.5,0.5,0.5,0.5,0.5,0.0,0.5,0.0,0.0,0.0,0.5
206,0.0,0.0,0.0,0.5,0.5,0.5,0.0,0.0,0.0,0.5,0.0,0.5,0.0,0.5,0.0,0.5
207,0.5,1.0,0.0,0.5,0.5,0.5,0.5,0.0,0.0,0.5,0.0,0.5,0.5,0.5,0.0,0.5
208,0.0,0.0,0.5,0.0,0.0,0.0,0.5,0.5,0.5,0.0,0.0,1.0,0.0,0.0,0.5,0.5
209,0.5,0.5,0.5,0.0,0.0,0.0,0.5,0.5,0.5,0.5,0.5,0.0,0.0,0.0,0.0,0.5
210,0.0,0.0,0.5,0.0,0.0,0.5,0.5,0.5,0.5,0.0,0.0,0.0,0.0,0.0,0.5,0.5
211,0.0,0.5,0.0,0.5,0.5,0.5,0.0,0.0,0.0,0.5,0.0,0.5,0.5,0.5,0.0,0.5
212,0.0,0.0,0.5,0.0,0.0,0.0,0.5,0.5,0.5,0.0,0.5,0.0,0.0,0.0,0.5,0.5
213,0.0,0.5,0.5,0.0,0.0,0.5,0.0,0.5,0.5,0.0,0.5,0.0,0.5,0.0,0.5,0.5
214,0.5,0.5,0.0,0.5,0.5,0.5,0.0,0.0,0.0,0.5,0.0,0.5,0.5,0.5,0.0,0.5
215,0.0,0.5,0.5,0.5,0.5,0.5,0.0,0.0,0.0,0.5,0.5,0.5,0.5,0.5,0.5,1.0
216,0.5,0.5,0.5,0.0,0.5,0.5,0.0,0.0,1.0,0.5,0.0,0.0,0.0,0.5,0.5,1.0
217,0.0,0.5,0.0,0.5,0.5,0.5,0.0,0.0,0.0,0.5,0.0,0.5,0.5,0.5,0.0,0.0
218,0.5,1.0,0.5,0.0,0.0,0.0,0.5,0.5,0.5,0.0,1.0,0.0,0.0,0.0,0.5,1.0
219,0.0,0.5,0.5,0.0,0.0,0.0,0.0,0.5,0.5,0.0,0.5,0.0,0.0,0.5,0.5,0.5
220,0.0,0.0,0.5,0.0,0.0,0.0,0.5,0.5,0.5,0.0,0.0,0.0,0.0,0.0,0.5,1.0
221,0.0,0.5,0.5,0.0,0.5,0.5,0.0,0.0,0.0,0.0,0.5,0.0,0.0,0.0,0.5,1.0
222,0.5,0.0,0.5,0.0,0.0,0.0,0.5,0.5,0.5,0.0,0.5,0.0,0.0,0.0,0.5,1.0
223,0.0,0.0,0.0,0.5,0.5,0.0,0.0,0.0,0.0,0.0,0.0,0.5,0.5,0.5,0.0,0.5
224,0.0,0.5,0.0,0.5,0.5,0.5,0.0,0.0,0.0,0.5,0.0,1.0,0.5,0.5,0.0,0.0
225,0.0,1.0,0.0,0.5,0.5,0.5,0.0,0.0,0.0,0.0,0.0,0.5,0.5,0.5,0.0,0.5
226,0.0,0.0,0.5,0.0,0.0,0.5,0.5,0.5,0.5,0.0,0.5,0.0,0.0,0.5,0.5,0.5
227,0.5,0.0,0.5,0.0,0.0,0.0,0.5,0.5,0.5,0.0,0.0,0.0,0.0,0.0,1.0,0.5
228,0.0,0.5,0.0,0.5,0.5,0.5,0.0,0.0,0.0,0.0,0.0,0.5,0.5,1.0,0.0,0.5
229,0.0,0.5,0.5,0.5,0.5,0.5,0.5,0.0,0.5,0.5,0.0,0.5,0.5,0.5,0.0,0.5
230,0.0,0.5,0.0,0.5,0.5,0.5,0.0,0.0,0.0,0.0,0.0,0.5,0.5,0.5,0.0,0.5
231,0.0,0.5,0.0,0.5,0.5,0.5,0.0,0.0,0.5,0.5,0.0,0.5,0.5,0.5,0.0,0.5
232,0.0,0.5,0.5,0.0,0.0,0.0,0.5,0.5,0.0,0.0,0.5,0.0,0.0,0.0,0.5,1.0
233,0.0,0.5,0.0,0.5,0.5,0.5,0.0,0.0,0.0,0.5,0.0,0.5,0.5,0.5,0.0,0.5
234,0.0,0.0,0.5,0.0,0.0,0.5,0.5,0.5,0.5,0.5,0.0,0.5,0.0,0.5,0.5,1.0
235,0.0,0.0,0.0,0.5,0.5,0.5,0.0,0.0,0.0,0.5,0.0,0.5,0.0,0.5,0.0,0.5
236,0.0,0.0,0.5,0.0,0.0,0.0,0.5,0.5,0.5,0.0,0.0,0.0,0.0,0.0,0.5,0.5
237,0.5,0.0,0.5,0.0,0.0,0.5,0.5,0.5,0.0,0.0,0.0,0.5,0.5,0.0,0.0,0.5
238,0.5,0.5,0.5,0.0,0.0,0.0,0.5,0.5,1.0,0.5,0.0,0.0,0.0,0.0,0.5,1.0
239,0.0,0.0,0.0,0.5,0.5,0.5,0.5,0.0,0.0,0.5,0.0,0.0,0.0,0.5,0.5,0.5
240,0.0,0.0,0.0,0.5,0.0,0.5,0.5,1.0,0.5,0.0,0.0,0.5,0.5,0.5,0.0,0.5
241,0.5,0.0,0.5,0.0,0.0,0.0,0.5,0.5,0.5,0.5,0.5,0.0,0.0,0.5,0.5,0.5
242,0.0,0.0,0.0,0.0,0.5,0.5,0.5,0.0,0.0,0.0,0.0,1.0,0.0,0.5,0.5,0.5
243,0.0,0.5,0.5,0.0,0.0,0.0,0.5,0.5,1.0,0.5,0.0,0.0,0.5,0.0,0.5,0.5
244,0.5,0.0,0.5,0.0,0.0,0.0,0.0,0.5,0.5,0.5,0.0,0.0,0.0,0.0,0.5,0.5
245,0.5,0.0,0.5,0.0,0.0,0.0,0.5,0.5,0.5,0.5,0.5,0.0,0.0,0.0,0.5,0.5
246,0.0,0.0,0.5,0.0,0.5,0.0,0.5,0.5,0.5,0.0,0.0,0.0,0.0,0.5,1.0,0.5
247,0.0,0.5,0.0,0.5,0.5,0.5,1.0,0.0,0.0,0.0,0.0,1.0,0.5,0.5,0.0,0.0
248,1.0,1.0,1.0,1.0,1.0,1.0,1.0,1.0,1.0,1.0,1.0,1.0,1.0,1.0,1.0,1.0
249,0.5,0.0,0.5,0.0,0.0,0.0,0.5,0.5,1.0,0.0,0.5,0.0,0.0,0.0,0.5,0.5
250,0.0,0.5,0.0,0.5,0.5,0.5,0.0,0.0,0.0,0.0,0.0,0.5,0.5,0.5,0.0,0.0
251,0.0,0.5,0.0,0.5,0.5,0.5,0.0,0.0,0.0,0.0,0.0,0.5,0.5,0.5,0.0,0.0
252,0.5,0.5,0.5,0.0,0.0,0.5,0.5,0.5,0.5,0.0,0.0,0.0,0.0,0.0,0.5,0.5
253,0.0,0.5,0.0,0.5,0.5,0.5,0.0,0.0,0.0,0.0,0.0,0.5,0.5,0.5,0.0,0.5
254,0.5,0.0,0.5,0.0,0.0,0.0,0.5,0.5,0.5,0.5,0.0,0.0,0.0,0.0,0.0,0.5
255,0.5,0.0,0.5,0.0,0.0,0.0,0.5,0.5,0.5,0.5,0.0,0.0,0.0,0.5,0.5,0.5
256,0.0,0.0,0.0,0.5,0.5,0.0,0.0,0.0,0.0,0.0,0.0,0.5,0.0,0.5,0.0,0.0
257,0.0,0.0,0.0,0.5,0.5,0.0,0.0,0.0,0.0,0.0,0.0,0.5,0.0,0.5,1.0,0.5
258,0.0,0.0,0.5,0.0,0.0,0.0,0.5,0.5,0.5,0.0,0.5,0.0,0.0,0.0,0.5,0.5
259,0.5,0.0,0.5,0.0,0.0,0.0,0.5,0.5,0.5,0.0,0.0,0.0,0.0,0.0,0.0,0.5
260,0.5,0.0,0.5,0.0,0.0,0.0,0.5,0.5,0.5,0.5,0.0,0.0,0.0,0.0,0.0,0.5
261,0.5,0.0,0.5,0.0,0.0,1.0,0.5,0.5,0.5,0.0,1.0,1.0,0.0,1.0,1.0,1.0
262,0.5,0.0,0.5,0.0,0.0,0.0,0.5,0.5,0.5,0.5,0.0,0.0,1.0,0.0,0.5,0.5
263,0.5,0.0,0.5,0.0,0.0,0.0,0.5,0.5,0.5,0.0,0.0,0.0,0.0,0.0,0.5,1.0
264,0.5,0.0,0.5,0.0,0.0,0.0,0.5,0.5,0.5,0.0,0.0,0.0,0.0,0.0,0.5,1.0
265,0.5,0.0,0.5,0.0,0.0,0.0,0.5,0.5,0.5,0.5,0.0,0.0,0.0,0.0,0.0,0.5
266,0.0,0.0,0.0,0.5,0.5,0.5,0.0,0.0,0.0,0.5,0.0,0.5,0.0,0.5,0.0,0.5
267,0.5,0.0,0.0,0.0,0.0,0.0,0.5,0.5,0.5,0.5,0.0,0.0,0.0,0.5,0.0,0.5
268,0.5,0.0,0.5,0.0,0.0,0.0,0.5,0.5,0.5,0.0,0.0,0.0,0.0,0.0,0.5,1.0
269,0.5,0.0,0.5,0.0,0.0,0.0,0.5,0.5,0.5,0.0,0.0,0.0,0.0,0.0,0.0,0.5
270,0.5,0.5,0.5,0.0,0.0,0.0,0.5,0.5,0.5,0.0,0.0,0.0,0.0,0.0,0.5,0.5
271,0.0,0.5,0.5,0.0,0.0,0.5,0.5,0.5,0.5,0.0,1.0,0.0,0.0,0.0,0.0,0.5
272,0.5,0.0,0.5,0.0,0.0,0.0,0.5,0.5,0.5,0.5,0.0,0.0,0.0,0.0,0.5,1.0
273,0.0,0.0,0.0,0.5,0.5,0.0,0.5,0.5,0.0,0.5,0.0,0.5,0.5,0.5,1.0,0.5
274,0.5,0.0,0.0,0.5,0.5,0.0,0.5,0.0,0.0,0.5,0.0,0.0,0.0,0.5,0.5,0.5
275,0.0,0.0,0.5,0.0,0.5,0.5,0.0,0.0,0.0,0.0,1.0,0.0,0.5,0.5,0.0,0.0
276,0.0,0.0,0.0,0.5,0.5,0.5,0.0,0.0,0.0,0.0,0.0,0.5,0.5,0.5,0.5,0.0
277,0.0,0.0,0.5,0.5,0.5,0.5,0.5,0.5,0.0,0.5,0.0,0.0,0.0,0.5,0.0,0.5
278,0.0,0.0,0.0,0.5,0.5,0.5,0.0,0.0,0.0,0.0,0.0,0.5,0.5,0.5,0.0,0.5
279,0.0,0.0,0.0,0.5,0.5,0.5,0.0,0.0,0.0,0.5,0.0,0.5,0.5,0.5,0.0,0.0
280,0.0,0.0,0.5,0.0,0.0,0.0,0.5,0.5,0.5,0.5,0.0,0.0,0.0,0.5,0.0,0.5
281,0.5,0.0,0.5,0.5,0.5,0.5,0.5,0.5,0.0,0.0,0.0,0.0,0.0,0.5,0.0,1.0
282,0.5,0.0,0.0,0.5,0.5,0.5,0.0,0.0,0.0,0.5,0.0,1.0,0.5,0.5,0.0,0.0
283,0.0,0.0,0.0,0.5,0.5,0.5,0.0,0.0,0.0,0.0,0.0,0.5,0.5,0.5,0.0,0.5
284,0.0,0.0,0.5,0.0,0.0,0.5,0.5,0.5,0.5,0.5,0.5,0.0,0.0,0.0,1.0,0.5
285,0.0,0.0,0.5,0.0,0.0,0.5,0.5,0.5,0.5,0.5,0.5,0.0,0.0,0.0,0.5,0.5
286,0.0,0.0,0.5,0.0,0.0,0.5,1.0,0.5,1.0,0.5,0.5,0.5,0.0,0.5,0.5,1.0
287,0.5,0.5,0.5,1.0,0.0,0.5,0.5,0.5,0.5,0.0,0.5,0.0,0.5,0.0,1.0,0.5
288,0.5,0.5,0.5,0.0,0.5,0.5,0.0,0.5,0.0,0.5,0.5,0.0,0.5,0.5,0.5,0.5
289,0.5,0.5,0.5,0.0,0.5,0.5,0.0,0.5,0.0,0.5,0.5,0.0,0.5,0.5,0.0,1.0
290,0.5,0.0,0.5,0.0,1.0,0.5,1.0,0.5,0.5,0.5,0.0,0.0,0.5,0.5,0.0,0.5
291,0.5,0.0,0.5,0.0,0.0,0.5,0.5,0.5,0.5,0.5,0.0,1.0,0.0,0.5,0.0,0.5
292,0.5,0.0,0.5,0.0,0.0,0.5,0.5,0.5,0.0,0.5,0.5,0.0,0.5,0.5,0.5,0.5
293,0.5,0.5,0.5,0.0,0.0,0.5,0.5,0.5,0.5,0.5,0.5,0.0,0.5,0.5,0.5,0.5
294,0.0,0.5,0.5,0.0,0.0,0.5,0.5,0.5,0.0,0.5,0.5,0.0,0.5,0.5,0.0,1.0
295,0.0,0.5,0.0,0.5,0.5,0.5,1.0,1.0,0.0,0.5,0.0,0.5,1.0,1.0,1.0,1.0
296,0.0,0.0,0.5,0.5,0.5,0.5,0.0,0.0,0.0,0.5,0.0,0.5,0.5,0.5,0.5,0.5
297,0.5,0.5,0.5,0.0,0.0,0.5,0.5,0.5,0.5,0.5,0.0,0.0,1.0,0.0,0.5,1.0
298,0.0,0.5,0.0,0.0,0.0,0.0,0.5,0.5,0.5,0.5,0.5,0.0,0.0,0.0,0.5,0.5
299,0.0,0.5,0.5,0.0,0.0,0.5,0.5,0.5,0.5,0.5,0.0,0.0,0.5,0.5,0.5,0.5
300,0.0,0.0,0.0,0.5,0.5,0.0,0.5,0.5,0.5,0.5,0.0,0.5,0.5,0.5,0.0,0.5
301,0.0,0.0,1.0,0.0,0.0,0.5,0.5,0.5,0.5,0.0,0.0,0.0,0.0,0.0,0.5,0.5
302,0.0,0.0,0.0,0.5,0.5,0.5,0.5,0.0,0.0,0.5,0.0,0.5,0.5,0.5,0.0,0.5
303,0.0,0.0,0.0,0.5,0.5,0.5,0.0,0.0,0.0,0.0,0.0,0.5,0.5,0.5,0.0,0.0
304,0.0,0.5,0.0,0.5,0.5,0.5,0.0,0.0,0.0,0.5,0.0,0.5,0.5,0.5,0.0,1.0
305,0.0,0.0,0.0,0.5,0.5,0.5,0.0,0.0,0.0,0.5,0.0,0.5,0.5,0.5,0.0,0.0
306,0.0,0.0,0.0,0.5,0.5,0.5,0.0,0.0,0.0,0.0,0.0,0.5,0.5,0.5,0.0,0.0
307,0.5,0.0,0.5,0.0,0.0,0.5,0.5,0.5,0.5,0.0,0.0,0.0,0.0,0.5,0.0,1.0
308,0.0,0.0,0.0,0.5,0.5,0.5,0.0,0.0,0.0,0.5,0.0,0.5,0.5,0.5,0.0,0.0
309,0.5,0.0,0.0,0.0,0.0,0.5,0.5,0.5,0.5,0.5,0.0,0.0,0.0,0.5,0.5,0.5
310,0.0,0.0,0.0,0.5,0.5,0.5,0.0,0.0,0.0,0.5,0.0,0.5,0.5,0.5,0.5,0.0
311,0.0,0.0,0.5,0.0,0.0,0.5,0.5,0.5,0.5,0.5,0.0,0.0,0.5,0.0,0.0,0.5
312,0.5,0.5,0.5,0.0,0.0,0.0,0.5,0.5,0.5,0.5,0.0,0.0,0.0,0.0,0.5,0.5
313,0.0,0.5,0.5,0.5,0.5,0.5,0.0,0.0,0.0,0.5,0.0,0.5,0.5,0.5,0.0,0.5
314,0.0,0.5,0.0,0.5,0.5,0.5,0.5,0.5,0.0,0.0,0.5,0.5,0.5,0.5,0.5,0.5
315,0.0,0.5,0.5,0.5,0.5,0.5,0.5,1.0,0.0,0.0,0.0,0.0,1.0,1.0,0.5,1.0
316,0.0,0.0,0.0,0.0,0.0,0.5,0.0,0.5,0.5,0.0,0.5,0.5,0.5,0.5,0.5,0.0
317,0.5,0.0,0.0,0.0,0.0,0.0,0.5,0.5,0.5,0.5,0.0,0.0,0.0,0.0,0.5,0.5
318,0.0,0.0,0.5,0.0,0.0,0.0,0.5,0.5,0.5,0.0,0.0,0.0,0.0,0.0,0.5,1.0
319,0.5,0.0,0.5,0.0,0.0,0.0,0.5,0.5,0.5,0.0,0.0,0.0,0.0,0.0,0.5,1.0
320,0.0,0.5,0.5,0.0,0.0,0.5,0.0,0.5,0.5,0.5,0.0,0.0,0.5,0.5,0.0,0.5
321,0.5,0.5,0.5,0.0,0.0,0.0,0.5,0.5,0.5,0.5,0.0,0.0,0.5,0.0,0.0,0.5
322,0.5,0.5,0.5,0.0,1.0,0.5,0.0,1.0,0.0,0.0,0.5,0.0,0.5,0.5,0.0,1.0
323,0.5,0.5,0.5,0.0,0.5,0.5,0.0,0.5,1.0,0.5,0.0,0.0,0.5,0.5,0.0,1.0
324,0.0,0.5,0.0,0.5,0.5,0.5,0.0,0.0,0.0,0.0,0.5,0.5,0.5,0.5,0.0,0.0
325,0.0,0.5,0.0,0.0,0.5,0.5,0.0,0.0,1.0,0.0,0.0,0.5,0.5,0.5,0.0,0.5
326,0.5,0.5,0.0,0.5,0.0,0.0,0.5,0.5,0.5,0.0,0.5,0.0,0.0,0.5,0.0,0.5
327,0.0,0.5,0.0,0.5,0.5,0.5,0.0,0.0,0.0,0.0,0.0,0.5,0.5,0.5,0.0,0.5
328,0.5,0.5,0.5,0.0,0.0,0.0,0.5,0.5,0.5,0.0,0.5,0.0,0.0,0.0,0.0,0.5
329,0.5,1.0,0.5,0.0,0.0,0.5,0.5,0.5,0.5,0.5,0.0,0.0,0.0,0.0,0.5,1.0
330,0.0,0.5,0.0,0.5,0.5,0.5,0.0,0.0,0.0,0.5,0.0,0.5,0.5,0.5,0.0,0.0
331,0.5,1.0,0.5,0.0,0.0,0.0,0.5,0.5,0.5,0.0,0.0,0.0,0.0,0.0,0.5,1.0
332,0.5,0.0,0.5,0.0,0.0,0.0,0.5,0.5,0.5,0.0,0.5,0.0,0.0,0.0,0.5,1.0
333,0.0,0.0,0.5,0.0,0.0,0.0,0.5,0.5,0.5,0.0,0.0,0.0,0.0,0.0,0.5,0.5
334,0.0,0.5,0.5,0.0,0.0,0.5,0.5,0.5,1.0,0.0,0.5,0.5,0.0,0.0,0.5,0.5
335,0.0,0.0,0.0,0.5,0.5,0.5,0.0,0.0,0.0,0.5,0.5,0.5,0.5,0.5,0.0,1.0
336,0.0,0.0,0.5,0.0,0.0,0.5,0.5,0.5,0.0,0.0,0.5,0.0,0.0,0.5,1.0,0.5
337,0.5,0.0,0.5,0.0,0.0,0.0,0.5,0.5,0.5,0.0,0.0,0.0,0.0,0.0,0.5,0.5
338,0.5,0.0,0.5,0.0,0.0,0.0,0.5,0.5,0.5,0.5,0.0,0.0,0.0,0.5,0.5,0.5
339,0.5,0.0,0.0,0.5,0.5,0.5,0.0,0.0,0.0,0.0,0.5,0.5,0.5,0.5,0.0,0.0
340,0.0,0.0,0.0,0.5,0.5,0.5,0.0,0.0,0.0,0.5,0.5,0.5,0.0,0.5,0.0,0.5
341,0.0,1.0,0.5,1.0,0.0,0.5,0.5,0.5,0.5,0.5,0.5,0.0,1.0,1.0,0.5,0.5
342,0.0,0.5,0.5,0.0,0.5,1.0,0.5,0.0,0.0,0.5,0.5,0.0,0.5,0.0,0.5,0.5
343,0.0,0.0,0.0,0.5,0.5,0.0,0.5,0.0,0.5,0.5,0.0,0.0,0.0,0.5,0.0,0.5
344,0.0,0.0,0.5,0.0,0.0,0.0,0.5,0.5,0.5,0.5,0.5,0.0,0.0,0.0,0.5,0.5
345,0.0,0.0,0.0,0.5,0.5,0.5,0.5,0.0,0.0,0.5,0.0,0.5,0.0,0.5,0.5,0.5
346,0.0,0.0,0.0,0.5,0.5,0.5,0.0,0.0,0.0,0.5,0.0,0.5,0.5,0.5,0.0,0.5
347,0.5,0.0,0.0,0.5,0.5,0.5,0.0,0.0,0.0,0.5,0.0,0.5,0.5,0.5,0.0,0.0
348,0.5,0.0,0.5,0.0,0.0,0.0,0.5,0.5,0.5,0.5,0.0,0.5,0.0,0.0,0.5,1.0
349,0.0,0.5,0.5,0.5,0.5,0.5,0.5,0.5,0.5,0.0,0.0,0.5,0.5,0.5,0.0,0.5
350,0.0,0.5,0.0,0.0,0.0,0.5,0.5,0.0,0.5,0.0,0.5,0.0,0.0,0.0,0.5,0.5
351,0.0,0.0,0.5,0.5,0.5,0.5,0.5,0.5,0.5,0.5,0.0,0.5,0.5,0.5,0.5,0.5
352,0.0,0.5,0.0,0.5,0.0,0.5,0.5,0.5,0.5,0.0,0.5,0.0,0.5,0.0,0.5,1.0
353,0.0,0.0,0.5,0.5,0.5,0.5,0.5,0.0,0.0,0.5,0.5,0.5,0.5,0.5,0.0,0.5
354,0.0,0.5,0.5,0.0,0.0,0.5,0.5,0.5,0.5,0.5,0.0,1.0,0.0,0.0,0.5,0.5
355,0.5,0.0,0.5,0.5,0.0,0.0,0.0,0.5,0.5,0.5,0.0,0.0,0.0,0.5,0.5,0.5
356,0.0,0.0,0.0,0.5,0.5,0.5,0.0,0.0,0.0,0.0,0.0,0.5,0.5,0.5,0.0,0.0
357,0.0,0.0,0.0,0.5,0.5,0.5,0.0,0.0,0.0,0.0,0.0,0.5,0.5,0.5,0.0,0.0
358,0.5,0.5,0.5,0.0,0.0,0.5,0.5,0.5,0.5,0.5,0.5,0.5,0.5,0.5,0.0,1.0
359,0.0,0.0,0.0,0.5,0.5,0.5,0.0,0.0,0.0,0.5,1.0,0.5,0.5,0.5,0.0,0.5
360,0.5,0.0,0.5,0.0,0.0,0.5,0.5,0.5,0.5,0.5,0.0,0.0,0.5,0.0,0.0,0.5
361,0.5,0.0,0.5,0.0,0.5,0.5,0.5,0.0,0.5,0.5,0.0,0.0,0.5,0.5,0.0,1.0
362,0.5,0.5,0.5,0.0,0.0,0.5,0.5,0.5,0.5,0.5,0.5,0.5,0.5,0.0,0.0,0.5
363,0.5,0.5,0.0,0.5,0.5,0.5,0.0,0.0,0.0,0.5,0.5,0.0,0.5,0.0,0.0,0.0
364,0.5,0.5,0.0,0.5,0.5,0.5,0.0,0.0,0.0,0.0,0.5,0.0,0.5,0.5,0.0,0.5
365,0.0,0.5,0.0,0.0,0.5,0.5,0.0,0.0,0.0,0.5,0.5,0.0,0.5,0.5,0.0,0.0
366,0.5,0.0,0.5,0.0,0.0,0.0,0.5,0.5,0.0,0.5,0.5,0.0,0.0,0.0,0.0,1.0
367,0.5,0.5,0.5,0.0,0.5,0.5,0.5,0.5,0.0,0.5,0.5,0.0,0.0,0.0,0.5,1.0
368,0.0,0.5,0.5,0.0,0.0,0.5,0.5,0.5,0.0,0.5,0.0,0.0,0.0,0.0,0.5,0.5
369,0.0,0.5,0.0,0.5,0.5,0.5,0.0,0.0,0.0,0.0,0.0,0.0,0.5,0.5,0.0,0.5
370,0.5,0.5,0.5,0.0,1.0,0.5,0.5,0.5,0.0,0.5,1.0,1.0,0.0,0.0,0.5,0.5
371,0.5,0.5,0.5,0.0,1.0,0.0,0.5,0.5,0.5,0.5,0.0,0.0,0.0,0.0,0.5,1.0
372,0.0,0.5,0.5,0.5,0.5,0.5,0.0,0.0,0.0,0.0,0.5,0.5,1.0,0.5,0.0,0.0
373,0.0,0.5,0.5,1.0,0.5,0.5,0.0,0.5,0.0,0.5,1.0,0.0,0.5,0.5,1.0,0.5
374,0.0,0.5,0.0,0.5,0.5,0.5,0.0,0.0,0.0,0.0,0.0,0.5,0.5,0.5,0.0,0.5
375,0.0,0.5,0.0,0.5,0.5,0.5,0.0,0.0,0.0,0.0,0.5,0.5,0.0,0.5,0.0,0.0
376,0.5,1.0,0.5,0.0,0.0,0.0,0.5,0.5,0.5,0.0,0.5,0.0,0.0,0.0,0.5,0.5
377,0.0,0.5,0.0,0.5,0.5,0.5,1.0,1.0,0.0,0.0,1.0,1.0,0.5,1.0,1.0,1.0
378,0.0,0.0,0.0,0.5,0.5,0.5,0.0,0.0,0.0,0.0,0.0,0.5,0.5,0.5,0.0,0.5
379,0.0,0.0,0.0,0.5,0.5,0.5,0.0,0.0,0.0,0.0,0.0,0.5,0.5,0.5,0.0,0.5
380,0.5,0.5,0.5,0.0,0.0,0.5,1.0,0.5,0.5,0.0,0.5,0.0,0.5,0.0,0.5,0.5
381,0.5,0.5,0.5,0.0,0.5,0.5,0.5,0.5,0.5,0.5,0.5,0.0,0.5,0.5,0.0,1.0
382,0.5,0.5,0.0,0.5,0.5,0.5,0.0,0.0,0.0,0.0,0.5,0.0,0.5,0.5,0.0,1.0
383,0.5,0.5,0.5,0.0,0.5,0.5,0.0,0.5,0.5,0.5,0.5,0.0,0.0,0.0,0.0,0.5
384,0.5,0.5,0.5,0.5,0.5,0.5,0.0,0.0,0.0,0.0,0.5,0.5,0.5,0.5,0.0,0.5
385,0.5,0.5,0.0,0.0,0.5,0.5,0.0,0.0,0.0,0.0,0.5,0.5,0.5,0.5,0.5,0.0
386,0.0,1.0,0.5,0.0,0.5,0.5,0.0,0.5,0.0,0.0,0.5,0.0,0.0,0.0,0.0,1.0
387,0.5,0.5,0.5,0.0,0.5,0.5,0.0,0.5,0.5,0.0,0.5,0.0,0.0,0.5,0.0,1.0
388,0.0,0.5,0.5,0.5,0.5,0.5,0.0,0.0,0.0,0.0,0.0,0.5,0.5,0.5,0.0,1.0
389,0.5,0.0,0.5,0.0,0.0,0.0,0.5,0.5,0.5,1.0,0.5,0.0,0.0,0.0,0.5,1.0
390,1.0,1.0,0.0,0.0,1.0,0.5,1.0,0.0,0.0,0.0,0.5,0.5,0.0,0.5,0.0,1.0
391,0.5,0.5,0.0,0.0,0.0,0.0,0.0,0.5,0.5,0.0,0.5,0.0,0.0,0.0,0.5,0.0
392,0.5,0.5,0.0,0.5,0.5,0.5,0.0,0.0,0.0,0.0,0.5,0.5,0.5,0.5,0.0,0.5
393,1.0,1.0,1.0,1.0,0.0,0.5,0.0,0.5,0.5,0.0,0.0,0.5,0.5,0.0,0.0,1.0
394,0.5,0.5,1.0,1.0,1.0,0.5,0.0,0.0,0.0,0.0,0.5,0.0,0.5,0.0,0.0,0.5
395,0.5,0.5,0.5,1.0,0.0,0.0,0.0,0.5,0.0,0.0,0.5,1.0,0.0,0.0,0.5,0.5
396,0.5,0.5,0.5,0.0,0.5,0.5,0.0,0.5,0.0,0.0,0.5,0.0,0.5,0.0,0.5,0.5
397,0.5,0.5,0.0,0.0,0.5,1.0,0.0,0.0,0.0,0.0,0.5,0.0,0.5,0.5,0.0,0.5
398,0.0,0.5,0.5,0.0,0.5,0.5,0.0,0.5,0.0,0.0,0.0,0.0,0.0,0.0,0.0,0.5
399,0.0,0.5,0.0,0.5,1.0,0.5,0.0,0.0,0.0,0.5,0.0,0.5,0.5,0.5,0.0,0.0
400,0.0,0.5,0.0,0.5,0.5,0.5,0.0,1.0,0.0,0.0,1.0,1.0,1.0,0.5,0.0,1.0
401,0.0,0.5,0.0,0.5,0.5,0.5,0.0,0.0,0.0,0.5,0.5,0.5,0.5,0.5,0.0,0.0
402,1.0,0.0,0.5,0.5,0.0,0.5,0.5,0.5,0.5,0.5,0.0,0.5,0.0,0.5,0.0,0.5
403,0.0,0.5,0.0,0.5,0.5,0.5,0.0,0.0,0.0,0.5,0.0,0.5,1.0,0.5,0.0,0.0
404,0.5,0.5,0.0,0.5,0.5,0.5,0.0,0.0,0.0,0.5,0.0,0.5,0.5,0.5,0.0,0.5
405,0.0,0.0,0.0,0.5,0.5,0.5,0.0,0.0,0.0,0.0,0.0,0.5,0.5,0.5,0.0,0.5
406,0.5,0.0,0.5,0.0,0.5,0.5,0.0,0.0,0.5,0.5,0.0,0.0,0.5,0.5,0.0,0.5
407,0.0,0.0,0.0,0.5,0.5,0.5,0.0,0.0,0.0,0.0,0.5,0.5,0.5,0.5,0.0,0.0
408,0.5,0.0,0.5,0.0,0.0,0.5,0.5,0.5,0.5,0.0,0.0,0.5,1.0,0.5,0.5,0.5
409,0.0,0.0,0.0,0.5,0.5,0.5,0.0,0.0,0.0,0.0,0.0,0.5,0.5,0.5,0.0,0.0
410,0.0,0.0,0.0,0.5,0.5,0.5,0.0,0.0,0.0,0.0,0.5,0.5,0.5,0.5,0.0,0.5
411,0.5,0.0,0.5,0.0,0.0,0.5,0.5,0.5,0.5,0.5,0.5,0.0,0.0,0.0,0.0,0.5
412,0.0,0.0,0.0,0.5,0.5,0.5,0.0,0.0,0.0,0.5,0.0,0.5,0.5,0.5,0.0,0.5
413,0.5,0.5,0.5,0.5,0.5,0.5,0.5,0.5,0.0,0.5,1.0,1.0,1.0,0.5,0.0,0.5
414,0.5,0.5,0.5,0.0,0.0,0.0,0.5,0.5,0.5,0.0,0.0,0.0,0.0,0.0,0.0,0.5
415,0.0,0.5,0.5,0.0,0.0,0.5,0.5,0.5,1.0,0.5,0.0,0.0,0.0,0.0,0.0,0.5
416,0.5,0.5,0.0,0.5,0.5,0.5,0.0,0.0,0.0,0.5,0.0,0.0,0.5,0.5,0.0,0.5
417,0.5,0.5,0.5,0.0,0.0,0.0,0.5,0.5,0.5,0.5,0.5,0.0,0.5,0.0,0.0,0.5
418,0.5,0.5,0.5,0.0,0.0,0.0,0.5,0.5,0.0,0.5,0.0,0.0,0.0,0.0,0.0,0.5
419,0.5,0.5,0.5,0.0,0.0,0.0,0.5,0.5,0.5,0.0,0.0,0.0,0.0,0.0,0.0,0.5
420,0.5,0.5,0.5,0.5,0.5,0.5,0.5,0.5,0.0,0.5,0.0,0.0,0.5,0.5,0.0,0.5
421,0.0,0.5,0.5,0.0,0.5,0.5,0.5,0.5,0.0,0.0,0.5,0.0,0.5,0.0,0.5,0.5
422,0.0,0.0,0.5,0.0,0.0,0.5,0.5,0.5,0.5,0.0,0.5,0.0,0.0,0.0,0.5,0.5
423,0.0,0.5,0.5,0.0,0.0,0.5,0.5,0.5,0.5,0.0,0.5,0.0,0.0,0.5,0.5,0.5
424,0.0,0.5,0.5,0.0,0.0,1.0,0.5,0.5,0.5,0.5,0.5,0.0,1.0,0.5,0.5,0.5
425,0.0,0.0,0.5,0.0,0.0,0.0,0.5,0.5,0.0,0.5,0.5,0.0,0.0,0.0,0.5,1.0
426,0.5,0.0,0.5,0.0,0.0,0.0,0.5,0.5,0.5,0.5,0.0,0.0,0.0,0.0,0.5,0.5
427,0.0,0.0,0.0,0.5,0.5,0.5,0.5,0.5,0.0,0.5,0.0,0.5,0.5,0.5,0.0,0.5
428,1.0,1.0,1.0,0.0,0.0,0.0,0.5,0.5,0.5,0.5,0.0,0.0,0.5,0.0,0.5,0.5
429,0.5,0.0,0.5,0.0,1.0,0.0,0.5,0.5,0.5,0.5,0.0,0.5,0.0,1.0,0.5,0.5
430,0.0,0.0,0.5,0.5,0.5,0.5,0.0,0.0,0.5,0.5,0.0,0.5,0.5,0.5,0.0,0.5
431,0.0,0.0,0.5,0.0,0.0,0.0,0.5,0.5,0.5,0.5,0.0,0.0,0.0,0.0,0.0,0.5
432,0.0,1.0,0.0,0.5,0.5,0.5,0.0,0.0,0.0,0.0,0.5,0.5,0.5,0.5,0.0,0.5
433,0.0,0.0,0.0,0.5,0.5,0.5,1.0,1.0,1.0,1.0,0.0,0.5,0.5,0.5,0.0,0.5
434,0.0,0.5,0.0,0.5,0.5,0.5,0.0,0.0,0.0,0.5,0.0,0.5,0.5,0.5,1.0,0.0
