,f1,f2,f3,f4
0,0.6666666666666666,0.5555555555555556,0.6666666666666667,0.6666666666666667
1,0.5555555555555556,0.4444444444444444,0.49999999999999994,0.49999999999999994
2,0.5555555555555556,0.3333333333333333,0.3333333333333333,0.49999999999999994
3,0.6666666666666666,0.5555555555555556,0.6666666666666667,0.8333333333333333
4,0.4444444444444444,0.3333333333333333,0.16666666666666669,0.49999999999999994
5,1.0,0.6666666666666666,0.6666666666666667,0.6666666666666667
6,0.5555555555555556,0.5555555555555556,0.49999999999999994,0.49999999999999994
7,0.5555555555555556,0.3333333333333333,0.0,0.0
8,0.5555555555555556,0.5555555555555556,0.49999999999999994,0.49999999999999994
9,0.5555555555555556,0.4444444444444444,0.6666666666666667,0.6666666666666667
10,0.6666666666666666,0.5555555555555556,0.8333333333333333,0.6666666666666667
11,0.8888888888888888,0.5555555555555556,0.6666666666666667,0.6666666666666667
12,0.4444444444444444,0.3333333333333333,0.3333333333333333,0.3333333333333333
13,0.6666666666666666,0.6666666666666666,0.49999999999999994,0.49999999999999994
14,0.4444444444444444,0.4444444444444444,0.49999999999999994,0.8333333333333333
15,0.6666666666666666,0.3333333333333333,0.49999999999999994,0.49999999999999994
16,0.6666666666666666,0.6666666666666666,0.3333333333333333,0.49999999999999994
17,0.6666666666666666,0.5555555555555556,0.49999999999999994,0.6666666666666667
18,0.4444444444444444,0.4444444444444444,0.3333333333333333,0.49999999999999994
19,0.6666666666666666,0.6666666666666666,0.6666666666666667,0.8333333333333333
20,0.8888888888888888,0.7777777777777777,0.8333333333333333,0.49999999999999994
21,0.2222222222222222,0.1111111111111111,0.0,0.3333333333333333
22,0.4444444444444444,0.5555555555555556,0.6666666666666667,0.49999999999999994
23,0.7777777777777777,0.6666666666666666,0.49999999999999994,0.6666666666666667
24,0.6666666666666666,0.5555555555555556,0.6666666666666667,0.8333333333333333
25,1.0,0.8888888888888888,0.6666666666666667,0.6666666666666667
26,0.1111111111111111,0.2222222222222222,0.16666666666666669,0.49999999999999994
27,0.6666666666666666,0.6666666666666666,0.6666666666666667,0.6666666666666667
28,0.5555555555555556,0.5555555555555556,0.6666666666666667,0.8333333333333333
29,0.7777777777777777,0.6666666666666666,0.6666666666666667,0.6666666666666667
30,0.6666666666666666,0.5555555555555556,0.6666666666666667,0.8333333333333333
31,0.4444444444444444,0.3333333333333333,0.49999999999999994,0.6666666666666667
32,0.3333333333333333,0.3333333333333333,0.49999999999999994,0.3333333333333333
33,0.5555555555555556,0.4444444444444444,0.3333333333333333,0.49999999999999994
34,0.7777777777777777,0.8888888888888888,0.6666666666666667,0.49999999999999994
35,0.4444444444444444,0.4444444444444444,0.3333333333333333,0.6666666666666667
36,0.5555555555555556,0.5555555555555556,0.49999999999999994,0.49999999999999994
37,0.6666666666666666,0.7777777777777777,0.6666666666666667,0.6666666666666667
38,0.4444444444444444,0.3333333333333333,0.49999999999999994,0.49999999999999994
39,0.5555555555555556,0.4444444444444444,0.3333333333333333,0.49999999999999994
40,0.5555555555555556,0.5555555555555556,0.49999999999999994,0.6666666666666667
41,0.4444444444444444,0.4444444444444444,0.3333333333333333,0.49999999999999994
42,0.5555555555555556,0.6666666666666666,0.49999999999999994,0.49999999999999994
43,0.6666666666666666,0.6666666666666666,0.6666666666666667,0.8333333333333333
44,0.7777777777777777,0.6666666666666666,0.8333333333333333,0.6666666666666667
45,0.2222222222222222,0.1111111111111111,0.3333333333333333,0.49999999999999994
46,0.6666666666666666,0.4444444444444444,0.49999999999999994,0.6666666666666667
47,0.2222222222222222,0.2222222222222222,0.0,0.49999999999999994
48,0.4444444444444444,0.4444444444444444,0.49999999999999994,0.49999999999999994
49,0.5555555555555556,0.5555555555555556,0.6666666666666667,0.6666666666666667
50,0.6666666666666666,0.5555555555555556,0.49999999999999994,0.49999999999999994
51,0.5555555555555556,0.7777777777777777,0.6666666666666667,0.49999999999999994
52,0.8888888888888888,0.7777777777777777,0.8333333333333333,0.6666666666666667
53,0.6666666666666666,0.6666666666666666,0.6666666666666667,0.6666666666666667
54,0.6666666666666666,0.6666666666666666,0.8333333333333333,0.6666666666666667
55,0.7777777777777777,0.6666666666666666,0.49999999999999994,0.49999999999999994
56,0.4444444444444444,0.4444444444444444,0.49999999999999994,0.6666666666666667
57,0.8888888888888888,1.0,0.49999999999999994,0.6666666666666667
58,0.4444444444444444,0.6666666666666666,0.6666666666666667,0.6666666666666667
59,0.6666666666666666,0.5555555555555556,0.8333333333333333,0.49999999999999994
60,0.4444444444444444,0.3333333333333333,0.3333333333333333,0.6666666666666667
61,0.6666666666666666,0.6666666666666666,0.6666666666666667,0.6666666666666667
62,0.6666666666666666,0.4444444444444444,0.6666666666666667,0.6666666666666667
63,0.7777777777777777,0.6666666666666666,0.6666666666666667,0.8333333333333333
64,0.6666666666666666,0.5555555555555556,0.3333333333333333,0.49999999999999994
65,0.7777777777777777,0.8888888888888888,0.6666666666666667,0.8333333333333333
66,0.7777777777777777,0.7777777777777777,0.6666666666666667,0.6666666666666667
67,0.7777777777777777,0.7777777777777777,0.6666666666666667,0.49999999999999994
68,0.6666666666666666,0.6666666666666666,0.6666666666666667,0.49999999999999994
69,0.7777777777777777,0.5555555555555556,0.8333333333333333,0.6666666666666667
70,0.6666666666666666,0.7777777777777777,0.6666666666666667,0.49999999999999994
71,0.5555555555555556,0.4444444444444444,0.3333333333333333,0.6666666666666667
72,0.6666666666666666,0.6666666666666666,0.49999999999999994,0.8333333333333333
73,0.6666666666666666,0.7777777777777777,0.6666666666666667,0.6666666666666667
74,0.6666666666666666,0.5555555555555556,0.49999999999999994,0.49999999999999994
75,0.3333333333333333,0.4444444444444444,0.49999999999999994,0.6666666666666667
76,0.6666666666666666,0.6666666666666666,0.49999999999999994,0.6666666666666667
77,0.5555555555555556,0.4444444444444444,0.6666666666666667,0.49999999999999994
78,0.4444444444444444,0.3333333333333333,0.6666666666666667,0.49999999999999994
79,0.5555555555555556,0.5555555555555556,0.6666666666666667,0.49999999999999994
80,0.7777777777777777,0.6666666666666666,0.6666666666666667,0.8333333333333333
81,0.6666666666666666,0.5555555555555556,0.6666666666666667,0.6666666666666667
82,0.7777777777777777,0.6666666666666666,0.6666666666666667,0.8333333333333333
83,0.6666666666666666,0.7777777777777777,0.8333333333333333,0.6666666666666667
84,0.6666666666666666,0.7777777777777777,0.8333333333333333,0.6666666666666667
85,0.8888888888888888,0.8888888888888888,0.6666666666666667,0.8333333333333333
86,0.4444444444444444,0.5555555555555556,0.16666666666666669,0.3333333333333333
87,0.6666666666666666,0.7777777777777777,0.49999999999999994,0.3333333333333333
88,0.8888888888888888,0.8888888888888888,0.49999999999999994,0.6666666666666667
89,0.8888888888888888,0.7777777777777777,1.0,0.8333333333333333
90,0.5555555555555556,0.5555555555555556,0.6666666666666667,0.6666666666666667
91,0.6666666666666666,0.6666666666666666,0.6666666666666667,0.6666666666666667
92,0.6666666666666666,0.4444444444444444,0.49999999999999994,0.6666666666666667
93,0.7777777777777777,0.6666666666666666,0.6666666666666667,0.6666666666666667
94,0.6666666666666666,0.6666666666666666,0.49999999999999994,0.49999999999999994
95,0.8888888888888888,0.7777777777777777,0.8333333333333333,0.6666666666666667
96,0.3333333333333333,0.3333333333333333,0.3333333333333333,0.49999999999999994
97,0.7777777777777777,0.5555555555555556,0.49999999999999994,0.6666666666666667
98,0.6666666666666666,0.6666666666666666,0.16666666666666669,0.49999999999999994
99,0.5555555555555556,0.8888888888888888,0.6666666666666667,0.6666666666666667
100,0.5555555555555556,0.3333333333333333,0.6666666666666667,0.8333333333333333
101,0.7777777777777777,0.6666666666666666,0.8333333333333333,0.6666666666666667
102,0.6666666666666666,0.5555555555555556,0.49999999999999994,0.49999999999999994
103,0.3333333333333333,0.2222222222222222,0.0,0.6666666666666667
104,0.7777777777777777,0.6666666666666666,0.49999999999999994,0.6666666666666667
105,0.8888888888888888,0.6666666666666666,0.8333333333333333,0.8333333333333333
106,0.4444444444444444,0.3333333333333333,0.3333333333333333,0.3333333333333333
107,0.7777777777777777,0.7777777777777777,0.8333333333333333,0.8333333333333333
108,0.7777777777777777,0.7777777777777777,0.8333333333333333,0.8333333333333333
109,1.0,0.8888888888888888,0.6666666666666667,0.49999999999999994
110,0.6666666666666666,0.4444444444444444,0.6666666666666667,0.6666666666666667
111,0.7777777777777777,0.7777777777777777,0.8333333333333333,0.8333333333333333
112,0.4444444444444444,0.5555555555555556,0.3333333333333333,0.49999999999999994
113,0.6666666666666666,0.6666666666666666,0.6666666666666667,0.6666666666666667
114,0.6666666666666666,0.6666666666666666,0.49999999999999994,0.49999999999999994
115,0.6666666666666666,0.5555555555555556,0.8333333333333333,0.6666666666666667
116,0.7777777777777777,0.6666666666666666,0.6666666666666667,0.6666666666666667
117,0.7777777777777777,0.7777777777777777,0.6666666666666667,0.49999999999999994
118,0.5555555555555556,0.5555555555555556,0.6666666666666667,0.6666666666666667
119,0.7777777777777777,0.6666666666666666,0.6666666666666667,0.49999999999999994
120,0.7777777777777777,0.7777777777777777,0.8333333333333333,0.6666666666666667
121,0.5555555555555556,0.4444444444444444,0.49999999999999994,0.6666666666666667
122,0.5555555555555556,0.4444444444444444,0.16666666666666669,0.0
123,0.5555555555555556,0.5555555555555556,0.49999999999999994,0.6666666666666667
124,0.6666666666666666,0.5555555555555556,0.49999999999999994,0.6666666666666667
125,0.4444444444444444,0.3333333333333333,0.16666666666666669,0.3333333333333333
126,0.4444444444444444,0.3333333333333333,0.49999999999999994,0.6666666666666667
127,0.6666666666666666,0.5555555555555556,0.6666666666666667,0.6666666666666667
128,0.4444444444444444,0.2222222222222222,0.16666666666666669,0.3333333333333333
129,0.6666666666666666,0.5555555555555556,0.6666666666666667,0.49999999999999994
130,0.6666666666666666,0.5555555555555556,0.6666666666666667,0.6666666666666667
131,0.6666666666666666,0.7777777777777777,0.8333333333333333,0.8333333333333333
132,0.2222222222222222,0.3333333333333333,0.49999999999999994,0.3333333333333333
133,0.4444444444444444,0.6666666666666666,0.3333333333333333,0.49999999999999994
134,0.6666666666666666,0.6666666666666666,0.8333333333333333,0.6666666666666667
135,0.3333333333333333,0.3333333333333333,0.3333333333333333,0.3333333333333333
136,0.4444444444444444,0.6666666666666666,0.49999999999999994,0.3333333333333333
137,0.5555555555555556,0.3333333333333333,0.49999999999999994,0.8333333333333333
138,0.6666666666666666,0.4444444444444444,0.49999999999999994,0.6666666666666667
139,0.3333333333333333,0.3333333333333333,0.3333333333333333,0.49999999999999994
140,0.2222222222222222,0.2222222222222222,0.3333333333333333,0.6666666666666667
141,0.8888888888888888,0.8888888888888888,0.8333333333333333,0.6666666666666667
142,0.8888888888888888,0.8888888888888888,0.8333333333333333,0.6666666666666667
143,0.6666666666666666,0.6666666666666666,0.6666666666666667,0.6666666666666667
144,0.7777777777777777,0.7777777777777777,0.6666666666666667,0.6666666666666667
145,0.6666666666666666,0.6666666666666666,0.6666666666666667,0.6666666666666667
146,0.7777777777777777,0.5555555555555556,0.49999999999999994,0.49999999999999994
147,0.5555555555555556,0.5555555555555556,0.3333333333333333,0.3333333333333333
148,0.5555555555555556,0.5555555555555556,0.6666666666666667,0.8333333333333333
149,0.6666666666666666,0.6666666666666666,0.49999999999999994,0.49999999999999994
150,0.5555555555555556,0.6666666666666666,0.3333333333333333,0.49999999999999994
151,0.3333333333333333,0.3333333333333333,0.16666666666666669,0.49999999999999994
152,0.3333333333333333,0.3333333333333333,0.3333333333333333,0.49999999999999994
153,0.4444444444444444,0.3333333333333333,0.3333333333333333,0.49999999999999994
154,0.6666666666666666,0.5555555555555556,0.49999999999999994,0.49999999999999994
155,0.6666666666666666,0.5555555555555556,0.49999999999999994,0.6666666666666667
156,0.4444444444444444,0.4444444444444444,0.49999999999999994,0.6666666666666667
157,0.6666666666666666,0.5555555555555556,0.6666666666666667,0.6666666666666667
158,0.6666666666666666,0.6666666666666666,0.6666666666666667,0.6666666666666667
159,0.5555555555555556,0.4444444444444444,0.49999999999999994,0.49999999999999994
160,0.5555555555555556,0.6666666666666666,0.6666666666666667,0.6666666666666667
161,0.6666666666666666,0.6666666666666666,0.6666666666666667,0.8333333333333333
162,0.5555555555555556,0.5555555555555556,0.3333333333333333,0.3333333333333333
163,0.6666666666666666,0.6666666666666666,0.8333333333333333,0.6666666666666667
164,0.6666666666666666,0.7777777777777777,0.6666666666666667,0.6666666666666667
165,0.5555555555555556,0.3333333333333333,0.49999999999999994,0.6666666666666667
166,0.4444444444444444,0.4444444444444444,0.6666666666666667,0.6666666666666667
167,0.8888888888888888,0.8888888888888888,0.6666666666666667,0.6666666666666667
168,0.7777777777777777,1.0,0.6666666666666667,0.49999999999999994
169,0.4444444444444444,0.5555555555555556,0.49999999999999994,0.49999999999999994
170,0.5555555555555556,0.4444444444444444,0.6666666666666667,0.6666666666666667
171,0.4444444444444444,0.3333333333333333,0.49999999999999994,0.49999999999999994
172,0.6666666666666666,0.4444444444444444,0.6666666666666667,0.6666666666666667
173,0.6666666666666666,0.5555555555555556,0.6666666666666667,0.6666666666666667
174,0.6666666666666666,0.5555555555555556,0.3333333333333333,0.49999999999999994
175,0.5555555555555556,0.3333333333333333,0.6666666666666667,0.6666666666666667
176,0.6666666666666666,0.5555555555555556,0.6666666666666667,0.8333333333333333
177,0.4444444444444444,0.5555555555555556,0.49999999999999994,0.3333333333333333
178,0.6666666666666666,0.5555555555555556,0.6666666666666667,0.6666666666666667
179,0.8888888888888888,0.8888888888888888,0.8333333333333333,0.8333333333333333
180,0.5555555555555556,0.6666666666666666,0.49999999999999994,0.49999999999999994
181,0.8888888888888888,0.7777777777777777,1.0,0.8333333333333333
182,0.6666666666666666,0.6666666666666666,0.6666666666666667,0.6666666666666667
183,0.7777777777777777,0.5555555555555556,0.6666666666666667,0.8333333333333333
184,0.5555555555555556,0.4444444444444444,0.49999999999999994,0.49999999999999994
185,0.6666666666666666,0.5555555555555556,0.49999999999999994,0.6666666666666667
186,0.5555555555555556,0.5555555555555556,0.49999999999999994,0.49999999999999994
187,0.3333333333333333,0.1111111111111111,0.3333333333333333,0.3333333333333333
188,0.6666666666666666,0.7777777777777777,0.8333333333333333,0.6666666666666667
189,0.3333333333333333,0.4444444444444444,0.3333333333333333,0.49999999999999994
190,0.4444444444444444,0.4444444444444444,0.49999999999999994,0.6666666666666667
191,0.5555555555555556,0.3333333333333333,0.49999999999999994,0.6666666666666667
192,0.8888888888888888,0.8888888888888888,0.6666666666666667,0.3333333333333333
193,0.6666666666666666,0.5555555555555556,0.49999999999999994,0.49999999999999994
194,0.5555555555555556,0.4444444444444444,0.6666666666666667,0.49999999999999994
195,0.8888888888888888,0.5555555555555556,0.8333333333333333,0.8333333333333333
196,0.8888888888888888,0.7777777777777777,0.8333333333333333,0.8333333333333333
197,0.4444444444444444,0.2222222222222222,0.16666666666666669,0.3333333333333333
198,0.5555555555555556,0.5555555555555556,0.49999999999999994,0.49999999999999994
199,0.2222222222222222,0.2222222222222222,0.0,0.3333333333333333
200,0.5555555555555556,0.3333333333333333,0.6666666666666667,0.6666666666666667
201,0.3333333333333333,0.3333333333333333,0.16666666666666669,0.49999999999999994
202,0.4444444444444444,0.4444444444444444,0.16666666666666669,0.16666666666666669
203,0.8888888888888888,0.6666666666666666,0.8333333333333333,0.6666666666666667
204,0.7777777777777777,0.6666666666666666,0.8333333333333333,0.6666666666666667
205,0.7777777777777777,0.5555555555555556,0.49999999999999994,0.6666666666666667
206,0.6666666666666666,0.4444444444444444,0.6666666666666667,0.6666666666666667
207,0.6666666666666666,0.4444444444444444,0.16666666666666669,0.49999999999999994
208,0.8888888888888888,0.5555555555555556,0.8333333333333333,0.6666666666666667
209,1.0,0.6666666666666666,0.8333333333333333,1.0
210,0.6666666666666666,0.7777777777777777,0.8333333333333333,0.6666666666666667
211,0.3333333333333333,0.3333333333333333,0.16666666666666669,0.49999999999999994
212,0.5555555555555556,0.5555555555555556,0.6666666666666667,0.49999999999999994
213,0.6666666666666666,0.7777777777777777,0.6666666666666667,0.6666666666666667
214,0.7777777777777777,0.6666666666666666,0.6666666666666667,0.49999999999999994
215,0.8888888888888888,0.7777777777777777,1.0,0.8333333333333333
216,0.5555555555555556,0.6666666666666666,0.8333333333333333,0.6666666666666667
217,0.6666666666666666,0.5555555555555556,0.49999999999999994,0.49999999999999994
218,0.3333333333333333,0.4444444444444444,0.6666666666666667,0.49999999999999994
219,0.5555555555555556,0.3333333333333333,0.3333333333333333,0.49999999999999994
220,0.4444444444444444,0.5555555555555556,0.6666666666666667,0.6666666666666667
221,0.4444444444444444,0.3333333333333333,0.3333333333333333,0.49999999999999994
222,0.2222222222222222,0.3333333333333333,0.16666666666666669,0.6666666666666667
223,0.8888888888888888,0.8888888888888888,0.8333333333333333,1.0
224,0.6666666666666666,0.6666666666666666,0.49999999999999994,0.49999999999999994
225,0.4444444444444444,0.3333333333333333,0.49999999999999994,0.49999999999999994
226,0.6666666666666666,0.6666666666666666,0.8333333333333333,0.6666666666666667
227,0.7777777777777777,0.8888888888888888,0.6666666666666667,0.6666666666666667
228,0.5555555555555556,0.4444444444444444,0.3333333333333333,0.49999999999999994
229,0.4444444444444444,0.3333333333333333,0.49999999999999994,0.49999999999999994
230,0.4444444444444444,0.3333333333333333,0.3333333333333333,0.49999999999999994
231,0.8888888888888888,0.7777777777777777,0.6666666666666667,0.8333333333333333
232,0.5555555555555556,0.4444444444444444,0.49999999999999994,0.6666666666666667
233,0.5555555555555556,0.5555555555555556,0.49999999999999994,0.49999999999999994
234,0.6666666666666666,0.6666666666666666,0.6666666666666667,0.8333333333333333
235,0.4444444444444444,0.3333333333333333,0.3333333333333333,0.6666666666666667
236,0.6666666666666666,0.5555555555555556,0.49999999999999994,0.6666666666666667
237,0.4444444444444444,0.4444444444444444,0.49999999999999994,0.6666666666666667
238,0.5555555555555556,0.5555555555555556,0.6666666666666667,0.6666666666666667
239,0.7777777777777777,0.7777777777777777,0.8333333333333333,0.49999999999999994
240,0.5555555555555556,0.4444444444444444,0.3333333333333333,0.49999999999999994
241,0.4444444444444444,0.3333333333333333,0.16666666666666669,0.3333333333333333
242,0.3333333333333333,0.3333333333333333,0.49999999999999994,0.49999999999999994
243,0.6666666666666666,0.7777777777777777,0.6666666666666667,0.49999999999999994
244,0.5555555555555556,0.4444444444444444,0.49999999999999994,0.49999999999999994
245,0.8888888888888888,0.5555555555555556,0.6666666666666667,0.49999999999999994
246,0.2222222222222222,0.3333333333333333,0.16666666666666669,0.16666666666666669
247,0.6666666666666666,0.5555555555555556,0.3333333333333333,0.3333333333333333
248,0.5555555555555556,0.5555555555555556,0.3333333333333333,0.49999999999999994
249,0.4444444444444444,0.3333333333333333,0.49999999999999994,0.6666666666666667
250,0.4444444444444444,0.4444444444444444,0.49999999999999994,0.6666666666666667
251,0.7777777777777777,0.7777777777777777,0.6666666666666667,0.6666666666666667
252,0.2222222222222222,0.2222222222222222,0.16666666666666669,0.3333333333333333
253,0.5555555555555556,0.4444444444444444,0.49999999999999994,0.6666666666666667
254,0.7777777777777777,0.8888888888888888,0.6666666666666667,0.8333333333333333
255,0.5555555555555556,0.4444444444444444,0.49999999999999994,0.49999999999999994
256,0.3333333333333333,0.3333333333333333,0.3333333333333333,0.3333333333333333
257,0.4444444444444444,0.4444444444444444,0.49999999999999994,0.6666666666666667
258,0.8888888888888888,0.7777777777777777,0.6666666666666667,0.6666666666666667
259,0.8888888888888888,0.4444444444444444,0.49999999999999994,0.49999999999999994
260,0.5555555555555556,0.6666666666666666,0.6666666666666667,0.8333333333333333
261,0.7777777777777777,0.5555555555555556,0.6666666666666667,0.6666666666666667
262,0.5555555555555556,0.4444444444444444,0.49999999999999994,0.49999999999999994
263,0.5555555555555556,0.4444444444444444,0.3333333333333333,0.49999999999999994
264,0.7777777777777777,0.6666666666666666,0.6666666666666667,0.6666666666666667
265,0.5555555555555556,0.4444444444444444,0.49999999999999994,0.6666666666666667
266,0.5555555555555556,0.5555555555555556,0.49999999999999994,0.6666666666666667
267,0.8888888888888888,0.7777777777777777,0.6666666666666667,0.6666666666666667
268,0.6666666666666666,0.5555555555555556,0.6666666666666667,0.8333333333333333
269,0.6666666666666666,0.7777777777777777,0.8333333333333333,0.8333333333333333
270,0.2222222222222222,0.2222222222222222,0.16666666666666669,0.3333333333333333
271,0.4444444444444444,0.2222222222222222,0.3333333333333333,0.49999999999999994
272,0.5555555555555556,0.5555555555555556,0.49999999999999994,0.6666666666666667
273,0.7777777777777777,0.6666666666666666,0.8333333333333333,0.3333333333333333
274,0.4444444444444444,0.3333333333333333,0.49999999999999994,0.6666666666666667
275,0.3333333333333333,0.5555555555555556,0.49999999999999994,0.49999999999999994
276,0.6666666666666666,0.3333333333333333,0.3333333333333333,0.49999999999999994
277,0.5555555555555556,0.5555555555555556,0.3333333333333333,0.3333333333333333
278,0.4444444444444444,0.4444444444444444,0.49999999999999994,0.3333333333333333
279,0.6666666666666666,0.6666666666666666,0.8333333333333333,0.8333333333333333
280,0.6666666666666666,0.6666666666666666,0.6666666666666667,0.49999999999999994
281,0.8888888888888888,0.8888888888888888,0.8333333333333333,0.6666666666666667
282,0.6666666666666666,0.5555555555555556,0.49999999999999994,0.6666666666666667
283,0.7777777777777777,0.6666666666666666,0.6666666666666667,0.8333333333333333
284,0.7777777777777777,0.6666666666666666,0.8333333333333333,0.6666666666666667
285,0.8888888888888888,0.6666666666666666,0.8333333333333333,0.8333333333333333
286,0.7777777777777777,0.6666666666666666,0.6666666666666667,0.8333333333333333
287,0.6666666666666666,0.6666666666666666,0.6666666666666667,0.49999999999999994
288,0.3333333333333333,0.4444444444444444,0.49999999999999994,0.3333333333333333
289,0.5555555555555556,0.6666666666666666,0.49999999999999994,0.49999999999999994
290,0.5555555555555556,0.6666666666666666,0.6666666666666667,0.6666666666666667
291,0.4444444444444444,0.2222222222222222,0.49999999999999994,0.6666666666666667
292,0.6666666666666666,0.6666666666666666,0.8333333333333333,0.8333333333333333
293,0.6666666666666666,0.5555555555555556,0.8333333333333333,0.8333333333333333
294,0.6666666666666666,0.7777777777777777,0.6666666666666667,0.8333333333333333
295,0.4444444444444444,0.4444444444444444,0.3333333333333333,0.49999999999999994
296,0.5555555555555556,0.4444444444444444,0.49999999999999994,0.49999999999999994
297,0.4444444444444444,0.4444444444444444,0.3333333333333333,0.49999999999999994
298,0.6666666666666666,0.5555555555555556,0.49999999999999994,0.49999999999999994
299,0.7777777777777777,0.4444444444444444,0.3333333333333333,0.49999999999999994
300,0.6666666666666666,0.6666666666666666,0.8333333333333333,0.8333333333333333
301,0.8888888888888888,0.5555555555555556,0.6666666666666667,0.6666666666666667
302,0.2222222222222222,0.1111111111111111,0.3333333333333333,0.3333333333333333
303,0.5555555555555556,0.6666666666666666,0.49999999999999994,0.49999999999999994
304,0.5555555555555556,0.6666666666666666,0.6666666666666667,0.6666666666666667
305,0.6666666666666666,0.5555555555555556,0.6666666666666667,0.49999999999999994
306,0.4444444444444444,0.4444444444444444,0.49999999999999994,0.8333333333333333
307,0.7777777777777777,0.6666666666666666,0.6666666666666667,0.6666666666666667
308,0.4444444444444444,0.6666666666666666,0.3333333333333333,0.3333333333333333
309,0.6666666666666666,0.7777777777777777,0.6666666666666667,0.6666666666666667
310,0.6666666666666666,0.5555555555555556,0.49999999999999994,0.6666666666666667
311,0.4444444444444444,0.5555555555555556,0.6666666666666667,0.8333333333333333
312,0.6666666666666666,0.5555555555555556,0.3333333333333333,0.3333333333333333
313,0.4444444444444444,0.4444444444444444,0.3333333333333333,0.3333333333333333
314,0.5555555555555556,0.5555555555555556,0.6666666666666667,0.6666666666666667
315,0.5555555555555556,0.6666666666666666,0.6666666666666667,0.6666666666666667
316,0.5555555555555556,0.6666666666666666,0.49999999999999994,0.6666666666666667
317,0.4444444444444444,0.5555555555555556,0.16666666666666669,0.49999999999999994
318,0.8888888888888888,0.7777777777777777,1.0,0.8333333333333333
319,0.4444444444444444,0.6666666666666666,0.49999999999999994,0.3333333333333333
320,0.5555555555555556,0.4444444444444444,0.3333333333333333,0.49999999999999994
321,0.5555555555555556,0.6666666666666666,0.49999999999999994,0.6666666666666667
322,0.4444444444444444,0.3333333333333333,0.3333333333333333,0.49999999999999994
323,0.7777777777777777,0.7777777777777777,0.8333333333333333,0.6666666666666667
324,0.8888888888888888,0.6666666666666666,0.6666666666666667,0.49999999999999994
325,0.7777777777777777,0.5555555555555556,0.49999999999999994,0.6666666666666667
326,0.5555555555555556,0.4444444444444444,0.49999999999999994,0.6666666666666667
327,0.5555555555555556,0.5555555555555556,0.3333333333333333,0.49999999999999994
328,0.5555555555555556,0.6666666666666666,0.6666666666666667,0.6666666666666667
329,0.6666666666666666,0.6666666666666666,0.8333333333333333,0.8333333333333333
330,0.6666666666666666,0.7777777777777777,0.6666666666666667,0.6666666666666667
331,0.7777777777777777,0.6666666666666666,0.6666666666666667,0.6666666666666667
332,0.6666666666666666,0.5555555555555556,0.49999999999999994,0.6666666666666667
333,0.6666666666666666,0.6666666666666666,0.49999999999999994,0.49999999999999994
334,0.5555555555555556,0.4444444444444444,0.49999999999999994,0.6666666666666667
335,0.4444444444444444,0.5555555555555556,0.3333333333333333,0.49999999999999994
336,0.5555555555555556,0.5555555555555556,0.49999999999999994,0.49999999999999994
337,0.8888888888888888,0.6666666666666666,0.6666666666666667,0.49999999999999994
338,0.4444444444444444,0.4444444444444444,0.6666666666666667,0.6666666666666667
339,0.5555555555555556,0.5555555555555556,0.6666666666666667,0.8333333333333333
340,0.6666666666666666,0.7777777777777777,0.8333333333333333,0.6666666666666667
341,0.5555555555555556,0.5555555555555556,0.6666666666666667,0.49999999999999994
342,0.7777777777777777,0.7777777777777777,0.8333333333333333,0.8333333333333333
343,0.4444444444444444,0.6666666666666666,0.49999999999999994,0.49999999999999994
344,0.8888888888888888,0.6666666666666666,0.6666666666666667,0.6666666666666667
345,1.0,0.7777777777777777,0.8333333333333333,0.8333333333333333
346,0.7777777777777777,0.6666666666666666,0.6666666666666667,0.8333333333333333
347,0.4444444444444444,0.5555555555555556,0.49999999999999994,0.3333333333333333
348,0.6666666666666666,0.6666666666666666,0.8333333333333333,0.8333333333333333
349,0.5555555555555556,0.4444444444444444,0.49999999999999994,0.49999999999999994
350,0.6666666666666666,0.6666666666666666,0.49999999999999994,0.49999999999999994
351,0.5555555555555556,0.5555555555555556,0.6666666666666667,0.6666666666666667
352,0.7777777777777777,0.7777777777777777,0.8333333333333333,0.6666666666666667
353,0.6666666666666666,0.3333333333333333,0.3333333333333333,0.49999999999999994
354,0.5555555555555556,0.5555555555555556,0.6666666666666667,0.49999999999999994
355,0.5555555555555556,0.6666666666666666,0.6666666666666667,0.8333333333333333
356,0.6666666666666666,0.5555555555555556,0.49999999999999994,0.6666666666666667
357,0.6666666666666666,0.8888888888888888,0.49999999999999994,0.49999999999999994
358,0.4444444444444444,0.3333333333333333,0.49999999999999994,0.49999999999999994
359,0.8888888888888888,0.6666666666666666,0.6666666666666667,0.49999999999999994
360,0.3333333333333333,0.4444444444444444,0.6666666666666667,0.6666666666666667
361,0.5555555555555556,0.4444444444444444,0.49999999999999994,0.6666666666666667
362,0.7777777777777777,0.5555555555555556,0.49999999999999994,0.8333333333333333
363,1.0,0.8888888888888888,0.6666666666666667,0.8333333333333333
364,0.6666666666666666,0.6666666666666666,0.6666666666666667,0.6666666666666667
365,0.5555555555555556,0.6666666666666666,0.8333333333333333,0.6666666666666667
366,0.6666666666666666,0.5555555555555556,0.3333333333333333,0.3333333333333333
367,0.7777777777777777,0.5555555555555556,0.6666666666666667,0.6666666666666667
368,0.5555555555555556,0.6666666666666666,0.49999999999999994,0.8333333333333333
369,0.4444444444444444,0.3333333333333333,0.6666666666666667,0.6666666666666667
370,0.4444444444444444,0.4444444444444444,0.49999999999999994,0.6666666666666667
371,0.5555555555555556,0.5555555555555556,0.49999999999999994,0.6666666666666667
372,0.3333333333333333,0.3333333333333333,0.3333333333333333,0.49999999999999994
373,0.5555555555555556,0.7777777777777777,0.6666666666666667,0.6666666666666667
374,0.6666666666666666,0.6666666666666666,0.6666666666666667,0.6666666666666667
375,0.7777777777777777,0.6666666666666666,0.6666666666666667,0.8333333333333333
376,0.3333333333333333,0.4444444444444444,0.3333333333333333,0.49999999999999994
377,0.5555555555555556,0.4444444444444444,0.3333333333333333,0.49999999999999994
378,0.6666666666666666,0.6666666666666666,0.6666666666666667,0.6666666666666667
379,0.4444444444444444,0.4444444444444444,0.3333333333333333,0.6666666666666667
380,0.4444444444444444,0.2222222222222222,0.49999999999999994,0.49999999999999994
381,0.8888888888888888,0.7777777777777777,0.6666666666666667,0.8333333333333333
382,0.8888888888888888,0.7777777777777777,0.6666666666666667,0.6666666666666667
383,0.6666666666666666,0.6666666666666666,0.6666666666666667,0.8333333333333333
384,0.6666666666666666,0.5555555555555556,0.6666666666666667,0.6666666666666667
385,0.5555555555555556,0.6666666666666666,0.6666666666666667,0.6666666666666667
386,0.5555555555555556,0.5555555555555556,0.6666666666666667,0.6666666666666667
387,0.6666666666666666,0.7777777777777777,0.8333333333333333,0.8333333333333333
388,0.5555555555555556,0.2222222222222222,0.6666666666666667,0.6666666666666667
389,0.7777777777777777,0.6666666666666666,0.6666666666666667,0.6666666666666667
390,0.4444444444444444,0.4444444444444444,0.6666666666666667,0.8333333333333333
391,0.6666666666666666,0.6666666666666666,0.49999999999999994,0.6666666666666667
392,0.5555555555555556,0.4444444444444444,0.3333333333333333,0.49999999999999994
393,0.8888888888888888,0.7777777777777777,0.6666666666666667,0.6666666666666667
394,0.4444444444444444,0.3333333333333333,0.3333333333333333,0.3333333333333333
395,0.5555555555555556,0.6666666666666666,0.6666666666666667,0.6666666666666667
396,0.5555555555555556,0.3333333333333333,0.49999999999999994,0.6666666666666667
397,0.4444444444444444,0.3333333333333333,0.16666666666666669,0.49999999999999994
398,0.6666666666666666,0.7777777777777777,0.49999999999999994,0.3333333333333333
399,0.6666666666666666,0.6666666666666666,0.49999999999999994,0.6666666666666667
400,0.6666666666666666,0.4444444444444444,0.6666666666666667,0.6666666666666667
401,0.4444444444444444,0.3333333333333333,0.3333333333333333,0.49999999999999994
402,0.5555555555555556,0.6666666666666666,0.49999999999999994,0.49999999999999994
403,0.5555555555555556,0.4444444444444444,0.3333333333333333,0.3333333333333333
404,0.0,0.0,0.0,0.49999999999999994
405,0.6666666666666666,0.6666666666666666,0.49999999999999994,0.6666666666666667
406,0.6666666666666666,0.7777777777777777,0.6666666666666667,0.6666666666666667
407,0.8888888888888888,0.8888888888888888,0.6666666666666667,0.8333333333333333
408,0.6666666666666666,0.5555555555555556,0.49999999999999994,0.49999999999999994
409,0.8888888888888888,0.8888888888888888,0.8333333333333333,1.0
410,0.3333333333333333,0.4444444444444444,0.3333333333333333,0.49999999999999994
411,0.5555555555555556,0.4444444444444444,0.3333333333333333,0.6666666666666667
412,0.5555555555555556,0.6666666666666666,0.8333333333333333,0.6666666666666667
413,0.6666666666666666,0.6666666666666666,0.6666666666666667,0.6666666666666667
414,0.6666666666666666,0.4444444444444444,0.49999999999999994,0.6666666666666667
415,0.3333333333333333,0.2222222222222222,0.49999999999999994,0.6666666666666667
416,0.5555555555555556,0.5555555555555556,0.6666666666666667,0.49999999999999994
417,0.5555555555555556,0.4444444444444444,0.3333333333333333,0.49999999999999994
418,0.8888888888888888,0.8888888888888888,0.49999999999999994,0.6666666666666667
419,0.6666666666666666,0.7777777777777777,0.6666666666666667,0.6666666666666667
420,0.6666666666666666,0.5555555555555556,0.8333333333333333,0.8333333333333333
421,0.6666666666666666,0.6666666666666666,0.6666666666666667,0.8333333333333333
422,0.5555555555555556,0.5555555555555556,0.49999999999999994,0.49999999999999994
423,0.6666666666666666,0.6666666666666666,0.6666666666666667,0.3333333333333333
424,0.2222222222222222,0.2222222222222222,0.3333333333333333,0.49999999999999994
425,0.4444444444444444,0.3333333333333333,0.16666666666666669,0.16666666666666669
426,0.6666666666666666,0.6666666666666666,0.6666666666666667,0.49999999999999994
427,0.3333333333333333,0.3333333333333333,0.49999999999999994,0.49999999999999994
428,0.3333333333333333,0.4444444444444444,0.3333333333333333,0.16666666666666669
429,0.5555555555555556,0.4444444444444444,0.6666666666666667,0.8333333333333333
430,0.6666666666666666,0.8888888888888888,0.49999999999999994,0.49999999999999994
431,0.5555555555555556,0.5555555555555556,0.3333333333333333,0.3333333333333333
432,0.5555555555555556,0.6666666666666666,0.3333333333333333,0.49999999999999994
433,0.7777777777777777,0.6666666666666666,0.49999999999999994,0.6666666666666667
434,0.4444444444444444,0.4444444444444444,0.49999999999999994,0.49999999999999994
435,0.8888888888888888,0.6666666666666666,0.6666666666666667,0.8333333333333333
436,0.5555555555555556,0.5555555555555556,0.6666666666666667,0.6666666666666667
437,0.6666666666666666,0.5555555555555556,0.6666666666666667,0.49999999999999994
438,0.8888888888888888,0.6666666666666666,0.6666666666666667,0.6666666666666667
439,0.5555555555555556,0.5555555555555556,0.49999999999999994,0.6666666666666667
440,0.4444444444444444,0.4444444444444444,0.3333333333333333,0.49999999999999994
441,0.5555555555555556,0.6666666666666666,0.6666666666666667,0.49999999999999994
442,0.5555555555555556,0.4444444444444444,0.49999999999999994,0.6666666666666667
443,0.6666666666666666,0.6666666666666666,0.6666666666666667,0.8333333333333333
444,0.6666666666666666,0.4444444444444444,0.6666666666666667,0.49999999999999994
445,0.6666666666666666,0.5555555555555556,0.49999999999999994,0.6666666666666667
446,0.4444444444444444,0.2222222222222222,0.3333333333333333,0.6666666666666667
447,0.4444444444444444,0.4444444444444444,0.49999999999999994,0.49999999999999994
448,0.5555555555555556,0.6666666666666666,0.6666666666666667,0.49999999999999994
449,0.6666666666666666,0.7777777777777777,0.6666666666666667,0.49999999999999994
450,0.5555555555555556,0.5555555555555556,0.49999999999999994,0.16666666666666669
451,0.4444444444444444,0.4444444444444444,0.16666666666666669,0.16666666666666669
452,0.6666666666666666,0.5555555555555556,0.49999999999999994,0.6666666666666667
453,1.0,0.7777777777777777,0.6666666666666667,0.6666666666666667
454,0.5555555555555556,0.5555555555555556,0.49999999999999994,0.6666666666666667
455,0.6666666666666666,0.8888888888888888,0.8333333333333333,0.6666666666666667
456,0.6666666666666666,0.5555555555555556,0.6666666666666667,0.6666666666666667
457,0.6666666666666666,0.5555555555555556,0.49999999999999994,0.8333333333333333
458,0.4444444444444444,0.4444444444444444,0.6666666666666667,0.49999999999999994
459,0.3333333333333333,0.4444444444444444,0.49999999999999994,0.6666666666666667
460,0.6666666666666666,0.6666666666666666,0.6666666666666667,0.6666666666666667
461,0.3333333333333333,0.3333333333333333,0.3333333333333333,0.49999999999999994
462,0.8888888888888888,0.8888888888888888,0.6666666666666667,0.6666666666666667
463,0.6666666666666666,0.5555555555555556,0.49999999999999994,0.49999999999999994
464,0.7777777777777777,0.7777777777777777,0.6666666666666667,0.3333333333333333
465,0.8888888888888888,0.7777777777777777,0.8333333333333333,0.6666666666666667
466,0.8888888888888888,0.6666666666666666,0.6666666666666667,0.6666666666666667
467,0.6666666666666666,0.6666666666666666,0.3333333333333333,0.3333333333333333
468,0.8888888888888888,0.8888888888888888,0.8333333333333333,0.6666666666666667
469,0.5555555555555556,0.5555555555555556,0.6666666666666667,0.6666666666666667
470,0.6666666666666666,0.7777777777777777,0.6666666666666667,0.6666666666666667
471,0.6666666666666666,0.4444444444444444,0.49999999999999994,0.49999999999999994
472,0.4444444444444444,0.4444444444444444,0.3333333333333333,0.49999999999999994
473,0.5555555555555556,0.4444444444444444,0.49999999999999994,0.49999999999999994
474,0.4444444444444444,0.3333333333333333,0.16666666666666669,0.49999999999999994
475,0.4444444444444444,0.3333333333333333,0.3333333333333333,0.49999999999999994
476,0.2222222222222222,0.1111111111111111,0.16666666666666669,0.3333333333333333
477,0.5555555555555556,0.5555555555555556,0.6666666666666667,0.6666666666666667
478,0.7777777777777777,0.6666666666666666,0.49999999999999994,0.49999999999999994
479,0.7777777777777777,0.6666666666666666,0.8333333333333333,0.8333333333333333
480,0.4444444444444444,0.4444444444444444,0.6666666666666667,0.6666666666666667
481,0.7777777777777777,0.5555555555555556,0.8333333333333333,0.8333333333333333
482,0.8888888888888888,0.7777777777777777,0.8333333333333333,0.6666666666666667
483,0.4444444444444444,0.3333333333333333,0.16666666666666669,0.49999999999999994
484,0.6666666666666666,0.5555555555555556,0.49999999999999994,0.6666666666666667
485,0.4444444444444444,0.4444444444444444,0.6666666666666667,1.0
486,0.8888888888888888,0.6666666666666666,0.6666666666666667,0.8333333333333333
487,0.7777777777777777,0.6666666666666666,0.49999999999999994,0.49999999999999994
