,f1,f2,f3,f4,f5,f6,f7,f8,f9
0,1.0,1.0,1.0,1.0,0.5,0.5,1.0,0.5,0.5
1,1.0,1.0,1.0,1.0,0.5,0.5,0.5,1.0,0.5
2,1.0,1.0,1.0,1.0,0.5,0.5,0.5,0.5,1.0
3,1.0,1.0,1.0,1.0,0.5,0.5,0.5,0.0,0.0
4,1.0,1.0,1.0,1.0,0.5,0.5,0.0,0.5,0.0
5,1.0,1.0,1.0,1.0,0.5,0.5,0.0,0.0,0.5
6,1.0,1.0,1.0,1.0,0.5,0.0,0.5,0.5,0.0
7,1.0,1.0,1.0,1.0,0.5,0.0,0.5,0.0,0.5
8,1.0,1.0,1.0,1.0,0.5,0.0,0.0,0.5,0.5
9,1.0,1.0,1.0,1.0,0.0,0.5,0.5,0.5,0.0
10,1.0,1.0,1.0,1.0,0.0,0.5,0.5,0.0,0.5
11,1.0,1.0,1.0,1.0,0.0,0.5,0.0,0.5,0.5
12,1.0,1.0,1.0,0.5,1.0,0.5,1.0,0.5,0.5
13,1.0,1.0,1.0,0.5,1.0,0.5,0.5,1.0,0.5
14,1.0,1.0,1.0,0.5,1.0,0.5,0.5,0.5,1.0
15,1.0,1.0,1.0,0.5,1.0,0.5,0.5,0.0,0.0
16,1.0,1.0,1.0,0.5,1.0,0.5,0.0,0.5,0.0
17,1.0,1.0,1.0,0.5,1.0,0.5,0.0,0.0,0.5
18,1.0,1.0,1.0,0.5,1.0,0.0,0.5,0.5,0.0
19,1.0,1.0,1.0,0.5,1.0,0.0,0.5,0.0,0.5
20,1.0,1.0,1.0,0.5,1.0,0.0,0.0,0.5,0.5
21,1.0,1.0,1.0,0.5,0.5,1.0,1.0,0.5,0.5
22,1.0,1.0,1.0,0.5,0.5,1.0,0.5,1.0,0.5
23,1.0,1.0,1.0,0.5,0.5,1.0,0.5,0.5,1.0
24,1.0,1.0,1.0,0.5,0.5,1.0,0.5,0.0,0.0
25,1.0,1.0,1.0,0.5,0.5,1.0,0.0,0.5,0.0
26,1.0,1.0,1.0,0.5,0.5,1.0,0.0,0.0,0.5
27,1.0,1.0,1.0,0.5,0.5,0.0,1.0,0.5,0.0
28,1.0,1.0,1.0,0.5,0.5,0.0,1.0,0.0,0.5
29,1.0,1.0,1.0,0.5,0.5,0.0,0.5,1.0,0.0
30,1.0,1.0,1.0,0.5,0.5,0.0,0.5,0.0,1.0
31,1.0,1.0,1.0,0.5,0.5,0.0,0.0,1.0,0.5
32,1.0,1.0,1.0,0.5,0.5,0.0,0.0,0.5,1.0
33,1.0,1.0,1.0,0.5,0.5,0.0,0.0,0.0,0.0
34,1.0,1.0,1.0,0.5,0.0,1.0,0.5,0.5,0.0
35,1.0,1.0,1.0,0.5,0.0,1.0,0.5,0.0,0.5
36,1.0,1.0,1.0,0.5,0.0,1.0,0.0,0.5,0.5
37,1.0,1.0,1.0,0.5,0.0,0.5,1.0,0.5,0.0
38,1.0,1.0,1.0,0.5,0.0,0.5,1.0,0.0,0.5
39,1.0,1.0,1.0,0.5,0.0,0.5,0.5,1.0,0.0
40,1.0,1.0,1.0,0.5,0.0,0.5,0.5,0.0,1.0
41,1.0,1.0,1.0,0.5,0.0,0.5,0.0,1.0,0.5
42,1.0,1.0,1.0,0.5,0.0,0.5,0.0,0.5,1.0
43,1.0,1.0,1.0,0.5,0.0,0.5,0.0,0.0,0.0
44,1.0,1.0,1.0,0.5,0.0,0.0,1.0,0.5,0.5
45,1.0,1.0,1.0,0.5,0.0,0.0,0.5,1.0,0.5
46,1.0,1.0,1.0,0.5,0.0,0.0,0.5,0.5,1.0
47,1.0,1.0,1.0,0.5,0.0,0.0,0.5,0.0,0.0
48,1.0,1.0,1.0,0.5,0.0,0.0,0.0,0.5,0.0
49,1.0,1.0,1.0,0.5,0.0,0.0,0.0,0.0,0.5
50,1.0,1.0,1.0,0.0,1.0,0.5,0.5,0.5,0.0
51,1.0,1.0,1.0,0.0,1.0,0.5,0.5,0.0,0.5
52,1.0,1.0,1.0,0.0,1.0,0.5,0.0,0.5,0.5
53,1.0,1.0,1.0,0.0,0.5,1.0,0.5,0.5,0.0
54,1.0,1.0,1.0,0.0,0.5,1.0,0.5,0.0,0.5
55,1.0,1.0,1.0,0.0,0.5,1.0,0.0,0.5,0.5
56,1.0,1.0,1.0,0.0,0.5,0.5,1.0,0.5,0.0
57,1.0,1.0,1.0,0.0,0.5,0.5,1.0,0.0,0.5
58,1.0,1.0,1.0,0.0,0.5,0.5,0.5,1.0,0.0
59,1.0,1.0,1.0,0.0,0.5,0.5,0.5,0.0,1.0
60,1.0,1.0,1.0,0.0,0.5,0.5,0.0,1.0,0.5
61,1.0,1.0,1.0,0.0,0.5,0.5,0.0,0.5,1.0
62,1.0,1.0,1.0,0.0,0.5,0.5,0.0,0.0,0.0
63,1.0,1.0,1.0,0.0,0.5,0.0,1.0,0.5,0.5
64,1.0,1.0,1.0,0.0,0.5,0.0,0.5,1.0,0.5
65,1.0,1.0,1.0,0.0,0.5,0.0,0.5,0.5,1.0
66,1.0,1.0,1.0,0.0,0.5,0.0,0.5,0.0,0.0
67,1.0,1.0,1.0,0.0,0.5,0.0,0.0,0.5,0.0
68,1.0,1.0,1.0,0.0,0.5,0.0,0.0,0.0,0.5
69,1.0,1.0,1.0,0.0,0.0,0.5,1.0,0.5,0.5
70,1.0,1.0,1.0,0.0,0.0,0.5,0.5,1.0,0.5
71,1.0,1.0,1.0,0.0,0.0,0.5,0.5,0.5,1.0
72,1.0,1.0,1.0,0.0,0.0,0.5,0.5,0.0,0.0
73,1.0,1.0,1.0,0.0,0.0,0.5,0.0,0.5,0.0
74,1.0,1.0,1.0,0.0,0.0,0.5,0.0,0.0,0.5
75,1.0,1.0,1.0,0.0,0.0,0.0,0.5,0.5,0.0
76,1.0,1.0,1.0,0.0,0.0,0.0,0.5,0.0,0.5
77,1.0,1.0,1.0,0.0,0.0,0.0,0.0,0.5,0.5
78,1.0,1.0,0.5,1.0,1.0,0.5,0.5,0.5,1.0
79,1.0,1.0,0.5,1.0,0.5,1.0,1.0,0.5,0.5
80,1.0,1.0,0.5,1.0,0.5,0.5,1.0,0.5,1.0
81,1.0,1.0,0.5,1.0,0.5,0.5,1.0,0.0,0.0
82,1.0,1.0,0.5,1.0,0.5,0.0,1.0,0.5,0.0
83,1.0,1.0,0.5,1.0,0.5,0.0,1.0,0.0,0.5
84,1.0,1.0,0.5,1.0,0.0,0.5,1.0,0.5,0.0
85,1.0,1.0,0.5,1.0,0.0,0.0,1.0,0.5,0.5
86,1.0,1.0,0.5,0.5,1.0,1.0,0.5,1.0,0.5
87,1.0,1.0,0.5,0.5,1.0,1.0,0.5,0.5,1.0
88,1.0,1.0,0.5,0.5,1.0,0.5,1.0,0.5,1.0
89,1.0,1.0,0.5,0.5,1.0,0.5,0.5,1.0,1.0
90,1.0,1.0,0.5,0.5,1.0,0.5,0.0,1.0,0.0
91,1.0,1.0,0.5,0.5,1.0,0.5,0.0,0.0,1.0
92,1.0,1.0,0.5,0.5,1.0,0.0,0.5,1.0,0.0
93,1.0,1.0,0.5,0.5,1.0,0.0,0.5,0.0,1.0
94,1.0,1.0,0.5,0.5,1.0,0.0,0.0,1.0,0.5
95,1.0,1.0,0.5,0.5,1.0,0.0,0.0,0.5,1.0
96,1.0,1.0,0.5,0.0,1.0,0.5,0.5,1.0,0.0
97,1.0,1.0,0.5,0.0,1.0,0.5,0.5,0.0,1.0
98,1.0,1.0,0.5,0.0,1.0,0.5,0.0,0.5,1.0
99,1.0,1.0,0.5,0.0,1.0,0.0,0.5,1.0,0.5
100,1.0,1.0,0.5,0.0,1.0,0.0,0.5,0.5,1.0
101,1.0,1.0,0.0,1.0,0.5,0.5,1.0,0.5,0.0
102,1.0,1.0,0.0,1.0,0.5,0.5,1.0,0.0,0.5
103,1.0,1.0,0.0,1.0,0.5,0.0,1.0,0.5,0.5
104,1.0,1.0,0.0,1.0,0.0,0.5,1.0,0.5,0.5
105,1.0,1.0,0.0,0.5,1.0,0.5,0.5,1.0,0.0
106,1.0,1.0,0.0,0.5,1.0,0.5,0.5,0.0,1.0
107,1.0,1.0,0.0,0.5,1.0,0.5,0.0,1.0,0.5
108,1.0,1.0,0.0,0.5,1.0,0.5,0.0,0.5,1.0
109,1.0,1.0,0.0,0.5,1.0,0.0,0.5,1.0,0.5
110,1.0,1.0,0.0,0.5,1.0,0.0,0.5,0.5,1.0
111,1.0,1.0,0.0,0.0,1.0,0.5,0.5,1.0,0.5
112,1.0,1.0,0.0,0.0,1.0,0.5,0.5,0.5,1.0
113,1.0,0.5,1.0,1.0,1.0,0.5,1.0,0.5,0.5
114,1.0,0.5,1.0,1.0,1.0,0.5,0.5,0.5,1.0
115,1.0,0.5,1.0,1.0,0.5,0.5,1.0,1.0,0.5
116,1.0,0.5,1.0,1.0,0.5,0.5,1.0,0.0,0.0
117,1.0,0.5,1.0,1.0,0.5,0.0,1.0,0.0,0.5
118,1.0,0.5,1.0,1.0,0.0,0.5,1.0,0.5,0.0
119,1.0,0.5,1.0,1.0,0.0,0.5,1.0,0.0,0.5
120,1.0,0.5,1.0,1.0,0.0,0.0,1.0,0.5,0.5
121,1.0,0.5,1.0,0.5,1.0,1.0,1.0,0.5,0.5
122,1.0,0.5,1.0,0.5,1.0,1.0,0.5,0.5,1.0
123,1.0,0.5,1.0,0.5,1.0,0.5,1.0,1.0,0.5
124,1.0,0.5,1.0,0.5,1.0,0.5,1.0,0.5,1.0
125,1.0,0.5,1.0,0.5,1.0,0.5,1.0,0.0,0.0
126,1.0,0.5,1.0,0.5,1.0,0.5,0.5,1.0,1.0
127,1.0,0.5,1.0,0.5,1.0,0.5,0.0,0.0,1.0
128,1.0,0.5,1.0,0.5,1.0,0.0,1.0,0.5,0.0
129,1.0,0.5,1.0,0.5,1.0,0.0,1.0,0.0,0.5
130,1.0,0.5,1.0,0.5,1.0,0.0,0.5,0.0,1.0
131,1.0,0.5,1.0,0.5,1.0,0.0,0.0,0.5,1.0
132,1.0,0.5,1.0,0.5,0.5,1.0,0.5,1.0,1.0
133,1.0,0.5,1.0,0.5,0.5,1.0,0.0,0.0,1.0
134,1.0,0.5,1.0,0.5,0.0,1.0,0.5,0.0,1.0
135,1.0,0.5,1.0,0.5,0.0,1.0,0.0,0.5,1.0
136,1.0,0.5,1.0,0.0,1.0,0.5,1.0,0.5,0.0
137,1.0,0.5,1.0,0.0,1.0,0.5,1.0,0.0,0.5
138,1.0,0.5,1.0,0.0,1.0,0.5,0.5,0.0,1.0
139,1.0,0.5,1.0,0.0,1.0,0.5,0.0,0.5,1.0
140,1.0,0.5,1.0,0.0,1.0,0.0,1.0,0.5,0.5
141,1.0,0.5,1.0,0.0,1.0,0.0,0.5,0.5,1.0
142,1.0,0.5,1.0,0.0,0.5,1.0,0.5,0.0,1.0
143,1.0,0.5,1.0,0.0,0.0,1.0,0.5,0.5,1.0
144,1.0,0.5,0.5,1.0,1.0,1.0,1.0,0.5,0.5
145,1.0,0.5,0.5,1.0,1.0,1.0,0.5,1.0,0.5
146,1.0,0.5,0.5,1.0,1.0,1.0,0.5,0.5,1.0
147,1.0,0.5,0.5,1.0,1.0,1.0,0.5,0.0,0.0
148,1.0,0.5,0.5,1.0,1.0,1.0,0.0,0.5,0.0
149,1.0,0.5,0.5,1.0,1.0,1.0,0.0,0.0,0.5
150,1.0,0.5,0.5,1.0,1.0,0.5,1.0,0.5,1.0
151,1.0,0.5,0.5,1.0,1.0,0.5,1.0,0.0,0.0
152,1.0,0.5,0.5,1.0,1.0,0.5,0.5,1.0,1.0
153,1.0,0.5,0.5,1.0,1.0,0.5,0.0,0.0,1.0
154,1.0,0.5,0.5,1.0,1.0,0.0,1.0,0.5,0.0
155,1.0,0.5,0.5,1.0,1.0,0.0,1.0,0.0,0.5
156,1.0,0.5,0.5,1.0,1.0,0.0,0.5,0.0,1.0
157,1.0,0.5,0.5,1.0,1.0,0.0,0.0,0.5,1.0
158,1.0,0.5,0.5,1.0,0.5,1.0,1.0,1.0,0.5
159,1.0,0.5,0.5,1.0,0.5,1.0,1.0,0.0,0.0
160,1.0,0.5,0.5,1.0,0.5,0.5,1.0,1.0,1.0
161,1.0,0.5,0.5,1.0,0.5,0.0,1.0,1.0,0.0
162,1.0,0.5,0.5,1.0,0.5,0.0,1.0,0.0,1.0
163,1.0,0.5,0.5,1.0,0.0,1.0,1.0,0.5,0.0
164,1.0,0.5,0.5,1.0,0.0,1.0,1.0,0.0,0.5
165,1.0,0.5,0.5,1.0,0.0,0.5,1.0,1.0,0.0
166,1.0,0.5,0.5,1.0,0.0,0.5,1.0,0.0,1.0
167,1.0,0.5,0.5,1.0,0.0,0.0,1.0,1.0,0.5
168,1.0,0.5,0.5,1.0,0.0,0.0,1.0,0.5,1.0
169,1.0,0.5,0.5,1.0,0.0,0.0,1.0,0.0,0.0
170,1.0,0.5,0.5,0.5,1.0,1.0,1.0,0.5,1.0
171,1.0,0.5,0.5,0.5,1.0,1.0,0.5,1.0,1.0
172,1.0,0.5,0.5,0.5,1.0,1.0,0.0,0.0,1.0
173,1.0,0.5,0.5,0.5,1.0,0.5,1.0,1.0,1.0
174,1.0,0.5,0.5,0.5,1.0,0.0,1.0,0.0,1.0
175,1.0,0.5,0.5,0.5,1.0,0.0,0.0,1.0,1.0
176,1.0,0.5,0.5,0.5,0.5,1.0,1.0,1.0,1.0
177,1.0,0.5,0.5,0.5,0.0,0.0,1.0,1.0,1.0
178,1.0,0.5,0.5,0.0,1.0,1.0,0.5,0.0,1.0
179,1.0,0.5,0.5,0.0,1.0,1.0,0.0,0.5,1.0
180,1.0,0.5,0.5,0.0,1.0,0.5,1.0,0.0,1.0
181,1.0,0.5,0.5,0.0,1.0,0.5,0.0,1.0,1.0
182,1.0,0.5,0.5,0.0,1.0,0.0,1.0,0.5,1.0
183,1.0,0.5,0.5,0.0,1.0,0.0,0.5,1.0,1.0
184,1.0,0.5,0.5,0.0,1.0,0.0,0.0,0.0,1.0
185,1.0,0.5,0.5,0.0,0.5,0.0,1.0,1.0,1.0
186,1.0,0.5,0.5,0.0,0.0,0.5,1.0,1.0,1.0
187,1.0,0.5,0.0,1.0,1.0,1.0,0.5,0.5,0.0
188,1.0,0.5,0.0,1.0,1.0,1.0,0.5,0.0,0.5
189,1.0,0.5,0.0,1.0,1.0,1.0,0.0,0.5,0.5
190,1.0,0.5,0.0,1.0,1.0,0.5,1.0,0.5,0.0
191,1.0,0.5,0.0,1.0,1.0,0.5,1.0,0.0,0.5
192,1.0,0.5,0.0,1.0,1.0,0.5,0.5,0.0,1.0
193,1.0,0.5,0.0,1.0,1.0,0.5,0.0,0.5,1.0
194,1.0,0.5,0.0,1.0,1.0,0.0,1.0,0.5,0.5
195,1.0,0.5,0.0,1.0,1.0,0.0,0.5,0.5,1.0
196,1.0,0.5,0.0,1.0,0.5,1.0,1.0,0.0,0.5
197,1.0,0.5,0.0,1.0,0.5,0.5,1.0,1.0,0.0
198,1.0,0.5,0.0,1.0,0.5,0.5,1.0,0.0,1.0
199,1.0,0.5,0.0,1.0,0.5,0.0,1.0,1.0,0.5
200,1.0,0.5,0.0,1.0,0.5,0.0,1.0,0.0,0.0
201,1.0,0.5,0.0,1.0,0.0,1.0,1.0,0.5,0.5
202,1.0,0.5,0.0,1.0,0.0,0.5,1.0,1.0,0.5
203,1.0,0.5,0.0,1.0,0.0,0.5,1.0,0.5,1.0
204,1.0,0.5,0.0,1.0,0.0,0.5,1.0,0.0,0.0
205,1.0,0.5,0.0,1.0,0.0,0.0,1.0,0.5,0.0
206,1.0,0.5,0.0,1.0,0.0,0.0,1.0,0.0,0.5
207,1.0,0.5,0.0,0.5,1.0,1.0,0.5,0.0,1.0
208,1.0,0.5,0.0,0.5,1.0,1.0,0.0,0.5,1.0
209,1.0,0.5,0.0,0.5,1.0,0.5,1.0,0.0,1.0
210,1.0,0.5,0.0,0.5,1.0,0.5,0.0,1.0,1.0
211,1.0,0.5,0.0,0.5,1.0,0.0,1.0,0.5,1.0
212,1.0,0.5,0.0,0.5,1.0,0.0,0.5,1.0,1.0
213,1.0,0.5,0.0,0.5,1.0,0.0,0.0,0.0,1.0
214,1.0,0.5,0.0,0.5,0.5,0.0,1.0,1.0,1.0
215,1.0,0.5,0.0,0.5,0.0,0.5,1.0,1.0,1.0
216,1.0,0.5,0.0,0.0,1.0,1.0,0.5,0.5,1.0
217,1.0,0.5,0.0,0.0,1.0,0.5,1.0,0.5,1.0
218,1.0,0.5,0.0,0.0,1.0,0.5,0.5,1.0,1.0
219,1.0,0.5,0.0,0.0,1.0,0.5,0.0,0.0,1.0
220,1.0,0.5,0.0,0.0,1.0,0.0,0.5,0.0,1.0
221,1.0,0.5,0.0,0.0,1.0,0.0,0.0,0.5,1.0
222,1.0,0.5,0.0,0.0,0.5,0.5,1.0,1.0,1.0
223,1.0,0.0,1.0,1.0,0.5,0.5,1.0,0.5,0.0
224,1.0,0.0,1.0,1.0,0.5,0.5,1.0,0.0,0.5
225,1.0,0.0,1.0,1.0,0.5,0.0,1.0,0.5,0.5
226,1.0,0.0,1.0,1.0,0.0,0.5,1.0,0.5,0.5
227,1.0,0.0,1.0,0.5,1.0,0.5,1.0,0.5,0.0
228,1.0,0.0,1.0,0.5,1.0,0.5,1.0,0.0,0.5
229,1.0,0.0,1.0,0.5,1.0,0.5,0.5,0.0,1.0
230,1.0,0.0,1.0,0.5,1.0,0.5,0.0,0.5,1.0
231,1.0,0.0,1.0,0.5,1.0,0.0,1.0,0.5,0.5
232,1.0,0.0,1.0,0.5,1.0,0.0,0.5,0.5,1.0
233,1.0,0.0,1.0,0.5,0.5,1.0,0.5,0.0,1.0
234,1.0,0.0,1.0,0.5,0.5,1.0,0.0,0.5,1.0
235,1.0,0.0,1.0,0.5,0.0,1.0,0.5,0.5,1.0
236,1.0,0.0,1.0,0.0,1.0,0.5,1.0,0.5,0.5
237,1.0,0.0,1.0,0.0,1.0,0.5,0.5,0.5,1.0
238,1.0,0.0,1.0,0.0,0.5,1.0,0.5,0.5,1.0
239,1.0,0.0,0.5,1.0,1.0,1.0,0.5,0.5,0.0
240,1.0,0.0,0.5,1.0,1.0,1.0,0.5,0.0,0.5
241,1.0,0.0,0.5,1.0,1.0,1.0,0.0,0.5,0.5
242,1.0,0.0,0.5,1.0,1.0,0.5,1.0,0.5,0.0
243,1.0,0.0,0.5,1.0,1.0,0.5,0.5,0.0,1.0
244,1.0,0.0,0.5,1.0,1.0,0.5,0.0,0.5,1.0
245,1.0,0.0,0.5,1.0,1.0,0.0,1.0,0.5,0.5
246,1.0,0.0,0.5,1.0,1.0,0.0,0.5,0.5,1.0
247,1.0,0.0,0.5,1.0,0.5,1.0,1.0,0.5,0.0
248,1.0,0.0,0.5,1.0,0.5,1.0,1.0,0.0,0.5
249,1.0,0.0,0.5,1.0,0.5,0.5,1.0,1.0,0.0
250,1.0,0.0,0.5,1.0,0.5,0.5,1.0,0.0,1.0
251,1.0,0.0,0.5,1.0,0.5,0.0,1.0,1.0,0.5
252,1.0,0.0,0.5,1.0,0.5,0.0,1.0,0.5,1.0
253,1.0,0.0,0.5,1.0,0.5,0.0,1.0,0.0,0.0
254,1.0,0.0,0.5,1.0,0.0,1.0,1.0,0.5,0.5
255,1.0,0.0,0.5,1.0,0.0,0.5,1.0,0.5,1.0
256,1.0,0.0,0.5,1.0,0.0,0.5,1.0,0.0,0.0
257,1.0,0.0,0.5,1.0,0.0,0.0,1.0,0.5,0.0
258,1.0,0.0,0.5,1.0,0.0,0.0,1.0,0.0,0.5
259,1.0,0.0,0.5,0.5,1.0,1.0,0.5,0.0,1.0
260,1.0,0.0,0.5,0.5,1.0,1.0,0.0,0.5,1.0
261,1.0,0.0,0.5,0.5,1.0,0.5,1.0,0.0,1.0
262,1.0,0.0,0.5,0.5,1.0,0.5,0.0,1.0,1.0
263,1.0,0.0,0.5,0.5,1.0,0.0,1.0,0.5,1.0
264,1.0,0.0,0.5,0.5,1.0,0.0,0.5,1.0,1.0
265,1.0,0.0,0.5,0.5,1.0,0.0,0.0,0.0,1.0
266,1.0,0.0,0.5,0.5,0.5,0.0,1.0,1.0,1.0
267,1.0,0.0,0.5,0.5,0.0,0.5,1.0,1.0,1.0
268,1.0,0.0,0.5,0.0,1.0,1.0,0.5,0.5,1.0
269,1.0,0.0,0.5,0.0,1.0,0.5,1.0,0.5,1.0
270,1.0,0.0,0.5,0.0,1.0,0.5,0.5,1.0,1.0
271,1.0,0.0,0.5,0.0,1.0,0.5,0.0,0.0,1.0
272,1.0,0.0,0.5,0.0,1.0,0.0,0.5,0.0,1.0
273,1.0,0.0,0.5,0.0,1.0,0.0,0.0,0.5,1.0
274,1.0,0.0,0.5,0.0,0.5,0.5,1.0,1.0,1.0
275,1.0,0.0,0.0,1.0,1.0,0.5,1.0,0.5,0.5
276,1.0,0.0,0.0,1.0,1.0,0.5,0.5,0.5,1.0
277,1.0,0.0,0.0,1.0,0.5,1.0,1.0,0.5,0.5
278,1.0,0.0,0.0,1.0,0.5,0.5,1.0,1.0,0.5
279,1.0,0.0,0.0,1.0,0.5,0.5,1.0,0.5,1.0
280,1.0,0.0,0.0,1.0,0.5,0.5,1.0,0.0,0.0
281,1.0,0.0,0.0,1.0,0.5,0.0,1.0,0.5,0.0
282,1.0,0.0,0.0,1.0,0.5,0.0,1.0,0.0,0.5
283,1.0,0.0,0.0,1.0,0.0,0.5,1.0,0.5,0.0
284,1.0,0.0,0.0,1.0,0.0,0.5,1.0,0.0,0.5
285,1.0,0.0,0.0,1.0,0.0,0.0,1.0,0.5,0.5
286,1.0,0.0,0.0,0.5,1.0,1.0,0.5,0.5,1.0
287,1.0,0.0,0.0,0.5,1.0,0.5,1.0,0.5,1.0
288,1.0,0.0,0.0,0.5,1.0,0.5,0.5,1.0,1.0
289,1.0,0.0,0.0,0.5,1.0,0.5,0.0,0.0,1.0
290,1.0,0.0,0.0,0.5,1.0,0.0,0.5,0.0,1.0
291,1.0,0.0,0.0,0.5,1.0,0.0,0.0,0.5,1.0
292,1.0,0.0,0.0,0.0,1.0,0.5,0.5,0.0,1.0
293,1.0,0.0,0.0,0.0,1.0,0.5,0.0,0.5,1.0
294,1.0,0.0,0.0,0.0,1.0,0.0,0.5,0.5,1.0
295,0.5,1.0,1.0,1.0,1.0,0.5,1.0,0.5,0.5
296,0.5,1.0,1.0,1.0,1.0,0.5,0.5,1.0,0.5
297,0.5,1.0,1.0,1.0,0.5,1.0,0.5,0.5,1.0
298,0.5,1.0,1.0,0.5,1.0,1.0,1.0,0.5,0.5
299,0.5,1.0,1.0,0.5,1.0,0.5,1.0,1.0,0.5
300,0.5,1.0,1.0,0.5,1.0,0.5,1.0,0.5,1.0
301,0.5,1.0,1.0,0.5,1.0,0.5,1.0,0.0,0.0
302,0.5,1.0,1.0,0.5,1.0,0.5,0.0,1.0,0.0
303,0.5,1.0,1.0,0.5,1.0,0.0,1.0,0.5,0.0
304,0.5,1.0,1.0,0.5,1.0,0.0,1.0,0.0,0.5
305,0.5,1.0,1.0,0.5,1.0,0.0,0.0,1.0,0.5
306,0.5,1.0,1.0,0.5,0.5,1.0,1.0,0.5,1.0
307,0.5,1.0,1.0,0.5,0.5,1.0,0.0,0.0,1.0
308,0.5,1.0,1.0,0.5,0.0,1.0,0.0,0.5,1.0
309,0.5,1.0,1.0,0.0,1.0,0.5,1.0,0.5,0.0
310,0.5,1.0,1.0,0.0,1.0,0.5,1.0,0.0,0.5
311,0.5,1.0,1.0,0.0,1.0,0.5,0.5,1.0,0.0
312,0.5,1.0,1.0,0.0,1.0,0.5,0.0,1.0,0.5
313,0.5,1.0,1.0,0.0,1.0,0.0,1.0,0.5,0.5
314,0.5,1.0,1.0,0.0,1.0,0.0,0.5,1.0,0.5
315,0.5,1.0,1.0,0.0,0.5,1.0,0.5,0.0,1.0
316,0.5,1.0,1.0,0.0,0.5,1.0,0.0,0.5,1.0
317,0.5,1.0,1.0,0.0,0.0,1.0,0.5,0.5,1.0
318,0.5,1.0,0.5,1.0,1.0,1.0,1.0,0.5,0.5
319,0.5,1.0,0.5,1.0,1.0,1.0,0.5,1.0,0.5
320,0.5,1.0,0.5,1.0,1.0,1.0,0.5,0.5,1.0
321,0.5,1.0,0.5,1.0,1.0,1.0,0.5,0.0,0.0
322,0.5,1.0,0.5,1.0,1.0,1.0,0.0,0.5,0.0
323,0.5,1.0,0.5,1.0,1.0,1.0,0.0,0.0,0.5
324,0.5,1.0,0.5,1.0,1.0,0.5,0.5,1.0,1.0
325,0.5,1.0,0.5,1.0,1.0,0.5,0.0,1.0,0.0
326,0.5,1.0,0.5,1.0,1.0,0.0,0.5,1.0,0.0
327,0.5,1.0,0.5,1.0,1.0,0.0,0.0,1.0,0.5
328,0.5,1.0,0.5,1.0,0.5,0.5,1.0,1.0,1.0
329,0.5,1.0,0.5,0.5,1.0,1.0,1.0,1.0,0.5
330,0.5,1.0,0.5,0.5,1.0,1.0,0.0,1.0,0.0
331,0.5,1.0,0.5,0.5,1.0,0.5,1.0,1.0,1.0
332,0.5,1.0,0.5,0.5,1.0,0.0,1.0,1.0,0.0
333,0.5,1.0,0.5,0.5,1.0,0.0,0.0,1.0,1.0
334,0.5,1.0,0.5,0.5,0.5,1.0,1.0,1.0,1.0
335,0.5,1.0,0.5,0.5,0.0,0.0,1.0,1.0,1.0
336,0.5,1.0,0.5,0.0,1.0,1.0,0.5,1.0,0.0
337,0.5,1.0,0.5,0.0,1.0,1.0,0.0,1.0,0.5
338,0.5,1.0,0.5,0.0,1.0,0.5,1.0,1.0,0.0
339,0.5,1.0,0.5,0.0,1.0,0.5,0.0,1.0,1.0
340,0.5,1.0,0.5,0.0,1.0,0.0,1.0,1.0,0.5
341,0.5,1.0,0.5,0.0,1.0,0.0,0.5,1.0,1.0
342,0.5,1.0,0.5,0.0,1.0,0.0,0.0,1.0,0.0
343,0.5,1.0,0.5,0.0,0.5,0.0,1.0,1.0,1.0
344,0.5,1.0,0.5,0.0,0.0,0.5,1.0,1.0,1.0
345,0.5,1.0,0.0,1.0,1.0,1.0,0.5,0.5,0.0
346,0.5,1.0,0.0,1.0,1.0,1.0,0.5,0.0,0.5
347,0.5,1.0,0.0,1.0,1.0,1.0,0.0,0.5,0.5
348,0.5,1.0,0.0,1.0,1.0,0.5,0.5,1.0,0.0
349,0.5,1.0,0.0,1.0,1.0,0.5,0.0,1.0,0.5
350,0.5,1.0,0.0,1.0,1.0,0.0,0.5,1.0,0.5
351,0.5,1.0,0.0,0.5,1.0,1.0,0.0,1.0,0.5
352,0.5,1.0,0.0,0.5,1.0,0.5,1.0,1.0,0.0
353,0.5,1.0,0.0,0.5,1.0,0.5,0.0,1.0,1.0
354,0.5,1.0,0.0,0.5,1.0,0.0,1.0,1.0,0.5
355,0.5,1.0,0.0,0.5,1.0,0.0,0.0,1.0,0.0
356,0.5,1.0,0.0,0.5,0.5,0.0,1.0,1.0,1.0
357,0.5,1.0,0.0,0.5,0.0,0.5,1.0,1.0,1.0
358,0.5,1.0,0.0,0.0,1.0,1.0,0.5,1.0,0.5
359,0.5,1.0,0.0,0.0,1.0,0.5,1.0,1.0,0.5
360,0.5,1.0,0.0,0.0,1.0,0.5,0.5,1.0,1.0
361,0.5,1.0,0.0,0.0,1.0,0.5,0.0,1.0,0.0
362,0.5,1.0,0.0,0.0,1.0,0.0,0.5,1.0,0.0
363,0.5,1.0,0.0,0.0,1.0,0.0,0.0,1.0,0.5
364,0.5,1.0,0.0,0.0,0.5,0.5,1.0,1.0,1.0
365,0.5,0.5,1.0,1.0,1.0,1.0,1.0,0.5,0.5
366,0.5,0.5,1.0,1.0,1.0,1.0,0.5,1.0,0.5
367,0.5,0.5,1.0,1.0,1.0,1.0,0.5,0.5,1.0
368,0.5,0.5,1.0,1.0,1.0,1.0,0.5,0.0,0.0
369,0.5,0.5,1.0,1.0,1.0,1.0,0.0,0.5,0.0
370,0.5,0.5,1.0,1.0,1.0,1.0,0.0,0.0,0.5
371,0.5,0.5,1.0,1.0,1.0,0.5,1.0,1.0,0.5
372,0.5,0.5,1.0,1.0,1.0,0.5,1.0,0.5,1.0
373,0.5,0.5,1.0,1.0,1.0,0.5,1.0,0.0,0.0
374,0.5,0.5,1.0,1.0,1.0,0.0,1.0,0.5,0.0
375,0.5,0.5,1.0,1.0,1.0,0.0,1.0,0.0,0.5
376,0.5,0.5,1.0,1.0,0.5,1.0,0.5,1.0,1.0
377,0.5,0.5,1.0,1.0,0.5,1.0,0.0,0.0,1.0
378,0.5,0.5,1.0,1.0,0.5,0.5,1.0,1.0,1.0
379,0.5,0.5,1.0,1.0,0.0,1.0,0.5,0.0,1.0
380,0.5,0.5,1.0,1.0,0.0,1.0,0.0,0.5,1.0
381,0.5,0.5,1.0,0.5,1.0,1.0,1.0,1.0,0.5
382,0.5,0.5,1.0,0.5,1.0,1.0,1.0,0.5,1.0
383,0.5,0.5,1.0,0.5,1.0,1.0,1.0,0.0,0.0
384,0.5,0.5,1.0,0.5,1.0,1.0,0.0,0.0,1.0
385,0.5,0.5,1.0,0.5,1.0,0.5,1.0,1.0,1.0
386,0.5,0.5,1.0,0.5,1.0,0.0,1.0,1.0,0.0
387,0.5,0.5,1.0,0.5,1.0,0.0,1.0,0.0,1.0
388,0.5,0.5,1.0,0.5,0.5,1.0,1.0,1.0,1.0
389,0.5,0.5,1.0,0.5,0.0,1.0,1.0,0.0,1.0
390,0.5,0.5,1.0,0.5,0.0,1.0,0.0,1.0,1.0
391,0.5,0.5,1.0,0.5,0.0,0.0,1.0,1.0,1.0
392,0.5,0.5,1.0,0.0,1.0,1.0,1.0,0.5,0.0
393,0.5,0.5,1.0,0.0,1.0,1.0,1.0,0.0,0.5
394,0.5,0.5,1.0,0.0,1.0,1.0,0.5,0.0,1.0
395,0.5,0.5,1.0,0.0,1.0,1.0,0.0,0.5,1.0
396,0.5,0.5,1.0,0.0,1.0,0.5,1.0,1.0,0.0
397,0.5,0.5,1.0,0.0,1.0,0.5,1.0,0.0,1.0
398,0.5,0.5,1.0,0.0,1.0,0.0,1.0,1.0,0.5
399,0.5,0.5,1.0,0.0,1.0,0.0,1.0,0.5,1.0
400,0.5,0.5,1.0,0.0,1.0,0.0,1.0,0.0,0.0
401,0.5,0.5,1.0,0.0,0.5,1.0,1.0,0.0,1.0
402,0.5,0.5,1.0,0.0,0.5,1.0,0.0,1.0,1.0
403,0.5,0.5,1.0,0.0,0.5,0.0,1.0,1.0,1.0
404,0.5,0.5,1.0,0.0,0.0,1.0,1.0,0.5,1.0
405,0.5,0.5,1.0,0.0,0.0,1.0,0.5,1.0,1.0
406,0.5,0.5,1.0,0.0,0.0,1.0,0.0,0.0,1.0
407,0.5,0.5,1.0,0.0,0.0,0.5,1.0,1.0,1.0
408,0.5,0.5,0.0,1.0,1.0,1.0,1.0,0.5,0.0
409,0.5,0.5,0.0,1.0,1.0,1.0,1.0,0.0,0.5
410,0.5,0.5,0.0,1.0,1.0,1.0,0.5,1.0,0.0
411,0.5,0.5,0.0,1.0,1.0,1.0,0.5,0.0,1.0
412,0.5,0.5,0.0,1.0,1.0,1.0,0.0,1.0,0.5
413,0.5,0.5,0.0,1.0,1.0,1.0,0.0,0.5,1.0
414,0.5,0.5,0.0,1.0,1.0,1.0,0.0,0.0,0.0
415,0.5,0.5,0.0,1.0,0.5,0.0,1.0,1.0,1.0
416,0.5,0.5,0.0,1.0,0.0,0.5,1.0,1.0,1.0
417,0.5,0.5,0.0,0.5,1.0,0.0,1.0,1.0,1.0
418,0.5,0.5,0.0,0.5,0.0,1.0,1.0,1.0,1.0
419,0.5,0.5,0.0,0.0,1.0,0.5,1.0,1.0,1.0
420,0.5,0.5,0.0,0.0,0.5,1.0,1.0,1.0,1.0
421,0.5,0.5,0.0,0.0,0.0,0.0,1.0,1.0,1.0
422,0.5,0.0,1.0,1.0,1.0,1.0,0.5,0.5,0.0
423,0.5,0.0,1.0,1.0,1.0,1.0,0.5,0.0,0.5
424,0.5,0.0,1.0,1.0,1.0,1.0,0.0,0.5,0.5
425,0.5,0.0,1.0,1.0,1.0,0.5,1.0,0.5,0.0
426,0.5,0.0,1.0,1.0,1.0,0.5,1.0,0.0,0.5
427,0.5,0.0,1.0,1.0,1.0,0.0,1.0,0.5,0.5
428,0.5,0.0,1.0,1.0,0.5,1.0,0.5,0.0,1.0
429,0.5,0.0,1.0,1.0,0.5,1.0,0.0,0.5,1.0
430,0.5,0.0,1.0,1.0,0.0,1.0,0.5,0.5,1.0
431,0.5,0.0,1.0,0.5,1.0,1.0,1.0,0.5,0.0
432,0.5,0.0,1.0,0.5,1.0,1.0,1.0,0.0,0.5
433,0.5,0.0,1.0,0.5,1.0,1.0,0.0,0.5,1.0
434,0.5,0.0,1.0,0.5,1.0,0.5,1.0,1.0,0.0
435,0.5,0.0,1.0,0.5,1.0,0.5,1.0,0.0,1.0
436,0.5,0.0,1.0,0.5,1.0,0.0,1.0,1.0,0.5
437,0.5,0.0,1.0,0.5,1.0,0.0,1.0,0.5,1.0
438,0.5,0.0,1.0,0.5,1.0,0.0,1.0,0.0,0.0
439,0.5,0.0,1.0,0.5,0.5,1.0,1.0,0.0,1.0
440,0.5,0.0,1.0,0.5,0.5,1.0,0.0,1.0,1.0
441,0.5,0.0,1.0,0.5,0.5,0.0,1.0,1.0,1.0
442,0.5,0.0,1.0,0.5,0.0,1.0,1.0,0.5,1.0
443,0.5,0.0,1.0,0.5,0.0,1.0,0.0,0.0,1.0
444,0.5,0.0,1.0,0.5,0.0,0.5,1.0,1.0,1.0
445,0.5,0.0,1.0,0.0,1.0,1.0,1.0,0.5,0.5
446,0.5,0.0,1.0,0.0,1.0,1.0,0.5,0.5,1.0
447,0.5,0.0,1.0,0.0,1.0,0.5,1.0,1.0,0.5
448,0.5,0.0,1.0,0.0,1.0,0.5,1.0,0.5,1.0
449,0.5,0.0,1.0,0.0,1.0,0.5,1.0,0.0,0.0
450,0.5,0.0,1.0,0.0,1.0,0.0,1.0,0.5,0.0
451,0.5,0.0,1.0,0.0,1.0,0.0,1.0,0.0,0.5
452,0.5,0.0,1.0,0.0,0.5,1.0,1.0,0.5,1.0
453,0.5,0.0,1.0,0.0,0.5,1.0,0.5,1.0,1.0
454,0.5,0.0,1.0,0.0,0.5,1.0,0.0,0.0,1.0
455,0.5,0.0,1.0,0.0,0.5,0.5,1.0,1.0,1.0
456,0.5,0.0,1.0,0.0,0.0,1.0,0.5,0.0,1.0
457,0.5,0.0,1.0,0.0,0.0,1.0,0.0,0.5,1.0
458,0.5,0.0,0.5,1.0,1.0,1.0,1.0,0.5,0.0
459,0.5,0.0,0.5,1.0,1.0,1.0,1.0,0.0,0.5
460,0.5,0.0,0.5,1.0,1.0,1.0,0.5,1.0,0.0
461,0.5,0.0,0.5,1.0,1.0,1.0,0.5,0.0,1.0
462,0.5,0.0,0.5,1.0,1.0,1.0,0.0,1.0,0.5
463,0.5,0.0,0.5,1.0,1.0,1.0,0.0,0.5,1.0
464,0.5,0.0,0.5,1.0,1.0,1.0,0.0,0.0,0.0
465,0.5,0.0,0.5,1.0,0.5,0.0,1.0,1.0,1.0
466,0.5,0.0,0.5,1.0,0.0,0.5,1.0,1.0,1.0
467,0.5,0.0,0.5,0.5,1.0,0.0,1.0,1.0,1.0
468,0.5,0.0,0.5,0.5,0.0,1.0,1.0,1.0,1.0
469,0.5,0.0,0.5,0.0,1.0,0.5,1.0,1.0,1.0
470,0.5,0.0,0.5,0.0,0.5,1.0,1.0,1.0,1.0
471,0.5,0.0,0.5,0.0,0.0,0.0,1.0,1.0,1.0
472,0.5,0.0,0.0,1.0,1.0,1.0,1.0,0.5,0.5
473,0.5,0.0,0.0,1.0,1.0,1.0,0.5,1.0,0.5
474,0.5,0.0,0.0,1.0,1.0,1.0,0.5,0.5,1.0
475,0.5,0.0,0.0,1.0,1.0,1.0,0.5,0.0,0.0
476,0.5,0.0,0.0,1.0,1.0,1.0,0.0,0.5,0.0
477,0.5,0.0,0.0,1.0,1.0,1.0,0.0,0.0,0.5
478,0.5,0.0,0.0,1.0,0.5,0.5,1.0,1.0,1.0
479,0.5,0.0,0.0,0.5,1.0,0.5,1.0,1.0,1.0
480,0.5,0.0,0.0,0.5,0.5,1.0,1.0,1.0,1.0
481,0.5,0.0,0.0,0.5,0.0,0.0,1.0,1.0,1.0
482,0.5,0.0,0.0,0.0,0.5,0.0,1.0,1.0,1.0
483,0.5,0.0,0.0,0.0,0.0,0.5,1.0,1.0,1.0
484,0.0,1.0,1.0,0.5,1.0,0.5,1.0,0.5,0.0
485,0.0,1.0,1.0,0.5,1.0,0.5,1.0,0.0,0.5
486,0.0,1.0,1.0,0.5,1.0,0.5,0.5,1.0,0.0
487,0.0,1.0,1.0,0.5,1.0,0.5,0.0,1.0,0.5
488,0.0,1.0,1.0,0.5,1.0,0.0,1.0,0.5,0.5
489,0.0,1.0,1.0,0.5,1.0,0.0,0.5,1.0,0.5
490,0.0,1.0,1.0,0.5,0.5,1.0,0.5,0.0,1.0
491,0.0,1.0,1.0,0.5,0.5,1.0,0.0,0.5,1.0
492,0.0,1.0,1.0,0.5,0.0,1.0,0.5,0.5,1.0
493,0.0,1.0,1.0,0.0,1.0,0.5,1.0,0.5,0.5
494,0.0,1.0,1.0,0.0,1.0,0.5,0.5,1.0,0.5
495,0.0,1.0,1.0,0.0,0.5,1.0,0.5,0.5,1.0
496,0.0,1.0,0.5,1.0,1.0,1.0,0.5,0.5,0.0
497,0.0,1.0,0.5,1.0,1.0,1.0,0.5,0.0,0.5
498,0.0,1.0,0.5,1.0,1.0,1.0,0.0,0.5,0.5
499,0.0,1.0,0.5,1.0,1.0,0.5,0.5,1.0,0.0
500,0.0,1.0,0.5,1.0,1.0,0.0,0.5,1.0,0.5
501,0.0,1.0,0.5,0.5,1.0,1.0,0.5,1.0,0.0
502,0.0,1.0,0.5,0.5,1.0,1.0,0.0,1.0,0.5
503,0.0,1.0,0.5,0.5,1.0,0.5,1.0,1.0,0.0
504,0.0,1.0,0.5,0.5,1.0,0.5,0.0,1.0,1.0
505,0.0,1.0,0.5,0.5,1.0,0.0,1.0,1.0,0.5
506,0.0,1.0,0.5,0.5,1.0,0.0,0.5,1.0,1.0
507,0.0,1.0,0.5,0.5,1.0,0.0,0.0,1.0,0.0
508,0.0,1.0,0.5,0.5,0.5,0.0,1.0,1.0,1.0
509,0.0,1.0,0.5,0.5,0.0,0.5,1.0,1.0,1.0
510,0.0,1.0,0.5,0.0,1.0,1.0,0.5,1.0,0.5
511,0.0,1.0,0.5,0.0,1.0,0.5,0.5,1.0,1.0
512,0.0,1.0,0.5,0.0,1.0,0.5,0.0,1.0,0.0
513,0.0,1.0,0.5,0.0,1.0,0.0,0.5,1.0,0.0
514,0.0,1.0,0.5,0.0,1.0,0.0,0.0,1.0,0.5
515,0.0,1.0,0.5,0.0,0.5,0.5,1.0,1.0,1.0
516,0.0,1.0,0.0,1.0,1.0,0.5,0.5,1.0,0.5
517,0.0,1.0,0.0,0.5,1.0,1.0,0.5,1.0,0.5
518,0.0,1.0,0.0,0.5,1.0,0.5,1.0,1.0,0.5
519,0.0,1.0,0.0,0.5,1.0,0.5,0.5,1.0,1.0
520,0.0,1.0,0.0,0.5,1.0,0.5,0.0,1.0,0.0
521,0.0,1.0,0.0,0.5,1.0,0.0,0.5,1.0,0.0
522,0.0,1.0,0.0,0.5,1.0,0.0,0.0,1.0,0.5
523,0.0,1.0,0.0,0.0,1.0,0.5,0.5,1.0,0.0
524,0.0,1.0,0.0,0.0,1.0,0.5,0.0,1.0,0.5
525,0.0,1.0,0.0,0.0,1.0,0.0,0.5,1.0,0.5
526,0.0,0.5,1.0,1.0,1.0,1.0,0.5,0.5,0.0
527,0.0,0.5,1.0,1.0,1.0,1.0,0.5,0.0,0.5
528,0.0,0.5,1.0,1.0,1.0,1.0,0.0,0.5,0.5
529,0.0,0.5,1.0,1.0,1.0,0.5,1.0,0.5,0.0
530,0.0,0.5,1.0,1.0,1.0,0.5,1.0,0.0,0.5
531,0.0,0.5,1.0,1.0,1.0,0.0,1.0,0.5,0.5
532,0.0,0.5,1.0,1.0,0.5,1.0,0.5,0.0,1.0
533,0.0,0.5,1.0,1.0,0.0,1.0,0.5,0.5,1.0
534,0.0,0.5,1.0,0.5,1.0,1.0,1.0,0.5,0.0
535,0.0,0.5,1.0,0.5,1.0,1.0,1.0,0.0,0.5
536,0.0,0.5,1.0,0.5,1.0,1.0,0.5,0.0,1.0
537,0.0,0.5,1.0,0.5,1.0,1.0,0.0,0.5,1.0
538,0.0,0.5,1.0,0.5,1.0,0.5,1.0,1.0,0.0
539,0.0,0.5,1.0,0.5,1.0,0.5,1.0,0.0,1.0
540,0.0,0.5,1.0,0.5,1.0,0.0,1.0,1.0,0.5
541,0.0,0.5,1.0,0.5,1.0,0.0,1.0,0.5,1.0
542,0.0,0.5,1.0,0.5,1.0,0.0,1.0,0.0,0.0
543,0.0,0.5,1.0,0.5,0.5,1.0,1.0,0.0,1.0
544,0.0,0.5,1.0,0.5,0.5,1.0,0.0,1.0,1.0
545,0.0,0.5,1.0,0.5,0.5,0.0,1.0,1.0,1.0
546,0.0,0.5,1.0,0.5,0.0,1.0,1.0,0.5,1.0
547,0.0,0.5,1.0,0.5,0.0,1.0,0.5,1.0,1.0
548,0.0,0.5,1.0,0.5,0.0,1.0,0.0,0.0,1.0
549,0.0,0.5,1.0,0.5,0.0,0.5,1.0,1.0,1.0
550,0.0,0.5,1.0,0.0,1.0,1.0,1.0,0.5,0.5
551,0.0,0.5,1.0,0.0,1.0,1.0,0.5,0.5,1.0
552,0.0,0.5,1.0,0.0,1.0,0.5,1.0,1.0,0.5
553,0.0,0.5,1.0,0.0,1.0,0.5,1.0,0.5,1.0
554,0.0,0.5,1.0,0.0,1.0,0.5,1.0,0.0,0.0
555,0.0,0.5,1.0,0.0,1.0,0.0,1.0,0.5,0.0
556,0.0,0.5,1.0,0.0,1.0,0.0,1.0,0.0,0.5
557,0.0,0.5,1.0,0.0,0.5,1.0,0.5,1.0,1.0
558,0.0,0.5,1.0,0.0,0.5,1.0,0.0,0.0,1.0
559,0.0,0.5,1.0,0.0,0.5,0.5,1.0,1.0,1.0
560,0.0,0.5,1.0,0.0,0.0,1.0,0.5,0.0,1.0
561,0.0,0.5,1.0,0.0,0.0,1.0,0.0,0.5,1.0
562,0.0,0.5,0.5,1.0,1.0,1.0,1.0,0.5,0.0
563,0.0,0.5,0.5,1.0,1.0,1.0,1.0,0.0,0.5
564,0.0,0.5,0.5,1.0,1.0,1.0,0.5,1.0,0.0
565,0.0,0.5,0.5,1.0,1.0,1.0,0.5,0.0,1.0
566,0.0,0.5,0.5,1.0,1.0,1.0,0.0,1.0,0.5
567,0.0,0.5,0.5,1.0,1.0,1.0,0.0,0.5,1.0
568,0.0,0.5,0.5,1.0,1.0,1.0,0.0,0.0,0.0
569,0.0,0.5,0.5,1.0,0.5,0.0,1.0,1.0,1.0
570,0.0,0.5,0.5,1.0,0.0,0.5,1.0,1.0,1.0
571,0.0,0.5,0.5,0.5,1.0,0.0,1.0,1.0,1.0
572,0.0,0.5,0.5,0.5,0.0,1.0,1.0,1.0,1.0
573,0.0,0.5,0.5,0.0,1.0,0.5,1.0,1.0,1.0
574,0.0,0.5,0.5,0.0,0.5,1.0,1.0,1.0,1.0
575,0.0,0.5,0.5,0.0,0.0,0.0,1.0,1.0,1.0
576,0.0,0.5,0.0,1.0,1.0,1.0,1.0,0.5,0.5
577,0.0,0.5,0.0,1.0,1.0,1.0,0.5,1.0,0.5
578,0.0,0.5,0.0,1.0,1.0,1.0,0.5,0.5,1.0
579,0.0,0.5,0.0,1.0,1.0,1.0,0.5,0.0,0.0
580,0.0,0.5,0.0,1.0,1.0,1.0,0.0,0.5,0.0
581,0.0,0.5,0.0,1.0,1.0,1.0,0.0,0.0,0.5
582,0.0,0.5,0.0,1.0,0.5,0.5,1.0,1.0,1.0
583,0.0,0.5,0.0,0.5,1.0,0.5,1.0,1.0,1.0
584,0.0,0.5,0.0,0.5,0.5,1.0,1.0,1.0,1.0
585,0.0,0.5,0.0,0.5,0.0,0.0,1.0,1.0,1.0
586,0.0,0.5,0.0,0.0,0.5,0.0,1.0,1.0,1.0
587,0.0,0.5,0.0,0.0,0.0,0.5,1.0,1.0,1.0
588,0.0,0.0,1.0,1.0,1.0,0.5,1.0,0.5,0.5
589,0.0,0.0,1.0,1.0,0.5,1.0,0.5,0.5,1.0
590,0.0,0.0,1.0,0.5,1.0,1.0,1.0,0.5,0.5
591,0.0,0.0,1.0,0.5,1.0,1.0,0.5,0.5,1.0
592,0.0,0.0,1.0,0.5,1.0,0.5,1.0,1.0,0.5
593,0.0,0.0,1.0,0.5,1.0,0.5,1.0,0.5,1.0
594,0.0,0.0,1.0,0.5,1.0,0.5,1.0,0.0,0.0
595,0.0,0.0,1.0,0.5,1.0,0.0,1.0,0.5,0.0
596,0.0,0.0,1.0,0.5,1.0,0.0,1.0,0.0,0.5
597,0.0,0.0,1.0,0.5,0.5,1.0,1.0,0.5,1.0
598,0.0,0.0,1.0,0.5,0.5,1.0,0.5,1.0,1.0
599,0.0,0.0,1.0,0.5,0.5,1.0,0.0,0.0,1.0
600,0.0,0.0,1.0,0.5,0.0,1.0,0.5,0.0,1.0
601,0.0,0.0,1.0,0.5,0.0,1.0,0.0,0.5,1.0
602,0.0,0.0,1.0,0.0,1.0,0.5,1.0,0.5,0.0
603,0.0,0.0,1.0,0.0,1.0,0.5,1.0,0.0,0.5
604,0.0,0.0,1.0,0.0,1.0,0.0,1.0,0.5,0.5
605,0.0,0.0,1.0,0.0,0.5,1.0,0.5,0.0,1.0
606,0.0,0.0,1.0,0.0,0.5,1.0,0.0,0.5,1.0
607,0.0,0.0,1.0,0.0,0.0,1.0,0.5,0.5,1.0
608,0.0,0.0,0.5,1.0,1.0,1.0,1.0,0.5,0.5
609,0.0,0.0,0.5,1.0,1.0,1.0,0.5,1.0,0.5
610,0.0,0.0,0.5,1.0,1.0,1.0,0.5,0.5,1.0
611,0.0,0.0,0.5,1.0,1.0,1.0,0.5,0.0,0.0
612,0.0,0.0,0.5,1.0,1.0,1.0,0.0,0.5,0.0
613,0.0,0.0,0.5,1.0,1.0,1.0,0.0,0.0,0.5
614,0.0,0.0,0.5,1.0,0.5,0.5,1.0,1.0,1.0
615,0.0,0.0,0.5,0.5,1.0,0.5,1.0,1.0,1.0
616,0.0,0.0,0.5,0.5,0.5,1.0,1.0,1.0,1.0
617,0.0,0.0,0.5,0.5,0.0,0.0,1.0,1.0,1.0
618,0.0,0.0,0.5,0.0,0.5,0.0,1.0,1.0,1.0
619,0.0,0.0,0.5,0.0,0.0,0.5,1.0,1.0,1.0
620,0.0,0.0,0.0,1.0,1.0,1.0,0.5,0.5,0.0
621,0.0,0.0,0.0,1.0,1.0,1.0,0.5,0.0,0.5
622,0.0,0.0,0.0,1.0,1.0,1.0,0.0,0.5,0.5
623,0.0,0.0,0.0,0.5,0.5,0.0,1.0,1.0,1.0
624,0.0,0.0,0.0,0.5,0.0,0.5,1.0,1.0,1.0
625,0.0,0.0,0.0,0.0,0.5,0.5,1.0,1.0,1.0
626,1.0,1.0,0.5,1.0,1.0,0.5,0.5,0.0,0.5
627,1.0,1.0,0.5,1.0,1.0,0.5,0.0,0.5,0.5
628,1.0,1.0,0.5,1.0,1.0,0.0,0.5,0.5,0.5
629,1.0,1.0,0.5,1.0,0.5,1.0,0.5,0.5,0.0
630,1.0,1.0,0.5,1.0,0.5,1.0,0.5,0.0,0.5
631,1.0,1.0,0.5,1.0,0.5,0.5,0.5,1.0,0.0
632,1.0,1.0,0.5,1.0,0.5,0.5,0.5,0.0,1.0
633,1.0,1.0,0.5,1.0,0.5,0.5,0.0,1.0,0.5
634,1.0,1.0,0.5,1.0,0.5,0.0,0.5,1.0,0.5
635,1.0,1.0,0.5,1.0,0.5,0.0,0.5,0.5,1.0
636,1.0,1.0,0.5,1.0,0.5,0.0,0.5,0.0,0.0
637,1.0,1.0,0.5,1.0,0.0,1.0,0.5,0.5,0.5
638,1.0,1.0,0.5,1.0,0.0,0.5,0.5,1.0,0.5
639,1.0,1.0,0.5,1.0,0.0,0.5,0.0,0.0,0.5
640,1.0,1.0,0.5,0.5,1.0,0.5,1.0,0.0,0.5
641,1.0,1.0,0.5,0.5,0.5,1.0,0.5,1.0,0.0
642,1.0,1.0,0.5,0.5,0.5,1.0,0.5,0.0,1.0
643,1.0,1.0,0.5,0.5,0.5,0.5,1.0,1.0,0.0
644,1.0,1.0,0.5,0.5,0.5,0.5,1.0,0.0,1.0
645,1.0,1.0,0.5,0.5,0.5,0.5,0.0,1.0,1.0
646,1.0,1.0,0.5,0.5,0.5,0.0,0.5,1.0,1.0
647,1.0,1.0,0.5,0.5,0.0,0.5,1.0,1.0,0.5
648,1.0,1.0,0.5,0.0,1.0,1.0,0.5,0.5,0.5
649,1.0,1.0,0.5,0.0,1.0,0.5,1.0,0.5,0.5
650,1.0,1.0,0.5,0.0,1.0,0.5,0.0,0.0,0.5
651,1.0,1.0,0.5,0.0,0.5,1.0,0.5,1.0,0.5
652,1.0,1.0,0.5,0.0,0.5,1.0,0.5,0.5,1.0
653,1.0,1.0,0.5,0.0,0.5,1.0,0.5,0.0,0.0
654,1.0,1.0,0.5,0.0,0.5,0.5,1.0,1.0,0.5
655,1.0,1.0,0.5,0.0,0.5,0.5,0.5,1.0,1.0
656,1.0,1.0,0.5,0.0,0.5,0.0,0.5,1.0,0.0
657,1.0,1.0,0.5,0.0,0.5,0.0,0.5,0.0,1.0
658,1.0,1.0,0.5,0.0,0.0,0.5,1.0,0.0,0.5
659,1.0,1.0,0.5,0.0,0.0,0.5,0.0,1.0,0.5
660,1.0,1.0,0.0,1.0,1.0,0.5,0.5,0.5,0.5
661,1.0,1.0,0.0,1.0,0.5,1.0,0.5,0.5,0.5
662,1.0,1.0,0.0,1.0,0.0,0.0,0.5,0.5,0.5
663,1.0,1.0,0.0,0.5,1.0,1.0,0.5,0.5,0.5
664,1.0,1.0,0.0,0.5,0.5,0.5,1.0,1.0,0.5
665,1.0,1.0,0.0,0.5,0.5,0.5,1.0,0.5,1.0
666,1.0,1.0,0.0,0.5,0.5,0.5,1.0,0.0,0.0
667,1.0,1.0,0.0,0.5,0.5,0.5,0.5,1.0,1.0
668,1.0,1.0,0.0,0.5,0.5,0.5,0.0,1.0,0.0
669,1.0,1.0,0.0,0.5,0.5,0.5,0.0,0.0,1.0
670,1.0,1.0,0.0,0.0,1.0,0.0,0.5,0.5,0.5
671,1.0,1.0,0.0,0.0,0.0,1.0,0.5,0.5,0.5
672,1.0,0.5,1.0,1.0,1.0,0.0,0.5,0.5,0.5
673,1.0,0.5,1.0,1.0,0.5,1.0,0.5,0.5,0.0
674,1.0,0.5,1.0,1.0,0.5,1.0,0.0,0.5,0.5
675,1.0,0.5,1.0,1.0,0.5,0.5,0.0,0.5,1.0
676,1.0,0.5,1.0,1.0,0.5,0.0,0.5,0.5,1.0
677,1.0,0.5,1.0,1.0,0.5,0.0,0.0,0.5,0.0
678,1.0,0.5,1.0,1.0,0.0,1.0,0.5,0.5,0.5
679,1.0,0.5,1.0,0.5,0.5,1.0,1.0,0.5,0.0
680,1.0,0.5,1.0,0.5,0.5,0.5,1.0,1.0,0.0
681,1.0,0.5,1.0,0.5,0.5,0.5,1.0,0.0,1.0
682,1.0,0.5,1.0,0.5,0.5,0.5,0.0,1.0,1.0
683,1.0,0.5,1.0,0.5,0.5,0.0,1.0,0.5,1.0
684,1.0,0.5,1.0,0.0,1.0,1.0,0.5,0.5,0.5
685,1.0,0.5,1.0,0.0,0.5,1.0,1.0,0.5,0.5
686,1.0,0.5,1.0,0.0,0.5,1.0,0.0,0.5,0.0
687,1.0,0.5,1.0,0.0,0.5,0.5,1.0,0.5,1.0
688,1.0,0.5,1.0,0.0,0.5,0.0,1.0,0.5,0.0
689,1.0,0.5,1.0,0.0,0.5,0.0,0.0,0.5,1.0
690,1.0,0.5,0.5,1.0,1.0,0.5,0.0,1.0,0.5
691,1.0,0.5,0.5,1.0,0.5,1.0,0.5,1.0,0.0
692,1.0,0.5,0.5,1.0,0.5,1.0,0.5,0.0,1.0
693,1.0,0.5,0.5,1.0,0.5,1.0,0.0,0.5,1.0
694,1.0,0.5,0.5,1.0,0.5,0.0,0.5,1.0,1.0
695,1.0,0.5,0.5,0.0,1.0,0.5,1.0,1.0,0.5
696,1.0,0.5,0.5,0.0,0.5,1.0,1.0,0.5,1.0
697,1.0,0.5,0.5,0.0,0.5,1.0,0.5,1.0,1.0
698,1.0,0.5,0.0,1.0,0.5,1.0,0.5,0.5,1.0
699,1.0,0.5,0.0,1.0,0.5,1.0,0.0,0.5,0.0
700,1.0,0.5,0.0,1.0,0.5,0.0,0.0,0.5,1.0
701,1.0,0.5,0.0,0.5,0.5,1.0,1.0,0.5,1.0
702,1.0,0.5,0.0,0.0,0.5,1.0,1.0,0.5,0.0
703,1.0,0.5,0.0,0.0,0.5,1.0,0.0,0.5,1.0
704,1.0,0.5,0.0,0.0,0.5,0.0,1.0,0.5,1.0
705,1.0,0.0,1.0,1.0,1.0,0.5,0.5,0.5,0.5
706,1.0,0.0,1.0,1.0,0.5,1.0,0.5,0.5,0.5
707,1.0,0.0,1.0,1.0,0.0,0.0,0.5,0.5,0.5
708,1.0,0.0,1.0,0.5,1.0,1.0,0.5,0.5,0.5
709,1.0,0.0,1.0,0.5,0.5,0.5,1.0,1.0,0.5
710,1.0,0.0,1.0,0.5,0.5,0.5,1.0,0.5,1.0
711,1.0,0.0,1.0,0.5,0.5,0.5,1.0,0.0,0.0
712,1.0,0.0,1.0,0.5,0.5,0.5,0.5,1.0,1.0
713,1.0,0.0,1.0,0.5,0.5,0.5,0.0,1.0,0.0
714,1.0,0.0,1.0,0.5,0.5,0.5,0.0,0.0,1.0
715,1.0,0.0,1.0,0.0,1.0,0.0,0.5,0.5,0.5
716,1.0,0.0,1.0,0.0,0.0,1.0,0.5,0.5,0.5
717,1.0,0.0,0.5,1.0,1.0,0.5,0.5,1.0,0.5
718,1.0,0.0,0.5,1.0,1.0,0.5,0.0,0.0,0.5
719,1.0,0.0,0.5,1.0,0.5,1.0,0.5,1.0,0.5
720,1.0,0.0,0.5,1.0,0.5,1.0,0.5,0.5,1.0
721,1.0,0.0,0.5,1.0,0.5,1.0,0.5,0.0,0.0
722,1.0,0.0,0.5,1.0,0.5,0.5,0.5,1.0,1.0
723,1.0,0.0,0.5,1.0,0.5,0.0,0.5,1.0,0.0
724,1.0,0.0,0.5,1.0,0.5,0.0,0.5,0.0,1.0
725,1.0,0.0,0.5,1.0,0.0,0.5,0.0,1.0,0.5
726,1.0,0.0,0.5,0.5,1.0,0.5,1.0,1.0,0.5
727,1.0,0.0,0.5,0.5,0.5,1.0,0.5,1.0,1.0
728,1.0,0.0,0.5,0.0,1.0,0.5,1.0,0.0,0.5
729,1.0,0.0,0.5,0.0,1.0,0.5,0.0,1.0,0.5
730,1.0,0.0,0.5,0.0,0.5,1.0,0.5,1.0,0.0
731,1.0,0.0,0.5,0.0,0.5,1.0,0.5,0.0,1.0
732,1.0,0.0,0.5,0.0,0.5,0.0,0.5,1.0,1.0
733,1.0,0.0,0.5,0.0,0.0,0.5,1.0,1.0,0.5
734,1.0,0.0,0.0,1.0,1.0,0.0,0.5,0.5,0.5
735,1.0,0.0,0.0,1.0,0.0,1.0,0.5,0.5,0.5
736,1.0,0.0,0.0,0.5,0.5,0.5,1.0,1.0,0.0
737,1.0,0.0,0.0,0.5,0.5,0.5,1.0,0.0,1.0
738,1.0,0.0,0.0,0.5,0.5,0.5,0.0,1.0,1.0
739,1.0,0.0,0.0,0.0,1.0,1.0,0.5,0.5,0.5
740,0.5,1.0,1.0,1.0,1.0,0.0,0.5,0.5,0.5
741,0.5,1.0,1.0,1.0,0.5,1.0,0.5,0.0,0.5
742,0.5,1.0,1.0,1.0,0.5,1.0,0.0,0.5,0.5
743,0.5,1.0,1.0,1.0,0.5,0.5,1.0,0.0,0.5
744,0.5,1.0,1.0,1.0,0.5,0.5,0.0,1.0,0.5
745,0.5,1.0,1.0,1.0,0.5,0.0,1.0,0.5,0.5
746,0.5,1.0,1.0,1.0,0.5,0.0,0.5,1.0,0.5
747,0.5,1.0,1.0,1.0,0.5,0.0,0.0,0.0,0.5
748,0.5,1.0,1.0,1.0,0.0,1.0,0.5,0.5,0.5
749,0.5,1.0,1.0,0.5,1.0,1.0,0.5,0.5,0.0
750,0.5,1.0,1.0,0.5,1.0,1.0,0.5,0.0,0.5
751,0.5,1.0,1.0,0.5,1.0,0.5,0.5,0.0,1.0
752,0.5,1.0,1.0,0.5,1.0,0.0,0.5,0.5,1.0
753,0.5,1.0,1.0,0.5,1.0,0.0,0.5,0.0,0.0
754,0.5,1.0,1.0,0.5,0.5,1.0,1.0,0.0,0.5
755,0.5,1.0,1.0,0.5,0.5,1.0,0.5,1.0,0.0
756,0.5,1.0,1.0,0.5,0.5,1.0,0.0,1.0,0.5
757,0.5,1.0,1.0,0.5,0.5,0.5,1.0,1.0,0.0
758,0.5,1.0,1.0,0.5,0.5,0.5,1.0,0.0,1.0
759,0.5,1.0,1.0,0.5,0.5,0.5,0.0,1.0,1.0
760,0.5,1.0,1.0,0.5,0.5,0.0,1.0,1.0,0.5
761,0.5,1.0,1.0,0.5,0.5,0.0,0.5,1.0,1.0
762,0.5,1.0,1.0,0.5,0.0,1.0,0.5,1.0,0.5
763,0.5,1.0,1.0,0.5,0.0,1.0,0.5,0.0,0.0
764,0.5,1.0,1.0,0.5,0.0,0.5,0.5,1.0,1.0
765,0.5,1.0,1.0,0.5,0.0,0.0,0.5,1.0,0.0
766,0.5,1.0,1.0,0.5,0.0,0.0,0.5,0.0,1.0
767,0.5,1.0,1.0,0.0,1.0,1.0,0.5,0.5,0.5
768,0.5,1.0,1.0,0.0,0.5,1.0,1.0,0.5,0.5
769,0.5,1.0,1.0,0.0,0.5,1.0,0.5,1.0,0.5
770,0.5,1.0,1.0,0.0,0.5,1.0,0.0,0.0,0.5
771,0.5,1.0,1.0,0.0,0.5,0.5,1.0,1.0,0.5
772,0.5,1.0,1.0,0.0,0.5,0.0,1.0,0.0,0.5
773,0.5,1.0,1.0,0.0,0.5,0.0,0.0,1.0,0.5
774,0.5,1.0,0.5,1.0,1.0,0.5,1.0,0.0,0.5
775,0.5,1.0,0.5,1.0,0.5,1.0,1.0,0.0,0.5
776,0.5,1.0,0.5,1.0,0.5,1.0,0.5,1.0,0.0
777,0.5,1.0,0.5,1.0,0.5,1.0,0.5,0.0,1.0
778,0.5,1.0,0.5,1.0,0.5,1.0,0.0,1.0,0.5
779,0.5,1.0,0.5,1.0,0.5,0.0,1.0,1.0,0.5
780,0.5,1.0,0.5,1.0,0.5,0.0,0.5,1.0,1.0
781,0.5,1.0,0.5,1.0,0.0,0.5,1.0,1.0,0.5
782,0.5,1.0,0.5,0.5,1.0,1.0,0.5,0.0,1.0
783,0.5,1.0,0.5,0.5,0.0,1.0,0.5,1.0,1.0
784,0.5,1.0,0.5,0.0,0.5,1.0,1.0,1.0,0.5
785,0.5,1.0,0.5,0.0,0.5,1.0,0.5,1.0,1.0
786,0.5,1.0,0.0,1.0,0.5,1.0,1.0,0.5,0.5
787,0.5,1.0,0.0,1.0,0.5,1.0,0.5,1.0,0.5
788,0.5,1.0,0.0,1.0,0.5,1.0,0.0,0.0,0.5
789,0.5,1.0,0.0,1.0,0.5,0.5,1.0,1.0,0.5
790,0.5,1.0,0.0,1.0,0.5,0.0,1.0,0.0,0.5
791,0.5,1.0,0.0,1.0,0.5,0.0,0.0,1.0,0.5
792,0.5,1.0,0.0,0.5,1.0,1.0,0.5,0.5,1.0
793,0.5,1.0,0.0,0.5,1.0,1.0,0.5,0.0,0.0
794,0.5,1.0,0.0,0.5,1.0,0.0,0.5,0.0,1.0
795,0.5,1.0,0.0,0.5,0.5,1.0,1.0,1.0,0.5
796,0.5,1.0,0.0,0.5,0.5,1.0,0.5,1.0,1.0
797,0.5,1.0,0.0,0.5,0.0,1.0,0.5,1.0,0.0
798,0.5,1.0,0.0,0.5,0.0,1.0,0.5,0.0,1.0
799,0.5,1.0,0.0,0.5,0.0,0.0,0.5,1.0,1.0
800,0.5,1.0,0.0,0.0,0.5,1.0,1.0,0.0,0.5
801,0.5,1.0,0.0,0.0,0.5,1.0,0.0,1.0,0.5
802,0.5,1.0,0.0,0.0,0.5,0.0,1.0,1.0,0.5
803,0.5,0.5,1.0,1.0,0.5,1.0,1.0,0.5,0.0
804,0.5,0.5,1.0,1.0,0.5,1.0,1.0,0.0,0.5
805,0.5,0.5,1.0,1.0,0.5,1.0,0.0,1.0,0.5
806,0.5,0.5,1.0,1.0,0.5,0.0,1.0,1.0,0.5
807,0.5,0.5,1.0,1.0,0.5,0.0,1.0,0.5,1.0
808,0.5,0.5,1.0,0.5,1.0,1.0,0.5,1.0,0.0
809,0.5,0.5,1.0,0.5,1.0,0.0,0.5,1.0,1.0
810,0.5,0.5,1.0,0.0,0.5,1.0,1.0,1.0,0.5
811,0.5,0.5,0.5,1.0,1.0,0.5,1.0,1.0,0.0
812,0.5,0.5,0.5,1.0,1.0,0.5,1.0,0.0,1.0
813,0.5,0.5,0.5,1.0,1.0,0.5,0.0,1.0,1.0
814,0.5,0.5,0.5,1.0,1.0,0.0,1.0,1.0,0.5
815,0.5,0.5,0.5,1.0,1.0,0.0,1.0,0.5,1.0
816,0.5,0.5,0.5,1.0,1.0,0.0,1.0,0.0,0.0
817,0.5,0.5,0.5,1.0,1.0,0.0,0.5,1.0,1.0
818,0.5,0.5,0.5,1.0,1.0,0.0,0.0,1.0,0.0
819,0.5,0.5,0.5,1.0,1.0,0.0,0.0,0.0,1.0
820,0.5,0.5,0.5,1.0,0.5,1.0,1.0,1.0,0.0
821,0.5,0.5,0.5,1.0,0.5,1.0,1.0,0.0,1.0
822,0.5,0.5,0.5,1.0,0.5,1.0,0.0,1.0,1.0
823,0.5,0.5,0.5,1.0,0.0,1.0,1.0,1.0,0.5
824,0.5,0.5,0.5,1.0,0.0,1.0,1.0,0.5,1.0
825,0.5,0.5,0.5,1.0,0.0,1.0,1.0,0.0,0.0
826,0.5,0.5,0.5,1.0,0.0,1.0,0.5,1.0,1.0
827,0.5,0.5,0.5,1.0,0.0,1.0,0.0,1.0,0.0
828,0.5,0.5,0.5,1.0,0.0,1.0,0.0,0.0,1.0
829,0.5,0.5,0.5,1.0,0.0,0.0,1.0,1.0,0.0
830,0.5,0.5,0.5,1.0,0.0,0.0,1.0,0.0,1.0
831,0.5,0.5,0.5,1.0,0.0,0.0,0.0,1.0,1.0
832,0.5,0.5,0.5,0.5,1.0,1.0,1.0,1.0,0.0
833,0.5,0.5,0.5,0.5,1.0,1.0,1.0,0.0,1.0
834,0.5,0.5,0.5,0.5,1.0,1.0,0.0,1.0,1.0
835,0.5,0.5,0.5,0.0,1.0,1.0,1.0,1.0,0.5
836,0.5,0.5,0.5,0.0,1.0,1.0,1.0,0.5,1.0
837,0.5,0.5,0.5,0.0,1.0,1.0,1.0,0.0,0.0
838,0.5,0.5,0.5,0.0,1.0,1.0,0.5,1.0,1.0
839,0.5,0.5,0.5,0.0,1.0,1.0,0.0,1.0,0.0
840,0.5,0.5,0.5,0.0,1.0,1.0,0.0,0.0,1.0
841,0.5,0.5,0.5,0.0,1.0,0.0,1.0,1.0,0.0
842,0.5,0.5,0.5,0.0,1.0,0.0,1.0,0.0,1.0
843,0.5,0.5,0.5,0.0,1.0,0.0,0.0,1.0,1.0
844,0.5,0.5,0.5,0.0,0.0,1.0,1.0,1.0,0.0
845,0.5,0.5,0.5,0.0,0.0,1.0,1.0,0.0,1.0
846,0.5,0.5,0.5,0.0,0.0,1.0,0.0,1.0,1.0
847,0.5,0.5,0.0,1.0,0.5,1.0,1.0,1.0,0.5
848,0.5,0.5,0.0,1.0,0.5,1.0,1.0,0.5,1.0
849,0.5,0.5,0.0,0.5,1.0,1.0,0.5,1.0,1.0
850,0.5,0.0,1.0,1.0,0.5,1.0,1.0,0.5,0.5
851,0.5,0.0,1.0,1.0,0.5,1.0,0.5,1.0,0.5
852,0.5,0.0,1.0,1.0,0.5,1.0,0.0,0.0,0.5
853,0.5,0.0,1.0,1.0,0.5,0.5,1.0,1.0,0.5
854,0.5,0.0,1.0,1.0,0.5,0.0,1.0,0.0,0.5
855,0.5,0.0,1.0,1.0,0.5,0.0,0.0,1.0,0.5
856,0.5,0.0,1.0,0.5,1.0,1.0,0.5,1.0,0.5
857,0.5,0.0,1.0,0.5,1.0,1.0,0.5,0.0,0.0
858,0.5,0.0,1.0,0.5,1.0,0.5,0.5,1.0,1.0
859,0.5,0.0,1.0,0.5,1.0,0.0,0.5,1.0,0.0
860,0.5,0.0,1.0,0.5,1.0,0.0,0.5,0.0,1.0
861,0.5,0.0,1.0,0.5,0.5,1.0,1.0,1.0,0.5
862,0.5,0.0,1.0,0.5,0.0,1.0,0.5,1.0,0.0
863,0.5,0.0,1.0,0.5,0.0,0.0,0.5,1.0,1.0
864,0.5,0.0,1.0,0.0,0.5,1.0,1.0,0.0,0.5
865,0.5,0.0,1.0,0.0,0.5,1.0,0.0,1.0,0.5
866,0.5,0.0,1.0,0.0,0.5,0.0,1.0,1.0,0.5
867,0.5,0.0,0.5,1.0,1.0,0.5,1.0,1.0,0.5
868,0.5,0.0,0.5,1.0,0.5,1.0,1.0,1.0,0.5
869,0.5,0.0,0.5,1.0,0.5,1.0,0.5,1.0,1.0
870,0.5,0.0,0.5,0.5,1.0,1.0,0.5,1.0,1.0
871,0.5,0.0,0.0,1.0,0.5,1.0,1.0,0.0,0.5
872,0.5,0.0,0.0,1.0,0.5,1.0,0.0,1.0,0.5
873,0.5,0.0,0.0,1.0,0.5,0.0,1.0,1.0,0.5
874,0.5,0.0,0.0,0.5,1.0,1.0,0.5,1.0,0.0
875,0.5,0.0,0.0,0.5,1.0,1.0,0.5,0.0,1.0
876,0.5,0.0,0.0,0.5,1.0,0.0,0.5,1.0,1.0
877,0.5,0.0,0.0,0.5,0.0,1.0,0.5,1.0,1.0
878,0.5,0.0,0.0,0.0,0.5,1.0,1.0,1.0,0.5
879,0.0,1.0,1.0,1.0,1.0,0.5,0.5,0.5,0.5
880,0.0,1.0,1.0,1.0,0.5,1.0,0.5,0.5,0.5
881,0.0,1.0,1.0,1.0,0.0,0.0,0.5,0.5,0.5
882,0.0,1.0,1.0,0.5,1.0,1.0,0.5,0.5,0.5
883,0.0,1.0,1.0,0.5,0.5,0.5,1.0,1.0,0.5
884,0.0,1.0,1.0,0.5,0.5,0.5,1.0,0.5,1.0
885,0.0,1.0,1.0,0.5,0.5,0.5,1.0,0.0,0.0
886,0.0,1.0,1.0,0.5,0.5,0.5,0.5,1.0,1.0
887,0.0,1.0,1.0,0.5,0.5,0.5,0.0,1.0,0.0
888,0.0,1.0,1.0,0.5,0.5,0.5,0.0,0.0,1.0
889,0.0,1.0,1.0,0.0,1.0,0.0,0.5,0.5,0.5
890,0.0,1.0,1.0,0.0,0.0,1.0,0.5,0.5,0.5
891,0.0,1.0,0.5,1.0,1.0,0.5,1.0,0.5,0.5
892,0.0,1.0,0.5,1.0,1.0,0.5,0.0,0.0,0.5
893,0.0,1.0,0.5,1.0,0.5,1.0,0.5,1.0,0.5
894,0.0,1.0,0.5,1.0,0.5,1.0,0.5,0.5,1.0
895,0.0,1.0,0.5,1.0,0.5,1.0,0.5,0.0,0.0
896,0.0,1.0,0.5,1.0,0.5,0.5,1.0,1.0,0.5
897,0.0,1.0,0.5,1.0,0.5,0.5,0.5,1.0,1.0
898,0.0,1.0,0.5,1.0,0.5,0.0,0.5,1.0,0.0
899,0.0,1.0,0.5,1.0,0.5,0.0,0.5,0.0,1.0
900,0.0,1.0,0.5,1.0,0.0,0.5,1.0,0.0,0.5
901,0.0,1.0,0.5,1.0,0.0,0.5,0.0,1.0,0.5
902,0.0,1.0,0.5,0.5,0.5,1.0,0.5,1.0,1.0
903,0.0,1.0,0.5,0.0,1.0,0.5,1.0,0.0,0.5
904,0.0,1.0,0.5,0.0,0.5,1.0,0.5,1.0,0.0
905,0.0,1.0,0.5,0.0,0.5,1.0,0.5,0.0,1.0
906,0.0,1.0,0.5,0.0,0.5,0.0,0.5,1.0,1.0
907,0.0,1.0,0.5,0.0,0.0,0.5,1.0,1.0,0.5
908,0.0,1.0,0.0,1.0,1.0,0.0,0.5,0.5,0.5
909,0.0,1.0,0.0,1.0,0.0,1.0,0.5,0.5,0.5
910,0.0,1.0,0.0,0.5,0.5,0.5,1.0,1.0,0.0
911,0.0,1.0,0.0,0.5,0.5,0.5,1.0,0.0,1.0
912,0.0,1.0,0.0,0.5,0.5,0.5,0.0,1.0,1.0
913,0.0,1.0,0.0,0.0,1.0,1.0,0.5,0.5,0.5
914,0.0,0.5,1.0,1.0,0.5,1.0,1.0,0.5,0.5
915,0.0,0.5,1.0,1.0,0.5,1.0,0.0,0.5,0.0
916,0.0,0.5,1.0,1.0,0.5,0.5,1.0,0.5,1.0
917,0.0,0.5,1.0,1.0,0.5,0.0,1.0,0.5,0.0
918,0.0,0.5,1.0,1.0,0.5,0.0,0.0,0.5,1.0
919,0.0,0.5,1.0,0.0,0.5,1.0,1.0,0.5,0.0
920,0.0,0.5,1.0,0.0,0.5,0.0,1.0,0.5,1.0
921,0.0,0.5,0.5,1.0,1.0,0.5,1.0,1.0,0.5
922,0.0,0.5,0.5,1.0,0.5,1.0,1.0,0.5,1.0
923,0.0,0.5,0.5,1.0,0.5,1.0,0.5,1.0,1.0
924,0.0,0.5,0.0,1.0,0.5,1.0,1.0,0.5,0.0
925,0.0,0.5,0.0,1.0,0.5,1.0,0.0,0.5,1.0
926,0.0,0.5,0.0,1.0,0.5,0.0,1.0,0.5,1.0
927,0.0,0.5,0.0,0.0,0.5,1.0,1.0,0.5,1.0
928,0.0,0.0,1.0,1.0,1.0,0.0,0.5,0.5,0.5
929,0.0,0.0,1.0,1.0,0.0,1.0,0.5,0.5,0.5
930,0.0,0.0,1.0,0.5,0.5,0.5,1.0,1.0,0.0
931,0.0,0.0,1.0,0.5,0.5,0.5,1.0,0.0,1.0
932,0.0,0.0,1.0,0.5,0.5,0.5,0.0,1.0,1.0
933,0.0,0.0,1.0,0.0,1.0,1.0,0.5,0.5,0.5
934,0.0,0.0,0.5,1.0,1.0,0.5,1.0,0.0,0.5
935,0.0,0.0,0.5,1.0,1.0,0.5,0.0,1.0,0.5
936,0.0,0.0,0.5,1.0,0.5,1.0,0.5,1.0,0.0
937,0.0,0.0,0.5,1.0,0.5,1.0,0.5,0.0,1.0
938,0.0,0.0,0.5,1.0,0.5,0.0,0.5,1.0,1.0
939,0.0,0.0,0.5,1.0,0.0,0.5,1.0,1.0,0.5
940,0.0,0.0,0.5,0.0,1.0,0.5,1.0,1.0,0.5
941,0.0,0.0,0.5,0.0,0.5,1.0,0.5,1.0,1.0
942,1.0,1.0,0.5,0.5,1.0,1.0,1.0,0.5,0.5
943,1.0,1.0,0.5,0.5,0.5,1.0,1.0,1.0,0.5
944,1.0,1.0,0.5,0.5,0.5,1.0,1.0,0.5,1.0
945,1.0,0.5,1.0,1.0,1.0,0.5,0.5,1.0,0.5
946,1.0,0.5,1.0,1.0,0.5,1.0,0.5,1.0,0.5
947,1.0,0.5,1.0,1.0,0.5,0.5,0.5,1.0,1.0
948,1.0,0.5,1.0,0.5,1.0,1.0,0.5,1.0,0.5
949,1.0,0.5,1.0,0.5,0.5,1.0,1.0,1.0,0.5
950,1.0,0.5,0.5,0.5,1.0,1.0,1.0,1.0,0.5
951,0.5,1.0,1.0,1.0,1.0,0.5,0.5,0.5,1.0
952,0.5,1.0,1.0,1.0,0.5,0.5,1.0,0.5,1.0
953,0.5,1.0,1.0,1.0,0.5,0.5,0.5,1.0,1.0
954,0.5,1.0,0.5,1.0,1.0,0.5,1.0,0.5,1.0
955,0.5,1.0,0.5,1.0,0.5,1.0,1.0,0.5,1.0
956,0.5,1.0,0.5,0.5,1.0,1.0,1.0,0.5,1.0
957,0.5,0.5,1.0,1.0,1.0,0.5,0.5,1.0,1.0
