,f1,f2,f3,f4,f5,f6,f7,f8,f9,f10,f11,f12,f13,f14,f15,f16,f17,f18
0,1.0,1.0,0.0,0.0,0.0,0.0,0.0,1.0,0.0,0.3333333333333333,0.5,0.3333333333333333,1.0,1.0,0.0,0.0,1.0,0.14285714285714285
1,0.6666666666666667,1.0,0.0,0.0,1.0,1.0,0.0,1.0,0.0,0.6666666666666667,1.0,0.3333333333333333,0.6666666666666667,0.42857142857142855,0.5,1.0,1.0,0.14285714285714285
2,0.6666666666666667,1.0,1.0,1.0,1.0,1.0,1.0,1.0,0.0,1.0,1.0,0.6666666666666667,1.0,1.0,1.0,1.0,1.0,0.8571428571428572
3,0.6666666666666667,0.0,0.0,0.0,0.0,1.0,0.0,1.0,0.0,0.6666666666666667,1.0,1.0,1.0,0.42857142857142855,1.0,0.0,1.0,0.7142857142857142
4,0.6666666666666667,0.0,0.0,0.0,0.0,0.0,0.0,0.0,0.0,0.3333333333333333,0.5,1.0,0.6666666666666667,0.5714285714285714,0.0,1.0,1.0,0.0
5,0.3333333333333333,0.0,0.0,0.0,0.0,0.0,0.0,1.0,0.0,0.6666666666666667,1.0,0.6666666666666667,0.6666666666666667,0.7142857142857142,1.0,0.0,1.0,0.42857142857142855
6,0.3333333333333333,1.0,0.0,0.0,0.0,0.0,0.0,1.0,0.0,0.3333333333333333,1.0,0.3333333333333333,0.6666666666666667,1.0,0.5,0.0,0.0,0.0
7,0.6666666666666667,1.0,0.0,0.0,0.0,1.0,0.0,1.0,0.0,0.3333333333333333,0.5,0.3333333333333333,0.3333333333333333,0.0,1.0,0.0,0.0,0.0
8,0.3333333333333333,1.0,0.0,0.0,0.0,0.0,0.0,1.0,0.0,0.6666666666666667,0.5,0.3333333333333333,0.3333333333333333,1.0,1.0,0.0,1.0,0.5714285714285714
9,0.3333333333333333,0.0,0.0,0.0,0.0,0.0,0.0,1.0,0.0,0.3333333333333333,0.5,0.6666666666666667,0.6666666666666667,0.5714285714285714,1.0,0.0,0.0,0.14285714285714285
10,0.3333333333333333,1.0,1.0,0.0,1.0,1.0,0.0,1.0,0.0,0.6666666666666667,0.5,1.0,0.6666666666666667,0.5714285714285714,0.0,1.0,1.0,0.2857142857142857
11,1.0,1.0,0.0,0.0,0.0,1.0,0.0,0.0,0.0,0.6666666666666667,1.0,1.0,0.6666666666666667,1.0,1.0,1.0,1.0,0.14285714285714285
12,1.0,1.0,0.0,0.0,0.0,0.0,0.0,1.0,0.0,0.3333333333333333,0.5,0.3333333333333333,0.3333333333333333,0.2857142857142857,0.5,0.0,0.0,0.0
13,1.0,0.0,0.0,0.0,0.0,1.0,0.0,1.0,0.0,1.0,0.5,0.3333333333333333,1.0,0.8571428571428572,1.0,1.0,1.0,0.14285714285714285
14,0.6666666666666667,1.0,1.0,1.0,1.0,1.0,1.0,1.0,1.0,0.0,0.0,0.3333333333333333,0.3333333333333333,1.0,0.0,1.0,1.0,0.42857142857142855
15,0.3333333333333333,1.0,0.0,0.0,0.0,1.0,0.0,1.0,0.0,0.3333333333333333,1.0,0.6666666666666667,0.6666666666666667,0.5714285714285714,1.0,1.0,1.0,0.14285714285714285
16,0.6666666666666667,1.0,0.0,0.0,0.0,1.0,0.0,1.0,0.0,0.3333333333333333,1.0,0.6666666666666667,0.6666666666666667,0.14285714285714285,0.5,1.0,1.0,0.2857142857142857
17,0.3333333333333333,1.0,0.0,0.0,0.0,1.0,0.0,0.0,0.0,0.3333333333333333,0.5,0.3333333333333333,0.6666666666666667,0.5714285714285714,0.5,0.0,1.0,0.14285714285714285
18,0.6666666666666667,0.0,0.0,0.0,0.0,0.0,0.0,1.0,0.0,0.3333333333333333,0.5,0.3333333333333333,0.6666666666666667,0.14285714285714285,0.0,1.0,1.0,0.0
19,0.3333333333333333,1.0,0.0,0.0,0.0,0.0,0.0,1.0,0.0,0.6666666666666667,1.0,0.6666666666666667,0.6666666666666667,0.14285714285714285,0.5,1.0,0.0,0.0
20,0.6666666666666667,0.0,0.0,0.0,0.0,0.0,0.0,1.0,0.0,0.3333333333333333,0.5,1.0,0.3333333333333333,0.42857142857142855,1.0,1.0,1.0,0.2857142857142857
21,1.0,0.0,0.0,0.0,1.0,1.0,0.0,1.0,0.0,0.6666666666666667,1.0,0.6666666666666667,1.0,0.5714285714285714,1.0,1.0,1.0,0.42857142857142855
22,1.0,1.0,0.0,0.0,1.0,1.0,0.0,1.0,0.0,1.0,1.0,1.0,0.6666666666666667,0.42857142857142855,0.5,1.0,1.0,0.14285714285714285
23,0.6666666666666667,1.0,0.0,0.0,0.0,0.0,0.0,1.0,0.0,0.3333333333333333,0.5,0.3333333333333333,0.3333333333333333,0.5714285714285714,0.0,0.0,0.0,0.0
24,0.6666666666666667,0.0,0.0,0.0,0.0,0.0,0.0,1.0,0.5,0.0,0.5,0.3333333333333333,0.3333333333333333,1.0,1.0,0.0,1.0,1.0
25,0.6666666666666667,0.0,0.0,0.0,0.0,1.0,0.0,0.0,0.0,0.6666666666666667,0.5,0.6666666666666667,0.6666666666666667,1.0,1.0,1.0,1.0,0.14285714285714285
26,1.0,0.0,0.0,0.0,0.0,1.0,0.0,1.0,0.0,0.6666666666666667,1.0,1.0,0.3333333333333333,0.42857142857142855,1.0,1.0,1.0,0.42857142857142855
27,1.0,0.0,0.0,0.0,0.0,0.0,0.0,1.0,0.0,0.6666666666666667,0.5,1.0,1.0,1.0,1.0,1.0,1.0,0.0
28,1.0,1.0,0.0,0.0,0.0,0.0,0.0,1.0,0.0,0.3333333333333333,0.5,0.3333333333333333,0.6666666666666667,0.2857142857142857,0.5,1.0,1.0,0.0
29,0.6666666666666667,0.0,0.0,0.0,0.0,0.0,0.0,0.0,0.0,0.3333333333333333,0.5,1.0,0.3333333333333333,1.0,0.5,1.0,1.0,0.0
30,1.0,1.0,0.0,0.0,0.0,1.0,0.0,1.0,0.0,1.0,1.0,0.6666666666666667,0.6666666666666667,0.8571428571428572,1.0,1.0,1.0,0.2857142857142857
31,0.3333333333333333,0.0,0.0,0.0,0.0,0.0,0.0,1.0,0.0,0.6666666666666667,0.5,0.6666666666666667,0.6666666666666667,1.0,1.0,1.0,1.0,0.2857142857142857
32,0.3333333333333333,0.0,0.0,0.0,0.0,0.0,0.0,0.0,0.0,0.3333333333333333,1.0,0.3333333333333333,0.3333333333333333,1.0,0.0,1.0,0.0,0.0
33,0.3333333333333333,1.0,0.0,0.0,0.0,0.0,0.0,0.0,0.0,0.0,0.5,0.3333333333333333,0.6666666666666667,0.2857142857142857,0.0,0.0,0.0,0.0
34,1.0,1.0,0.0,0.0,1.0,1.0,0.0,1.0,0.0,0.6666666666666667,1.0,1.0,0.6666666666666667,0.42857142857142855,1.0,1.0,1.0,0.14285714285714285
35,0.3333333333333333,1.0,1.0,0.0,1.0,1.0,0.0,1.0,0.0,0.6666666666666667,1.0,0.6666666666666667,0.6666666666666667,1.0,1.0,0.0,1.0,0.14285714285714285
36,0.6666666666666667,0.0,0.0,0.0,1.0,1.0,1.0,0.0,1.0,0.0,0.0,1.0,0.3333333333333333,0.5714285714285714,1.0,0.0,1.0,0.42857142857142855
37,0.6666666666666667,0.0,0.0,0.0,0.0,1.0,0.0,1.0,0.0,1.0,1.0,1.0,0.3333333333333333,0.42857142857142855,1.0,1.0,1.0,0.7142857142857142
38,0.3333333333333333,0.0,0.0,0.0,0.0,0.0,0.0,1.0,0.0,0.6666666666666667,1.0,0.3333333333333333,0.6666666666666667,0.42857142857142855,1.0,1.0,1.0,0.14285714285714285
39,0.3333333333333333,0.0,0.0,0.0,0.0,0.0,0.0,1.0,0.0,0.3333333333333333,0.5,0.3333333333333333,0.0,0.8571428571428572,0.0,1.0,1.0,0.14285714285714285
40,0.3333333333333333,0.0,0.0,0.0,0.0,1.0,0.0,1.0,0.0,0.3333333333333333,0.5,0.6666666666666667,0.6666666666666667,0.2857142857142857,1.0,0.0,1.0,0.0
41,0.3333333333333333,1.0,1.0,0.0,1.0,1.0,1.0,1.0,0.0,1.0,0.5,0.3333333333333333,0.3333333333333333,0.42857142857142855,1.0,1.0,1.0,0.7142857142857142
42,0.6666666666666667,1.0,1.0,0.0,0.0,1.0,0.0,0.0,0.0,0.6666666666666667,0.5,0.6666666666666667,0.6666666666666667,0.42857142857142855,1.0,0.0,1.0,0.14285714285714285
43,1.0,1.0,0.0,0.0,1.0,0.0,0.0,1.0,0.0,0.6666666666666667,1.0,0.6666666666666667,0.6666666666666667,0.14285714285714285,0.5,1.0,1.0,0.2857142857142857
44,0.6666666666666667,1.0,1.0,1.0,1.0,1.0,1.0,0.0,0.5,0.3333333333333333,0.5,1.0,0.3333333333333333,0.42857142857142855,1.0,1.0,1.0,0.8571428571428572
45,0.3333333333333333,0.0,0.0,0.0,0.0,0.0,0.0,1.0,0.0,0.3333333333333333,0.5,0.3333333333333333,0.3333333333333333,1.0,0.5,1.0,1.0,0.0
46,0.6666666666666667,1.0,1.0,0.0,1.0,0.0,0.0,1.0,0.0,0.3333333333333333,0.5,0.6666666666666667,0.6666666666666667,1.0,1.0,0.0,1.0,0.0
47,1.0,0.0,0.0,0.0,0.0,0.0,0.0,0.0,0.5,0.0,1.0,1.0,0.3333333333333333,1.0,0.0,1.0,1.0,0.0
48,0.6666666666666667,1.0,1.0,0.0,0.0,1.0,0.0,0.0,0.0,0.3333333333333333,1.0,0.6666666666666667,0.6666666666666667,0.5714285714285714,0.5,0.0,1.0,0.14285714285714285
49,0.3333333333333333,1.0,1.0,0.0,0.0,0.0,0.0,1.0,0.0,0.3333333333333333,0.5,1.0,0.6666666666666667,1.0,0.5,1.0,1.0,0.14285714285714285
50,0.3333333333333333,0.0,0.0,0.0,0.0,0.0,0.0,0.0,0.0,0.0,0.0,0.3333333333333333,0.3333333333333333,0.2857142857142857,0.0,1.0,1.0,0.0
51,0.6666666666666667,1.0,0.0,0.0,0.0,1.0,0.0,1.0,0.0,0.3333333333333333,0.5,0.3333333333333333,1.0,1.0,1.0,0.0,1.0,0.2857142857142857
52,0.6666666666666667,0.0,0.0,0.0,0.0,0.0,1.0,0.0,0.0,0.3333333333333333,0.5,1.0,0.6666666666666667,0.5714285714285714,0.5,0.0,1.0,0.0
53,0.3333333333333333,1.0,0.0,0.0,1.0,1.0,0.0,0.0,0.0,0.6666666666666667,1.0,1.0,0.6666666666666667,0.42857142857142855,1.0,0.0,0.0,0.0
54,0.3333333333333333,1.0,1.0,0.0,1.0,1.0,0.0,0.0,0.0,0.3333333333333333,0.5,0.6666666666666667,0.6666666666666667,0.42857142857142855,0.5,0.0,1.0,0.0
55,1.0,0.0,0.0,0.0,0.0,0.0,0.0,1.0,0.0,0.3333333333333333,0.5,0.6666666666666667,0.6666666666666667,0.2857142857142857,1.0,1.0,0.0,0.0
56,0.3333333333333333,0.0,0.0,0.0,0.0,0.0,0.0,1.0,0.0,0.6666666666666667,0.5,1.0,0.3333333333333333,1.0,1.0,1.0,1.0,0.42857142857142855
57,1.0,1.0,0.0,0.0,1.0,1.0,0.0,1.0,0.0,0.3333333333333333,1.0,0.3333333333333333,0.6666666666666667,0.14285714285714285,1.0,1.0,1.0,0.42857142857142855
58,1.0,1.0,1.0,1.0,1.0,1.0,1.0,1.0,0.0,1.0,1.0,1.0,1.0,0.8571428571428572,1.0,1.0,1.0,1.0
59,0.3333333333333333,1.0,1.0,0.0,1.0,1.0,0.0,1.0,0.0,0.6666666666666667,1.0,0.6666666666666667,0.6666666666666667,1.0,1.0,1.0,1.0,0.14285714285714285
60,1.0,0.0,0.0,0.0,0.0,0.0,0.0,1.0,0.0,1.0,0.5,0.3333333333333333,1.0,0.8571428571428572,1.0,1.0,1.0,0.8571428571428572
61,0.6666666666666667,1.0,1.0,0.0,1.0,1.0,0.0,1.0,0.0,0.6666666666666667,0.5,0.3333333333333333,0.6666666666666667,0.42857142857142855,0.0,1.0,1.0,0.0
62,0.6666666666666667,0.0,0.0,0.0,0.0,1.0,0.0,1.0,0.0,1.0,0.5,1.0,1.0,0.14285714285714285,1.0,1.0,1.0,0.2857142857142857
63,1.0,1.0,0.0,0.0,0.0,1.0,0.0,0.0,0.0,0.3333333333333333,1.0,0.3333333333333333,0.6666666666666667,0.14285714285714285,0.5,0.0,0.0,0.0
64,0.3333333333333333,1.0,0.0,0.0,0.0,0.0,0.0,0.0,0.0,0.3333333333333333,0.5,0.6666666666666667,0.6666666666666667,0.5714285714285714,0.5,1.0,1.0,0.0
65,1.0,0.0,0.0,0.0,1.0,0.0,1.0,1.0,0.0,0.6666666666666667,0.5,0.6666666666666667,1.0,0.5714285714285714,1.0,1.0,1.0,0.8571428571428572
66,0.3333333333333333,0.0,0.0,0.0,0.0,0.0,0.0,1.0,0.0,1.0,1.0,1.0,1.0,0.5714285714285714,1.0,1.0,1.0,0.5714285714285714
67,0.6666666666666667,1.0,1.0,0.0,1.0,1.0,0.0,0.0,0.0,0.6666666666666667,1.0,1.0,0.6666666666666667,0.42857142857142855,0.5,1.0,1.0,0.2857142857142857
68,0.3333333333333333,0.0,0.0,0.0,0.0,0.0,0.0,0.0,0.0,0.3333333333333333,1.0,0.3333333333333333,0.6666666666666667,0.2857142857142857,0.5,1.0,0.0,0.0
69,0.3333333333333333,0.0,0.0,0.0,0.0,0.0,0.0,1.0,0.0,0.6666666666666667,0.5,0.3333333333333333,0.3333333333333333,0.7142857142857142,1.0,1.0,1.0,0.7142857142857142
70,0.6666666666666667,1.0,0.0,0.0,0.0,1.0,0.0,1.0,0.0,0.6666666666666667,1.0,0.6666666666666667,0.6666666666666667,0.42857142857142855,1.0,1.0,1.0,0.0
71,0.6666666666666667,0.0,0.0,0.0,0.0,0.0,0.0,0.0,0.0,0.3333333333333333,0.5,0.3333333333333333,0.3333333333333333,0.5714285714285714,0.0,0.0,1.0,0.14285714285714285
72,1.0,1.0,0.0,0.0,1.0,1.0,0.0,0.0,0.0,0.0,1.0,0.6666666666666667,0.6666666666666667,0.2857142857142857,1.0,1.0,1.0,0.2857142857142857
73,0.6666666666666667,0.0,0.0,0.0,0.0,0.0,0.0,1.0,0.0,1.0,1.0,0.6666666666666667,1.0,0.5714285714285714,1.0,1.0,1.0,0.2857142857142857
74,0.3333333333333333,0.0,0.0,0.0,0.0,1.0,0.0,0.0,0.0,0.3333333333333333,0.5,0.3333333333333333,0.3333333333333333,0.2857142857142857,0.0,0.0,0.0,0.0
75,1.0,1.0,1.0,0.0,1.0,1.0,0.0,1.0,0.0,0.6666666666666667,1.0,1.0,0.6666666666666667,1.0,0.5,1.0,1.0,0.2857142857142857
76,1.0,1.0,1.0,0.0,0.0,0.0,0.0,1.0,0.0,0.3333333333333333,0.5,0.3333333333333333,0.6666666666666667,0.2857142857142857,0.5,1.0,1.0,0.14285714285714285
77,0.6666666666666667,0.0,0.0,0.0,1.0,0.0,0.0,1.0,0.0,0.3333333333333333,1.0,0.6666666666666667,0.6666666666666667,0.5714285714285714,1.0,0.0,0.0,0.0
78,0.0,0.0,0.0,0.0,0.0,0.0,0.0,0.0,0.0,0.0,0.0,0.0,0.0,0.0,0.0,0.0,0.0,0.0
79,0.6666666666666667,1.0,0.0,0.0,0.0,0.0,0.0,1.0,0.0,0.6666666666666667,0.5,0.3333333333333333,1.0,1.0,1.0,1.0,1.0,0.2857142857142857
80,0.3333333333333333,1.0,0.0,0.0,0.0,1.0,0.0,1.0,0.0,0.6666666666666667,1.0,0.6666666666666667,1.0,1.0,1.0,1.0,1.0,0.14285714285714285
81,1.0,1.0,0.0,0.0,0.0,0.0,0.0,0.0,0.0,1.0,1.0,0.6666666666666667,0.6666666666666667,0.42857142857142855,0.5,1.0,0.0,0.0
82,0.3333333333333333,0.0,0.0,0.0,0.0,0.0,0.0,1.0,0.0,0.6666666666666667,0.5,0.3333333333333333,0.3333333333333333,1.0,1.0,1.0,1.0,0.5714285714285714
83,0.3333333333333333,1.0,1.0,0.0,1.0,1.0,1.0,1.0,0.0,0.6666666666666667,1.0,1.0,1.0,0.5714285714285714,1.0,1.0,1.0,0.5714285714285714
84,1.0,0.0,0.0,0.0,0.0,1.0,0.0,1.0,0.0,1.0,1.0,1.0,0.3333333333333333,0.5714285714285714,1.0,1.0,1.0,0.14285714285714285
85,0.3333333333333333,1.0,0.0,0.0,1.0,1.0,0.0,0.0,0.0,0.3333333333333333,0.5,1.0,0.3333333333333333,1.0,1.0,1.0,1.0,0.0
86,0.3333333333333333,1.0,0.0,0.0,0.0,0.0,0.0,1.0,0.0,0.3333333333333333,1.0,0.6666666666666667,0.6666666666666667,0.5714285714285714,0.5,0.0,1.0,0.0
87,0.3333333333333333,1.0,0.0,0.0,0.0,0.0,0.0,1.0,0.0,0.3333333333333333,0.5,0.3333333333333333,0.6666666666666667,1.0,1.0,0.0,1.0,0.0
88,0.3333333333333333,1.0,0.0,0.0,0.0,1.0,0.0,1.0,0.0,0.6666666666666667,1.0,1.0,0.3333333333333333,1.0,1.0,1.0,1.0,0.14285714285714285
89,0.6666666666666667,0.0,0.0,0.0,0.0,0.0,0.0,1.0,0.0,0.6666666666666667,0.5,0.3333333333333333,0.3333333333333333,1.0,0.0,0.0,0.0,0.0
90,1.0,1.0,1.0,0.0,1.0,1.0,0.0,1.0,0.0,0.0,0.5,0.3333333333333333,0.0,0.2857142857142857,0.0,1.0,1.0,0.14285714285714285
91,0.3333333333333333,1.0,1.0,0.0,0.0,1.0,0.0,0.0,0.0,0.3333333333333333,1.0,0.3333333333333333,0.6666666666666667,0.2857142857142857,0.5,0.0,0.0,0.0
92,0.6666666666666667,1.0,1.0,0.0,1.0,1.0,0.0,1.0,0.0,0.3333333333333333,1.0,0.6666666666666667,1.0,0.14285714285714285,0.5,1.0,0.0,0.0
93,0.3333333333333333,0.0,0.0,0.0,0.0,0.0,0.0,0.0,0.0,0.0,0.5,0.3333333333333333,0.6666666666666667,0.2857142857142857,0.0,1.0,1.0,0.0
94,0.3333333333333333,0.0,0.0,0.0,0.0,0.0,0.0,1.0,0.0,0.6666666666666667,0.5,1.0,1.0,0.42857142857142855,1.0,1.0,1.0,0.5714285714285714
95,0.3333333333333333,0.0,0.0,0.0,0.0,0.0,0.0,1.0,0.0,0.3333333333333333,0.5,1.0,0.3333333333333333,1.0,1.0,1.0,1.0,0.2857142857142857
96,0.6666666666666667,1.0,0.0,0.0,0.0,0.0,0.0,0.0,0.0,0.3333333333333333,0.5,0.6666666666666667,0.6666666666666667,0.2857142857142857,1.0,0.0,0.0,0.14285714285714285
97,0.3333333333333333,1.0,0.0,0.0,0.0,1.0,0.0,1.0,0.0,0.3333333333333333,1.0,0.3333333333333333,0.3333333333333333,0.42857142857142855,0.5,0.0,0.0,0.14285714285714285
98,0.6666666666666667,1.0,0.0,0.0,0.0,0.0,0.0,0.0,0.0,0.3333333333333333,0.5,0.6666666666666667,0.6666666666666667,0.5714285714285714,0.0,0.0,0.0,0.0
99,0.6666666666666667,1.0,0.0,0.0,0.0,1.0,0.0,0.0,0.0,0.3333333333333333,0.5,1.0,0.6666666666666667,0.42857142857142855,0.0,1.0,1.0,0.14285714285714285
100,0.3333333333333333,0.0,0.0,0.0,0.0,1.0,0.0,1.0,0.0,0.6666666666666667,1.0,1.0,0.3333333333333333,1.0,1.0,1.0,1.0,0.2857142857142857
101,0.3333333333333333,1.0,0.0,0.0,0.0,0.0,0.0,1.0,0.0,0.3333333333333333,0.5,0.6666666666666667,0.6666666666666667,0.14285714285714285,1.0,1.0,1.0,0.14285714285714285
102,0.3333333333333333,0.0,0.0,0.0,0.0,0.0,0.0,1.0,0.0,0.3333333333333333,0.5,0.3333333333333333,0.3333333333333333,0.42857142857142855,0.0,1.0,0.0,0.14285714285714285
103,0.6666666666666667,1.0,0.0,0.0,1.0,1.0,0.0,0.0,0.0,0.3333333333333333,0.5,1.0,0.6666666666666667,0.14285714285714285,0.0,1.0,1.0,0.2857142857142857
104,1.0,0.0,0.0,0.0,0.0,0.0,0.0,1.0,0.0,0.6666666666666667,1.0,0.3333333333333333,0.3333333333333333,0.42857142857142855,0.5,1.0,1.0,0.14285714285714285
105,0.3333333333333333,1.0,0.0,0.0,0.0,0.0,0.0,1.0,0.0,1.0,1.0,1.0,0.3333333333333333,0.8571428571428572,1.0,1.0,1.0,0.5714285714285714
106,0.6666666666666667,1.0,0.0,0.0,0.0,0.0,0.0,1.0,0.0,0.3333333333333333,1.0,0.6666666666666667,0.6666666666666667,1.0,0.5,1.0,1.0,0.0
107,0.3333333333333333,1.0,0.0,0.0,0.0,1.0,0.0,1.0,0.0,1.0,1.0,1.0,1.0,1.0,1.0,1.0,1.0,0.8571428571428572
108,0.6666666666666667,1.0,0.0,0.0,0.0,1.0,0.0,0.0,0.0,0.3333333333333333,1.0,1.0,0.3333333333333333,0.42857142857142855,0.0,0.0,0.0,0.0
109,0.3333333333333333,1.0,0.0,0.0,0.0,0.0,0.0,1.0,0.0,0.3333333333333333,1.0,0.6666666666666667,0.6666666666666667,0.5714285714285714,1.0,0.0,1.0,0.0
110,0.3333333333333333,0.0,0.0,0.0,0.0,0.0,0.0,0.0,0.0,0.3333333333333333,1.0,0.6666666666666667,0.6666666666666667,1.0,1.0,0.0,0.0,0.0
111,1.0,0.0,0.0,0.0,0.0,1.0,0.0,1.0,0.0,1.0,1.0,1.0,0.6666666666666667,0.2857142857142857,1.0,1.0,1.0,0.5714285714285714
112,0.3333333333333333,0.0,0.0,0.0,0.0,0.0,0.0,0.0,0.0,0.3333333333333333,0.5,0.3333333333333333,0.3333333333333333,1.0,0.0,0.0,0.0,0.0
113,0.3333333333333333,0.0,0.0,0.0,0.0,1.0,0.0,1.0,0.0,0.3333333333333333,0.5,0.3333333333333333,0.3333333333333333,1.0,0.5,0.0,1.0,0.14285714285714285
114,0.6666666666666667,0.0,0.0,0.0,0.0,0.0,0.0,1.0,0.0,0.3333333333333333,0.5,1.0,1.0,0.14285714285714285,1.0,1.0,0.0,0.0
115,0.6666666666666667,0.0,0.0,0.0,0.0,1.0,0.0,1.0,0.0,0.3333333333333333,0.5,1.0,0.6666666666666667,1.0,0.5,1.0,1.0,0.0
116,1.0,0.0,0.0,0.0,0.0,0.0,0.0,1.0,0.0,0.6666666666666667,0.5,0.3333333333333333,1.0,0.2857142857142857,0.5,1.0,0.0,0.0
117,1.0,1.0,1.0,0.0,0.0,1.0,0.0,1.0,0.0,0.3333333333333333,0.5,0.6666666666666667,0.6666666666666667,1.0,1.0,1.0,1.0,0.14285714285714285
118,0.3333333333333333,0.0,0.0,0.0,0.0,1.0,0.0,1.0,0.0,0.6666666666666667,0.5,0.3333333333333333,0.3333333333333333,0.42857142857142855,1.0,0.0,1.0,0.5714285714285714
119,1.0,1.0,0.0,0.0,1.0,1.0,0.0,1.0,0.0,0.6666666666666667,1.0,1.0,0.3333333333333333,0.5714285714285714,1.0,1.0,1.0,0.2857142857142857
120,0.3333333333333333,0.0,0.0,0.0,0.0,0.0,0.0,0.0,0.0,0.0,0.5,1.0,0.6666666666666667,1.0,0.5,1.0,1.0,0.14285714285714285
121,0.3333333333333333,0.0,0.0,0.0,0.0,0.0,0.0,0.0,0.0,0.3333333333333333,0.5,0.3333333333333333,0.6666666666666667,1.0,0.5,0.0,1.0,0.0
122,0.3333333333333333,1.0,1.0,1.0,1.0,1.0,0.0,0.0,0.0,0.3333333333333333,0.5,1.0,0.6666666666666667,1.0,0.5,1.0,1.0,0.2857142857142857
123,0.6666666666666667,0.0,0.0,0.0,0.0,0.0,0.0,0.0,0.0,0.3333333333333333,1.0,0.6666666666666667,0.6666666666666667,0.42857142857142855,1.0,0.0,1.0,0.14285714285714285
124,1.0,1.0,0.0,0.0,0.0,1.0,0.0,0.0,0.0,0.3333333333333333,0.5,0.6666666666666667,0.6666666666666667,0.5714285714285714,0.5,0.0,1.0,0.0
125,0.6666666666666667,0.0,0.0,0.0,0.0,1.0,0.0,1.0,0.0,1.0,0.5,0.3333333333333333,0.3333333333333333,0.42857142857142855,1.0,1.0,1.0,0.8571428571428572
126,0.3333333333333333,1.0,0.0,0.0,0.0,0.0,0.0,1.0,0.0,0.6666666666666667,1.0,0.6666666666666667,0.6666666666666667,0.2857142857142857,0.5,0.0,1.0,0.0
127,0.3333333333333333,1.0,0.0,0.0,0.0,1.0,0.0,1.0,0.0,0.3333333333333333,0.5,0.6666666666666667,0.6666666666666667,0.42857142857142855,0.5,0.0,1.0,0.0
128,0.3333333333333333,0.0,0.0,0.0,0.0,1.0,0.0,1.0,0.0,0.3333333333333333,0.5,0.3333333333333333,1.0,1.0,0.0,1.0,1.0,0.14285714285714285
129,0.6666666666666667,1.0,0.0,0.0,0.0,1.0,0.0,1.0,0.0,0.6666666666666667,0.5,1.0,0.6666666666666667,0.42857142857142855,0.5,1.0,1.0,0.14285714285714285
130,0.3333333333333333,1.0,0.0,0.0,0.0,0.0,0.0,1.0,0.0,1.0,1.0,1.0,0.3333333333333333,1.0,0.5,0.0,1.0,0.42857142857142855
131,1.0,1.0,1.0,1.0,1.0,1.0,0.0,1.0,0.0,1.0,1.0,1.0,1.0,0.8571428571428572,1.0,1.0,1.0,0.7142857142857142
132,1.0,0.0,0.0,0.0,0.0,0.0,0.0,1.0,0.0,1.0,0.5,1.0,0.3333333333333333,1.0,1.0,1.0,1.0,0.7142857142857142
133,0.6666666666666667,1.0,0.0,0.0,0.0,0.0,0.0,1.0,0.0,0.3333333333333333,1.0,0.6666666666666667,0.6666666666666667,0.5714285714285714,0.5,1.0,0.0,0.0
134,0.3333333333333333,1.0,0.0,0.0,0.0,1.0,0.0,1.0,0.0,0.3333333333333333,0.5,1.0,1.0,0.5714285714285714,1.0,1.0,1.0,0.0
135,0.6666666666666667,1.0,1.0,1.0,1.0,1.0,0.0,1.0,0.0,0.3333333333333333,1.0,0.6666666666666667,0.6666666666666667,0.42857142857142855,1.0,1.0,1.0,0.8571428571428572
136,0.0,0.0,0.0,0.0,0.0,1.0,0.0,1.0,0.0,0.3333333333333333,0.5,0.0,0.0,0.14285714285714285,0.0,0.0,0.0,0.14285714285714285
137,0.3333333333333333,0.0,0.0,0.0,0.0,1.0,0.0,1.0,0.0,0.6666666666666667,1.0,0.3333333333333333,0.3333333333333333,0.42857142857142855,1.0,1.0,1.0,0.7142857142857142
138,0.3333333333333333,1.0,0.0,0.0,0.0,0.0,0.0,0.0,0.0,0.3333333333333333,1.0,0.6666666666666667,0.6666666666666667,0.2857142857142857,1.0,0.0,1.0,0.0
139,0.6666666666666667,0.0,0.0,0.0,1.0,1.0,1.0,0.0,1.0,0.0,0.0,0.3333333333333333,0.0,0.5714285714285714,1.0,0.0,0.0,0.8571428571428572
140,0.3333333333333333,1.0,0.0,0.0,0.0,0.0,0.0,0.0,0.0,0.3333333333333333,1.0,0.6666666666666667,0.6666666666666667,0.14285714285714285,0.5,1.0,1.0,0.0
141,0.3333333333333333,0.0,0.0,0.0,0.0,0.0,0.0,1.0,0.0,0.3333333333333333,0.5,1.0,1.0,1.0,0.5,0.0,1.0,0.14285714285714285
142,0.3333333333333333,1.0,0.0,0.0,0.0,1.0,0.0,1.0,0.0,0.3333333333333333,1.0,0.6666666666666667,0.6666666666666667,0.5714285714285714,1.0,1.0,1.0,0.0
143,0.6666666666666667,1.0,0.0,0.0,1.0,1.0,0.0,1.0,0.0,0.3333333333333333,0.5,1.0,0.6666666666666667,0.5714285714285714,0.5,1.0,1.0,0.42857142857142855
144,0.3333333333333333,0.0,0.0,0.0,0.0,0.0,0.0,0.0,0.0,0.0,0.0,0.0,0.0,0.2857142857142857,0.0,1.0,1.0,0.0
145,0.3333333333333333,1.0,0.0,0.0,0.0,1.0,0.0,1.0,0.0,0.6666666666666667,1.0,0.6666666666666667,0.6666666666666667,1.0,1.0,1.0,1.0,0.42857142857142855
146,0.3333333333333333,0.0,0.0,0.0,0.0,0.0,0.0,1.0,0.0,0.3333333333333333,0.5,1.0,0.3333333333333333,0.14285714285714285,0.0,1.0,1.0,0.0
147,0.3333333333333333,1.0,1.0,0.0,1.0,1.0,0.0,1.0,0.0,0.6666666666666667,1.0,1.0,0.6666666666666667,0.42857142857142855,1.0,1.0,1.0,0.7142857142857142
