,f1,f2,f3,f4,f5,f6
0,0.0,1.0,1.0,0.0,0.7333333333333332,0.78
1,0.0,0.0,0.0,0.0,0.7999999999999998,0.84
2,0.0,0.0,1.0,0.0,0.7333333333333332,0.72
3,1.0,1.0,1.0,0.0,0.7666666666666666,0.76
4,1.0,0.0,1.0,0.0,0.7666666666666666,0.72
5,1.0,0.0,0.0,0.0,0.7666666666666666,0.0
6,0.0,1.0,1.0,0.0,0.8666666666666667,0.8200000000000001
7,0.0,0.0,0.0,0.0,0.8999999999999999,0.9
8,0.0,0.0,0.0,0.0,0.8666666666666667,0.44
9,0.0,1.0,1.0,0.0,0.8999999999999999,0.84
10,0.0,0.0,1.0,0.0,0.8666666666666667,0.0
11,0.0,0.0,1.0,0.0,0.8999999999999999,0.8
12,1.0,1.0,1.0,0.0,0.7999999999999998,0.0
13,1.0,0.0,0.0,0.0,0.7999999999999998,0.0
14,1.0,0.0,1.0,0.0,0.833333333333333,0.4
15,1.0,1.0,1.0,0.0,0.33333333333333326,0.5
16,1.0,0.0,0.0,1.0,0.33333333333333326,0.0
17,1.0,0.0,1.0,0.0,0.2999999999999998,0.0
18,0.0,1.0,0.0,0.0,0.6333333333333333,0.72
19,0.0,0.0,0.0,0.0,0.5999999999999999,0.8200000000000001
20,0.0,0.0,0.0,0.0,0.5999999999999999,0.36
21,0.0,1.0,0.0,0.0,0.8666666666666667,0.9
22,0.0,0.0,0.0,0.0,0.8666666666666667,0.44
23,0.0,0.0,0.0,0.0,0.8666666666666667,0.4
24,1.0,1.0,0.0,0.0,0.8999999999999999,0.8
25,1.0,0.0,0.0,1.0,0.8999999999999999,0.0
26,1.0,0.0,0.0,0.0,0.9333333333333331,0.14
27,0.0,1.0,1.0,1.0,0.8999999999999999,0.26
28,0.0,0.0,0.0,0.0,0.8999999999999999,0.8200000000000001
29,0.0,0.0,0.0,1.0,0.8999999999999999,0.78
30,0.0,1.0,0.0,1.0,0.46666666666666656,0.48
31,0.0,0.0,0.0,1.0,0.46666666666666656,0.1
32,0.0,0.0,0.0,1.0,0.46666666666666656,0.34
33,0.0,1.0,0.0,1.0,0.7,0.84
34,0.0,0.0,0.0,0.0,0.7,0.3
35,0.0,0.0,1.0,0.0,0.7333333333333332,0.7000000000000001
36,0.0,1.0,1.0,0.0,0.6333333333333333,0.72
37,0.0,0.0,0.0,0.0,0.7,0.78
38,0.0,0.0,1.0,0.0,0.5999999999999999,0.78
39,0.0,1.0,1.0,0.0,0.9666666666666668,1.0
40,0.0,0.0,0.0,0.0,0.9333333333333331,0.92
41,0.0,0.0,0.0,1.0,1.0,0.0
42,0.0,1.0,1.0,0.0,0.2999999999999998,0.48
43,0.0,0.0,0.0,1.0,0.2999999999999998,0.48
44,0.0,0.0,1.0,0.0,0.33333333333333326,0.56
45,1.0,1.0,1.0,0.0,0.5666666666666667,0.66
46,1.0,0.0,0.0,1.0,0.5999999999999999,0.48
47,1.0,0.0,1.0,0.0,0.5333333333333332,0.18
48,0.0,1.0,0.0,1.0,0.9333333333333331,0.9
49,0.0,0.0,0.0,1.0,0.9666666666666668,0.84
50,0.0,0.0,1.0,0.0,0.8999999999999999,0.92
51,1.0,1.0,0.0,0.0,0.8666666666666667,0.58
52,1.0,0.0,1.0,1.0,0.833333333333333,0.0
53,1.0,0.0,0.0,1.0,0.8666666666666667,0.0
54,0.0,1.0,1.0,0.0,0.0,0.38
55,0.0,0.0,0.0,0.0,0.0,0.32
56,0.0,0.0,1.0,0.0,0.033333333333333215,0.4
57,0.0,1.0,0.0,0.0,0.7999999999999998,0.56
58,0.0,0.0,0.0,1.0,0.7666666666666666,0.0
59,0.0,0.0,0.0,1.0,0.7666666666666666,0.68
60,0.0,1.0,0.0,0.0,0.833333333333333,0.86
61,0.0,0.0,1.0,0.0,0.833333333333333,0.76
62,0.0,0.0,0.0,0.0,0.833333333333333,0.88
63,1.0,1.0,1.0,0.0,0.43333333333333335,0.56
64,1.0,0.0,0.0,0.0,0.46666666666666656,0.46
65,1.0,0.0,1.0,0.0,0.43333333333333335,0.0
66,0.0,1.0,0.0,0.0,0.8999999999999999,0.64
67,0.0,0.0,1.0,1.0,0.8666666666666667,0.0
68,0.0,0.0,0.0,1.0,0.8666666666666667,0.8200000000000001
69,0.0,1.0,0.0,0.0,0.5333333333333332,0.66
70,0.0,0.0,0.0,1.0,0.5333333333333332,0.58
71,0.0,0.0,0.0,0.0,0.5333333333333332,0.38
72,0.0,1.0,1.0,1.0,0.833333333333333,0.78
73,0.0,0.0,0.0,0.0,0.7999999999999998,0.86
74,0.0,0.0,0.0,0.0,0.833333333333333,0.56
75,0.0,1.0,1.0,0.0,0.8999999999999999,0.88
76,0.0,0.0,0.0,0.0,0.9333333333333331,0.68
77,0.0,0.0,0.0,1.0,0.8666666666666667,0.84
78,1.0,1.0,1.0,0.0,0.7,0.74
79,1.0,0.0,0.0,0.0,0.8999999999999999,0.78
80,1.0,0.0,1.0,0.0,0.7,0.68
81,0.0,1.0,1.0,1.0,0.9333333333333331,0.86
82,0.0,0.0,0.0,1.0,0.9333333333333331,0.6
83,0.0,0.0,0.0,1.0,0.9333333333333331,0.9400000000000001
84,1.0,1.0,1.0,0.0,0.3999999999999999,0.46
85,1.0,0.0,1.0,0.0,0.3999999999999999,0.0
86,1.0,0.0,0.0,0.0,0.3999999999999999,0.54
87,0.0,1.0,0.0,1.0,0.6333333333333333,0.52
88,0.0,0.0,1.0,0.0,0.6333333333333333,0.44
89,0.0,0.0,1.0,0.0,0.6333333333333333,0.72
90,0.0,1.0,1.0,0.0,0.833333333333333,0.8
91,0.0,0.0,0.0,1.0,0.833333333333333,0.28
92,0.0,0.0,0.0,1.0,0.833333333333333,0.0
93,0.0,1.0,1.0,0.0,0.6666666666666665,0.78
94,0.0,0.0,0.0,0.0,0.6666666666666665,0.7000000000000001
95,0.0,0.0,1.0,0.0,0.6666666666666665,0.48
96,0.0,1.0,1.0,0.0,0.6333333333333333,0.66
97,0.0,0.0,0.0,0.0,0.6333333333333333,0.64
98,0.0,0.0,0.0,0.0,0.6666666666666665,0.48
99,0.0,1.0,0.0,0.0,0.6333333333333333,0.7000000000000001
100,0.0,0.0,0.0,1.0,0.6333333333333333,0.38
101,0.0,0.0,0.0,0.0,0.6333333333333333,0.78
102,0.0,1.0,1.0,0.0,0.8999999999999999,0.84
103,0.0,0.0,1.0,0.0,0.8999999999999999,0.8
104,0.0,0.0,0.0,1.0,0.8999999999999999,0.78
105,0.0,1.0,1.0,0.0,0.7666666666666666,0.76
106,0.0,0.0,1.0,1.0,0.7666666666666666,0.5
107,0.0,0.0,0.0,1.0,0.7333333333333332,0.8200000000000001
108,0.0,1.0,1.0,1.0,0.8666666666666667,0.8200000000000001
109,0.0,0.0,0.0,0.0,0.8999999999999999,0.88
110,0.0,0.0,1.0,0.0,0.9666666666666668,0.76
111,1.0,1.0,1.0,0.0,0.23333333333333317,0.44
112,1.0,0.0,0.0,0.0,0.19999999999999996,0.42
113,1.0,0.0,1.0,0.0,0.2666666666666666,0.0
114,1.0,1.0,1.0,0.0,0.3999999999999999,0.54
115,1.0,0.0,0.0,0.0,0.3999999999999999,0.5
116,1.0,0.0,1.0,0.0,0.3999999999999999,0.5
117,0.0,1.0,1.0,0.0,0.1333333333333333,0.44
118,0.0,0.0,1.0,1.0,0.16666666666666652,0.42
119,0.0,0.0,0.0,1.0,0.09999999999999987,0.26
120,0.0,1.0,0.0,0.0,0.7,0.7000000000000001
121,0.0,0.0,0.0,0.0,0.7,0.44
122,0.0,0.0,0.0,0.0,0.7333333333333332,0.74
123,0.0,1.0,1.0,0.0,0.9666666666666668,0.9400000000000001
124,0.0,0.0,0.0,0.0,0.9666666666666668,0.0
125,0.0,0.0,0.0,0.0,0.9333333333333331,0.88
126,0.0,1.0,0.0,0.0,0.7,0.76
127,0.0,0.0,0.0,0.0,0.7,0.76
128,0.0,0.0,0.0,0.0,0.7333333333333332,0.68
129,0.0,1.0,1.0,1.0,0.7333333333333332,0.8
130,0.0,0.0,1.0,1.0,0.7666666666666666,0.78
131,0.0,0.0,0.0,1.0,0.7333333333333332,0.14
132,1.0,1.0,1.0,0.0,0.2999999999999998,0.48
133,1.0,0.0,1.0,0.0,0.2999999999999998,0.48
134,1.0,0.0,1.0,1.0,0.2999999999999998,0.32
135,0.0,1.0,1.0,1.0,0.8999999999999999,0.9400000000000001
136,0.0,0.0,0.0,0.0,0.8999999999999999,0.72
137,0.0,0.0,0.0,1.0,0.8666666666666667,0.86
138,0.0,1.0,1.0,0.0,0.3999999999999999,0.62
139,0.0,0.0,1.0,0.0,0.3999999999999999,0.3
140,0.0,0.0,1.0,0.0,0.3999999999999999,0.56
141,0.0,1.0,1.0,1.0,0.5,0.62
142,0.0,0.0,1.0,0.0,0.5,0.56
143,0.0,0.0,1.0,1.0,0.5,0.6
144,0.0,1.0,0.0,1.0,0.19999999999999996,0.38
145,0.0,0.0,0.0,0.0,0.19999999999999996,0.5
146,0.0,0.0,0.0,1.0,0.16666666666666652,0.34
