,f1,f2,f3,f4,f5,f6,f7,f8,f9,f10,f11,f12
0,0.0,1.0,0.0,1.0,0.0,0.0,0.0,0.0,0.0,0.0,0.0,1.0
1,0.6000000000000001,0.6666666666666666,0.0,1.0,0.0,0.0,1.0,0.0,0.0,0.0,0.0,0.4
2,0.8,0.6666666666666666,0.0,1.0,0.0,0.0,1.0,0.0,0.0,0.0,0.0,0.2
3,0.6000000000000001,1.0,0.0,0.5,0.0,0.0,0.0,0.0,0.0,0.0,0.0,1.0
4,0.8,1.0,0.0,0.0,0.0,0.0,1.0,0.0,0.0,0.0,0.0,1.0
5,0.0,0.6666666666666666,0.0,0.5,0.0,0.0,1.0,0.0,0.0,0.0,0.0,0.2
6,1.0,0.6666666666666666,0.0,1.0,0.0,0.0,1.0,0.0,0.0,0.0,0.0,0.0
7,0.0,0.6666666666666666,0.0,1.0,0.0,0.0,1.0,0.0,0.0,0.0,0.0,0.2
8,1.0,0.6666666666666666,0.0,1.0,0.0,0.0,1.0,0.0,0.0,0.0,0.0,0.0
9,0.0,0.6666666666666666,0.0,0.5,0.0,0.0,1.0,0.0,0.0,0.0,0.0,0.2
10,1.0,0.6666666666666666,0.0,1.0,0.0,0.0,1.0,0.0,0.0,0.0,0.0,0.0
11,0.8,0.6666666666666666,1.0,0.5,0.0,0.0,1.0,0.0,0.0,0.0,0.0,0.2
12,1.0,0.6666666666666666,0.0,1.0,0.0,0.0,1.0,0.0,0.0,0.0,0.0,0.0
13,1.0,0.6666666666666666,0.0,0.5,0.0,0.0,1.0,0.0,0.0,0.0,0.0,0.0
14,0.6000000000000001,0.3333333333333333,0.0,1.0,0.0,0.0,1.0,0.0,0.125,0.0,0.0,0.4
15,1.0,0.6666666666666666,0.0,0.5,0.0,0.0,1.0,0.0,0.0,0.0,0.0,0.0
16,1.0,0.6666666666666666,0.0,0.5,0.0,1.0,1.0,0.0,0.0,0.0,0.0,0.0
17,0.8,1.0,0.0,0.5,0.0,0.0,1.0,0.0,0.0,0.0,0.0,1.0
18,1.0,0.6666666666666666,1.0,0.5,0.0,1.0,1.0,0.0,0.0,0.0,0.0,0.0
19,0.6000000000000001,0.6666666666666666,0.0,1.0,0.0,0.0,1.0,0.0,0.625,0.0,0.0,0.2
20,1.0,0.6666666666666666,0.0,0.5,0.0,1.0,1.0,0.0,0.0,0.0,0.0,0.0
21,1.0,0.6666666666666666,0.0,1.0,0.0,0.0,1.0,0.0,0.0,0.0,0.0,0.0
22,1.0,0.6666666666666666,0.0,1.0,0.0,0.0,1.0,0.0,0.0,0.0,0.0,0.0
23,0.6000000000000001,0.6666666666666666,0.0,1.0,0.0,0.0,1.0,0.0,0.0,0.0,0.0,0.4
24,1.0,0.6666666666666666,0.0,0.0,0.0,1.0,1.0,0.0,0.0,0.0,0.0,0.0
25,1.0,0.6666666666666666,0.0,0.0,0.0,0.0,1.0,0.0,0.0,0.0,0.0,0.0
26,0.6000000000000001,0.3333333333333333,1.0,0.0,0.0,1.0,1.0,0.0,0.0,0.0,0.0,0.2
27,1.0,0.6666666666666666,0.0,1.0,0.0,0.0,1.0,0.0,0.0,0.0,0.0,0.0
28,0.6000000000000001,0.3333333333333333,0.0,1.0,0.0,1.0,1.0,0.0,0.0,0.0,0.0,0.4
29,1.0,0.6666666666666666,0.0,0.5,0.0,0.0,1.0,0.0,0.0,0.0,0.0,0.0
30,0.6000000000000001,0.6666666666666666,0.0,1.0,0.0,0.0,1.0,0.0,0.0,0.0,0.0,0.2
31,0.0,0.0,0.0,1.0,0.0,0.0,1.0,0.0,0.375,0.2,0.0,0.6000000000000001
32,0.0,1.0,0.0,0.5,0.0,0.0,0.0,0.0,0.125,0.0,0.0,1.0
33,1.0,0.6666666666666666,0.0,0.5,0.0,1.0,1.0,0.0,0.125,0.0,0.0,0.0
34,1.0,0.6666666666666666,0.0,1.0,0.0,0.0,1.0,0.0,0.0,0.0,0.0,0.0
35,1.0,0.6666666666666666,0.0,0.5,0.0,0.0,1.0,0.0,0.0,0.0,0.0,0.0
36,0.4,0.3333333333333333,1.0,1.0,0.0,1.0,1.0,0.0,0.25,0.0,0.0,0.4
37,0.0,0.3333333333333333,0.0,1.0,0.0,1.0,1.0,0.0,0.0,0.0,0.0,0.4
38,1.0,0.6666666666666666,0.0,1.0,0.0,0.0,1.0,0.0,0.0,0.0,0.0,0.0
39,0.0,0.6666666666666666,1.0,1.0,1.0,1.0,1.0,0.0,0.25,0.0,0.0,0.4
40,0.8,0.6666666666666666,1.0,1.0,0.0,1.0,1.0,0.0,0.625,0.0,0.0,0.6000000000000001
41,0.8,0.3333333333333333,1.0,1.0,0.0,1.0,1.0,0.0,0.0,0.0,0.0,0.6000000000000001
42,0.6000000000000001,0.6666666666666666,0.0,1.0,0.0,0.0,1.0,0.0,0.0,0.0,0.0,0.2
43,0.0,0.3333333333333333,1.0,1.0,0.0,1.0,1.0,0.0,0.0,0.0,0.0,0.4
44,0.0,0.3333333333333333,1.0,1.0,0.0,1.0,1.0,0.0,0.5,0.8,0.0,0.6000000000000001
45,0.8,1.0,0.0,1.0,0.0,0.0,0.0,0.0,0.0,0.0,0.0,1.0
46,0.6000000000000001,0.6666666666666666,0.0,1.0,0.0,0.0,1.0,0.0,0.125,0.2,0.0,0.4
47,0.8,0.6666666666666666,0.0,1.0,0.0,1.0,1.0,0.0,0.0,0.0,0.0,0.4
48,1.0,0.6666666666666666,0.0,0.5,0.0,0.0,1.0,0.0,0.0,0.0,0.0,0.0
49,0.0,0.3333333333333333,1.0,0.5,0.0,1.0,1.0,0.0,0.0,0.0,0.0,0.4
50,0.0,0.3333333333333333,1.0,1.0,1.0,1.0,1.0,0.0,0.75,0.0,0.0,0.6000000000000001
51,0.8,1.0,0.0,0.0,0.0,0.0,0.0,0.0,0.0,0.0,0.0,1.0
52,0.8,0.3333333333333333,1.0,1.0,0.0,0.0,1.0,0.0,0.0,0.0,0.0,0.4
53,0.8,0.6666666666666666,1.0,1.0,0.5,0.0,1.0,0.0,0.125,0.0,0.0,0.4
54,0.6000000000000001,0.6666666666666666,0.0,1.0,0.0,0.0,1.0,0.0,0.0,0.0,0.0,0.4
55,0.8,0.6666666666666666,0.0,1.0,0.0,1.0,1.0,0.0,0.0,0.0,0.0,0.4
56,0.8,0.6666666666666666,0.0,1.0,0.0,0.0,1.0,0.0,0.0,0.0,0.0,0.4
57,0.8,0.6666666666666666,0.0,0.5,0.0,1.0,1.0,0.0,0.0,0.0,0.0,0.4
58,0.4,0.0,1.0,1.0,1.0,1.0,1.0,1.0,0.75,0.0,0.0,0.6000000000000001
59,0.6000000000000001,1.0,0.0,1.0,0.0,0.0,0.0,0.0,0.0,0.0,0.0,1.0
60,0.0,0.6666666666666666,0.0,0.5,0.0,1.0,1.0,0.0,0.25,0.0,0.0,0.4
61,0.8,0.3333333333333333,0.0,1.0,0.0,0.0,1.0,0.0,0.125,0.0,0.0,0.2
62,0.8,0.6666666666666666,0.0,0.5,0.0,0.0,1.0,0.0,0.0,0.0,0.0,0.2
63,1.0,0.6666666666666666,0.0,1.0,0.0,0.0,1.0,0.0,0.125,0.0,0.0,0.0
64,0.8,0.6666666666666666,0.0,0.5,0.0,1.0,1.0,0.0,0.125,0.0,0.0,0.4
65,0.0,0.3333333333333333,0.0,1.0,0.0,0.0,1.0,0.0,0.0,0.0,0.0,0.4
66,0.8,0.6666666666666666,0.0,0.5,0.0,1.0,1.0,0.0,0.0,0.0,0.0,0.4
67,0.4,0.0,1.0,1.0,0.0,1.0,1.0,1.0,0.0,0.0,0.0,0.8
68,0.6000000000000001,0.6666666666666666,0.0,0.5,0.0,0.0,1.0,0.0,0.0,0.0,0.0,0.2
69,1.0,0.6666666666666666,0.0,1.0,0.0,0.0,1.0,0.0,0.125,0.0,0.0,0.0
70,0.8,0.6666666666666666,0.0,0.5,0.0,1.0,1.0,0.0,0.0,0.0,0.0,0.4
71,0.0,1.0,0.0,0.5,0.0,1.0,1.0,0.0,0.0,0.0,0.0,1.0
72,0.0,0.6666666666666666,0.0,1.0,0.0,1.0,1.0,0.0,0.0,0.0,0.0,0.4
73,0.4,0.0,1.0,0.5,0.0,1.0,1.0,0.0,0.5,0.0,0.0,0.8
74,0.8,0.3333333333333333,1.0,0.5,0.0,1.0,1.0,0.0,0.0,0.0,0.0,0.4
75,1.0,0.6666666666666666,0.0,0.5,0.0,0.0,1.0,0.0,0.0,0.0,0.0,0.0
76,0.6000000000000001,0.6666666666666666,0.0,1.0,0.0,0.0,1.0,0.0,0.0,0.0,0.0,0.2
77,1.0,0.6666666666666666,0.0,1.0,0.0,0.0,1.0,0.0,0.125,0.0,0.0,0.0
78,1.0,0.6666666666666666,0.0,1.0,0.0,0.0,1.0,0.0,0.0,0.0,0.0,0.0
79,0.6000000000000001,1.0,0.0,0.5,0.0,1.0,1.0,0.0,0.0,0.0,0.0,1.0
80,0.0,1.0,0.0,0.5,0.0,1.0,1.0,0.0,0.0,0.0,0.0,1.0
81,0.8,0.6666666666666666,0.0,0.5,0.0,1.0,1.0,0.0,0.125,0.0,0.0,0.4
82,0.6000000000000001,0.6666666666666666,0.0,0.5,0.0,0.0,1.0,0.0,0.0,0.0,0.0,0.2
83,0.0,0.0,1.0,1.0,0.0,0.0,1.0,0.0,0.25,0.0,0.0,0.4
84,1.0,0.6666666666666666,0.0,0.0,0.0,0.0,1.0,0.0,0.0,0.0,0.0,0.0
85,0.0,0.3333333333333333,1.0,1.0,0.0,0.0,1.0,0.0,0.25,0.0,0.0,0.6000000000000001
86,0.8,0.6666666666666666,0.0,1.0,0.0,1.0,1.0,0.0,0.125,0.0,0.0,0.2
87,0.0,0.0,1.0,1.0,0.0,1.0,1.0,1.0,0.25,0.0,0.0,0.8
88,0.8,0.6666666666666666,0.0,0.5,0.0,1.0,1.0,0.0,0.0,0.0,0.0,0.4
89,0.0,0.3333333333333333,1.0,1.0,0.0,1.0,1.0,0.0,0.375,0.0,0.0,0.4
90,1.0,0.6666666666666666,0.0,1.0,0.0,0.0,1.0,0.0,0.0,0.0,0.0,0.0
91,0.0,0.3333333333333333,1.0,1.0,0.0,1.0,1.0,0.0,0.0,0.0,0.0,0.6000000000000001
92,0.0,0.3333333333333333,1.0,0.5,0.0,1.0,1.0,0.0,0.25,0.0,0.0,0.8
93,0.8,1.0,0.0,0.0,0.0,1.0,1.0,0.0,0.125,0.0,0.0,1.0
94,0.0,0.3333333333333333,1.0,0.5,0.0,1.0,1.0,0.0,0.0,0.0,0.0,0.4
95,1.0,0.6666666666666666,0.0,0.5,0.0,0.0,1.0,0.0,0.0,0.0,0.0,0.0
96,0.8,0.3333333333333333,1.0,0.5,0.0,1.0,1.0,0.0,0.0,0.0,0.0,0.6000000000000001
97,0.0,0.0,1.0,0.5,0.0,1.0,1.0,0.0,0.125,0.0,0.0,0.8
98,0.8,1.0,0.0,0.5,0.0,1.0,1.0,0.0,0.0,0.0,0.0,1.0
99,0.0,0.6666666666666666,0.0,0.5,0.0,1.0,1.0,0.0,0.125,0.0,0.0,0.6000000000000001
100,1.0,0.6666666666666666,0.0,1.0,0.0,0.0,1.0,0.0,0.0,0.0,0.0,0.0
101,0.8,0.6666666666666666,0.0,1.0,0.0,0.0,1.0,0.0,0.125,0.0,0.0,0.2
102,0.8,1.0,0.0,0.5,0.0,1.0,1.0,0.0,0.0,0.0,0.0,1.0
103,0.0,0.3333333333333333,1.0,0.5,0.0,1.0,1.0,0.0,0.0,0.0,0.0,0.8
104,0.0,0.6666666666666666,0.0,0.5,0.0,1.0,1.0,0.0,0.0,0.0,0.0,0.6000000000000001
105,0.8,0.3333333333333333,0.0,0.5,0.0,1.0,1.0,0.0,0.0,0.0,0.0,0.6000000000000001
106,0.0,0.6666666666666666,0.0,1.0,0.0,0.0,1.0,0.0,0.25,0.0,0.0,0.6000000000000001
107,0.8,1.0,0.0,0.5,0.0,0.0,0.0,0.0,0.0,0.0,0.0,1.0
108,0.8,0.6666666666666666,0.0,0.0,0.0,1.0,1.0,0.0,0.0,0.0,0.0,0.6000000000000001
109,0.8,0.3333333333333333,1.0,1.0,0.0,1.0,1.0,0.0,0.0,0.0,0.0,0.6000000000000001
110,0.8,0.6666666666666666,0.0,0.5,0.0,0.0,1.0,0.0,0.0,0.0,0.0,0.6000000000000001
111,0.0,0.3333333333333333,0.0,0.5,0.0,1.0,1.0,0.0,0.0,0.0,0.0,0.6000000000000001
112,0.8,1.0,0.0,0.5,0.0,0.0,1.0,0.0,0.25,0.0,0.0,1.0
113,0.0,0.6666666666666666,0.0,1.0,0.0,0.0,1.0,0.0,0.0,0.0,0.0,0.6000000000000001
114,0.2,1.0,0.0,0.5,0.0,0.0,0.0,0.0,0.0,0.0,0.0,1.0
115,1.0,0.6666666666666666,0.0,1.0,0.0,0.0,1.0,0.0,0.0,0.0,0.0,0.0
116,0.8,0.6666666666666666,0.0,1.0,0.0,0.0,1.0,0.0,0.0,0.0,0.0,0.6000000000000001
117,0.2,1.0,0.0,1.0,0.0,0.0,0.0,0.0,0.0,0.0,0.0,1.0
118,0.8,1.0,0.0,0.5,0.0,0.0,0.0,0.0,0.125,0.0,0.0,1.0
119,1.0,0.6666666666666666,0.0,1.0,0.0,0.0,1.0,0.0,0.0,0.0,0.0,0.0
120,0.6000000000000001,0.6666666666666666,0.0,0.5,0.0,0.0,1.0,0.0,0.375,0.0,0.0,0.2
121,0.6000000000000001,0.6666666666666666,0.0,0.5,0.0,0.0,1.0,0.0,0.0,0.0,0.0,0.4
122,0.8,0.6666666666666666,1.0,0.5,0.0,0.0,1.0,0.0,0.0,0.0,0.0,0.2
123,0.8,1.0,0.0,0.5,0.0,0.0,0.0,0.0,0.0,0.0,0.0,1.0
124,1.0,0.6666666666666666,0.0,1.0,0.0,0.0,1.0,0.0,0.0,0.0,0.0,0.0
125,0.6000000000000001,0.0,1.0,1.0,0.0,0.0,1.0,0.0,0.0,0.0,0.0,0.6000000000000001
126,0.6000000000000001,0.3333333333333333,0.0,1.0,0.0,0.0,1.0,0.0,0.0,0.0,0.0,0.4
127,0.8,1.0,0.0,0.0,0.0,1.0,1.0,0.0,0.0,0.0,0.0,1.0
128,0.8,0.6666666666666666,0.0,0.5,0.0,0.0,1.0,0.0,0.0,0.0,0.0,0.2
129,0.4,0.6666666666666666,0.0,0.5,0.0,0.0,1.0,0.0,0.25,0.0,0.0,0.2
130,1.0,0.6666666666666666,0.0,0.5,0.0,0.0,1.0,0.0,0.0,0.0,0.0,0.0
131,0.0,0.3333333333333333,0.0,1.0,0.0,1.0,1.0,0.0,0.0,0.0,0.0,0.6000000000000001
132,0.6000000000000001,0.6666666666666666,0.0,1.0,0.0,0.0,1.0,0.0,0.0,0.0,0.0,0.2
133,0.8,1.0,0.0,0.5,0.0,0.0,1.0,0.0,0.0,0.0,0.0,1.0
134,0.8,0.6666666666666666,0.0,0.5,0.0,0.0,1.0,0.0,0.0,0.0,0.0,0.6000000000000001
135,0.8,0.6666666666666666,0.0,1.0,0.0,0.0,1.0,0.0,0.0,0.0,0.0,0.2
136,0.4,0.0,0.0,1.0,0.0,1.0,1.0,1.0,0.25,0.2,0.0,0.6000000000000001
137,0.6000000000000001,0.6666666666666666,0.0,1.0,0.0,1.0,1.0,1.0,0.0,0.0,0.0,0.6000000000000001
138,0.8,1.0,0.0,0.0,0.0,0.0,1.0,0.0,0.0,0.0,0.0,1.0
139,0.8,0.6666666666666666,1.0,0.0,0.0,0.0,1.0,0.0,0.0,0.0,0.0,0.2
140,0.8,1.0,0.0,0.0,0.0,0.0,0.0,0.0,0.0,0.0,0.0,1.0
141,1.0,0.6666666666666666,0.0,1.0,0.0,0.0,1.0,0.0,0.0,0.0,0.0,0.0
142,0.0,0.0,1.0,0.0,1.0,1.0,1.0,0.0,0.625,0.0,0.0,0.6000000000000001
143,0.0,0.6666666666666666,0.0,0.0,0.0,1.0,1.0,0.0,0.375,0.0,0.0,0.6000000000000001
144,0.6000000000000001,1.0,0.0,1.0,0.0,0.0,1.0,0.0,0.0,0.0,0.0,1.0
145,0.8,1.0,0.0,0.5,0.0,0.0,0.0,0.0,0.0,0.0,0.0,1.0
146,0.8,1.0,0.0,0.5,0.0,0.0,0.0,0.0,0.0,0.0,0.0,1.0
147,0.8,1.0,0.0,1.0,0.0,0.0,1.0,0.0,0.0,0.0,0.0,1.0
148,0.2,1.0,0.0,1.0,0.0,0.0,1.0,0.0,0.0,0.0,0.0,1.0
149,0.8,1.0,0.0,1.0,0.0,0.0,0.0,0.0,0.0,0.0,0.0,1.0
150,0.4,0.0,1.0,1.0,1.0,1.0,1.0,1.0,0.125,0.0,0.0,0.8
151,0.0,0.6666666666666666,1.0,0.5,0.0,1.0,1.0,0.0,0.125,0.0,0.0,0.6000000000000001
152,0.8,0.6666666666666666,0.0,1.0,0.0,0.0,1.0,0.0,0.125,0.0,0.0,0.4
153,0.8,1.0,0.0,1.0,0.0,0.0,0.0,0.0,0.0,0.0,0.0,1.0
154,0.8,0.6666666666666666,0.0,1.0,0.0,0.0,1.0,0.0,0.0,0.0,0.0,0.2
155,0.8,1.0,0.0,0.5,0.0,0.0,1.0,0.0,0.0,0.0,0.0,1.0
156,0.2,0.6666666666666666,0.0,1.0,0.0,0.0,1.0,0.0,0.125,0.0,0.0,0.2
157,1.0,0.6666666666666666,0.0,0.0,0.0,0.0,1.0,0.0,0.0,0.0,0.0,0.0
158,0.0,0.6666666666666666,1.0,0.5,0.0,1.0,1.0,0.0,0.0,0.0,0.0,0.6000000000000001
159,0.8,0.3333333333333333,0.0,1.0,0.0,0.0,1.0,0.0,0.0,0.0,0.0,0.4
160,0.8,1.0,0.0,1.0,0.0,0.0,0.0,0.0,0.0,0.0,0.0,1.0
161,0.0,0.6666666666666666,0.0,1.0,0.0,0.0,1.0,0.0,0.125,0.0,0.0,0.4
162,0.8,1.0,0.0,0.5,0.0,0.0,1.0,0.0,0.0,0.0,0.0,1.0
163,0.8,0.6666666666666666,1.0,1.0,0.0,0.0,1.0,0.0,0.125,0.0,0.0,0.2
164,0.8,0.6666666666666666,0.0,0.5,0.0,0.0,1.0,0.0,0.0,0.0,0.0,0.2
165,0.4,0.3333333333333333,1.0,0.5,0.0,1.0,1.0,1.0,0.125,0.0,0.0,0.8
166,0.6000000000000001,0.6666666666666666,1.0,0.5,0.0,1.0,1.0,0.0,0.0,0.0,0.0,0.6000000000000001
167,0.8,0.6666666666666666,0.0,1.0,0.0,0.0,1.0,0.0,0.0,0.0,0.0,0.2
168,0.8,1.0,0.0,0.0,0.0,0.0,1.0,0.0,0.0,0.0,0.0,1.0
169,0.0,0.3333333333333333,0.0,0.5,0.0,1.0,1.0,0.0,0.25,0.0,0.0,0.8
170,0.8,0.6666666666666666,0.0,1.0,0.0,0.0,1.0,0.0,0.0,0.0,0.0,0.4
171,0.0,0.6666666666666666,1.0,1.0,0.0,0.0,1.0,0.0,0.0,0.0,0.0,0.4
172,0.8,0.6666666666666666,0.0,0.5,0.0,0.0,1.0,0.0,0.375,0.0,0.0,0.2
173,0.8,1.0,0.0,0.5,0.0,0.0,1.0,0.0,0.0,0.0,0.0,1.0
174,0.8,1.0,0.0,1.0,0.0,0.0,1.0,0.0,0.0,0.0,0.0,1.0
175,0.6000000000000001,0.3333333333333333,1.0,0.5,0.0,0.0,1.0,0.0,0.0,0.0,0.0,0.4
176,0.0,0.3333333333333333,0.0,1.0,0.0,0.0,1.0,0.0,0.0,0.0,0.0,0.4
177,0.0,0.6666666666666666,1.0,0.5,1.0,1.0,1.0,0.0,0.0,0.0,0.0,0.4
178,0.0,0.6666666666666666,0.0,0.5,0.0,0.0,1.0,0.0,0.0,0.0,0.0,0.4
179,0.6000000000000001,0.6666666666666666,0.0,1.0,0.0,0.0,1.0,0.0,0.125,0.0,0.0,0.4
180,0.8,1.0,0.0,0.5,0.0,0.0,1.0,0.0,0.0,0.0,0.0,1.0
181,0.8,1.0,0.0,0.5,0.0,0.0,1.0,0.0,0.0,0.0,0.0,1.0
182,0.4,0.3333333333333333,1.0,1.0,0.0,1.0,1.0,1.0,0.375,0.0,0.0,0.8
183,0.0,0.3333333333333333,0.0,0.5,0.0,1.0,1.0,0.0,0.0,0.0,0.0,0.4
184,0.0,0.3333333333333333,0.0,1.0,0.0,1.0,1.0,0.0,0.0,0.0,0.0,0.4
185,1.0,0.3333333333333333,0.0,0.5,0.0,1.0,1.0,0.0,0.0,0.2,0.0,0.0
186,0.0,0.6666666666666666,0.0,1.0,0.0,0.0,1.0,0.0,0.0,0.0,0.0,0.4
187,0.0,0.6666666666666666,1.0,1.0,0.0,0.0,1.0,0.0,0.0,0.0,0.0,0.4
188,1.0,0.6666666666666666,0.0,1.0,0.0,0.0,1.0,0.0,0.125,0.0,0.0,0.0
189,1.0,0.6666666666666666,0.0,0.5,0.0,0.0,1.0,0.0,0.0,0.0,0.0,0.0
190,0.8,1.0,0.0,1.0,0.0,0.0,1.0,0.0,0.0,0.0,0.0,1.0
191,0.8,1.0,0.0,0.5,0.0,0.0,1.0,0.0,0.0,0.0,0.0,1.0
192,0.4,0.3333333333333333,1.0,0.5,1.0,1.0,1.0,0.0,0.0,0.0,0.0,0.8
193,0.0,0.3333333333333333,0.0,0.5,0.0,1.0,1.0,0.0,0.0,0.0,0.0,0.4
194,0.0,0.6666666666666666,0.0,0.5,0.0,0.0,1.0,0.0,0.0,0.0,0.0,0.4
195,0.0,0.6666666666666666,1.0,1.0,0.0,0.0,1.0,0.0,0.0,0.0,0.0,0.4
196,1.0,0.6666666666666666,0.0,0.5,0.0,0.0,1.0,0.0,0.0,0.0,0.0,0.0
197,0.6000000000000001,0.6666666666666666,0.0,0.5,0.0,0.0,1.0,0.0,0.0,0.0,0.0,0.2
198,0.6000000000000001,1.0,0.0,0.5,0.0,0.0,0.0,0.0,0.0,0.0,0.0,1.0
199,0.8,1.0,0.0,0.5,0.0,0.0,0.0,0.0,0.0,0.0,0.0,1.0
200,0.8,0.6666666666666666,0.0,0.0,0.0,1.0,1.0,0.0,0.0,0.0,0.0,0.8
201,0.6000000000000001,0.3333333333333333,1.0,0.5,0.0,1.0,1.0,0.0,0.0,0.0,0.0,0.4
202,0.6000000000000001,0.6666666666666666,0.0,0.5,0.0,1.0,1.0,0.0,0.125,0.0,0.0,0.2
203,0.0,1.0,1.0,1.0,0.5,1.0,1.0,0.0,0.0,0.0,0.0,1.0
204,0.0,1.0,0.0,0.5,0.0,0.0,1.0,0.0,0.0,0.0,0.0,1.0
205,0.0,0.3333333333333333,0.0,0.5,0.0,0.0,1.0,0.0,0.0,0.0,0.0,0.4
206,0.6000000000000001,0.6666666666666666,0.0,1.0,0.0,0.0,1.0,0.0,0.0,0.0,0.0,0.4
207,0.6000000000000001,0.6666666666666666,0.0,1.0,0.0,0.0,1.0,0.0,0.0,0.0,0.0,0.4
208,0.8,1.0,0.0,0.5,0.0,1.0,0.0,0.0,0.0,0.0,0.0,1.0
209,0.6000000000000001,0.6666666666666666,0.0,1.0,0.0,0.0,1.0,0.0,0.0,0.0,0.0,0.2
210,0.6000000000000001,0.6666666666666666,0.0,1.0,0.0,0.0,1.0,0.0,0.0,0.0,0.0,0.4
211,0.6000000000000001,0.6666666666666666,0.0,0.0,0.0,1.0,1.0,0.0,0.0,0.0,0.0,0.2
212,0.8,1.0,0.0,0.5,0.0,1.0,1.0,0.0,0.0,0.0,0.0,1.0
213,0.0,1.0,0.0,1.0,0.0,0.0,1.0,0.0,0.0,0.0,0.0,1.0
214,0.8,0.3333333333333333,0.0,0.5,0.0,1.0,1.0,0.0,0.0,0.6000000000000001,0.0,0.4
215,1.0,0.6666666666666666,0.0,1.0,0.0,0.0,1.0,0.0,0.0,0.0,0.0,0.0
216,1.0,0.3333333333333333,0.0,1.0,0.0,0.0,1.0,0.0,0.0,0.0,0.0,0.0
217,0.8,0.3333333333333333,0.0,1.0,0.0,0.0,1.0,0.0,0.0,0.0,0.0,0.4
218,0.6000000000000001,1.0,0.0,1.0,0.0,0.0,1.0,0.0,0.0,0.0,0.0,1.0
219,0.0,1.0,0.0,0.5,0.0,1.0,0.0,0.0,0.0,0.0,0.0,1.0
220,0.6000000000000001,1.0,0.0,0.5,0.0,0.0,1.0,0.0,0.0,0.0,0.0,1.0
221,1.0,0.6666666666666666,0.0,1.0,0.0,0.0,1.0,0.0,0.0,0.0,0.0,0.0
222,1.0,0.6666666666666666,0.0,1.0,0.0,0.0,1.0,0.0,0.0,0.0,0.0,0.0
223,1.0,0.6666666666666666,0.0,1.0,0.0,0.0,1.0,0.0,0.0,0.0,0.0,0.0
224,0.6000000000000001,1.0,0.0,0.5,0.0,1.0,1.0,0.0,0.0,0.0,0.0,1.0
225,0.6000000000000001,0.6666666666666666,0.0,0.0,0.0,0.0,1.0,0.0,0.0,0.0,0.0,0.4
226,0.8,0.6666666666666666,0.0,0.5,0.0,1.0,1.0,0.0,0.0,0.0,0.0,0.4
227,0.6000000000000001,0.6666666666666666,0.0,0.5,0.0,1.0,1.0,0.0,0.0,0.0,0.0,0.2
228,0.6000000000000001,0.6666666666666666,0.0,1.0,0.0,0.0,1.0,0.0,0.0,0.0,0.0,0.2
229,0.0,0.6666666666666666,0.0,1.0,0.0,1.0,1.0,0.0,0.0,0.0,0.0,0.2
230,0.6000000000000001,0.6666666666666666,0.0,1.0,0.0,0.0,1.0,0.0,0.0,0.0,0.0,0.2
231,0.6000000000000001,1.0,0.0,0.0,0.0,0.0,1.0,0.0,0.0,0.0,0.0,1.0
232,0.6000000000000001,0.3333333333333333,0.0,1.0,0.0,0.0,1.0,0.0,0.25,0.0,0.0,0.2
233,0.0,0.6666666666666666,0.0,1.0,0.0,1.0,1.0,0.0,0.0,0.0,0.0,0.4
234,1.0,0.6666666666666666,0.0,1.0,0.0,0.0,1.0,0.0,0.0,0.0,0.0,0.0
235,0.8,0.6666666666666666,1.0,0.5,1.0,1.0,1.0,0.0,0.125,0.0,0.0,0.2
236,0.6000000000000001,1.0,0.0,1.0,0.0,0.0,1.0,0.0,0.0,0.0,0.0,1.0
237,0.6000000000000001,0.6666666666666666,0.0,0.5,0.0,0.0,1.0,0.0,0.0,0.0,0.0,0.2
238,0.0,1.0,0.0,0.5,0.0,1.0,1.0,0.0,0.0,0.0,0.0,1.0
239,0.6000000000000001,0.6666666666666666,0.0,1.0,0.0,0.0,1.0,0.0,0.0,0.0,0.0,0.2
240,1.0,0.6666666666666666,0.0,1.0,0.0,0.0,1.0,0.0,0.0,0.0,0.0,0.0
241,0.6000000000000001,0.3333333333333333,0.0,1.0,0.0,0.0,1.0,0.0,0.25,0.0,0.0,0.4
242,0.0,1.0,0.0,0.5,0.0,1.0,1.0,0.0,0.0,0.2,0.0,1.0
243,0.6000000000000001,0.6666666666666666,0.0,1.0,0.0,0.0,1.0,0.0,0.0,0.0,0.0,0.2
244,0.8,1.0,0.0,1.0,0.0,1.0,1.0,0.0,0.0,0.0,0.0,1.0
245,1.0,0.6666666666666666,0.0,0.5,0.0,0.0,1.0,0.0,0.0,0.0,0.0,0.0
246,0.8,1.0,0.0,0.5,0.0,0.0,1.0,0.0,0.0,0.0,0.0,1.0
247,0.8,0.6666666666666666,0.0,0.5,0.0,1.0,1.0,0.0,0.0,0.0,0.0,0.2
248,0.6000000000000001,0.6666666666666666,0.0,0.0,0.0,0.0,1.0,0.0,0.0,0.0,0.0,0.2
249,0.6000000000000001,1.0,0.0,1.0,0.0,0.0,1.0,0.0,0.0,0.0,0.0,1.0
250,0.0,0.3333333333333333,1.0,1.0,0.0,1.0,1.0,0.0,0.125,0.0,0.0,0.6000000000000001
251,0.6000000000000001,0.3333333333333333,0.0,0.5,0.0,1.0,1.0,0.0,0.0,0.0,0.0,0.4
252,0.6000000000000001,0.6666666666666666,0.0,0.5,0.0,0.0,1.0,0.0,0.0,0.0,0.0,0.2
253,1.0,0.6666666666666666,0.0,1.0,0.0,0.0,1.0,0.0,0.0,0.0,0.0,0.0
254,0.8,0.6666666666666666,0.0,0.5,0.0,0.0,1.0,0.0,0.125,0.0,0.0,0.2
255,0.8,1.0,1.0,0.5,0.0,1.0,1.0,0.0,0.0,0.0,0.0,1.0
256,1.0,0.6666666666666666,0.0,1.0,0.0,0.0,1.0,0.0,0.0,0.0,0.0,0.0
257,0.8,0.6666666666666666,0.0,1.0,0.0,1.0,1.0,0.0,0.0,0.0,0.0,0.2
258,0.0,0.3333333333333333,0.0,1.0,0.0,0.0,1.0,0.0,0.0,0.0,0.0,0.4
259,0.6000000000000001,0.3333333333333333,1.0,1.0,0.5,1.0,1.0,0.0,0.0,0.0,0.0,0.4
260,0.8,0.6666666666666666,0.0,1.0,0.0,0.0,1.0,0.0,0.0,0.2,0.0,0.2
261,0.8,1.0,0.0,0.5,0.0,1.0,1.0,0.0,0.0,0.0,0.0,1.0
262,0.6000000000000001,0.6666666666666666,0.0,0.5,0.0,1.0,1.0,0.0,0.0,0.0,0.0,0.2
263,0.0,0.3333333333333333,0.0,0.5,0.0,1.0,1.0,0.0,0.0,0.0,0.0,0.2
264,1.0,0.6666666666666666,0.0,0.5,0.0,1.0,1.0,0.0,0.0,0.0,0.0,0.0
265,0.0,0.3333333333333333,1.0,1.0,0.0,0.0,1.0,0.0,0.0,0.0,0.0,0.4
266,0.6000000000000001,0.6666666666666666,0.0,1.0,0.0,0.0,1.0,0.0,0.0,0.0,0.0,0.2
267,0.0,0.6666666666666666,0.0,1.0,0.0,1.0,1.0,0.0,0.0,0.0,0.0,0.2
268,0.6000000000000001,0.3333333333333333,0.0,0.5,0.0,1.0,1.0,0.0,0.0,0.0,0.0,0.4
269,0.6000000000000001,0.6666666666666666,0.0,0.5,0.0,1.0,1.0,0.0,0.0,0.0,0.0,0.2
270,1.0,0.3333333333333333,0.0,1.0,0.0,1.0,1.0,0.0,0.0,0.0,0.0,0.0
271,0.6000000000000001,0.6666666666666666,0.0,1.0,0.0,0.0,1.0,0.0,0.125,0.0,0.0,0.4
272,1.0,0.6666666666666666,0.0,1.0,0.0,0.0,1.0,0.0,0.0,0.0,0.0,0.0
273,0.6000000000000001,0.6666666666666666,0.0,1.0,0.0,0.0,1.0,0.0,0.0,0.0,0.0,0.4
274,1.0,0.6666666666666666,0.0,0.0,0.0,1.0,1.0,0.0,0.0,0.0,0.0,0.0
275,0.0,0.6666666666666666,0.0,0.5,0.0,1.0,1.0,0.0,0.0,0.0,0.0,0.2
276,0.0,0.3333333333333333,0.0,0.5,0.0,1.0,1.0,0.0,0.5,0.0,0.0,0.4
277,0.6000000000000001,0.6666666666666666,0.0,0.0,0.0,0.0,1.0,0.0,0.0,0.0,0.0,0.2
278,0.6000000000000001,0.6666666666666666,0.0,0.0,0.0,0.0,1.0,0.0,0.0,0.0,0.0,0.2
279,0.0,1.0,0.0,0.5,0.0,1.0,1.0,0.0,0.0,0.0,0.0,1.0
280,0.6000000000000001,0.6666666666666666,0.0,0.5,0.0,1.0,1.0,0.0,0.0,0.0,0.0,0.2
281,0.8,0.6666666666666666,1.0,1.0,0.0,1.0,1.0,0.0,0.125,0.0,0.0,0.4
282,1.0,0.6666666666666666,1.0,1.0,0.0,0.0,1.0,0.0,0.0,0.0,0.0,0.0
283,0.8,0.6666666666666666,0.0,1.0,0.0,0.0,1.0,0.0,0.0,0.0,0.0,0.2
284,1.0,0.6666666666666666,0.0,1.0,0.0,0.0,1.0,0.0,0.0,0.0,0.0,0.0
285,0.8,1.0,0.0,0.5,0.0,1.0,1.0,0.0,0.0,0.0,0.0,1.0
286,0.6000000000000001,0.6666666666666666,0.0,0.5,0.0,0.0,1.0,0.0,0.0,0.0,0.0,0.4
287,0.8,1.0,0.0,0.5,0.0,0.0,0.0,0.0,0.0,0.0,0.0,1.0
288,0.8,1.0,0.0,1.0,0.0,1.0,1.0,0.0,0.0,0.0,0.0,1.0
289,0.4,0.3333333333333333,1.0,1.0,0.5,1.0,1.0,0.0,0.25,0.0,0.0,0.4
290,1.0,0.6666666666666666,0.0,0.5,0.0,0.0,1.0,0.0,0.0,0.0,0.0,0.0
291,1.0,0.3333333333333333,0.0,0.5,0.0,0.0,1.0,0.0,0.0,0.0,0.0,0.0
292,1.0,0.6666666666666666,0.0,0.5,0.0,0.0,1.0,0.0,0.0,0.0,0.0,0.0
293,0.8,1.0,0.0,0.5,0.0,0.0,0.0,0.0,0.0,0.0,0.0,1.0
294,0.8,1.0,0.0,0.5,0.0,0.0,0.0,0.0,0.0,0.2,0.0,1.0
295,0.4,0.3333333333333333,0.0,1.0,0.0,1.0,1.0,0.0,0.5,0.0,0.0,0.4
296,1.0,0.6666666666666666,0.0,0.0,0.0,0.0,1.0,0.0,0.0,0.0,0.0,0.0
297,0.8,0.6666666666666666,1.0,1.0,1.0,0.0,1.0,0.0,0.0,0.2,0.0,0.2
298,1.0,0.6666666666666666,0.0,1.0,0.0,0.0,1.0,0.0,0.0,0.0,0.0,0.0
299,0.6000000000000001,0.6666666666666666,0.0,0.5,0.0,0.0,1.0,0.0,0.0,0.0,0.0,0.4
300,0.4,0.3333333333333333,1.0,1.0,0.0,1.0,1.0,0.0,0.375,0.2,0.0,0.4
301,0.8,1.0,0.0,0.5,0.0,0.0,0.0,0.0,0.0,0.0,0.0,1.0
302,0.8,0.6666666666666666,0.0,1.0,0.0,0.0,1.0,0.0,0.0,0.0,0.0,0.2
303,1.0,0.6666666666666666,0.0,1.0,0.0,0.0,1.0,0.0,0.0,0.0,0.0,0.0
304,0.6000000000000001,0.6666666666666666,0.0,1.0,0.0,0.0,1.0,0.0,0.0,0.0,0.0,0.4
305,0.6000000000000001,0.6666666666666666,0.0,1.0,0.0,0.0,1.0,0.0,0.0,0.0,0.0,0.2
306,0.6000000000000001,0.6666666666666666,0.0,1.0,0.0,0.0,1.0,0.0,0.0,0.0,0.0,0.4
307,0.4,0.3333333333333333,1.0,0.5,0.0,1.0,1.0,0.0,0.125,0.0,0.0,0.4
308,0.0,0.3333333333333333,0.0,1.0,0.0,0.0,1.0,0.0,0.0,0.0,0.0,0.4
309,0.8,1.0,0.0,0.5,0.0,0.0,0.0,0.0,0.0,0.0,0.0,1.0
310,0.8,0.6666666666666666,1.0,0.5,0.5,0.0,1.0,0.0,0.0,0.0,0.0,0.2
311,0.6000000000000001,0.6666666666666666,0.0,0.5,0.0,0.0,1.0,0.0,0.0,0.0,0.0,0.4
312,1.0,0.6666666666666666,0.0,0.5,0.0,0.0,1.0,0.0,0.0,0.0,0.0,0.0
313,1.0,0.6666666666666666,0.0,0.5,0.0,0.0,1.0,0.0,0.0,0.0,0.0,0.0
314,1.0,0.6666666666666666,0.0,1.0,0.0,0.0,1.0,0.0,0.125,0.0,0.0,0.0
315,1.0,0.6666666666666666,0.0,1.0,0.0,0.0,1.0,0.0,0.0,0.0,0.0,0.0
316,0.8,0.6666666666666666,0.0,0.5,0.0,0.0,1.0,0.0,0.125,0.0,0.0,0.4
317,0.0,0.3333333333333333,1.0,0.5,1.0,1.0,1.0,0.0,0.0,0.0,0.0,0.4
318,0.0,0.3333333333333333,0.0,0.5,0.0,1.0,1.0,0.0,0.0,0.0,0.0,0.4
319,0.8,0.6666666666666666,0.0,1.0,0.0,0.0,1.0,0.0,0.0,0.0,0.0,0.2
320,0.6000000000000001,1.0,0.0,1.0,0.0,0.0,1.0,0.0,0.0,0.0,0.0,1.0
321,1.0,0.6666666666666666,0.0,0.5,0.0,0.0,1.0,0.0,0.0,0.0,0.0,0.0
322,0.0,0.3333333333333333,0.0,1.0,0.0,0.0,1.0,0.0,0.0,0.0,0.0,0.4
323,0.8,1.0,0.0,0.5,0.0,0.0,0.0,0.0,0.0,0.0,0.0,1.0
324,0.6000000000000001,0.6666666666666666,0.0,1.0,0.0,0.0,1.0,0.0,0.125,0.0,0.0,0.2
325,0.0,1.0,0.0,0.0,0.0,1.0,1.0,0.0,0.0,0.0,0.0,1.0
326,0.8,1.0,0.0,0.0,0.0,0.0,1.0,0.0,0.0,0.0,0.0,1.0
327,0.0,0.3333333333333333,0.0,1.0,0.0,1.0,1.0,0.0,0.0,0.0,0.0,0.4
328,0.8,1.0,0.0,0.0,0.0,0.0,1.0,0.0,0.0,0.0,0.0,1.0
329,0.8,0.6666666666666666,0.0,0.5,0.0,0.0,1.0,0.0,0.0,0.0,0.0,0.2
330,0.8,0.3333333333333333,1.0,1.0,0.0,0.0,1.0,0.0,0.0,0.0,0.0,0.4
331,0.8,1.0,0.0,1.0,0.0,0.0,0.0,0.0,0.0,0.0,0.0,1.0
332,0.6000000000000001,0.6666666666666666,0.0,0.5,0.0,0.0,1.0,0.0,0.0,0.0,0.0,0.4
333,0.6000000000000001,0.6666666666666666,0.0,1.0,0.0,0.0,1.0,0.0,0.0,0.0,0.0,0.4
334,0.8,1.0,0.0,1.0,0.0,0.0,1.0,0.0,0.0,0.0,0.0,1.0
335,0.8,1.0,0.0,0.5,0.0,0.0,0.0,0.0,0.0,0.0,0.0,1.0
336,1.0,0.6666666666666666,0.0,0.5,0.0,0.0,1.0,0.0,0.0,0.0,0.0,0.0
337,0.0,0.3333333333333333,0.0,1.0,0.0,1.0,1.0,0.0,0.125,0.0,0.0,0.6000000000000001
338,0.8,0.6666666666666666,0.0,1.0,0.0,0.0,1.0,0.0,0.0,0.0,0.0,0.4
339,0.6000000000000001,1.0,0.0,0.0,0.0,0.0,1.0,0.0,0.0,0.0,0.0,1.0
340,0.0,0.3333333333333333,0.0,0.5,0.0,1.0,1.0,0.0,0.0,0.0,0.0,0.4
341,0.8,1.0,0.0,0.5,0.0,0.0,0.0,0.0,0.0,0.0,0.0,1.0
342,0.6000000000000001,0.6666666666666666,0.0,1.0,0.0,0.0,1.0,0.0,0.0,0.0,0.0,0.2
343,0.8,0.3333333333333333,0.0,1.0,0.0,0.0,1.0,0.0,0.125,0.0,0.0,0.4
344,0.6000000000000001,1.0,0.0,0.5,0.0,0.0,0.0,0.0,0.0,0.0,0.0,1.0
345,0.6000000000000001,1.0,0.0,0.5,0.0,0.0,1.0,0.0,0.0,0.0,0.0,1.0
346,0.0,0.0,0.0,1.0,0.0,1.0,1.0,0.0,0.0,0.0,0.0,0.6000000000000001
347,0.0,0.6666666666666666,0.0,1.0,0.0,0.0,1.0,0.0,0.0,0.0,0.0,0.4
348,0.8,0.6666666666666666,0.0,1.0,0.0,0.0,1.0,0.0,0.0,0.0,0.0,0.2
349,0.8,1.0,1.0,0.5,0.0,0.0,1.0,0.0,0.0,0.0,0.0,1.0
350,0.6000000000000001,0.6666666666666666,0.0,1.0,0.0,1.0,1.0,0.0,0.0,0.0,0.0,0.4
351,0.8,0.6666666666666666,0.0,0.5,0.0,1.0,1.0,0.0,0.0,0.0,0.0,0.2
352,0.2,1.0,0.0,0.5,0.0,0.0,0.0,0.0,0.0,0.0,0.0,1.0
353,0.6000000000000001,0.6666666666666666,0.0,1.0,0.0,0.0,1.0,0.0,0.0,0.0,0.0,0.2
354,0.8,0.3333333333333333,0.0,1.0,0.0,1.0,1.0,0.0,0.125,0.0,0.0,0.4
355,0.6000000000000001,0.6666666666666666,0.0,1.0,0.0,0.0,1.0,0.0,0.0,0.2,0.0,0.2
356,0.6000000000000001,1.0,0.0,1.0,0.0,0.0,1.0,0.0,0.0,0.0,0.0,1.0
357,0.8,1.0,0.0,0.5,0.0,1.0,0.0,0.0,0.0,0.0,0.0,1.0
358,0.8,1.0,0.0,0.5,0.0,0.0,0.0,0.0,0.0,0.0,0.0,1.0
359,0.0,0.6666666666666666,0.0,0.0,0.0,1.0,1.0,0.0,0.0,0.0,0.0,0.4
360,0.8,0.3333333333333333,0.0,1.0,0.0,0.0,1.0,0.0,0.0,0.0,0.0,0.4
361,0.6000000000000001,0.3333333333333333,0.0,1.0,0.0,1.0,1.0,0.0,0.0,0.0,0.0,0.2
362,1.0,0.6666666666666666,0.0,0.5,0.0,0.0,1.0,0.0,0.0,0.0,0.0,0.0
363,0.6000000000000001,0.6666666666666666,0.0,1.0,0.0,0.0,1.0,0.0,0.0,0.2,0.0,0.4
364,0.6000000000000001,0.6666666666666666,0.0,1.0,0.0,0.0,1.0,0.0,0.0,0.0,0.0,0.4
365,0.8,0.3333333333333333,0.0,1.0,0.0,1.0,1.0,0.0,0.0,0.0,0.0,0.4
366,0.0,0.3333333333333333,0.0,1.0,0.0,1.0,1.0,0.0,0.0,0.0,0.0,0.4
367,0.6000000000000001,0.6666666666666666,0.0,1.0,0.0,0.0,1.0,0.0,0.0,0.0,0.0,0.2
368,0.6000000000000001,0.6666666666666666,0.0,0.5,0.0,1.0,1.0,0.0,0.0,0.0,0.0,0.4
369,0.8,1.0,0.0,1.0,0.0,0.0,0.0,0.0,0.0,0.0,0.0,1.0
370,0.6000000000000001,0.6666666666666666,0.0,1.0,0.0,0.0,1.0,0.0,0.0,0.0,0.0,0.4
371,0.0,0.3333333333333333,1.0,1.0,1.0,0.0,1.0,0.0,0.125,0.0,0.0,0.4
372,1.0,0.6666666666666666,0.0,0.5,0.0,0.0,1.0,0.0,0.0,0.0,0.0,0.0
373,0.0,1.0,0.0,1.0,0.0,1.0,0.0,0.0,0.0,0.0,0.0,1.0
374,0.0,0.3333333333333333,0.0,1.0,0.0,1.0,1.0,0.0,0.375,0.0,0.0,0.4
375,0.6000000000000001,0.6666666666666666,0.0,0.5,0.0,0.0,1.0,0.0,0.0,0.0,0.0,0.2
376,0.8,0.6666666666666666,0.0,0.0,0.0,1.0,1.0,0.0,0.0,0.0,0.0,0.4
377,0.8,1.0,0.0,0.5,0.0,0.0,1.0,0.0,0.0,0.0,0.0,1.0
378,0.6000000000000001,0.6666666666666666,0.0,0.0,0.0,1.0,1.0,0.0,0.0,0.0,0.0,0.4
379,0.6000000000000001,0.6666666666666666,0.0,0.5,0.0,0.0,1.0,0.0,0.0,0.0,0.0,0.2
380,1.0,0.6666666666666666,0.0,0.5,0.0,1.0,1.0,0.0,0.0,0.0,0.0,0.0
381,0.6000000000000001,0.6666666666666666,0.0,0.5,0.0,0.0,1.0,0.0,0.0,0.0,0.0,0.2
382,0.0,0.6666666666666666,1.0,0.5,0.0,1.0,1.0,0.0,0.5,0.0,0.0,0.6000000000000001
383,0.0,0.3333333333333333,0.0,1.0,0.0,1.0,1.0,0.0,0.0,0.0,0.0,0.6000000000000001
384,0.0,1.0,0.0,1.0,0.0,1.0,0.0,0.0,0.0,0.0,0.0,1.0
385,0.0,0.3333333333333333,1.0,1.0,0.0,1.0,1.0,0.0,0.0,0.2,0.0,0.4
386,0.8,0.6666666666666666,0.0,0.5,0.0,1.0,1.0,0.0,0.0,0.0,0.0,0.4
387,0.8,1.0,0.0,0.5,0.0,0.0,1.0,0.0,0.0,0.0,0.0,1.0
388,0.6000000000000001,0.6666666666666666,0.0,1.0,0.0,1.0,1.0,0.0,0.0,0.0,0.0,0.4
389,0.8,1.0,0.0,0.5,0.0,0.0,0.0,0.0,0.0,0.0,0.0,1.0
390,0.0,0.6666666666666666,0.0,0.0,0.0,0.0,1.0,0.0,0.0,0.0,0.0,0.2
391,0.0,0.3333333333333333,0.0,0.5,0.0,1.0,1.0,0.0,0.0,0.0,0.0,0.6000000000000001
392,0.0,1.0,0.0,0.5,0.0,1.0,0.0,0.0,0.0,0.0,0.0,1.0
393,0.0,0.0,1.0,0.5,1.0,1.0,1.0,0.0,0.0,0.0,0.0,0.4
394,0.8,0.3333333333333333,0.0,0.5,0.0,1.0,1.0,0.0,0.0,0.0,0.0,0.6000000000000001
395,0.6000000000000001,1.0,0.0,0.5,0.0,0.0,0.0,0.0,0.0,0.0,0.0,1.0
396,0.8,1.0,0.0,1.0,0.0,0.0,1.0,0.0,0.0,0.0,0.0,1.0
397,0.0,0.3333333333333333,0.0,1.0,0.0,1.0,1.0,0.0,0.0,0.2,0.0,0.4
398,0.8,1.0,0.0,1.0,0.0,0.0,0.0,0.0,0.0,0.0,0.0,1.0
399,0.0,0.6666666666666666,1.0,1.0,0.0,1.0,1.0,0.0,0.0,0.0,0.0,0.6000000000000001
400,0.0,0.6666666666666666,0.0,0.5,0.0,1.0,1.0,0.0,0.125,0.0,0.0,0.6000000000000001
401,0.0,0.6666666666666666,0.0,0.5,0.0,1.0,1.0,0.0,0.0,0.0,0.0,0.2
402,0.0,0.0,0.0,0.5,0.0,1.0,1.0,0.0,0.0,0.0,0.0,0.4
403,0.8,0.3333333333333333,0.0,1.0,0.0,1.0,1.0,0.0,0.625,0.2,0.0,0.6000000000000001
404,0.6000000000000001,1.0,0.0,1.0,0.0,0.0,0.0,0.0,0.0,0.0,0.0,1.0
405,0.6000000000000001,0.3333333333333333,0.0,1.0,0.0,0.0,1.0,0.0,0.125,0.0,0.0,0.4
406,0.8,1.0,0.0,1.0,0.0,0.0,0.0,0.0,0.0,0.0,0.0,1.0
407,0.8,1.0,0.0,1.0,0.0,1.0,0.0,0.0,0.0,0.0,0.0,1.0
408,0.8,0.3333333333333333,0.0,1.0,0.0,1.0,1.0,0.0,0.0,0.0,0.0,0.4
409,0.8,1.0,0.0,0.5,0.0,0.0,0.0,0.0,0.0,0.0,0.0,1.0
410,0.0,1.0,0.0,0.5,0.0,1.0,1.0,0.0,0.0,0.0,0.0,1.0
411,0.0,0.3333333333333333,0.0,0.5,0.0,1.0,1.0,0.0,0.5,0.0,0.0,0.8
412,0.0,0.3333333333333333,0.0,0.5,0.0,1.0,1.0,0.0,0.0,0.0,0.0,0.2
413,0.0,0.3333333333333333,0.0,1.0,0.0,1.0,1.0,0.0,0.0,0.0,0.0,0.6000000000000001
414,0.8,1.0,0.0,0.5,0.0,0.0,0.0,0.0,0.125,0.0,0.0,1.0
415,1.0,0.6666666666666666,0.0,1.0,0.0,0.0,1.0,0.0,0.0,0.0,0.0,0.0
416,0.8,0.6666666666666666,0.0,0.0,1.0,1.0,1.0,0.0,0.0,0.0,0.0,0.4
417,0.8,1.0,0.0,0.5,0.0,0.0,0.0,0.0,0.0,0.0,0.0,1.0
418,0.8,1.0,0.0,1.0,0.0,0.0,0.0,0.0,0.0,0.0,0.0,1.0
419,0.6000000000000001,0.3333333333333333,0.0,1.0,0.0,0.0,1.0,0.0,0.0,0.0,0.0,0.4
420,0.8,1.0,0.0,0.5,0.0,0.0,0.0,0.0,0.0,0.0,0.0,1.0
421,0.0,0.3333333333333333,1.0,0.5,0.0,1.0,1.0,0.0,0.0,0.0,0.0,0.8
422,0.8,1.0,0.0,1.0,0.0,1.0,1.0,0.0,0.125,0.0,0.0,1.0
423,0.0,0.3333333333333333,0.0,1.0,0.0,1.0,1.0,0.0,0.0,0.0,0.0,0.6000000000000001
424,0.8,1.0,0.0,0.5,0.0,1.0,0.0,0.0,0.0,0.0,0.0,1.0
425,0.6000000000000001,0.3333333333333333,0.0,1.0,0.0,1.0,1.0,0.0,0.0,0.0,0.0,0.4
426,0.6000000000000001,0.6666666666666666,0.0,1.0,0.0,0.0,1.0,0.0,0.0,0.0,0.0,0.2
427,0.8,1.0,0.0,0.5,0.0,0.0,0.0,0.0,0.0,0.0,0.0,1.0
428,0.0,0.3333333333333333,0.0,0.0,0.0,1.0,1.0,0.0,0.0,0.0,0.0,0.8
429,0.6000000000000001,1.0,0.0,0.0,0.0,1.0,1.0,0.0,0.0,0.0,0.0,1.0
430,0.8,1.0,1.0,1.0,0.0,1.0,1.0,0.0,0.0,0.0,0.0,1.0
431,0.8,0.3333333333333333,1.0,0.5,0.0,1.0,1.0,0.0,0.375,0.0,0.0,0.6000000000000001
432,0.8,1.0,0.0,1.0,0.0,0.0,0.0,0.0,0.0,0.0,0.0,1.0
433,0.6000000000000001,0.3333333333333333,0.0,0.5,0.0,1.0,1.0,0.0,0.0,0.0,0.0,0.4
434,0.6000000000000001,1.0,0.0,0.5,0.0,1.0,0.0,0.0,0.0,0.0,0.0,1.0
435,0.0,0.6666666666666666,0.0,0.5,0.0,1.0,1.0,0.0,0.0,0.0,0.0,0.4
436,0.6000000000000001,1.0,0.0,0.0,0.0,0.0,1.0,0.0,0.0,0.0,0.0,1.0
437,1.0,0.6666666666666666,0.0,0.5,0.0,0.0,1.0,0.0,0.0,0.0,0.0,0.0
438,0.8,1.0,0.0,0.5,0.0,1.0,0.0,0.0,0.0,0.0,0.0,1.0
439,0.8,1.0,0.0,0.5,0.0,1.0,1.0,0.0,0.0,0.0,0.0,1.0
440,0.8,0.3333333333333333,1.0,0.5,0.0,1.0,1.0,0.0,0.0,0.0,0.0,0.6000000000000001
441,0.8,0.6666666666666666,1.0,0.5,0.0,0.0,1.0,0.0,0.0,0.0,0.0,0.2
442,0.8,1.0,0.0,0.5,0.0,1.0,0.0,0.0,0.0,0.0,0.0,1.0
443,1.0,0.6666666666666666,0.0,1.0,0.0,0.0,1.0,0.0,0.0,0.0,0.0,0.0
444,0.8,1.0,0.0,1.0,0.0,0.0,0.0,0.0,0.0,0.0,0.0,1.0
445,0.8,1.0,0.0,0.5,0.0,1.0,1.0,0.0,0.0,0.0,0.0,1.0
446,0.0,0.3333333333333333,1.0,0.5,0.0,1.0,1.0,0.0,0.125,0.0,0.0,0.4
447,1.0,0.6666666666666666,0.0,0.5,0.0,1.0,1.0,0.0,0.0,0.0,0.0,0.0
448,0.6000000000000001,0.6666666666666666,0.0,1.0,0.0,0.0,1.0,0.0,0.0,0.0,0.0,0.2
449,0.8,0.6666666666666666,1.0,1.0,0.0,1.0,1.0,0.0,0.0,0.0,0.0,0.4
450,0.2,0.6666666666666666,0.0,1.0,0.0,0.0,1.0,0.0,0.0,0.0,0.0,0.4
451,0.6000000000000001,0.6666666666666666,0.0,1.0,0.0,0.0,1.0,0.0,0.0,0.0,0.0,0.4
452,0.8,0.6666666666666666,0.0,0.5,0.0,0.0,1.0,0.0,0.0,0.0,0.0,0.2
453,0.8,1.0,0.0,0.5,0.0,1.0,1.0,0.0,0.0,0.0,0.0,1.0
454,0.8,1.0,0.0,0.5,0.0,0.0,1.0,0.0,0.0,0.0,0.0,1.0
455,0.8,0.6666666666666666,0.0,1.0,0.0,1.0,1.0,0.0,0.0,0.0,0.0,0.2
456,0.8,0.3333333333333333,0.0,1.0,0.0,0.0,1.0,0.0,0.0,0.0,0.0,0.2
457,0.6000000000000001,1.0,0.0,0.5,0.0,0.0,1.0,0.0,0.0,0.0,0.0,1.0
458,0.8,1.0,0.0,0.5,0.0,1.0,1.0,0.0,0.0,0.0,0.0,1.0
459,0.8,1.0,0.0,0.5,0.0,0.0,1.0,0.0,0.0,0.0,0.0,1.0
460,0.6000000000000001,1.0,0.0,1.0,0.0,1.0,0.0,0.0,0.0,0.0,0.0,1.0
461,1.0,0.6666666666666666,0.0,1.0,0.0,0.0,1.0,0.0,0.0,0.0,0.0,0.0
462,0.8,0.6666666666666666,0.0,0.5,0.0,1.0,1.0,0.0,0.125,0.0,0.0,0.2
463,0.8,0.6666666666666666,0.0,0.5,0.0,0.0,1.0,0.0,0.0,0.0,0.0,0.2
464,0.6000000000000001,0.6666666666666666,0.0,1.0,0.0,0.0,1.0,0.0,0.0,0.0,0.0,0.2
465,0.8,0.6666666666666666,0.0,0.0,0.0,0.0,1.0,0.0,0.0,0.0,0.0,0.2
466,1.0,0.6666666666666666,0.0,1.0,0.0,0.0,1.0,0.0,0.0,0.0,0.0,0.0
467,0.8,0.6666666666666666,0.0,0.5,0.0,0.0,1.0,0.0,0.125,0.0,0.0,0.2
468,0.8,1.0,0.0,0.5,0.0,0.0,1.0,0.0,0.0,0.0,0.0,1.0
469,0.8,1.0,0.0,1.0,0.0,1.0,0.0,0.0,0.0,0.0,0.0,1.0
470,0.8,0.6666666666666666,0.0,1.0,0.0,0.0,1.0,0.0,0.125,0.0,0.0,0.2
471,0.8,0.6666666666666666,0.0,1.0,0.0,1.0,1.0,0.0,0.25,0.2,0.0,0.2
472,0.8,1.0,0.0,1.0,0.0,0.0,1.0,0.0,0.125,0.0,0.0,1.0
473,0.6000000000000001,0.6666666666666666,0.0,0.5,0.0,0.0,1.0,0.0,0.0,0.0,0.0,0.2
474,0.8,0.6666666666666666,0.0,1.0,0.0,0.0,1.0,0.0,0.0,0.0,0.0,0.4
475,0.8,1.0,1.0,1.0,0.0,0.0,1.0,0.0,0.0,0.0,0.0,1.0
476,0.0,0.6666666666666666,0.0,0.5,0.0,1.0,1.0,0.0,0.125,0.0,0.0,0.4
477,0.8,1.0,0.0,0.5,0.0,0.0,1.0,0.0,0.0,0.0,0.0,1.0
478,0.8,1.0,0.0,0.5,0.0,1.0,0.0,0.0,0.0,0.0,0.0,1.0
479,0.8,0.3333333333333333,0.0,1.0,0.0,0.0,1.0,0.0,0.0,0.0,0.0,0.4
480,0.0,0.3333333333333333,1.0,0.5,0.0,1.0,1.0,0.0,0.125,0.0,0.0,0.4
481,0.6000000000000001,1.0,0.0,0.5,0.0,0.0,1.0,0.0,0.0,0.0,0.0,1.0
482,0.6000000000000001,0.3333333333333333,0.0,0.5,0.0,0.0,1.0,0.0,0.25,0.0,0.0,0.2
483,0.8,1.0,0.0,0.5,0.0,0.0,1.0,0.0,0.0,0.0,0.0,1.0
484,0.8,1.0,0.0,0.5,0.0,0.0,1.0,0.0,0.0,0.0,0.0,1.0
485,0.0,0.6666666666666666,0.0,1.0,0.0,1.0,1.0,0.0,0.0,0.0,0.0,0.4
486,0.0,0.3333333333333333,1.0,0.5,0.0,1.0,1.0,0.0,0.25,0.0,0.0,0.4
487,0.2,0.6666666666666666,0.0,0.5,0.0,0.0,1.0,0.0,0.0,0.0,0.0,0.8
488,0.6000000000000001,0.6666666666666666,0.0,1.0,0.0,0.0,1.0,0.0,0.0,0.0,0.0,0.2
489,0.8,0.6666666666666666,0.0,0.5,0.0,0.0,1.0,0.0,0.0,0.0,0.0,0.2
490,0.6000000000000001,1.0,0.0,0.5,0.0,0.0,1.0,0.0,0.0,0.0,0.0,1.0
491,0.6000000000000001,1.0,0.0,1.0,0.0,0.0,0.0,0.0,0.0,0.0,0.0,1.0
492,0.8,0.6666666666666666,0.0,1.0,0.0,0.0,1.0,0.0,0.0,0.0,0.0,0.4
493,0.8,0.3333333333333333,0.0,0.0,0.0,1.0,1.0,0.0,0.0,0.0,0.0,0.4
494,0.6000000000000001,0.3333333333333333,0.0,0.5,0.0,1.0,1.0,0.0,0.125,0.0,0.0,0.2
495,0.8,0.6666666666666666,0.0,1.0,0.0,0.0,1.0,0.0,0.0,0.0,0.0,0.2
496,1.0,0.3333333333333333,1.0,0.5,0.0,1.0,1.0,0.0,0.0,0.0,0.0,0.0
497,0.8,1.0,0.0,1.0,0.0,0.0,1.0,0.0,0.0,0.0,0.0,1.0
498,1.0,0.6666666666666666,0.0,1.0,0.0,0.0,1.0,0.0,0.0,0.0,0.0,0.0
499,0.6000000000000001,1.0,1.0,0.0,0.0,1.0,1.0,0.0,0.0,0.0,0.0,1.0
500,0.8,0.6666666666666666,0.0,0.5,0.0,1.0,1.0,0.0,0.0,0.0,0.0,0.2
501,0.8,1.0,0.0,0.5,0.0,0.0,1.0,0.0,0.0,0.0,0.0,1.0
502,1.0,0.3333333333333333,0.0,0.5,0.0,1.0,1.0,0.0,0.125,0.0,0.0,0.0
503,0.8,0.6666666666666666,0.0,0.5,0.0,0.0,1.0,0.0,0.0,0.0,0.0,0.2
504,1.0,0.6666666666666666,0.0,1.0,0.0,0.0,1.0,0.0,0.0,0.0,0.0,0.0
505,0.0,0.6666666666666666,0.0,1.0,0.0,0.0,1.0,0.0,0.0,0.0,0.0,0.4
506,0.8,0.6666666666666666,0.0,0.5,0.0,0.0,1.0,0.0,0.0,0.0,0.0,0.2
507,1.0,0.6666666666666666,0.0,1.0,0.0,0.0,1.0,0.0,0.0,0.0,0.0,0.0
508,0.8,0.6666666666666666,1.0,0.5,0.0,1.0,1.0,0.0,0.0,0.0,0.0,0.2
509,0.8,0.3333333333333333,0.0,1.0,0.0,0.0,1.0,0.0,0.0,0.0,0.0,0.2
510,0.8,0.6666666666666666,0.0,1.0,0.0,0.0,1.0,0.0,0.0,0.0,0.0,0.2
511,0.0,0.3333333333333333,0.0,0.5,0.0,0.0,1.0,0.0,0.0,0.0,0.0,0.4
512,0.0,0.3333333333333333,0.0,1.0,0.0,0.0,1.0,0.0,0.0,0.0,0.0,0.6000000000000001
513,0.6000000000000001,1.0,0.0,1.0,0.0,0.0,1.0,0.0,0.0,0.0,0.0,1.0
514,0.6000000000000001,0.6666666666666666,0.0,1.0,0.0,0.0,1.0,0.0,0.0,0.0,0.0,0.2
515,0.8,1.0,0.0,0.0,0.0,1.0,1.0,0.0,0.0,0.0,0.0,1.0
516,0.8,0.6666666666666666,1.0,1.0,0.0,1.0,1.0,0.0,0.0,0.0,0.0,0.2
517,0.8,0.6666666666666666,0.0,1.0,0.0,0.0,1.0,0.0,0.0,0.0,0.0,0.2
518,0.0,0.6666666666666666,0.0,0.5,0.0,1.0,1.0,0.0,0.0,0.0,0.0,0.4
519,0.8,0.3333333333333333,0.0,1.0,0.0,1.0,1.0,0.0,0.25,0.0,0.0,0.8
520,0.6000000000000001,0.6666666666666666,0.0,1.0,0.0,0.0,1.0,0.0,0.0,0.0,0.0,0.2
521,0.0,0.3333333333333333,0.0,1.0,0.0,0.0,1.0,0.0,0.125,0.0,0.0,0.4
522,0.8,1.0,0.0,0.5,0.0,1.0,1.0,0.0,0.0,0.0,0.0,1.0
523,0.8,0.6666666666666666,0.0,0.5,0.0,0.0,1.0,0.0,0.0,0.0,0.0,0.2
524,0.8,0.6666666666666666,0.0,1.0,0.0,1.0,1.0,0.0,0.0,0.0,0.0,0.2
525,0.8,0.3333333333333333,0.0,1.0,0.0,1.0,1.0,0.0,0.125,0.0,0.0,0.8
526,0.6000000000000001,0.6666666666666666,0.0,0.5,0.0,1.0,1.0,0.0,0.0,0.0,0.0,0.4
527,0.0,0.3333333333333333,1.0,1.0,0.0,1.0,1.0,0.0,0.0,0.0,0.0,0.4
528,0.6000000000000001,0.0,1.0,1.0,0.0,0.0,1.0,0.0,0.125,0.0,0.0,0.4
529,0.4,1.0,0.0,1.0,0.0,0.0,0.0,0.0,0.0,0.0,0.0,1.0
530,0.6000000000000001,0.6666666666666666,0.0,0.5,0.0,0.0,1.0,0.0,0.0,0.0,0.0,0.2
531,0.8,1.0,0.0,0.5,0.0,0.0,1.0,0.0,0.0,0.0,0.0,1.0
532,0.8,0.3333333333333333,1.0,0.5,0.0,1.0,1.0,0.0,0.0,0.0,0.0,0.8
533,1.0,0.6666666666666666,0.0,0.5,0.0,1.0,1.0,0.0,0.0,0.0,0.0,0.0
534,0.8,0.3333333333333333,0.0,0.5,0.0,1.0,1.0,0.0,0.0,0.0,0.0,0.4
535,0.2,0.0,1.0,1.0,0.0,1.0,1.0,0.0,0.0,0.0,0.0,0.6000000000000001
536,1.0,0.6666666666666666,0.0,0.5,0.0,0.0,1.0,0.0,0.0,0.0,0.0,0.0
537,0.2,0.6666666666666666,0.0,1.0,0.0,1.0,1.0,0.0,0.0,0.0,0.0,0.2
538,1.0,0.6666666666666666,0.0,1.0,0.0,0.0,1.0,0.0,0.0,0.0,0.0,0.0
539,0.6000000000000001,0.3333333333333333,0.0,0.5,0.0,1.0,1.0,0.0,0.125,0.0,0.0,0.8
540,0.8,1.0,0.0,0.0,0.0,1.0,1.0,0.0,0.0,0.0,0.0,1.0
541,0.0,0.3333333333333333,0.0,1.0,0.0,1.0,1.0,0.0,0.125,0.0,0.0,0.4
542,0.4,0.3333333333333333,1.0,1.0,0.0,1.0,1.0,1.0,0.125,0.0,0.0,0.6000000000000001
543,1.0,0.6666666666666666,0.0,1.0,0.0,0.0,1.0,0.0,0.0,0.0,0.0,0.0
544,0.0,0.3333333333333333,0.0,0.5,0.0,1.0,1.0,0.0,0.125,0.0,0.0,0.4
545,0.2,0.6666666666666666,1.0,0.5,0.0,1.0,1.0,0.0,0.125,0.0,0.0,0.6000000000000001
546,0.8,1.0,0.0,0.5,0.0,1.0,0.0,0.0,0.0,0.0,0.0,1.0
547,0.6000000000000001,1.0,0.0,0.5,0.0,0.0,1.0,0.0,0.0,0.0,0.0,1.0
548,1.0,0.6666666666666666,0.0,0.0,0.0,1.0,1.0,0.0,0.0,0.0,0.0,0.0
549,0.8,0.3333333333333333,1.0,0.5,0.0,1.0,1.0,0.0,0.125,0.0,0.0,0.4
550,0.4,0.3333333333333333,1.0,0.5,0.0,1.0,1.0,0.0,0.25,0.0,0.0,0.6000000000000001
551,0.2,0.6666666666666666,0.0,1.0,0.0,1.0,1.0,0.0,0.0,0.0,0.0,0.8
552,0.6000000000000001,0.6666666666666666,0.0,1.0,0.0,0.0,1.0,0.0,0.0,0.0,0.0,0.2
553,0.8,0.6666666666666666,0.0,1.0,0.0,1.0,1.0,0.0,0.0,0.0,0.0,0.2
554,0.6000000000000001,1.0,0.0,0.0,0.0,1.0,1.0,0.0,0.0,0.0,0.0,1.0
555,1.0,0.3333333333333333,0.0,0.0,0.0,1.0,1.0,0.0,0.0,0.0,0.0,0.0
556,0.4,0.3333333333333333,0.0,0.5,0.0,1.0,1.0,0.0,0.5,0.0,0.0,0.8
557,0.6000000000000001,0.6666666666666666,0.0,0.5,0.0,0.0,1.0,0.0,0.0,0.0,0.0,0.2
558,0.8,1.0,0.0,1.0,0.0,1.0,1.0,0.0,0.0,0.0,0.0,1.0
559,1.0,0.6666666666666666,0.0,1.0,0.0,0.0,1.0,0.0,0.0,0.0,0.0,0.0
560,0.8,1.0,0.0,1.0,0.0,0.0,0.0,0.0,0.0,0.0,0.0,1.0
561,0.6000000000000001,1.0,0.0,1.0,0.0,1.0,1.0,0.0,0.0,0.0,0.0,1.0
562,0.0,0.3333333333333333,1.0,1.0,0.0,1.0,1.0,1.0,0.125,0.2,0.0,0.8
563,0.2,0.3333333333333333,0.0,1.0,0.0,1.0,1.0,0.0,0.125,0.2,0.0,0.6000000000000001
564,0.8,1.0,0.0,0.5,0.0,1.0,1.0,0.0,0.0,0.0,0.0,1.0
565,0.6000000000000001,1.0,0.0,0.5,0.0,0.0,1.0,0.0,0.0,0.0,0.0,1.0
566,0.8,1.0,0.0,1.0,0.0,0.0,0.0,0.0,0.0,0.0,0.0,1.0
567,0.0,0.3333333333333333,1.0,1.0,0.0,1.0,1.0,0.0,0.0,0.0,0.0,0.8
568,0.2,0.3333333333333333,0.0,1.0,0.0,1.0,1.0,0.0,0.375,0.0,0.0,0.6000000000000001
569,0.8,1.0,0.0,1.0,0.0,1.0,1.0,0.0,0.0,0.0,0.0,1.0
570,0.6000000000000001,1.0,0.0,1.0,0.0,0.0,1.0,0.0,0.0,0.0,0.0,1.0
571,1.0,0.6666666666666666,0.0,1.0,0.0,0.0,1.0,0.0,0.0,0.0,0.0,0.0
572,0.2,0.6666666666666666,1.0,0.5,0.5,1.0,1.0,0.0,0.0,0.0,0.0,0.6000000000000001
573,0.8,1.0,0.0,0.5,0.0,1.0,1.0,0.0,0.0,0.0,0.0,1.0
574,0.8,0.3333333333333333,0.0,1.0,0.0,0.0,1.0,0.0,0.0,0.0,0.0,0.2
575,0.0,0.3333333333333333,0.0,0.5,0.0,1.0,1.0,0.0,0.125,0.0,0.0,0.8
576,0.6000000000000001,1.0,0.0,1.0,0.0,0.0,1.0,0.0,0.0,0.0,0.0,1.0
577,0.0,0.3333333333333333,0.0,0.5,0.0,1.0,1.0,0.0,0.0,0.0,0.0,0.8
578,0.0,0.6666666666666666,0.0,0.5,0.0,1.0,1.0,0.0,0.125,0.0,0.0,0.6000000000000001
579,0.8,1.0,0.0,1.0,0.0,1.0,1.0,0.0,0.0,0.0,0.0,1.0
580,0.8,0.3333333333333333,0.0,1.0,0.0,1.0,1.0,0.0,0.0,0.0,0.0,0.4
581,0.6000000000000001,0.6666666666666666,0.0,0.5,0.0,0.0,1.0,0.0,0.0,0.0,0.0,0.2
582,1.0,0.6666666666666666,0.0,1.0,0.0,0.0,1.0,0.0,0.0,0.0,0.0,0.0
583,0.0,0.3333333333333333,1.0,0.5,0.0,1.0,1.0,0.0,0.125,0.0,0.0,0.8
584,0.8,1.0,0.0,1.0,0.0,1.0,1.0,0.0,0.0,0.0,0.0,1.0
585,1.0,0.6666666666666666,0.0,0.5,0.0,0.0,1.0,0.0,0.0,0.0,0.0,0.0
586,1.0,0.6666666666666666,0.0,0.5,0.0,0.0,1.0,0.0,0.0,0.0,0.0,0.0
587,0.8,0.6666666666666666,0.0,0.0,0.0,1.0,1.0,0.0,0.0,0.0,0.0,0.6000000000000001
588,0.0,0.3333333333333333,0.0,1.0,0.0,1.0,1.0,0.0,0.0,0.0,0.0,0.4
589,0.6000000000000001,1.0,0.0,1.0,0.0,0.0,1.0,0.0,0.0,0.0,0.0,1.0
590,0.6000000000000001,0.6666666666666666,0.0,1.0,0.0,0.0,1.0,0.0,0.0,0.0,0.0,0.2
591,1.0,0.6666666666666666,0.0,1.0,0.0,0.0,1.0,0.0,0.0,0.0,0.0,0.0
592,0.8,1.0,0.0,0.5,0.0,1.0,0.0,0.0,0.0,0.0,0.0,1.0
593,0.6000000000000001,1.0,1.0,0.5,0.0,1.0,1.0,0.0,0.0,0.0,0.0,1.0
594,0.8,0.6666666666666666,0.0,1.0,0.0,0.0,1.0,0.0,0.0,0.0,0.0,0.2
595,0.0,0.3333333333333333,0.0,1.0,0.0,1.0,1.0,0.0,0.0,0.0,0.0,0.4
596,0.6000000000000001,1.0,0.0,0.5,0.0,0.0,1.0,0.0,0.0,0.0,0.0,1.0
597,1.0,0.6666666666666666,0.0,0.5,0.0,0.0,1.0,0.0,0.0,0.0,0.0,0.0
598,0.6000000000000001,0.6666666666666666,0.0,0.5,0.0,0.0,1.0,0.0,0.0,0.0,0.0,0.2
599,0.8,1.0,0.0,0.5,0.0,1.0,0.0,0.0,0.0,0.0,0.0,1.0
600,0.8,1.0,0.0,0.5,0.0,0.0,0.0,0.0,0.0,0.0,0.0,1.0
601,0.0,1.0,0.0,0.5,0.0,0.0,1.0,0.0,0.0,0.0,0.0,1.0
602,1.0,0.6666666666666666,0.0,1.0,0.0,0.0,1.0,0.0,0.0,0.0,0.0,0.0
603,1.0,0.3333333333333333,0.0,1.0,0.0,0.0,1.0,0.0,0.0,0.0,0.0,0.0
604,1.0,0.6666666666666666,0.0,1.0,0.0,0.0,1.0,0.0,0.0,0.0,0.0,0.0
605,0.8,1.0,0.0,1.0,0.0,1.0,0.0,0.0,0.0,0.0,0.0,1.0
606,0.8,0.6666666666666666,0.0,1.0,0.0,0.0,1.0,0.0,0.0,0.0,0.0,0.2
607,0.0,1.0,0.0,1.0,0.0,0.0,1.0,0.0,0.0,0.0,0.0,1.0
608,0.0,0.6666666666666666,0.0,1.0,0.0,1.0,1.0,0.0,0.0,0.0,0.0,0.6000000000000001
609,1.0,0.6666666666666666,0.0,1.0,0.0,0.0,1.0,0.0,0.0,0.0,0.0,0.0
610,0.8,1.0,0.0,0.5,0.0,1.0,0.0,0.0,0.0,0.0,0.0,1.0
611,0.6000000000000001,0.6666666666666666,0.0,0.5,0.0,0.0,1.0,0.0,0.0,0.0,0.0,0.2
612,0.0,0.6666666666666666,0.0,0.5,0.0,1.0,1.0,0.0,0.0,0.0,0.0,0.2
613,0.6000000000000001,0.6666666666666666,0.0,1.0,0.0,0.0,1.0,0.0,0.0,0.0,0.0,0.2
614,0.8,1.0,0.0,0.5,0.0,1.0,0.0,0.0,0.0,0.0,0.0,1.0
615,0.6000000000000001,1.0,0.0,0.0,0.0,0.0,1.0,0.0,0.125,0.0,0.0,1.0
616,0.8,1.0,0.0,0.0,0.0,0.0,1.0,0.0,0.0,0.0,0.0,1.0
617,0.8,0.3333333333333333,0.0,1.0,0.0,0.0,1.0,0.0,0.125,0.0,0.0,0.2
618,0.0,1.0,0.0,1.0,0.0,1.0,0.0,0.0,0.0,0.0,0.0,1.0
619,1.0,0.3333333333333333,0.0,0.5,0.0,0.0,1.0,0.0,0.0,0.0,0.0,0.0
620,0.8,1.0,0.0,0.5,0.0,0.0,1.0,0.0,0.0,0.0,0.0,1.0
621,0.8,0.6666666666666666,0.0,0.5,0.0,0.0,1.0,0.0,0.0,0.0,0.0,0.2
622,0.0,0.6666666666666666,0.0,1.0,0.0,1.0,1.0,0.0,0.0,0.0,0.0,0.2
623,1.0,0.6666666666666666,1.0,0.5,0.0,0.0,1.0,0.0,0.0,0.0,0.0,0.0
624,0.8,1.0,0.0,0.5,0.0,0.0,1.0,0.0,0.0,0.0,0.0,1.0
625,0.6000000000000001,1.0,0.0,0.5,0.0,0.0,1.0,0.0,0.0,0.0,0.0,1.0
626,0.6000000000000001,0.6666666666666666,0.0,1.0,0.0,0.0,1.0,0.0,0.0,0.0,0.0,0.2
627,0.8,0.6666666666666666,1.0,0.5,0.0,0.0,1.0,0.0,0.0,0.0,0.0,0.2
628,1.0,0.6666666666666666,0.0,0.0,0.0,0.0,1.0,0.0,0.0,0.0,0.0,0.0
629,0.8,1.0,0.0,0.5,0.0,0.0,1.0,0.0,0.0,0.0,0.0,1.0
630,1.0,0.6666666666666666,0.0,1.0,0.0,0.0,1.0,0.0,0.0,0.0,0.0,0.0
631,0.6000000000000001,1.0,0.0,0.5,0.0,0.0,1.0,0.0,0.0,0.0,0.0,1.0
632,0.6000000000000001,0.6666666666666666,0.0,0.5,0.0,0.0,1.0,0.0,0.0,0.0,0.0,0.2
633,0.0,1.0,0.0,0.5,0.0,1.0,1.0,0.0,0.0,0.0,0.0,1.0
634,0.2,1.0,0.0,1.0,0.0,0.0,1.0,0.0,0.0,0.0,0.0,1.0
635,1.0,0.6666666666666666,0.0,0.0,0.0,0.0,1.0,0.0,0.0,0.0,0.0,0.0
636,0.6000000000000001,1.0,0.0,0.0,0.0,0.0,1.0,0.0,0.0,0.0,0.0,1.0
637,0.8,1.0,0.0,0.5,0.0,0.0,1.0,0.0,0.125,0.0,0.0,1.0
638,0.6000000000000001,0.6666666666666666,0.0,1.0,0.0,0.0,1.0,0.0,0.0,0.0,0.0,0.2
639,0.2,1.0,0.0,0.5,0.0,0.0,1.0,0.0,0.0,0.0,0.0,1.0
640,1.0,0.6666666666666666,0.0,1.0,0.0,0.0,1.0,0.0,0.0,0.0,0.0,0.0
641,0.8,1.0,0.0,0.5,0.0,0.0,1.0,0.0,0.125,0.0,0.0,1.0
642,0.6000000000000001,0.6666666666666666,0.0,0.5,0.0,0.0,1.0,0.0,0.0,0.0,0.0,0.2
643,1.0,0.6666666666666666,0.0,0.0,0.0,1.0,1.0,0.0,0.0,0.0,0.0,0.0
644,0.8,1.0,0.0,0.5,0.0,0.0,1.0,0.0,0.0,0.0,0.0,1.0
645,0.8,0.6666666666666666,1.0,0.5,0.0,0.0,1.0,0.0,0.0,0.0,0.0,0.2
646,1.0,0.6666666666666666,0.0,1.0,0.0,0.0,1.0,0.0,0.125,0.0,0.0,0.0
647,0.8,0.6666666666666666,0.0,0.5,0.0,0.0,1.0,0.0,0.0,0.0,0.0,0.2
648,0.8,1.0,0.0,1.0,0.0,0.0,1.0,0.0,0.0,0.0,0.0,1.0
649,0.8,0.6666666666666666,1.0,1.0,0.0,0.0,1.0,0.0,0.0,0.0,0.0,0.2
650,1.0,0.6666666666666666,1.0,1.0,0.0,0.0,1.0,0.0,0.0,0.0,0.0,0.0
651,0.8,0.6666666666666666,0.0,1.0,0.0,0.0,1.0,0.0,0.0,0.0,0.0,0.2
652,1.0,0.6666666666666666,0.0,0.5,0.0,0.0,1.0,0.0,0.0,0.0,0.0,0.0
653,0.0,1.0,0.0,1.0,0.0,0.0,0.0,0.0,0.0,0.0,0.0,1.0
654,0.0,1.0,0.0,1.0,0.0,0.0,0.0,0.0,0.0,0.0,0.0,1.0
655,0.0,1.0,0.0,0.5,0.0,0.0,0.0,0.0,0.0,0.0,0.0,1.0
656,0.0,1.0,0.0,0.5,0.0,0.0,0.0,0.0,0.0,0.0,0.0,1.0
657,0.8,1.0,0.0,0.5,0.0,0.0,1.0,0.0,0.0,0.0,0.0,1.0
658,0.6000000000000001,0.6666666666666666,0.0,0.5,0.0,0.0,1.0,0.0,0.125,0.0,0.0,0.4
659,0.0,0.3333333333333333,0.0,1.0,0.0,0.0,1.0,0.0,0.0,0.2,0.0,0.4
660,0.0,0.6666666666666666,0.0,1.0,0.0,0.0,1.0,0.0,0.0,0.0,0.0,0.2
661,0.8,1.0,0.0,0.5,0.0,0.0,0.0,0.0,0.0,0.0,0.0,1.0
662,0.8,1.0,0.0,0.5,0.0,0.0,0.0,0.0,0.0,0.0,0.0,1.0
663,0.8,0.6666666666666666,0.0,1.0,0.0,0.0,1.0,0.0,0.0,0.0,0.0,0.2
664,0.8,1.0,0.0,0.5,0.0,0.0,0.0,0.0,0.0,0.0,0.0,1.0
665,0.8,1.0,0.0,1.0,0.0,0.0,1.0,0.0,0.0,0.0,0.0,1.0
666,0.0,0.3333333333333333,0.0,1.0,0.0,1.0,1.0,0.0,0.375,0.0,0.0,0.4
667,0.8,1.0,0.0,0.5,0.0,0.0,1.0,0.0,0.0,0.0,0.0,1.0
668,0.6000000000000001,0.6666666666666666,0.0,1.0,0.0,0.0,1.0,0.0,0.0,0.0,0.0,0.4
669,0.0,0.3333333333333333,0.0,1.0,0.0,1.0,1.0,0.0,0.0,0.2,0.0,0.4
670,0.0,0.6666666666666666,0.0,1.0,0.0,0.0,1.0,0.0,0.0,0.0,0.0,0.2
671,0.8,1.0,0.0,0.5,0.0,0.0,0.0,0.0,0.0,0.0,0.0,1.0
672,0.8,1.0,0.0,0.5,0.0,0.0,0.0,0.0,0.0,0.0,0.0,1.0
673,0.8,1.0,0.0,0.5,0.0,0.0,1.0,0.0,0.0,0.0,0.0,1.0
674,0.8,1.0,0.0,1.0,0.0,0.0,0.0,0.0,0.25,0.0,0.0,1.0
675,0.2,0.6666666666666666,0.0,1.0,0.0,1.0,1.0,0.0,0.0,0.0,0.0,0.4
676,0.8,1.0,0.0,0.5,0.0,0.0,1.0,0.0,0.0,0.0,0.0,1.0
677,0.8,0.6666666666666666,1.0,0.5,0.5,1.0,1.0,0.0,0.125,0.2,0.0,0.4
678,0.8,1.0,0.0,1.0,0.0,0.0,0.0,0.0,0.0,0.0,0.0,1.0
679,0.8,1.0,0.0,1.0,0.0,0.0,0.0,0.0,0.0,0.0,0.0,1.0
680,0.8,0.6666666666666666,0.0,1.0,0.0,0.0,1.0,0.0,0.375,0.0,0.0,0.2
681,0.0,0.3333333333333333,0.0,1.0,0.0,0.0,1.0,0.0,0.0,0.0,0.0,0.8
682,0.8,0.6666666666666666,0.0,0.5,0.0,1.0,1.0,0.0,0.0,0.0,0.0,0.6000000000000001
683,0.8,1.0,0.0,0.5,0.0,0.0,1.0,0.0,0.0,0.0,0.0,1.0
684,0.6000000000000001,0.6666666666666666,0.0,0.5,0.0,0.0,1.0,0.0,0.0,0.0,0.0,0.4
685,0.8,1.0,0.0,0.0,0.0,0.0,1.0,0.0,0.0,0.0,0.0,1.0
686,0.8,0.6666666666666666,0.0,0.0,0.0,0.0,1.0,0.0,0.0,0.0,0.0,0.4
687,0.8,0.6666666666666666,0.0,1.0,0.0,0.0,1.0,0.0,0.0,0.0,0.0,0.2
688,0.6000000000000001,0.6666666666666666,0.0,0.5,0.0,0.0,1.0,0.0,0.0,0.0,0.0,0.2
689,0.8,1.0,0.0,0.0,0.5,1.0,1.0,0.0,0.0,0.0,0.0,1.0
690,0.8,0.6666666666666666,0.0,1.0,0.0,0.0,1.0,0.0,0.0,0.0,0.0,0.2
691,0.4,0.3333333333333333,1.0,1.0,0.0,1.0,1.0,0.0,0.25,0.0,0.0,0.4
692,0.0,0.3333333333333333,0.0,1.0,0.0,1.0,1.0,0.0,0.375,0.0,0.0,0.6000000000000001
693,0.8,1.0,0.0,0.5,0.0,1.0,0.0,0.0,0.0,0.0,0.0,1.0
694,0.6000000000000001,0.6666666666666666,0.0,1.0,0.0,0.0,1.0,0.0,0.0,0.0,0.0,0.2
695,0.8,1.0,0.0,1.0,0.0,0.0,1.0,0.0,0.0,0.0,0.0,1.0
696,0.6000000000000001,0.6666666666666666,0.0,0.5,0.0,0.0,1.0,0.0,0.0,0.0,0.0,0.2
697,0.8,1.0,0.0,1.0,0.0,1.0,1.0,0.0,0.0,0.0,0.0,1.0
698,0.8,0.6666666666666666,0.0,0.5,0.0,0.0,1.0,0.0,0.0,0.0,0.0,0.2
699,0.8,0.6666666666666666,0.0,0.5,0.0,0.0,1.0,0.0,0.0,0.0,0.0,0.2
700,0.4,0.3333333333333333,1.0,1.0,0.0,1.0,1.0,0.0,0.0,0.0,0.0,0.4
701,0.0,0.3333333333333333,0.0,0.5,0.0,1.0,1.0,0.0,0.0,0.0,0.0,0.6000000000000001
702,0.8,1.0,0.0,1.0,0.0,1.0,0.0,0.0,0.0,0.0,0.0,1.0
703,0.6000000000000001,0.6666666666666666,0.0,1.0,0.0,0.0,1.0,0.0,0.0,0.0,0.0,0.2
704,1.0,0.6666666666666666,0.0,1.0,0.0,0.0,1.0,0.0,0.0,0.0,0.0,0.0
705,0.8,1.0,0.0,0.5,0.0,0.0,1.0,0.0,0.0,0.0,0.0,1.0
706,0.6000000000000001,1.0,0.0,0.0,0.0,0.0,1.0,0.0,0.0,0.0,0.0,1.0
707,0.8,1.0,0.0,0.5,0.0,1.0,1.0,0.0,0.0,0.0,0.0,1.0
708,0.8,1.0,0.0,0.0,0.0,0.0,1.0,0.0,0.0,0.0,0.0,1.0
709,0.8,1.0,0.0,0.5,0.0,0.0,1.0,0.0,0.0,0.0,0.0,1.0
710,0.8,0.3333333333333333,1.0,1.0,0.0,1.0,1.0,0.0,0.0,0.0,0.0,0.4
711,0.8,1.0,0.0,0.5,0.0,1.0,0.0,0.0,0.0,0.0,0.0,1.0
712,0.6000000000000001,0.6666666666666666,0.0,0.5,0.0,0.0,1.0,0.0,0.0,0.0,0.0,0.2
713,0.6000000000000001,0.6666666666666666,0.0,1.0,0.0,0.0,1.0,0.0,0.0,0.0,0.0,0.4
714,0.8,1.0,0.0,0.5,0.0,1.0,1.0,0.0,0.0,0.0,0.0,1.0
715,0.8,1.0,0.0,0.0,0.0,0.0,1.0,0.0,0.0,0.0,0.0,1.0
716,0.8,0.6666666666666666,0.0,0.5,0.0,1.0,1.0,0.0,0.375,0.0,0.0,0.4
717,0.8,0.6666666666666666,0.0,0.5,0.0,1.0,1.0,0.0,0.0,0.0,0.0,0.4
718,0.8,1.0,0.0,0.5,0.0,1.0,0.0,0.0,0.0,0.0,0.0,1.0
719,0.8,0.6666666666666666,0.0,1.0,0.0,0.0,1.0,0.0,0.0,0.0,0.0,0.4
720,1.0,0.6666666666666666,0.0,1.0,0.0,0.0,1.0,0.0,0.0,0.0,0.0,0.0
721,0.8,1.0,0.0,0.5,0.0,0.0,1.0,0.0,0.0,0.0,0.0,1.0
722,0.8,1.0,0.0,0.5,0.0,0.0,1.0,0.0,0.0,0.0,0.0,1.0
723,0.4,0.3333333333333333,1.0,0.5,0.0,1.0,1.0,0.0,0.375,0.0,0.0,0.4
724,0.8,0.6666666666666666,0.0,0.5,0.0,1.0,1.0,0.0,0.0,0.0,0.0,0.2
725,1.0,0.6666666666666666,0.0,1.0,0.0,0.0,1.0,0.0,0.0,0.0,0.0,0.0
726,0.0,0.3333333333333333,0.0,1.0,0.0,0.0,1.0,0.0,0.125,0.0,0.0,0.4
727,0.6000000000000001,0.6666666666666666,0.0,1.0,0.0,0.0,1.0,0.0,0.0,0.0,0.0,0.4
728,0.8,1.0,0.0,0.5,0.0,1.0,1.0,0.0,0.0,0.0,0.0,1.0
729,0.8,1.0,0.0,0.5,0.0,0.0,1.0,0.0,0.0,0.0,0.0,1.0
730,0.8,1.0,0.0,1.0,0.0,0.0,1.0,0.0,0.0,0.0,0.0,1.0
731,0.4,0.3333333333333333,1.0,0.5,0.0,1.0,1.0,0.0,0.0,0.0,0.0,0.4
732,0.8,0.6666666666666666,0.0,0.5,0.0,1.0,1.0,0.0,0.0,0.0,0.0,0.2
733,1.0,0.6666666666666666,0.0,0.0,0.0,0.0,1.0,0.0,0.0,0.0,0.0,0.0
734,0.0,0.3333333333333333,0.0,1.0,0.0,1.0,1.0,0.0,0.0,0.0,0.0,0.4
735,0.8,0.6666666666666666,0.0,0.5,0.0,0.0,1.0,0.0,0.0,0.0,0.0,0.2
736,0.8,1.0,0.0,0.5,0.0,0.0,1.0,0.0,0.0,0.0,0.0,1.0
737,0.0,0.6666666666666666,0.0,0.5,0.0,1.0,1.0,0.0,0.0,0.2,0.0,0.6000000000000001
738,0.8,0.6666666666666666,0.0,0.0,0.0,1.0,1.0,0.0,0.0,0.0,0.0,0.2
739,0.0,0.3333333333333333,0.0,1.0,0.0,0.0,1.0,0.0,0.0,0.0,0.0,0.4
740,0.0,0.3333333333333333,0.0,1.0,0.0,0.0,1.0,0.0,0.0,0.0,0.0,0.4
741,0.8,0.3333333333333333,0.0,1.0,0.0,0.0,1.0,0.0,0.0,0.0,0.0,0.6000000000000001
742,0.8,0.3333333333333333,0.0,1.0,0.0,0.0,1.0,0.0,0.0,0.0,0.0,0.4
743,0.8,1.0,0.0,0.5,0.0,0.0,1.0,0.0,0.0,0.0,0.0,1.0
744,0.0,0.6666666666666666,1.0,0.5,1.0,1.0,1.0,0.0,0.0,0.0,0.0,0.2
745,0.8,1.0,0.0,0.5,0.0,1.0,0.0,0.0,0.0,0.0,0.0,1.0
746,0.6000000000000001,1.0,0.0,1.0,0.0,0.0,1.0,0.0,0.0,0.0,0.0,1.0
747,0.0,0.3333333333333333,0.0,0.5,0.0,1.0,1.0,0.0,0.0,0.0,0.0,0.6000000000000001
748,0.4,0.3333333333333333,0.0,1.0,0.0,1.0,1.0,0.0,0.125,0.0,0.0,0.4
749,0.0,0.6666666666666666,0.0,1.0,0.0,1.0,1.0,0.0,0.0,0.0,0.0,0.4
750,0.4,0.3333333333333333,0.0,1.0,0.0,1.0,1.0,0.0,0.0,0.0,0.0,0.4
751,0.8,1.0,0.0,1.0,0.0,0.0,0.0,0.0,0.0,0.0,0.0,1.0
752,0.0,0.6666666666666666,0.0,0.5,0.0,1.0,1.0,0.0,0.0,0.0,0.0,0.2
753,0.8,0.6666666666666666,0.0,0.5,0.0,1.0,1.0,0.0,0.0,0.0,0.0,0.2
754,0.8,1.0,0.0,1.0,0.0,1.0,0.0,0.0,0.0,0.0,0.0,1.0
755,0.4,0.3333333333333333,1.0,0.5,0.0,1.0,1.0,0.0,0.0,0.0,0.0,0.4
756,1.0,0.6666666666666666,0.0,0.5,0.0,1.0,1.0,0.0,0.0,0.0,0.0,0.0
757,0.4,0.3333333333333333,0.0,0.5,0.0,1.0,1.0,0.0,0.125,0.0,0.0,0.6000000000000001
758,0.6000000000000001,1.0,0.0,1.0,0.0,0.0,1.0,0.0,0.125,0.0,0.0,1.0
759,0.8,1.0,0.0,1.0,0.0,0.0,0.0,0.0,0.0,0.0,0.0,1.0
760,0.8,1.0,0.0,0.0,0.0,1.0,1.0,0.0,0.0,0.0,0.0,1.0
761,0.4,0.0,0.0,0.5,0.0,1.0,1.0,1.0,0.0,0.2,0.5,0.8
762,0.4,0.0,1.0,1.0,0.0,1.0,1.0,1.0,0.0,0.0,0.0,0.6000000000000001
763,0.0,0.3333333333333333,0.0,1.0,0.0,0.0,1.0,0.0,0.0,0.4,0.0,0.4
764,0.6000000000000001,0.6666666666666666,0.0,1.0,0.0,0.0,1.0,0.0,0.0,0.0,0.0,0.2
765,0.6000000000000001,1.0,0.0,0.5,0.0,0.0,1.0,0.0,0.0,0.0,0.0,1.0
766,1.0,0.6666666666666666,0.0,1.0,0.0,0.0,1.0,0.0,0.0,0.0,0.0,0.0
767,0.0,0.3333333333333333,0.0,0.5,0.0,1.0,1.0,0.0,0.125,0.0,0.0,0.4
768,0.4,0.0,1.0,0.5,1.0,1.0,1.0,1.0,0.0,0.0,0.0,0.6000000000000001
769,0.4,0.0,0.0,1.0,0.0,1.0,1.0,1.0,0.0,0.0,0.0,0.8
770,0.8,0.3333333333333333,0.0,0.5,0.0,0.0,1.0,0.0,0.0,0.0,0.0,0.2
771,0.8,1.0,0.0,1.0,0.0,0.0,1.0,0.0,0.0,0.0,0.0,1.0
772,0.8,0.6666666666666666,0.0,1.0,0.0,0.0,1.0,0.0,0.0,0.0,0.0,0.4
773,0.8,1.0,0.0,0.5,0.0,0.0,0.0,0.0,0.0,0.0,0.0,1.0
774,0.8,1.0,0.0,0.5,0.0,1.0,0.0,0.0,0.0,0.0,0.0,1.0
775,0.8,0.6666666666666666,0.0,0.0,0.0,1.0,1.0,0.0,0.0,0.0,0.0,0.4
776,0.4,0.0,1.0,1.0,1.0,1.0,1.0,1.0,0.125,0.0,0.5,0.6000000000000001
777,0.4,0.3333333333333333,0.0,0.5,0.0,1.0,1.0,1.0,0.0,0.0,0.0,0.8
778,0.6000000000000001,0.3333333333333333,0.0,0.5,0.0,0.0,1.0,0.0,0.0,0.0,0.0,0.2
779,0.8,0.6666666666666666,0.0,1.0,0.0,0.0,1.0,0.0,0.0,0.0,0.0,0.0
780,0.6000000000000001,0.6666666666666666,0.0,1.0,0.0,0.0,1.0,0.0,0.0,0.0,0.0,0.2
781,0.8,1.0,0.0,1.0,0.0,0.0,0.0,0.0,0.0,0.0,0.0,1.0
782,0.6000000000000001,0.6666666666666666,0.0,0.5,0.0,0.0,1.0,0.0,0.0,0.0,0.0,0.2
783,0.8,1.0,0.0,0.5,0.0,1.0,0.0,0.0,0.0,0.0,0.0,1.0
784,0.8,1.0,1.0,0.5,0.0,1.0,1.0,0.0,0.0,0.0,0.0,1.0
785,0.4,0.0,1.0,0.5,1.0,1.0,1.0,1.0,0.25,0.4,0.0,0.6000000000000001
786,0.4,0.3333333333333333,0.0,1.0,0.0,1.0,1.0,1.0,0.125,0.0,0.0,0.6000000000000001
787,0.4,0.0,1.0,0.5,1.0,1.0,1.0,1.0,0.0,0.0,0.0,0.6000000000000001
788,0.0,0.3333333333333333,0.0,1.0,0.0,1.0,1.0,0.0,0.0,0.0,0.0,0.6000000000000001
789,0.8,1.0,0.0,0.5,0.0,0.0,0.0,0.0,0.0,0.0,0.0,1.0
790,0.6000000000000001,0.6666666666666666,0.0,1.0,0.0,0.0,1.0,0.0,0.0,0.0,0.0,0.2
791,0.4,0.0,1.0,0.5,0.5,1.0,1.0,1.0,0.5,0.0,0.0,0.6000000000000001
792,0.8,1.0,0.0,0.5,0.0,0.0,1.0,0.0,0.0,0.0,0.0,1.0
793,0.0,0.6666666666666666,1.0,0.5,0.0,1.0,1.0,0.0,0.0,0.0,0.0,0.6000000000000001
794,0.6000000000000001,0.3333333333333333,0.0,1.0,0.0,1.0,1.0,0.0,0.0,0.0,0.0,0.4
795,0.8,1.0,0.0,0.5,0.0,0.0,0.0,0.0,0.0,0.0,0.0,1.0
796,0.6000000000000001,1.0,0.0,1.0,0.0,0.0,1.0,0.0,0.0,0.0,0.0,1.0
797,0.8,0.6666666666666666,0.0,1.0,0.0,0.0,1.0,0.0,0.0,0.0,0.0,0.4
798,0.6000000000000001,1.0,0.0,0.5,0.0,0.0,0.0,0.0,0.0,0.0,0.0,1.0
799,0.4,0.0,1.0,0.5,0.5,1.0,1.0,1.0,0.0,0.0,0.0,0.6000000000000001
800,0.8,0.3333333333333333,1.0,0.5,0.0,1.0,1.0,0.0,0.25,0.0,0.0,0.8
801,0.8,1.0,0.0,1.0,0.0,0.0,1.0,0.0,0.0,0.0,0.0,1.0
802,0.8,0.6666666666666666,0.0,1.0,0.0,1.0,1.0,0.0,0.0,0.0,0.0,0.4
803,0.0,0.3333333333333333,0.0,0.5,0.0,1.0,1.0,0.0,0.0,0.0,0.0,0.4
804,0.0,1.0,0.0,1.0,0.0,0.0,0.0,0.0,0.0,0.0,0.0,1.0
805,0.8,0.6666666666666666,0.0,0.5,0.0,0.0,1.0,0.0,0.0,0.0,0.0,0.4
806,0.8,1.0,0.0,0.5,0.0,0.0,0.0,0.0,0.0,0.0,0.0,1.0
807,0.8,0.6666666666666666,0.0,1.0,0.0,0.0,1.0,0.0,0.0,0.0,0.0,0.2
808,0.4,0.0,1.0,1.0,0.0,1.0,1.0,1.0,0.25,0.2,0.0,0.6000000000000001
809,0.0,0.3333333333333333,1.0,0.5,0.0,1.0,1.0,0.0,0.0,0.0,0.0,0.8
810,0.8,0.6666666666666666,0.0,0.5,0.0,1.0,1.0,0.0,0.0,0.0,0.0,0.2
811,0.0,1.0,0.0,0.5,0.0,0.0,0.0,0.0,0.0,0.0,0.0,1.0
812,1.0,0.6666666666666666,0.0,1.0,0.0,0.0,1.0,0.0,0.0,0.0,0.0,0.0
813,0.8,1.0,0.0,1.0,0.0,0.0,0.0,0.0,0.0,0.0,0.0,1.0
814,0.0,0.6666666666666666,0.0,1.0,0.0,0.0,1.0,0.0,0.0,0.0,0.0,0.4
815,0.2,0.6666666666666666,0.0,1.0,0.0,1.0,1.0,0.0,0.0,0.0,0.0,0.4
816,0.4,0.0,1.0,0.5,0.0,1.0,1.0,0.0,0.0,0.0,0.0,0.6000000000000001
817,0.0,0.3333333333333333,0.0,0.5,0.0,1.0,1.0,0.0,0.0,0.0,0.0,0.8
818,0.8,0.6666666666666666,0.0,0.5,0.0,1.0,1.0,0.0,0.0,0.0,0.0,0.2
819,0.0,0.3333333333333333,0.0,0.0,0.0,1.0,1.0,0.0,0.125,0.2,0.0,0.4
820,0.0,1.0,0.0,0.5,0.0,0.0,0.0,0.0,0.0,0.0,0.0,1.0
821,0.8,1.0,0.0,0.5,0.0,0.0,0.0,0.0,0.0,0.0,0.0,1.0
822,0.0,0.6666666666666666,0.0,0.5,0.0,0.0,1.0,0.0,0.0,0.0,0.0,0.4
823,0.2,0.6666666666666666,0.0,1.0,0.0,1.0,1.0,0.0,0.0,0.0,0.0,0.4
824,0.8,0.6666666666666666,0.0,1.0,0.0,0.0,1.0,0.0,0.0,0.0,0.0,0.4
825,0.8,1.0,0.0,0.0,0.0,1.0,1.0,0.0,0.0,0.0,0.0,1.0
826,0.8,1.0,0.0,1.0,0.0,0.0,0.0,0.0,0.0,0.0,0.0,1.0
827,0.6000000000000001,0.6666666666666666,0.0,1.0,0.0,0.0,1.0,0.0,0.0,0.0,0.0,0.4
828,0.0,0.3333333333333333,1.0,1.0,0.5,0.0,1.0,0.0,0.0,0.0,0.0,0.4
829,0.8,1.0,0.0,0.5,0.0,0.0,0.0,0.0,0.0,0.0,0.0,1.0
830,0.6000000000000001,0.6666666666666666,0.0,1.0,0.0,0.0,1.0,0.0,0.125,0.0,0.0,0.2
831,0.6000000000000001,0.6666666666666666,0.0,0.5,0.0,0.0,1.0,0.0,0.0,0.0,0.0,0.2
832,0.2,0.6666666666666666,0.0,0.5,0.0,1.0,1.0,0.0,0.0,0.0,0.0,0.4
833,0.8,0.6666666666666666,0.0,0.5,0.0,0.0,1.0,0.0,0.0,0.0,0.0,0.2
834,0.0,0.3333333333333333,0.0,0.5,0.0,1.0,1.0,0.0,0.0,0.0,0.0,0.6000000000000001
835,0.8,1.0,0.0,0.5,0.0,0.0,0.0,0.0,0.125,0.0,0.0,1.0
836,0.8,0.6666666666666666,0.0,1.0,0.0,0.0,1.0,0.0,0.0,0.0,0.0,0.2
837,0.8,1.0,0.0,0.5,0.0,0.0,1.0,0.0,0.0,0.0,0.0,1.0
838,1.0,0.6666666666666666,0.0,0.0,0.0,0.0,1.0,0.0,0.0,0.0,0.0,0.0
839,0.0,0.6666666666666666,0.0,0.5,0.0,1.0,1.0,0.0,0.5,0.2,0.0,0.6000000000000001
840,0.8,1.0,0.0,1.0,0.0,0.0,0.0,0.0,0.125,0.0,0.0,1.0
841,0.2,0.6666666666666666,0.0,1.0,0.0,1.0,1.0,0.0,0.0,0.0,0.0,0.4
842,0.0,0.3333333333333333,1.0,0.5,0.0,1.0,1.0,0.0,0.0,0.0,0.0,0.6000000000000001
843,0.8,0.6666666666666666,0.0,1.0,0.0,0.0,1.0,0.0,0.0,0.0,0.0,0.4
844,0.8,1.0,0.0,0.0,0.0,0.0,0.0,0.0,0.0,0.0,0.0,1.0
845,0.8,1.0,0.0,0.5,0.0,0.0,1.0,0.0,0.0,0.0,0.0,1.0
846,0.8,1.0,0.0,0.5,0.5,1.0,1.0,0.0,0.0,0.0,0.0,1.0
847,0.8,1.0,1.0,0.5,0.0,0.0,1.0,0.0,0.0,0.0,0.0,1.0
848,0.8,1.0,0.0,0.5,0.0,0.0,0.0,0.0,0.0,0.0,0.0,1.0
849,0.8,1.0,1.0,0.5,0.0,0.0,1.0,0.0,0.0,0.0,0.0,1.0
850,0.8,0.6666666666666666,0.0,0.5,0.0,1.0,1.0,0.0,0.0,0.0,0.0,0.2
851,0.6000000000000001,1.0,0.0,0.5,0.0,0.0,1.0,0.0,0.0,0.0,0.0,1.0
852,1.0,0.6666666666666666,0.0,0.0,0.0,0.0,1.0,0.0,0.0,0.0,0.0,0.0
853,0.0,0.6666666666666666,0.0,0.5,0.0,0.0,1.0,0.0,0.125,0.0,0.0,0.2
854,1.0,0.3333333333333333,0.0,0.5,0.0,0.0,1.0,0.0,0.0,0.0,0.0,0.0
855,0.8,1.0,0.0,1.0,0.0,0.0,1.0,0.0,0.0,0.0,0.0,1.0
856,1.0,0.6666666666666666,0.0,1.0,0.0,0.0,1.0,0.0,0.0,0.0,0.0,0.0
857,0.0,0.3333333333333333,1.0,1.0,0.0,0.0,1.0,0.0,0.25,0.0,0.0,0.4
858,1.0,0.6666666666666666,0.0,1.0,0.0,0.0,1.0,0.0,0.0,0.0,0.0,0.0
859,0.0,0.3333333333333333,1.0,0.5,0.0,0.0,1.0,0.0,1.0,0.0,0.0,0.6000000000000001
860,0.6000000000000001,1.0,0.0,0.5,0.0,0.0,1.0,0.0,0.0,0.0,0.0,1.0
861,0.6000000000000001,0.6666666666666666,0.0,0.5,0.0,0.0,1.0,0.0,0.0,0.0,0.0,0.2
862,0.6000000000000001,0.6666666666666666,0.0,1.0,0.0,0.0,1.0,0.0,0.0,0.0,0.0,0.2
863,0.0,0.6666666666666666,0.0,1.0,0.0,0.0,1.0,0.0,0.125,0.0,0.0,0.4
864,1.0,0.6666666666666666,0.0,1.0,0.0,0.0,1.0,0.0,0.0,0.0,0.0,0.0
865,0.0,0.3333333333333333,0.0,1.0,0.0,1.0,1.0,0.0,0.0,0.0,0.0,0.4
866,0.6000000000000001,0.6666666666666666,0.0,1.0,0.0,0.0,1.0,0.0,0.0,0.0,0.0,0.2
867,0.8,0.6666666666666666,0.0,0.5,0.0,0.0,1.0,0.0,0.375,0.0,0.0,0.4
868,0.8,0.6666666666666666,0.0,0.5,0.0,1.0,1.0,0.0,0.0,0.0,0.0,0.2
869,0.0,0.3333333333333333,0.0,0.5,0.0,1.0,1.0,1.0,0.125,0.0,0.0,0.8
870,0.0,1.0,0.0,0.5,0.0,1.0,1.0,0.0,0.0,0.0,0.0,1.0
871,0.8,0.6666666666666666,1.0,1.0,0.0,1.0,1.0,0.0,0.0,0.0,0.0,0.4
872,0.8,1.0,0.0,0.5,0.0,0.0,0.0,0.0,0.0,0.0,0.0,1.0
873,0.0,0.3333333333333333,0.0,0.5,0.0,1.0,1.0,0.0,0.125,0.0,0.0,0.6000000000000001
874,0.8,0.6666666666666666,1.0,0.5,0.0,0.0,1.0,0.0,0.125,0.0,0.0,0.2
875,0.6000000000000001,0.6666666666666666,0.0,1.0,0.0,0.0,1.0,0.0,0.0,0.0,0.0,0.2
876,0.8,0.3333333333333333,0.0,0.5,0.0,1.0,1.0,0.0,0.0,0.0,0.0,0.6000000000000001
877,0.8,0.6666666666666666,1.0,1.0,0.0,0.0,1.0,0.0,0.0,0.0,0.0,0.2
878,1.0,0.6666666666666666,0.0,1.0,0.0,0.0,1.0,0.0,0.0,0.0,0.0,0.0
879,0.8,0.6666666666666666,0.0,0.5,0.0,1.0,1.0,0.0,0.0,0.0,0.0,0.6000000000000001
880,0.8,0.6666666666666666,0.0,1.0,0.0,0.0,1.0,0.0,0.0,0.0,0.0,0.6000000000000001
881,0.2,0.6666666666666666,0.0,1.0,0.0,0.0,1.0,0.0,0.0,0.0,0.0,0.2
882,1.0,0.6666666666666666,0.0,0.0,0.0,0.0,1.0,0.0,0.0,0.0,0.0,0.0
883,0.8,0.6666666666666666,0.0,0.5,0.0,0.0,1.0,0.0,0.25,0.0,0.0,0.6000000000000001
884,0.8,1.0,1.0,0.5,0.0,0.0,0.0,0.0,0.0,0.0,0.0,1.0
885,0.4,0.0,0.0,1.0,0.0,1.0,1.0,0.0,0.0,0.2,0.0,0.6000000000000001
886,0.6000000000000001,1.0,0.0,0.0,0.0,1.0,1.0,0.0,0.0,0.0,0.0,1.0
887,0.8,1.0,0.0,0.5,0.0,0.0,0.0,0.0,0.0,0.0,0.0,1.0
888,0.8,1.0,0.0,1.0,0.0,0.0,0.0,0.0,0.0,0.0,0.0,1.0
889,0.8,0.6666666666666666,1.0,0.5,0.0,0.0,1.0,0.0,0.0,0.0,0.0,0.4
890,0.8,1.0,0.0,1.0,0.0,0.0,1.0,0.0,0.125,0.0,0.0,1.0
891,0.8,1.0,0.0,0.5,0.0,0.0,1.0,0.0,0.0,0.0,0.0,1.0
892,0.4,0.0,1.0,1.0,0.0,1.0,1.0,1.0,0.0,0.0,0.0,0.8
893,0.6000000000000001,0.3333333333333333,0.0,1.0,0.0,0.0,1.0,0.0,0.0,0.0,0.0,0.2
894,0.6000000000000001,0.3333333333333333,0.0,1.0,0.0,0.0,1.0,0.0,0.0,0.0,0.0,0.2
895,0.6000000000000001,0.6666666666666666,0.0,1.0,0.0,0.0,1.0,0.0,0.0,0.0,0.0,0.4
896,0.0,0.3333333333333333,0.0,1.0,0.0,0.0,1.0,0.0,0.0,0.2,0.0,0.4
897,0.8,0.6666666666666666,0.0,1.0,0.0,0.0,1.0,0.0,0.125,0.0,0.0,0.4
898,0.8,1.0,1.0,0.5,0.0,0.0,1.0,0.0,0.0,0.0,0.0,1.0
899,0.6000000000000001,0.3333333333333333,0.0,1.0,0.0,0.0,1.0,0.0,0.125,0.0,0.0,0.2
900,0.8,0.3333333333333333,1.0,0.5,0.0,1.0,1.0,0.0,0.0,0.0,0.0,0.2
901,0.0,0.3333333333333333,1.0,0.5,0.0,1.0,1.0,0.0,0.125,0.0,0.5,0.8
902,0.6000000000000001,0.6666666666666666,0.0,1.0,0.0,0.0,1.0,0.0,0.0,0.0,0.0,0.2
903,0.6000000000000001,0.0,0.0,1.0,0.0,1.0,1.0,0.0,0.125,0.0,0.0,0.4
904,0.8,1.0,0.0,0.0,0.0,1.0,1.0,0.0,0.0,0.0,0.0,1.0
905,0.6000000000000001,0.6666666666666666,0.0,0.5,0.0,0.0,1.0,0.0,0.0,0.0,0.0,0.4
906,1.0,0.3333333333333333,0.0,1.0,0.0,0.0,1.0,0.0,0.0,0.0,0.0,0.0
907,0.8,1.0,0.0,0.0,0.0,0.0,1.0,0.0,0.0,0.0,0.0,1.0
908,0.6000000000000001,0.6666666666666666,0.0,1.0,0.0,0.0,1.0,0.0,0.0,0.0,0.0,0.2
909,0.8,0.6666666666666666,0.0,0.5,0.0,1.0,1.0,0.0,0.0,0.0,0.0,0.2
910,1.0,0.6666666666666666,1.0,0.0,0.0,1.0,1.0,0.0,0.0,0.0,0.0,0.0
911,1.0,0.6666666666666666,0.0,0.5,0.0,0.0,1.0,0.0,0.0,0.0,0.0,0.0
912,0.6000000000000001,0.6666666666666666,0.0,0.0,0.0,0.0,1.0,0.0,0.0,0.0,0.0,0.2
913,0.8,1.0,0.0,1.0,0.0,0.0,1.0,0.0,0.0,0.0,0.0,1.0
914,0.6000000000000001,1.0,0.0,1.0,0.0,0.0,1.0,0.0,0.0,0.0,0.0,1.0
915,0.6000000000000001,0.6666666666666666,0.0,0.5,0.0,1.0,1.0,0.0,0.0,0.0,0.0,0.2
916,0.0,0.3333333333333333,1.0,0.5,0.0,1.0,1.0,0.0,0.0,0.0,0.0,0.6000000000000001
917,0.0,0.6666666666666666,0.0,0.5,0.0,1.0,1.0,0.0,0.0,0.0,0.0,0.2
918,1.0,0.6666666666666666,0.0,1.0,0.0,0.0,1.0,0.0,0.0,0.0,0.0,0.0
919,0.8,1.0,0.0,0.5,0.0,1.0,1.0,0.0,0.0,0.0,0.0,1.0
920,0.0,0.3333333333333333,1.0,1.0,1.0,1.0,1.0,0.0,0.25,0.0,0.0,0.4
921,0.0,1.0,0.0,0.5,0.0,1.0,1.0,0.0,0.0,0.0,0.0,1.0
922,1.0,0.6666666666666666,0.0,1.0,0.0,0.0,1.0,0.0,0.0,0.0,0.0,0.0
923,0.0,0.3333333333333333,1.0,0.5,0.0,1.0,1.0,0.0,0.0,0.2,0.0,0.4
924,0.6000000000000001,1.0,0.0,0.5,0.0,0.0,1.0,0.0,0.0,0.0,0.0,1.0
925,0.6000000000000001,1.0,0.0,0.5,0.0,0.0,1.0,0.0,0.0,0.0,0.0,1.0
926,1.0,0.6666666666666666,0.0,1.0,0.0,0.0,1.0,0.0,0.0,0.0,0.0,0.0
927,1.0,0.6666666666666666,0.0,1.0,0.0,0.0,1.0,0.0,0.0,0.0,0.0,0.0
928,0.8,1.0,0.0,0.5,0.0,0.0,0.0,0.0,0.0,0.0,0.0,1.0
929,1.0,0.6666666666666666,0.0,1.0,0.0,0.0,1.0,0.0,0.0,0.0,0.0,0.0
930,0.8,0.6666666666666666,0.0,1.0,0.0,0.0,1.0,0.0,0.125,0.0,0.0,0.4
931,0.6000000000000001,0.6666666666666666,0.0,1.0,0.0,0.0,1.0,0.0,0.0,0.0,0.0,0.2
932,1.0,0.6666666666666666,0.0,1.0,0.0,0.0,1.0,0.0,0.0,0.0,0.0,0.0
933,0.6000000000000001,0.6666666666666666,0.0,0.5,0.0,0.0,1.0,0.0,0.125,0.0,0.0,0.4
934,0.0,0.0,1.0,1.0,0.0,1.0,1.0,0.0,0.0,0.0,0.0,0.4
935,0.0,0.6666666666666666,0.0,1.0,0.0,0.0,1.0,0.0,0.0,0.0,0.0,0.2
936,0.8,1.0,0.0,1.0,0.0,0.0,1.0,0.0,0.0,0.0,0.0,1.0
937,0.0,0.6666666666666666,0.0,0.0,0.0,1.0,1.0,0.0,0.0,0.0,0.0,0.4
938,0.6000000000000001,0.6666666666666666,1.0,0.5,0.0,0.0,1.0,0.0,0.0,0.0,0.0,0.2
939,0.8,1.0,0.0,1.0,0.0,0.0,1.0,0.0,0.0,0.0,0.0,1.0
940,0.6000000000000001,0.3333333333333333,0.0,1.0,0.0,1.0,1.0,0.0,0.0,0.0,0.0,0.4
941,0.0,1.0,0.0,0.5,0.0,0.0,0.0,0.0,0.0,0.0,0.0,1.0
942,0.0,0.3333333333333333,1.0,1.0,0.0,1.0,1.0,0.0,0.25,0.0,0.0,0.6000000000000001
943,0.2,1.0,0.0,1.0,0.0,1.0,0.0,0.0,0.0,0.0,0.0,1.0
944,0.0,0.3333333333333333,0.0,0.5,0.0,0.0,1.0,0.0,0.0,0.0,0.0,0.4
945,1.0,0.6666666666666666,0.0,1.0,0.0,0.0,1.0,0.0,0.0,0.0,0.0,0.0
946,0.8,1.0,0.0,0.5,0.0,0.0,1.0,0.0,0.0,0.0,0.0,1.0
947,0.0,0.3333333333333333,1.0,0.5,0.0,1.0,1.0,0.0,0.375,0.0,0.0,0.6000000000000001
948,0.8,1.0,0.0,1.0,0.0,0.0,0.0,0.0,0.0,0.0,0.0,1.0
949,0.6000000000000001,0.6666666666666666,0.0,1.0,0.0,0.0,1.0,0.0,0.0,0.0,0.0,0.2
950,0.0,0.0,1.0,0.5,0.0,1.0,1.0,0.0,0.0,0.0,0.0,0.6000000000000001
951,0.0,0.6666666666666666,0.0,1.0,0.0,1.0,1.0,0.0,0.0,0.0,0.0,0.2
952,0.6000000000000001,0.3333333333333333,1.0,1.0,0.0,1.0,1.0,0.0,0.125,0.0,0.0,0.4
953,0.8,1.0,0.0,0.5,0.0,1.0,0.0,0.0,0.0,0.0,0.0,1.0
954,0.0,0.3333333333333333,1.0,0.5,0.0,1.0,1.0,0.0,0.375,0.0,0.0,0.8
955,0.6000000000000001,0.6666666666666666,0.0,0.5,0.0,1.0,1.0,0.0,0.0,0.0,0.0,0.2
956,0.0,0.3333333333333333,1.0,1.0,1.0,1.0,1.0,0.0,0.125,0.0,0.0,0.6000000000000001
957,0.0,0.3333333333333333,0.0,0.5,0.0,1.0,1.0,0.0,0.0,0.0,0.0,0.2
958,0.8,1.0,0.0,0.5,0.0,1.0,0.0,0.0,0.0,0.0,0.0,1.0
959,0.6000000000000001,0.6666666666666666,0.0,1.0,0.0,0.0,1.0,0.0,0.0,0.0,0.0,0.2
960,0.6000000000000001,0.6666666666666666,0.0,0.5,0.0,1.0,1.0,0.0,0.0,0.0,0.0,0.2
961,0.8,1.0,1.0,0.5,0.0,0.0,0.0,0.0,0.125,0.0,0.0,1.0
962,0.0,0.3333333333333333,1.0,1.0,0.0,1.0,1.0,0.0,0.0,0.0,0.0,0.2
963,0.6000000000000001,0.6666666666666666,0.0,0.0,0.0,1.0,1.0,0.0,0.0,0.0,0.0,0.2
964,0.8,1.0,0.0,0.5,0.0,0.0,1.0,0.0,0.0,0.0,0.0,1.0
965,0.8,1.0,0.0,0.5,0.0,1.0,0.0,0.0,0.0,0.0,0.0,1.0
966,0.0,0.3333333333333333,0.0,0.5,0.0,1.0,1.0,0.0,0.0,0.0,0.0,0.4
967,0.6000000000000001,1.0,0.0,0.5,0.0,1.0,0.0,0.0,0.0,0.0,0.0,1.0
968,0.8,0.6666666666666666,0.0,1.0,0.0,0.0,1.0,0.0,0.0,0.0,0.0,0.2
969,0.0,0.6666666666666666,0.0,1.0,0.0,1.0,1.0,0.0,0.0,0.0,0.0,0.4
970,0.0,0.3333333333333333,0.0,1.0,0.0,1.0,1.0,0.0,0.125,0.0,0.0,0.4
971,0.8,1.0,0.0,1.0,0.0,0.0,1.0,0.0,0.0,0.0,0.0,1.0
972,0.8,0.6666666666666666,1.0,0.5,0.0,0.0,1.0,0.0,0.0,0.0,0.0,0.8
973,0.8,0.6666666666666666,1.0,0.5,1.0,1.0,1.0,0.0,0.0,0.0,0.0,0.4
974,0.6000000000000001,0.3333333333333333,0.0,1.0,0.0,0.0,1.0,0.0,0.0,0.0,0.0,0.4
975,0.8,0.3333333333333333,0.0,1.0,0.0,0.0,1.0,0.0,0.0,0.0,0.0,0.2
976,0.6000000000000001,0.6666666666666666,0.0,0.5,0.0,1.0,1.0,0.0,0.0,0.0,0.0,0.2
977,0.8,0.6666666666666666,0.0,0.5,0.0,0.0,1.0,0.0,0.0,0.0,0.0,0.4
978,0.0,0.3333333333333333,0.0,0.5,0.0,0.0,1.0,0.0,0.0,0.0,0.0,0.4
979,0.8,0.6666666666666666,0.0,1.0,0.0,0.0,1.0,0.0,0.75,0.0,0.0,0.6000000000000001
980,0.8,1.0,0.0,0.0,0.0,0.0,1.0,0.0,0.0,0.0,0.0,1.0
981,0.0,1.0,0.0,0.0,0.0,1.0,1.0,0.0,0.0,0.0,0.0,1.0
982,0.6000000000000001,1.0,0.0,0.5,0.0,0.0,1.0,0.0,0.0,0.0,0.0,1.0
983,0.6000000000000001,1.0,0.0,1.0,0.0,1.0,1.0,0.0,0.0,0.0,0.0,1.0
984,0.2,0.6666666666666666,0.0,0.5,0.0,1.0,1.0,0.0,0.125,0.0,0.0,0.8
985,0.6000000000000001,1.0,0.0,0.5,0.0,0.0,1.0,0.0,0.0,0.0,0.0,1.0
986,1.0,0.6666666666666666,0.0,0.5,0.0,1.0,1.0,0.0,0.0,0.0,0.0,0.0
987,0.4,0.3333333333333333,0.0,0.5,0.0,1.0,1.0,0.0,0.125,0.0,0.0,0.8
988,1.0,0.3333333333333333,0.0,1.0,0.0,0.0,1.0,0.0,0.0,0.0,0.0,0.0
989,0.2,0.3333333333333333,1.0,1.0,0.0,1.0,1.0,0.0,0.0,0.0,0.0,0.4
990,0.6000000000000001,1.0,0.0,0.5,0.0,0.0,1.0,0.0,0.0,0.0,0.0,1.0
991,0.6000000000000001,1.0,0.0,1.0,0.0,1.0,1.0,0.0,0.0,0.0,0.0,1.0
992,0.8,1.0,0.0,1.0,0.0,0.0,0.0,0.0,0.0,0.0,0.0,1.0
993,0.0,0.3333333333333333,1.0,0.5,1.0,1.0,1.0,0.0,0.0,0.0,0.0,0.8
994,0.6000000000000001,1.0,0.0,0.5,0.0,0.0,1.0,0.0,0.0,0.0,0.0,1.0
995,0.2,0.6666666666666666,1.0,0.5,0.0,1.0,1.0,0.0,0.125,0.0,0.0,0.6000000000000001
996,0.8,1.0,0.0,1.0,0.0,1.0,1.0,0.0,0.0,0.0,0.0,1.0
997,0.8,0.3333333333333333,0.0,1.0,0.0,0.0,1.0,0.0,0.0,0.0,0.0,0.4
998,0.0,0.6666666666666666,0.0,1.0,0.0,1.0,1.0,0.0,0.0,0.0,0.0,0.4
999,1.0,0.6666666666666666,0.0,1.0,0.0,0.0,1.0,0.0,0.0,0.0,0.0,0.0
1000,1.0,0.3333333333333333,0.0,1.0,0.0,0.0,1.0,0.0,0.0,0.0,0.0,0.0
1001,1.0,0.3333333333333333,0.0,1.0,0.0,0.0,1.0,0.0,0.0,0.0,0.0,0.0
1002,0.0,0.6666666666666666,0.0,0.5,0.0,1.0,1.0,0.0,0.0,0.0,0.0,0.2
1003,0.6000000000000001,0.6666666666666666,0.0,1.0,0.0,0.0,1.0,0.0,0.0,0.0,0.0,0.2
1004,0.8,1.0,0.0,1.0,0.0,0.0,1.0,0.0,0.0,0.0,0.0,1.0
1005,1.0,0.6666666666666666,1.0,0.5,0.0,1.0,1.0,0.0,0.25,0.0,0.0,0.0
1006,1.0,0.6666666666666666,0.0,1.0,0.0,0.0,1.0,0.0,0.0,0.0,0.0,0.0
1007,0.0,1.0,0.0,0.5,0.0,1.0,1.0,0.0,0.0,0.0,0.0,1.0
1008,0.0,1.0,0.0,1.0,0.0,1.0,1.0,0.0,0.0,0.0,0.0,1.0
1009,1.0,0.6666666666666666,0.0,0.5,0.0,1.0,1.0,0.0,0.0,0.0,0.0,0.0
1010,0.8,1.0,0.0,1.0,0.0,0.0,0.0,0.0,0.0,0.0,0.0,1.0
1011,0.8,1.0,0.0,1.0,0.0,0.0,1.0,0.0,0.0,0.0,0.0,1.0
1012,0.0,0.3333333333333333,0.0,1.0,0.0,1.0,1.0,0.0,0.25,0.0,0.0,0.4
1013,1.0,0.6666666666666666,0.0,1.0,0.0,0.0,1.0,0.0,0.0,0.0,0.0,0.0
1014,0.6000000000000001,0.6666666666666666,1.0,0.5,0.0,0.0,1.0,0.0,0.0,0.0,0.0,0.2
1015,0.6000000000000001,0.6666666666666666,0.0,0.5,0.0,0.0,1.0,0.0,0.0,0.0,0.0,0.2
1016,0.8,0.6666666666666666,1.0,0.5,1.0,1.0,1.0,0.0,0.0,0.0,0.0,0.2
1017,0.0,0.3333333333333333,1.0,1.0,0.0,0.0,1.0,0.0,0.375,0.0,0.0,0.4
1018,0.0,0.6666666666666666,0.0,1.0,0.0,1.0,1.0,0.0,0.0,0.0,0.0,0.2
1019,0.8,1.0,0.0,0.5,0.0,1.0,0.0,0.0,0.0,0.0,0.0,1.0
1020,0.8,1.0,0.0,0.5,0.0,0.0,1.0,0.0,0.0,0.0,0.0,1.0
1021,0.8,0.6666666666666666,0.0,1.0,0.0,0.0,1.0,0.0,0.0,0.0,0.0,0.2
1022,1.0,0.6666666666666666,0.0,0.5,0.0,0.0,1.0,0.0,0.125,0.0,0.0,0.0
1023,0.0,0.3333333333333333,1.0,0.5,0.0,1.0,1.0,0.0,0.125,0.0,0.0,0.4
1024,0.8,0.6666666666666666,0.0,1.0,0.0,0.0,1.0,0.0,0.25,0.4,0.0,0.4
1025,0.8,1.0,0.0,0.5,0.0,0.0,1.0,0.0,0.0,0.0,0.0,1.0
1026,0.8,0.6666666666666666,1.0,1.0,1.0,0.0,1.0,0.0,0.0,0.0,0.0,0.6000000000000001
1027,0.8,1.0,0.0,1.0,0.0,1.0,1.0,0.0,0.0,0.0,0.0,1.0
1028,0.8,1.0,0.0,1.0,0.0,1.0,0.0,0.0,0.0,0.0,0.0,1.0
1029,0.8,0.6666666666666666,1.0,0.5,0.5,0.0,1.0,0.0,0.0,0.0,0.0,0.2
1030,0.8,1.0,0.0,1.0,0.0,1.0,0.0,0.0,0.0,0.0,0.0,1.0
1031,0.6000000000000001,0.6666666666666666,0.0,1.0,0.0,0.0,1.0,0.0,0.0,0.0,0.0,0.4
1032,0.8,1.0,0.0,0.5,0.0,1.0,1.0,0.0,0.0,0.0,0.0,1.0
1033,0.8,1.0,0.0,1.0,0.0,1.0,0.0,0.0,0.0,0.0,0.0,1.0
1034,0.6000000000000001,1.0,0.0,0.5,0.0,0.0,1.0,0.0,0.0,0.0,0.0,1.0
1035,0.0,0.0,1.0,0.5,0.0,1.0,1.0,0.0,0.0,0.0,0.0,0.6000000000000001
1036,0.8,0.6666666666666666,0.0,1.0,0.0,1.0,1.0,0.0,0.0,0.0,0.0,0.2
1037,0.4,0.3333333333333333,0.0,1.0,0.0,1.0,1.0,1.0,0.0,0.0,0.0,0.6000000000000001
1038,0.6000000000000001,1.0,0.0,1.0,0.0,0.0,1.0,0.0,0.0,0.0,0.0,1.0
1039,0.4,0.3333333333333333,0.0,1.0,0.0,1.0,1.0,0.0,0.125,0.0,0.0,0.4
1040,0.8,1.0,0.0,1.0,0.0,1.0,0.0,0.0,0.0,0.0,0.0,1.0
1041,0.0,0.3333333333333333,0.0,0.5,0.0,1.0,1.0,0.0,0.0,0.0,0.0,0.4
1042,0.8,1.0,0.0,0.5,0.0,1.0,0.0,0.0,0.0,0.0,0.0,1.0
1043,0.4,0.0,1.0,1.0,0.0,1.0,1.0,1.0,0.125,0.6000000000000001,1.0,0.4
1044,0.0,0.3333333333333333,0.0,1.0,0.0,0.0,1.0,0.0,0.0,0.0,0.0,0.4
1045,1.0,0.6666666666666666,0.0,1.0,0.0,0.0,1.0,0.0,0.0,0.0,0.0,0.0
1046,0.4,0.0,1.0,1.0,1.0,1.0,1.0,1.0,0.0,1.0,0.5,0.6000000000000001
1047,0.0,0.6666666666666666,0.0,1.0,0.0,1.0,1.0,0.0,0.125,0.0,0.0,0.4
1048,0.8,0.6666666666666666,0.0,0.5,0.0,0.0,1.0,0.0,0.0,0.0,0.0,0.0
1049,0.6000000000000001,0.3333333333333333,0.0,1.0,0.0,0.0,1.0,0.0,0.0,0.0,0.0,0.4
1050,0.8,1.0,0.0,1.0,0.0,1.0,1.0,0.0,0.0,0.0,0.0,1.0
1051,0.0,0.3333333333333333,0.0,0.5,0.0,1.0,1.0,0.0,0.375,0.0,0.0,0.6000000000000001
1052,0.8,0.3333333333333333,0.0,1.0,0.0,0.0,1.0,0.0,0.125,0.0,0.0,0.4
1053,0.8,1.0,0.0,0.5,0.0,1.0,0.0,0.0,0.0,0.0,0.0,1.0
1054,0.0,0.3333333333333333,0.0,0.5,0.0,1.0,1.0,0.0,0.0,0.0,0.0,0.4
1055,0.8,0.6666666666666666,0.0,1.0,0.0,0.0,1.0,0.0,0.25,0.2,0.0,0.4
1056,0.8,0.3333333333333333,0.0,1.0,0.0,1.0,1.0,0.0,0.0,0.0,0.0,0.8
1057,1.0,0.3333333333333333,0.0,0.5,0.0,0.0,1.0,0.0,0.0,0.0,0.0,0.0
1058,0.2,0.6666666666666666,0.0,0.5,0.0,1.0,1.0,0.0,0.0,0.0,0.0,0.4
1059,0.8,0.6666666666666666,0.0,1.0,0.0,1.0,1.0,0.0,0.0,0.0,0.0,0.4
1060,0.8,1.0,0.0,1.0,0.0,0.0,0.0,0.0,0.0,0.0,0.0,1.0
1061,0.8,1.0,0.0,0.5,0.0,0.0,1.0,0.0,0.0,0.0,0.0,1.0
1062,0.8,1.0,0.0,0.5,0.0,0.0,1.0,0.0,0.125,0.0,0.0,1.0
1063,0.8,1.0,0.0,0.5,0.0,0.0,1.0,0.0,0.125,0.0,0.0,1.0
1064,0.8,0.6666666666666666,0.0,0.5,0.0,1.0,1.0,0.0,0.0,0.0,0.0,0.4
1065,0.6000000000000001,0.6666666666666666,0.0,1.0,0.0,0.0,1.0,0.0,0.0,0.0,0.0,0.4
