,f1,f2,f3,f4,f5,f6,f7,f8,f9,f10,f11,f12,f13,f14,f15,f16
0,1.0,0.3076923076923077,0.3076923076923077,1.0,0.1111111111111111,0.0,0.6363636363636364,0.0,0.0,0.15,0.16161616161616163,0.02040816326530612,0.19387755102040813,1.0,1.0,1.0
1,1.0,0.3076923076923077,0.3076923076923077,1.0,0.1111111111111111,0.0,0.6363636363636364,0.0,0.0,0.2,0.20202020202020204,0.030612244897959183,0.24489795918367346,1.0,1.0,1.0
2,1.0,0.3076923076923077,0.3076923076923077,1.0,0.1111111111111111,0.0,0.6363636363636364,0.0,0.0,0.1,0.07070707070707072,0.0,0.2959183673469387,0.0,0.0,0.0
3,1.0,0.3076923076923077,0.3076923076923077,1.0,0.1111111111111111,0.0,0.6363636363636364,0.0,0.0,0.3,0.25252525252525254,0.0510204081632653,0.346938775510204,0.0,0.0,0.0
4,1.0,0.3076923076923077,0.3076923076923077,1.0,0.1111111111111111,0.0,0.6363636363636364,0.0,0.0,0.4,0.5050505050505051,0.12244897959183673,0.5,0.0,0.0,0.0
5,0.0,0.3076923076923077,0.3076923076923077,1.0,0.1111111111111111,0.0,0.6363636363636364,0.0,0.0,0.42,0.30303030303030304,0.13265306122448978,0.7040816326530611,1.0,0.0,0.0
6,1.0,0.3076923076923077,0.3076923076923077,0.5,0.4444444444444444,0.0,0.7272727272727273,0.0,0.0,0.35000000000000003,0.12121212121212122,0.0,0.16326530612244897,0.0,0.0,0.0
7,1.0,0.3076923076923077,0.3076923076923077,0.5,0.4444444444444444,0.0,0.7272727272727273,0.0,0.0,0.5,0.10101010101010102,0.1530612244897959,0.21428571428571425,1.0,1.0,1.0
8,0.0,0.3076923076923077,0.3076923076923077,0.5,0.4444444444444444,0.0,0.7272727272727273,0.0,0.0,0.12,0.21212121212121213,0.16326530612244897,0.5,1.0,1.0,1.0
9,0.0,0.3076923076923077,0.3076923076923077,0.5,0.4444444444444444,0.5,0.6363636363636364,0.0,0.0,0.7000000000000001,0.8080808080808082,0.25510204081632654,0.7040816326530611,1.0,1.0,1.0
10,1.0,0.3076923076923077,0.3076923076923077,0.5,0.4444444444444444,0.0,0.7272727272727273,0.0,0.0,0.5,0.888888888888889,0.3061224489795918,0.8061224489795917,1.0,1.0,1.0
11,1.0,0.3076923076923077,0.3076923076923077,0.5,0.4444444444444444,0.5,0.7272727272727273,0.0,0.0,0.19,0.06060606060606061,0.19387755102040816,0.11224489795918367,1.0,1.0,1.0
12,1.0,0.3076923076923077,0.3076923076923077,1.0,0.1111111111111111,0.0,0.6363636363636364,0.0,0.0,0.05,0.010101010101010102,0.0,0.1020408163265306,0.0,0.0,0.0
13,1.0,0.9230769230769231,0.9230769230769231,0.5,0.5555555555555556,0.0,0.7272727272727273,0.0,0.0,0.2,0.14141414141414144,0.12244897959183673,0.18367346938775508,0.0,0.0,0.0
14,0.0,0.3076923076923077,0.3076923076923077,0.5,0.5555555555555556,0.0,0.7272727272727273,0.0,1.0,0.62,0.7070707070707072,0.44897959183673464,0.6020408163265305,0.0,0.0,0.0
15,0.0,0.3076923076923077,0.3076923076923077,0.5,0.3333333333333333,0.0,0.6363636363636364,0.0,0.0,0.3,0.4040404040404041,0.22448979591836732,0.6632653061224489,1.0,1.0,1.0
16,1.0,0.3076923076923077,0.3076923076923077,0.5,0.4444444444444444,0.5,0.6363636363636364,0.0,0.0,0.36,0.30303030303030304,0.2040816326530612,0.8061224489795917,0.0,0.0,0.0
17,1.0,0.3076923076923077,0.3076923076923077,0.5,0.4444444444444444,0.0,0.7272727272727273,0.0,0.0,0.55,0.13131313131313133,0.3571428571428571,0.9081632653061223,0.0,0.0,0.0
18,0.0,0.3076923076923077,0.3076923076923077,0.5,0.4444444444444444,0.0,0.6363636363636364,0.0,1.0,0.6900000000000001,0.15151515151515152,0.36734693877551017,0.9693877551020408,1.0,1.0,1.0
19,1.0,0.3076923076923077,0.3076923076923077,0.5,0.4444444444444444,0.5,0.6363636363636364,0.0,1.0,0.7000000000000001,0.5050505050505051,0.4081632653061224,0.9999999999999999,1.0,1.0,1.0
20,0.0,0.3076923076923077,0.3076923076923077,0.5,0.4444444444444444,0.0,0.6363636363636364,0.0,0.0,0.6,0.6060606060606061,0.336734693877551,0.9081632653061223,0.0,0.0,0.0
21,0.0,0.3076923076923077,0.3076923076923077,0.5,0.4444444444444444,0.5,0.6363636363636364,0.0,0.0,0.1,0.12121212121212122,0.04081632653061224,0.8061224489795917,0.0,0.0,1.0
22,1.0,0.3076923076923077,0.3076923076923077,0.5,0.4444444444444444,0.0,0.6363636363636364,0.0,0.0,0.15,0.21212121212121213,0.02040816326530612,0.9081632653061223,0.0,0.0,1.0
23,1.0,0.3076923076923077,0.3076923076923077,0.5,0.4444444444444444,0.0,0.6363636363636364,0.0,0.0,0.02,0.0,0.02040816326530612,0.5,0.0,0.0,0.0
24,1.0,0.3076923076923077,0.3076923076923077,0.5,0.4444444444444444,0.5,0.6363636363636364,0.0,0.0,0.0,0.020202020202020204,0.030612244897959183,0.7040816326530611,1.0,1.0,0.0
25,1.0,0.3076923076923077,0.3076923076923077,0.5,0.4444444444444444,0.0,0.6363636363636364,0.0,0.0,0.08,0.07070707070707072,0.3061224489795918,0.39795918367346933,1.0,1.0,0.0
26,1.0,0.3076923076923077,0.3076923076923077,0.5,0.4444444444444444,0.5,0.6363636363636364,0.0,0.0,0.19,0.19191919191919193,0.25510204081632654,0.39795918367346933,1.0,0.0,1.0
27,1.0,0.3076923076923077,0.3076923076923077,0.5,0.5555555555555556,0.0,0.0,0.0,0.0,0.25,0.15151515151515152,0.12244897959183673,0.32653061224489793,0.0,0.0,0.0
28,1.0,0.3076923076923077,0.3076923076923077,0.5,0.5555555555555556,0.0,0.9090909090909092,0.0,0.0,0.75,0.8585858585858587,0.5306122448979591,0.42857142857142855,1.0,1.0,1.0
29,0.0,0.3076923076923077,0.3076923076923077,0.5,0.5555555555555556,0.0,0.0,0.0,0.0,0.3,0.9090909090909092,0.336734693877551,0.346938775510204,0.0,0.0,1.0
30,0.0,0.3076923076923077,0.3076923076923077,0.5,0.5555555555555556,0.0,0.0,0.0,0.0,0.35000000000000003,0.8080808080808082,0.5102040816326531,0.7040816326530611,1.0,1.0,1.0
31,1.0,0.3076923076923077,0.3076923076923077,0.5,0.4444444444444444,0.0,0.6363636363636364,0.0,0.0,0.04,0.05050505050505051,0.4081632653061224,0.1530612244897959,1.0,1.0,0.0
32,0.0,0.3076923076923077,0.3076923076923077,1.0,0.4444444444444444,0.0,0.6363636363636364,0.0,0.0,0.02,0.19191919191919193,0.1020408163265306,0.5,1.0,1.0,0.0
33,1.0,0.3076923076923077,0.3076923076923077,1.0,0.2222222222222222,0.0,0.2727272727272727,0.0,0.0,0.08,0.22222222222222224,0.09183673469387754,0.39795918367346933,0.0,0.0,0.0
34,1.0,0.3076923076923077,0.3076923076923077,0.5,0.4444444444444444,0.5,0.9090909090909092,0.0,0.0,0.12,0.11111111111111112,0.08163265306122448,0.39795918367346933,0.0,0.0,0.0
35,1.0,0.3076923076923077,0.3076923076923077,0.5,0.4444444444444444,0.0,0.2727272727272727,0.0,0.0,0.1,0.12121212121212122,0.17346938775510204,0.2959183673469387,0.0,0.0,0.0
36,1.0,0.3076923076923077,0.3076923076923077,0.5,0.4444444444444444,0.5,0.9090909090909092,0.0,1.0,0.08,0.06060606060606061,0.04081632653061224,0.21428571428571425,1.0,1.0,0.0
37,0.0,0.0,0.0,0.5,0.4444444444444444,0.0,0.6363636363636364,0.0,0.0,0.45,0.5454545454545455,0.26530612244897955,0.9081632653061223,1.0,1.0,1.0
38,1.0,0.3076923076923077,0.3076923076923077,0.5,0.3333333333333333,0.0,0.6363636363636364,0.0,0.0,0.0,0.0,0.0,0.030612244897959183,0.0,0.0,0.0
39,0.0,0.6153846153846154,0.6153846153846154,0.5,0.4444444444444444,0.5,0.9090909090909092,0.0,0.0,0.5,0.9090909090909092,0.37755102040816324,0.7040816326530611,1.0,1.0,1.0
40,0.0,0.3076923076923077,0.3076923076923077,0.5,0.4444444444444444,0.0,0.6363636363636364,0.0,0.0,0.14,0.13131313131313133,0.030612244897959183,0.7040816326530611,0.0,0.0,0.0
41,1.0,0.3076923076923077,0.3076923076923077,0.5,0.4444444444444444,0.0,0.6363636363636364,0.0,0.0,0.19,0.20202020202020204,0.16326530612244897,0.5,0.0,1.0,1.0
42,1.0,0.3076923076923077,0.3076923076923077,0.0,0.6666666666666666,0.0,0.6363636363636364,0.0,0.0,0.1,0.12121212121212122,0.07142857142857142,0.32653061224489793,1.0,1.0,0.0
43,0.0,0.3076923076923077,0.3076923076923077,0.0,0.6666666666666666,0.0,0.6363636363636364,0.0,0.0,0.3,0.3535353535353536,0.2857142857142857,0.9081632653061223,1.0,1.0,1.0
44,0.0,0.3076923076923077,0.3076923076923077,0.0,0.6666666666666666,0.0,0.6363636363636364,0.0,0.0,0.33,0.33333333333333337,0.3061224489795918,0.9081632653061223,0.0,0.0,1.0
45,1.0,0.3076923076923077,0.3076923076923077,0.5,0.4444444444444444,0.0,0.8181818181818182,0.0,0.0,0.2,0.12121212121212122,0.1530612244897959,0.7040816326530611,0.0,1.0,0.0
46,1.0,0.3076923076923077,0.3076923076923077,1.0,0.2222222222222222,0.0,0.2727272727272727,0.0,0.0,0.07,0.10101010101010102,0.01020408163265306,0.2959183673469387,0.0,0.0,0.0
47,0.0,0.3076923076923077,0.3076923076923077,0.0,1.0,0.0,0.2727272727272727,0.0,1.0,0.7000000000000001,0.04040404040404041,0.39795918367346933,0.9081632653061223,1.0,1.0,1.0
48,0.0,0.3076923076923077,0.3076923076923077,0.0,1.0,0.0,0.2727272727272727,0.0,1.0,0.13,0.8080808080808082,0.4081632653061224,0.8877551020408162,1.0,1.0,1.0
49,0.0,0.3076923076923077,0.3076923076923077,0.0,1.0,0.0,0.2727272727272727,0.0,0.0,0.29,0.393939393939394,0.5102040816326531,0.7755102040816326,1.0,1.0,1.0
50,0.0,0.3076923076923077,0.3076923076923077,0.0,1.0,0.0,0.2727272727272727,0.0,0.0,0.2,0.14141414141414144,0.12244897959183673,0.7040816326530611,0.0,0.0,0.0
51,1.0,0.3076923076923077,0.3076923076923077,0.0,1.0,0.0,0.2727272727272727,0.0,0.0,0.39,0.15151515151515152,0.16326530612244897,0.5,0.0,1.0,0.0
52,0.0,0.3076923076923077,0.3076923076923077,0.0,1.0,0.0,0.2727272727272727,0.0,0.0,0.55,0.9090909090909092,0.16326530612244897,0.39795918367346933,0.0,0.0,1.0
53,0.0,0.3076923076923077,0.3076923076923077,0.0,0.8888888888888888,0.0,0.9090909090909092,0.0,1.0,0.49,0.7070707070707072,0.19387755102040816,0.7551020408163265,1.0,1.0,1.0
54,1.0,0.3076923076923077,0.3076923076923077,0.0,1.0,0.0,0.2727272727272727,0.0,1.0,0.12,0.5050505050505051,0.08163265306122448,0.2959183673469387,0.0,0.0,0.0
55,1.0,0.3076923076923077,0.3076923076923077,0.5,0.4444444444444444,0.0,0.7272727272727273,0.0,0.0,0.16,0.14141414141414144,0.061224489795918366,0.19387755102040813,1.0,1.0,0.0
56,1.0,0.8461538461538463,0.8461538461538463,0.5,0.5555555555555556,0.5,0.7272727272727273,0.0,0.0,0.19,0.05050505050505051,0.04081632653061224,0.0,1.0,1.0,0.0
57,1.0,0.3076923076923077,0.3076923076923077,0.5,0.4444444444444444,0.0,0.7272727272727273,0.0,0.0,0.05,0.020202020202020204,0.061224489795918366,0.04081632653061224,1.0,1.0,0.0
58,1.0,0.3076923076923077,0.3076923076923077,0.5,0.4444444444444444,0.0,0.7272727272727273,0.0,0.0,0.28,0.6060606060606061,0.19387755102040816,0.5,1.0,1.0,1.0
59,0.0,0.8461538461538463,0.8461538461538463,0.5,0.4444444444444444,0.0,0.7272727272727273,0.0,0.0,0.27,0.22222222222222224,0.22448979591836732,0.39795918367346933,0.0,1.0,1.0
60,0.0,0.23076923076923078,0.23076923076923078,1.0,0.2222222222222222,0.0,0.2727272727272727,0.0,1.0,0.21,0.10101010101010102,0.2857142857142857,0.19387755102040813,0.0,1.0,0.0
61,1.0,0.3076923076923077,0.3076923076923077,0.0,0.7777777777777777,0.0,0.6363636363636364,0.0,0.0,0.5,0.7070707070707072,0.32653061224489793,0.39795918367346933,1.0,1.0,1.0
62,1.0,1.0,1.0,0.0,0.7777777777777777,0.0,0.6363636363636364,0.0,1.0,0.8,0.9090909090909092,0.7142857142857142,0.8061224489795917,1.0,1.0,1.0
63,1.0,0.3076923076923077,0.3076923076923077,0.0,0.7777777777777777,0.0,0.6363636363636364,0.0,0.0,0.17,0.13131313131313133,0.16326530612244897,0.11224489795918367,1.0,0.0,1.0
64,1.0,0.3076923076923077,0.3076923076923077,0.0,0.7777777777777777,0.0,0.6363636363636364,0.0,0.0,0.0,0.05050505050505051,0.07142857142857142,0.01020408163265306,0.0,0.0,0.0
65,1.0,0.3076923076923077,0.3076923076923077,0.0,1.0,0.0,0.2727272727272727,0.0,0.0,0.13,0.05050505050505051,0.18367346938775508,0.18367346938775508,0.0,0.0,0.0
66,0.0,0.3076923076923077,0.3076923076923077,0.0,1.0,0.0,0.2727272727272727,0.0,0.0,0.25,0.10101010101010102,0.19387755102040816,0.2959183673469387,0.0,0.0,0.0
67,0.0,0.8461538461538463,0.8461538461538463,0.0,1.0,0.0,0.2727272727272727,0.0,1.0,0.65,0.7575757575757577,0.2346938775510204,0.8061224489795917,1.0,1.0,1.0
68,0.0,0.8461538461538463,0.8461538461538463,0.0,1.0,0.0,0.6363636363636364,0.0,1.0,0.7000000000000001,0.696969696969697,0.3571428571428571,0.2959183673469387,1.0,1.0,1.0
69,1.0,0.23076923076923078,0.23076923076923078,0.5,0.4444444444444444,0.0,0.6363636363636364,0.0,0.0,0.39,0.4040404040404041,0.11224489795918366,0.32653061224489793,0.0,0.0,1.0
70,1.0,0.23076923076923078,0.23076923076923078,0.5,0.4444444444444444,0.0,0.6363636363636364,0.0,0.0,0.22,0.30303030303030304,0.1020408163265306,0.11224489795918367,1.0,1.0,0.0
71,1.0,0.3076923076923077,0.3076923076923077,0.5,0.4444444444444444,0.0,0.6363636363636364,0.0,0.0,0.29,0.22222222222222224,0.09183673469387754,0.19387755102040813,1.0,1.0,1.0
72,1.0,0.3076923076923077,0.3076923076923077,0.5,0.4444444444444444,0.0,0.7272727272727273,0.0,0.0,0.11,0.020202020202020204,0.02040816326530612,0.07142857142857142,0.0,0.0,1.0
73,0.0,0.3076923076923077,0.3076923076923077,0.5,0.4444444444444444,0.0,0.2727272727272727,0.0,0.0,0.19,0.30303030303030304,0.26530612244897955,0.18367346938775508,1.0,0.0,0.0
74,1.0,0.3076923076923077,0.3076923076923077,0.5,0.4444444444444444,0.5,0.6363636363636364,0.0,0.0,0.12,0.0,0.061224489795918366,0.12244897959183672,0.0,0.0,1.0
75,1.0,0.23076923076923078,0.23076923076923078,0.5,0.4444444444444444,0.0,0.8181818181818182,0.0,1.0,0.5,0.9090909090909092,0.29591836734693877,0.6020408163265305,1.0,1.0,1.0
76,1.0,0.07692307692307693,0.07692307692307693,0.0,0.6666666666666666,0.0,0.6363636363636364,0.0,1.0,0.15,0.7070707070707072,0.37755102040816324,0.43877551020408156,1.0,1.0,1.0
77,1.0,0.3076923076923077,0.3076923076923077,0.0,0.6666666666666666,0.0,0.6363636363636364,0.0,0.0,0.2,0.8080808080808082,0.336734693877551,0.32653061224489793,1.0,1.0,1.0
78,1.0,0.3076923076923077,0.3076923076923077,0.0,0.8888888888888888,0.0,0.8181818181818182,0.0,0.0,0.13,0.030303030303030304,0.11224489795918366,0.08163265306122448,0.0,0.0,0.0
79,0.0,0.9230769230769231,0.9230769230769231,0.5,0.4444444444444444,0.5,0.7272727272727273,0.0,1.0,0.8,0.9090909090909092,0.49999999999999994,0.5510204081632653,1.0,0.0,1.0
80,1.0,0.3076923076923077,0.3076923076923077,0.5,0.4444444444444444,0.0,0.7272727272727273,0.0,0.0,0.08,0.15151515151515152,0.1020408163265306,0.39795918367346933,1.0,0.0,1.0
81,1.0,0.3076923076923077,0.3076923076923077,1.0,0.0,0.0,0.6363636363636364,0.0,0.0,0.08,0.25252525252525254,0.01020408163265306,0.7040816326530611,0.0,0.0,0.0
82,1.0,0.3076923076923077,0.3076923076923077,1.0,0.0,0.5,0.6363636363636364,0.0,0.0,0.07,0.05050505050505051,0.02040816326530612,0.8061224489795917,1.0,1.0,0.0
83,1.0,0.3076923076923077,0.3076923076923077,1.0,0.0,0.5,0.6363636363636364,0.0,0.0,0.07,0.04040404040404041,0.1020408163265306,0.5,0.0,1.0,0.0
84,1.0,0.3076923076923077,0.3076923076923077,1.0,0.0,0.5,0.6363636363636364,0.0,0.0,0.5,0.7070707070707072,0.5102040816326531,0.09183673469387754,1.0,1.0,0.0
85,1.0,0.3076923076923077,0.3076923076923077,1.0,0.0,0.5,0.6363636363636364,0.0,0.0,0.01,0.0,0.01020408163265306,0.11224489795918367,0.0,0.0,0.0
86,1.0,0.6153846153846154,0.6153846153846154,1.0,0.0,0.5,0.6363636363636364,0.0,0.0,0.7000000000000001,0.12121212121212122,0.4081632653061224,0.5,1.0,1.0,1.0
87,1.0,0.3076923076923077,0.3076923076923077,1.0,0.0,0.5,0.6363636363636364,0.0,0.0,0.19,0.7070707070707072,0.030612244897959183,0.5,0.0,0.0,1.0
88,0.0,0.3076923076923077,0.3076923076923077,1.0,0.0,0.5,0.6363636363636364,0.0,0.0,0.03,0.12121212121212122,0.04081632653061224,0.32653061224489793,0.0,0.0,1.0
89,1.0,0.3076923076923077,0.3076923076923077,1.0,0.0,0.5,0.6363636363636364,0.0,0.0,0.05,0.20202020202020204,0.01020408163265306,0.5,1.0,1.0,0.0
90,1.0,0.3076923076923077,0.3076923076923077,1.0,0.0,0.5,0.6363636363636364,0.0,0.0,0.04,0.08080808080808081,0.1020408163265306,0.6020408163265305,1.0,1.0,0.0
91,1.0,0.3076923076923077,0.3076923076923077,1.0,0.0,0.5,0.6363636363636364,0.0,0.0,0.8,0.9090909090909092,0.5612244897959183,0.18367346938775508,1.0,1.0,1.0
92,0.0,0.3076923076923077,0.3076923076923077,1.0,0.0,0.5,0.6363636363636364,0.0,0.0,0.5,0.7070707070707072,0.19387755102040816,0.14285714285714282,1.0,1.0,1.0
93,1.0,0.8461538461538463,0.8461538461538463,1.0,0.0,0.5,0.6363636363636364,0.0,0.0,0.55,0.8989898989898991,0.4081632653061224,0.39795918367346933,1.0,1.0,1.0
94,0.0,0.3076923076923077,0.3076923076923077,1.0,0.0,0.5,0.6363636363636364,0.0,0.0,0.8,0.4444444444444445,0.3571428571428571,0.09183673469387754,0.0,1.0,0.0
95,0.0,0.3076923076923077,0.3076923076923077,1.0,0.0,0.5,0.6363636363636364,0.0,0.0,1.0,0.8080808080808082,0.02040816326530612,0.7040816326530611,0.0,0.0,1.0
96,0.0,0.3076923076923077,0.3076923076923077,1.0,0.0,1.0,0.6363636363636364,0.0,0.0,0.14,0.6060606060606061,0.11224489795918366,0.7551020408163265,1.0,1.0,1.0
97,0.0,0.3076923076923077,0.3076923076923077,1.0,0.0,0.5,0.6363636363636364,0.0,0.0,0.06,0.020202020202020204,0.3877551020408163,0.11224489795918367,0.0,0.0,1.0
98,0.0,0.3076923076923077,0.3076923076923077,1.0,0.0,1.0,0.6363636363636364,0.0,0.0,0.1,0.030303030303030304,0.0,0.2959183673469387,0.0,0.0,1.0
99,1.0,0.3076923076923077,0.3076923076923077,1.0,0.0,0.5,0.6363636363636364,0.0,0.0,0.5,0.07070707070707072,0.09183673469387754,0.5,1.0,0.0,0.0
100,1.0,0.3076923076923077,0.3076923076923077,1.0,0.0,0.5,0.6363636363636364,0.0,0.0,0.5,0.9090909090909092,0.4081632653061224,0.9081632653061223,1.0,0.0,1.0
101,0.0,0.3076923076923077,0.3076923076923077,1.0,0.0,0.5,0.6363636363636364,0.0,1.0,0.7000000000000001,0.9292929292929294,0.5102040816326531,0.061224489795918366,1.0,1.0,1.0
102,0.0,0.3076923076923077,0.3076923076923077,1.0,0.0,0.5,0.6363636363636364,0.0,0.0,0.02,0.06060606060606061,0.02040816326530612,0.07142857142857142,0.0,0.0,0.0
103,1.0,0.3076923076923077,0.3076923076923077,1.0,0.0,0.5,0.6363636363636364,0.0,0.0,0.01,0.07070707070707072,0.061224489795918366,0.09183673469387754,0.0,0.0,0.0
104,1.0,0.3076923076923077,0.3076923076923077,1.0,0.0,0.5,0.6363636363636364,0.0,0.0,0.0,0.12121212121212122,0.030612244897959183,0.020408163265306124,1.0,1.0,0.0
105,0.0,0.3076923076923077,0.3076923076923077,1.0,0.0,0.5,0.6363636363636364,0.0,0.0,0.0,0.0,0.0510204081632653,0.8061224489795917,1.0,1.0,0.0
106,0.0,0.3076923076923077,0.3076923076923077,1.0,0.0,0.5,0.6363636363636364,0.0,0.0,0.12,0.26262626262626265,0.07142857142857142,0.39795918367346933,1.0,1.0,1.0
107,1.0,0.3076923076923077,0.3076923076923077,1.0,0.0,0.5,0.6363636363636364,0.0,0.0,0.7000000000000001,0.9090909090909092,0.4183673469387755,0.32653061224489793,1.0,0.0,1.0
108,1.0,0.6153846153846154,0.6153846153846154,1.0,0.0,0.5,0.6363636363636364,0.0,0.0,0.07,0.12121212121212122,0.0510204081632653,0.020408163265306124,0.0,0.0,0.0
109,1.0,0.3076923076923077,0.3076923076923077,1.0,0.0,0.5,0.6363636363636364,0.0,0.0,0.9,0.7070707070707072,0.3061224489795918,0.13265306122448978,0.0,0.0,1.0
110,0.0,0.23076923076923078,0.23076923076923078,1.0,0.0,0.5,0.6363636363636364,0.0,1.0,0.7000000000000001,0.888888888888889,0.5612244897959183,0.39795918367346933,1.0,1.0,1.0
111,1.0,0.3076923076923077,0.3076923076923077,1.0,0.0,1.0,0.6363636363636364,0.0,0.0,0.77,0.8080808080808082,0.520408163265306,0.8061224489795917,0.0,1.0,1.0
112,1.0,0.3076923076923077,0.3076923076923077,1.0,0.0,0.5,0.6363636363636364,0.0,0.0,0.02,0.05050505050505051,0.030612244897959183,0.5,0.0,0.0,0.0
113,1.0,0.3076923076923077,0.3076923076923077,1.0,0.0,0.5,0.6363636363636364,0.0,0.0,0.25,0.27272727272727276,0.0,0.693877551020408,0.0,0.0,0.0
114,1.0,0.3076923076923077,0.3076923076923077,1.0,0.0,0.5,0.6363636363636364,0.0,0.0,0.11,0.020202020202020204,0.0,0.5,0.0,0.0,0.0
115,1.0,0.3076923076923077,0.3076923076923077,1.0,0.0,0.5,0.6363636363636364,0.0,0.0,0.0,0.08080808080808081,0.11224489795918366,0.7040816326530611,1.0,1.0,0.0
116,0.0,0.3076923076923077,0.3076923076923077,1.0,0.0,1.0,0.6363636363636364,0.0,1.0,0.77,0.8080808080808082,0.12244897959183673,0.18367346938775508,1.0,1.0,0.0
117,0.0,0.3076923076923077,0.3076923076923077,1.0,0.0,1.0,0.6363636363636364,0.0,1.0,0.25,0.29292929292929293,0.4081632653061224,0.16326530612244897,0.0,1.0,1.0
118,0.0,0.3076923076923077,0.3076923076923077,1.0,0.0,1.0,0.6363636363636364,0.0,1.0,0.24,0.3535353535353536,0.2346938775510204,0.21428571428571425,1.0,1.0,0.0
119,1.0,0.3076923076923077,0.3076923076923077,1.0,0.0,1.0,0.6363636363636364,0.0,0.0,0.6,0.6060606060606061,0.030612244897959183,0.6020408163265305,0.0,0.0,1.0
120,1.0,0.3076923076923077,0.3076923076923077,1.0,0.0,1.0,0.6363636363636364,0.0,1.0,0.21,0.12121212121212122,0.0,0.5,1.0,1.0,1.0
121,1.0,0.3076923076923077,0.3076923076923077,1.0,0.0,1.0,0.6363636363636364,0.0,1.0,0.0,0.04040404040404041,0.08163265306122448,0.2959183673469387,0.0,0.0,0.0
122,0.0,0.3076923076923077,0.3076923076923077,1.0,0.0,0.5,0.6363636363636364,0.0,0.0,0.66,0.9090909090909092,0.5612244897959183,0.11224489795918367,1.0,1.0,0.0
123,0.0,0.9230769230769231,0.9230769230769231,1.0,0.0,0.5,0.6363636363636364,0.0,0.0,0.7000000000000001,0.98989898989899,0.07142857142857142,0.04081632653061224,1.0,1.0,1.0
124,1.0,0.3076923076923077,0.3076923076923077,1.0,0.0,1.0,0.6363636363636364,0.0,0.0,0.0,0.06060606060606061,0.04081632653061224,0.14285714285714282,1.0,0.0,1.0
125,1.0,0.3076923076923077,0.3076923076923077,1.0,0.0,0.5,0.6363636363636364,0.0,0.0,0.12,0.30303030303030304,0.0,0.16326530612244897,0.0,1.0,0.0
126,0.0,0.07692307692307693,0.07692307692307693,1.0,0.0,1.0,0.6363636363636364,0.0,0.0,0.02,0.09090909090909091,0.07142857142857142,0.5510204081632653,1.0,1.0,1.0
127,1.0,0.3076923076923077,0.3076923076923077,1.0,0.0,0.5,0.6363636363636364,0.0,0.0,0.55,0.33333333333333337,0.061224489795918366,0.08163265306122448,0.0,0.0,0.0
128,1.0,0.3076923076923077,0.3076923076923077,1.0,0.0,1.0,0.6363636363636364,0.0,0.0,0.12,0.10101010101010102,0.2040816326530612,0.1530612244897959,0.0,0.0,1.0
129,1.0,0.3076923076923077,0.3076923076923077,1.0,0.0,0.5,0.6363636363636364,0.0,0.0,0.7000000000000001,0.9090909090909092,0.02040816326530612,0.01020408163265306,1.0,1.0,1.0
130,0.0,0.3076923076923077,0.3076923076923077,1.0,0.0,1.0,0.6363636363636364,0.0,0.0,0.07,0.09090909090909091,0.0510204081632653,0.2959183673469387,0.0,0.0,0.0
131,1.0,0.23076923076923078,0.23076923076923078,1.0,0.0,1.0,0.6363636363636364,0.0,0.0,0.8,0.42424242424242425,0.2040816326530612,0.5,1.0,1.0,1.0
132,1.0,0.3076923076923077,0.3076923076923077,1.0,0.0,1.0,0.6363636363636364,1.0,0.0,0.0,0.030303030303030304,0.1020408163265306,0.020408163265306124,0.0,0.0,0.0
133,1.0,0.3076923076923077,0.3076923076923077,1.0,0.0,0.0,0.6363636363636364,1.0,0.0,0.12,0.6060606060606061,0.0,0.7040816326530611,1.0,1.0,0.0
134,1.0,0.3076923076923077,0.3076923076923077,0.5,0.4444444444444444,0.0,0.8181818181818182,1.0,0.0,0.8,0.8080808080808082,0.1530612244897959,0.7040816326530611,1.0,1.0,1.0
135,0.0,0.0,0.0,0.5,0.4444444444444444,0.0,0.8181818181818182,1.0,1.0,0.7000000000000001,0.8080808080808082,0.9693877551020408,0.7040816326530611,1.0,1.0,1.0
136,0.0,0.3076923076923077,0.8461538461538463,0.0,0.8888888888888888,0.0,0.8181818181818182,1.0,1.0,0.7000000000000001,0.8080808080808082,0.9693877551020408,0.7040816326530611,1.0,1.0,1.0
137,0.0,0.3076923076923077,0.8461538461538463,0.0,0.8888888888888888,0.0,0.8181818181818182,0.0,1.0,0.6,0.8080808080808082,0.5102040816326531,0.39795918367346933,0.0,0.0,1.0
138,0.0,0.23076923076923078,0.0,0.5,0.4444444444444444,0.0,0.8181818181818182,0.0,1.0,1.0,0.8080808080808082,0.9693877551020408,0.9081632653061223,0.0,0.0,1.0
139,1.0,0.23076923076923078,0.8461538461538463,0.5,0.4444444444444444,0.0,0.8181818181818182,0.0,1.0,1.0,0.8585858585858587,0.8673469387755102,0.7040816326530611,0.0,0.0,1.0
140,1.0,0.7692307692307693,0.7692307692307693,0.5,0.4444444444444444,0.0,0.8181818181818182,0.0,0.0,0.1,0.6060606060606061,0.0510204081632653,0.19387755102040813,1.0,0.0,0.0
141,1.0,0.7692307692307693,0.7692307692307693,0.5,0.4444444444444444,0.0,0.8181818181818182,1.0,0.0,0.19,0.6565656565656566,0.5102040816326531,0.09183673469387754,0.0,0.0,0.0
142,1.0,0.7692307692307693,0.7692307692307693,0.5,0.4444444444444444,0.0,0.8181818181818182,1.0,0.0,0.1,0.7575757575757577,0.5612244897959183,0.1020408163265306,1.0,1.0,1.0
143,1.0,0.3076923076923077,0.3076923076923077,0.5,0.4444444444444444,0.0,0.8181818181818182,1.0,0.0,0.8,0.9090909090909092,0.5612244897959183,0.18367346938775508,1.0,1.0,1.0
144,1.0,0.3076923076923077,0.3076923076923077,0.5,0.4444444444444444,0.0,0.8181818181818182,1.0,0.0,0.1,0.10101010101010102,0.1530612244897959,0.18367346938775508,0.0,0.0,0.0
145,1.0,0.7692307692307693,0.6153846153846154,0.5,0.4444444444444444,0.0,0.8181818181818182,1.0,0.0,0.7000000000000001,0.7575757575757577,0.5612244897959183,0.1020408163265306,1.0,0.0,1.0
146,0.0,0.9230769230769231,0.9230769230769231,0.5,0.4444444444444444,0.0,0.8181818181818182,1.0,1.0,1.0,0.7575757575757577,0.5102040816326531,0.7040816326530611,1.0,1.0,1.0
147,0.0,0.9230769230769231,0.9230769230769231,0.5,0.4444444444444444,0.0,0.8181818181818182,1.0,0.0,0.1,0.797979797979798,0.3061224489795918,0.2959183673469387,0.0,0.0,1.0
148,0.0,0.23076923076923078,0.23076923076923078,0.5,0.4444444444444444,0.0,0.8181818181818182,1.0,0.0,0.6,0.5555555555555556,0.3061224489795918,0.39795918367346933,0.0,0.0,1.0
149,0.0,0.23076923076923078,0.9230769230769231,0.5,0.4444444444444444,0.0,0.8181818181818182,1.0,1.0,1.0,0.7575757575757577,0.5102040816326531,0.7040816326530611,1.0,0.0,1.0
150,1.0,0.6153846153846154,0.6153846153846154,0.0,0.8888888888888888,0.0,0.8181818181818182,1.0,0.0,0.8,0.8080808080808082,0.520408163265306,0.5918367346938775,1.0,1.0,1.0
151,1.0,0.6153846153846154,0.8461538461538463,0.0,0.8888888888888888,0.0,0.9090909090909092,1.0,0.0,0.23,0.6363636363636365,0.7244897959183673,0.8979591836734693,1.0,1.0,1.0
152,0.0,0.6153846153846154,0.8461538461538463,0.0,0.8888888888888888,0.5,0.9090909090909092,1.0,0.0,1.0,0.9191919191919192,0.9999999999999999,0.39795918367346933,1.0,0.0,1.0
153,1.0,0.6153846153846154,0.8461538461538463,0.0,0.8888888888888888,0.5,1.0,1.0,0.0,0.1,0.5151515151515152,0.4081632653061224,0.39795918367346933,0.0,0.0,0.0
154,1.0,0.6153846153846154,0.8461538461538463,0.0,0.8888888888888888,0.5,0.2727272727272727,1.0,0.0,0.7000000000000001,0.5050505050505051,0.336734693877551,0.4081632653061224,0.0,0.0,0.0
155,1.0,0.6153846153846154,0.8461538461538463,0.0,0.8888888888888888,0.5,0.7272727272727273,1.0,0.0,0.7000000000000001,0.5858585858585859,0.7448979591836734,0.9183673469387754,1.0,0.0,1.0
156,0.0,0.7692307692307693,0.8461538461538463,0.0,0.8888888888888888,0.5,0.36363636363636365,1.0,0.0,0.7000000000000001,0.5050505050505051,0.3061224489795918,0.48979591836734687,1.0,1.0,1.0
157,1.0,0.7692307692307693,0.7692307692307693,0.0,0.8888888888888888,0.5,0.9090909090909092,1.0,0.0,0.7000000000000001,0.5050505050505051,0.336734693877551,0.39795918367346933,0.0,1.0,1.0
158,1.0,0.7692307692307693,0.3076923076923077,0.5,0.4444444444444444,0.5,0.9090909090909092,1.0,0.0,0.22,0.5151515151515152,0.4897959183673469,0.09183673469387754,0.0,0.0,0.0
159,0.0,0.3076923076923077,0.3076923076923077,0.5,0.4444444444444444,0.5,0.9090909090909092,1.0,0.0,0.62,0.686868686868687,0.4897959183673469,0.8061224489795917,1.0,1.0,1.0
160,0.0,0.23076923076923078,0.23076923076923078,0.5,0.4444444444444444,0.5,0.9090909090909092,1.0,1.0,0.8200000000000001,0.8989898989898991,0.5918367346938775,0.5,1.0,1.0,1.0
161,1.0,0.23076923076923078,0.23076923076923078,0.5,0.4444444444444444,0.5,0.9090909090909092,1.0,1.0,0.72,0.8080808080808082,0.5918367346938775,0.6632653061224489,0.0,0.0,1.0
162,0.0,0.23076923076923078,0.23076923076923078,1.0,0.0,0.5,0.36363636363636365,1.0,1.0,0.7000000000000001,0.8282828282828284,0.030612244897959183,0.7346938775510203,0.0,0.0,1.0
163,0.0,0.23076923076923078,0.8461538461538463,1.0,0.0,0.5,0.36363636363636365,1.0,1.0,0.6,0.8282828282828284,0.9489795918367346,0.42857142857142855,0.0,0.0,0.0
164,1.0,0.23076923076923078,0.23076923076923078,1.0,0.0,0.5,0.36363636363636365,1.0,1.0,0.55,0.7272727272727273,0.846938775510204,0.13265306122448978,1.0,1.0,0.0
165,0.0,0.46153846153846156,0.46153846153846156,1.0,0.0,0.5,0.36363636363636365,1.0,1.0,0.72,0.6565656565656566,0.7448979591836734,0.6632653061224489,1.0,1.0,1.0
166,1.0,0.3076923076923077,0.3076923076923077,1.0,0.0,0.5,0.36363636363636365,1.0,1.0,0.51,0.8282828282828284,0.5408163265306122,0.42857142857142855,0.0,0.0,1.0
167,1.0,0.7692307692307693,0.7692307692307693,1.0,0.0,0.5,0.36363636363636365,1.0,1.0,0.8,0.9292929292929294,0.846938775510204,0.42857142857142855,1.0,1.0,1.0
168,1.0,0.3076923076923077,0.3076923076923077,1.0,0.0,0.5,0.36363636363636365,1.0,1.0,0.6,0.5252525252525253,0.2346938775510204,0.32653061224489793,1.0,1.0,1.0
169,1.0,0.3076923076923077,0.3076923076923077,1.0,0.0,0.5,0.36363636363636365,1.0,1.0,0.3,0.12121212121212122,0.29591836734693877,0.22448979591836732,0.0,0.0,1.0
170,1.0,0.3076923076923077,0.3076923076923077,1.0,0.0,0.5,0.36363636363636365,1.0,0.0,0.4,0.6262626262626263,0.846938775510204,0.32653061224489793,1.0,1.0,1.0
171,1.0,0.3076923076923077,0.3076923076923077,1.0,0.0,0.5,0.36363636363636365,1.0,1.0,0.6,0.5252525252525253,0.2346938775510204,0.32653061224489793,0.0,1.0,1.0
172,1.0,0.07692307692307693,0.07692307692307693,1.0,0.0,0.5,0.36363636363636365,1.0,1.0,0.2,0.22222222222222224,0.5408163265306122,0.12244897959183672,0.0,1.0,0.0
173,1.0,0.6923076923076923,0.6923076923076923,1.0,0.0,0.5,0.36363636363636365,1.0,1.0,0.2,0.5252525252525253,0.2346938775510204,0.32653061224489793,1.0,1.0,0.0
174,0.0,0.23076923076923078,0.23076923076923078,1.0,0.0,0.5,0.36363636363636365,1.0,0.0,0.5,0.6262626262626263,0.7448979591836734,0.42857142857142855,1.0,0.0,0.0
175,1.0,0.07692307692307693,0.07692307692307693,1.0,0.0,0.5,0.36363636363636365,1.0,0.0,0.1,0.020202020202020204,0.13265306122448978,0.5306122448979591,0.0,0.0,0.0
176,1.0,0.7692307692307693,0.7692307692307693,1.0,0.0,0.5,0.36363636363636365,1.0,1.0,0.6,0.5252525252525253,0.2346938775510204,0.32653061224489793,1.0,0.0,1.0
177,0.0,0.8461538461538463,0.8461538461538463,1.0,0.0,0.5,0.36363636363636365,1.0,1.0,0.15,0.5252525252525253,0.846938775510204,0.1020408163265306,1.0,0.0,1.0
178,0.0,0.9230769230769231,0.9230769230769231,1.0,0.0,0.5,0.36363636363636365,1.0,1.0,0.8,0.42424242424242425,0.336734693877551,0.12244897959183672,1.0,0.0,1.0
179,1.0,0.9230769230769231,0.9230769230769231,1.0,0.0,0.5,0.36363636363636365,1.0,1.0,0.4,0.5151515151515152,0.2040816326530612,0.32653061224489793,0.0,0.0,1.0
180,0.0,0.6153846153846154,0.6153846153846154,1.0,0.0,0.5,0.36363636363636365,1.0,0.0,0.6,0.7070707070707072,0.6428571428571428,0.9387755102040816,1.0,0.0,1.0
181,1.0,0.23076923076923078,0.23076923076923078,1.0,0.0,0.5,0.36363636363636365,1.0,0.0,0.5,0.6262626262626263,0.13265306122448978,0.32653061224489793,0.0,0.0,0.0
182,1.0,0.3076923076923077,0.3076923076923077,0.5,0.5555555555555556,0.0,0.0,1.0,1.0,0.85,0.7575757575757577,0.6326530612244897,0.5306122448979591,1.0,0.0,1.0
183,0.0,0.9230769230769231,0.9230769230769231,0.5,0.5555555555555556,0.0,0.0,1.0,0.0,0.25,0.15151515151515152,0.32653061224489793,0.5306122448979591,0.0,0.0,1.0
184,1.0,0.9230769230769231,0.9230769230769231,0.5,0.5555555555555556,0.0,0.0,1.0,1.0,0.1,0.3535353535353536,0.3061224489795918,0.12244897959183672,0.0,0.0,0.0
185,1.0,0.9230769230769231,0.23076923076923078,0.5,0.5555555555555556,0.0,0.0,1.0,1.0,0.87,0.6565656565656566,0.836734693877551,0.32653061224489793,1.0,1.0,1.0
186,1.0,0.3076923076923077,0.3076923076923077,0.5,0.5555555555555556,0.0,0.0,1.0,1.0,0.85,0.15151515151515152,0.22448979591836732,0.5306122448979591,1.0,1.0,1.0
187,0.0,0.3076923076923077,0.3076923076923077,0.5,0.5555555555555556,0.0,0.0,1.0,0.0,0.8,0.7171717171717172,0.5306122448979591,0.510204081632653,1.0,1.0,1.0
188,1.0,0.3076923076923077,0.3076923076923077,0.5,0.5555555555555556,0.0,0.0,1.0,1.0,0.75,0.7171717171717172,0.7346938775510203,0.5306122448979591,1.0,1.0,1.0
189,0.0,0.3076923076923077,0.3076923076923077,0.5,0.5555555555555556,0.0,0.0,1.0,0.0,0.85,0.6666666666666667,0.12244897959183673,0.22448979591836732,0.0,0.0,1.0
190,1.0,0.3076923076923077,0.3076923076923077,0.5,0.5555555555555556,0.0,0.0,1.0,0.0,0.23,0.25252525252525254,0.32653061224489793,0.5306122448979591,0.0,0.0,1.0
191,1.0,0.3076923076923077,0.3076923076923077,0.5,0.5555555555555556,0.0,0.0,1.0,0.0,0.15,0.25252525252525254,0.37755102040816324,0.12244897959183672,1.0,1.0,0.0
192,1.0,0.3076923076923077,0.3076923076923077,0.5,0.5555555555555556,0.0,0.0,1.0,1.0,0.9500000000000001,0.9191919191919192,0.6326530612244897,0.5306122448979591,1.0,1.0,1.0
193,1.0,0.46153846153846156,0.46153846153846156,0.5,0.5555555555555556,0.0,0.0,1.0,1.0,0.81,0.7575757575757577,0.6326530612244897,0.5306122448979591,0.0,0.0,1.0
194,1.0,0.46153846153846156,0.46153846153846156,0.5,0.5555555555555556,0.0,0.0,1.0,1.0,0.53,0.7575757575757577,0.7346938775510203,0.22448979591836732,0.0,0.0,1.0
195,1.0,0.3076923076923077,0.3076923076923077,0.5,0.5555555555555556,0.0,0.0,1.0,0.0,0.15,0.43434343434343436,0.42857142857142855,0.32653061224489793,1.0,1.0,1.0
196,1.0,0.3076923076923077,0.3076923076923077,0.5,0.5555555555555556,0.0,0.0,1.0,1.0,0.92,0.6565656565656566,0.6326530612244897,0.5306122448979591,1.0,1.0,1.0
197,1.0,0.3076923076923077,0.3076923076923077,0.5,0.5555555555555556,0.0,0.0,1.0,1.0,0.8300000000000001,0.7575757575757577,0.6326530612244897,0.5306122448979591,0.0,0.0,1.0
198,1.0,0.46153846153846156,0.46153846153846156,0.5,0.5555555555555556,0.5,0.0,1.0,0.0,0.27,0.15151515151515152,0.42857142857142855,0.5306122448979591,0.0,0.0,0.0
199,1.0,0.3076923076923077,0.3076923076923077,0.5,0.5555555555555556,0.5,0.0,1.0,0.0,0.45,0.9595959595959597,0.12244897959183673,0.12244897959183672,0.0,0.0,1.0
200,1.0,0.3076923076923077,0.3076923076923077,0.5,0.5555555555555556,0.5,0.0,1.0,1.0,0.15,0.9090909090909092,0.5306122448979591,0.836734693877551,1.0,0.0,1.0
201,0.0,0.9230769230769231,0.9230769230769231,0.5,0.5555555555555556,0.0,0.0,1.0,1.0,0.45,0.5858585858585859,0.5306122448979591,0.42857142857142855,1.0,1.0,1.0
202,1.0,0.3076923076923077,0.3076923076923077,0.5,0.5555555555555556,0.5,0.0,1.0,0.0,0.25,0.05050505050505051,0.12244897959183673,0.32653061224489793,1.0,1.0,1.0
203,0.0,0.3076923076923077,0.3076923076923077,0.5,0.5555555555555556,0.5,0.0,1.0,0.0,0.22,0.5151515151515152,0.42857142857142855,0.39795918367346933,1.0,0.0,1.0
204,1.0,0.23076923076923078,0.23076923076923078,0.5,0.5555555555555556,0.5,0.0,1.0,0.0,0.29,0.10101010101010102,0.12244897959183673,0.2346938775510204,0.0,0.0,0.0
205,0.0,0.6153846153846154,0.6153846153846154,0.5,0.5555555555555556,0.5,0.0,1.0,1.0,0.72,0.5151515151515152,0.42857142857142855,0.2346938775510204,1.0,0.0,0.0
206,1.0,0.3076923076923077,0.3076923076923077,0.5,0.5555555555555556,0.5,0.0,1.0,0.0,0.67,0.31313131313131315,0.42857142857142855,0.13265306122448978,1.0,1.0,1.0
207,1.0,0.3076923076923077,0.3076923076923077,0.5,0.5555555555555556,1.0,1.0,1.0,0.0,0.17,0.21212121212121213,0.42857142857142855,0.13265306122448978,1.0,1.0,1.0
208,1.0,0.7692307692307693,0.7692307692307693,0.5,0.5555555555555556,1.0,1.0,1.0,1.0,0.27,0.4141414141414142,0.49999999999999994,0.13265306122448978,0.0,0.0,1.0
209,1.0,0.3076923076923077,0.3076923076923077,0.5,0.5555555555555556,1.0,1.0,1.0,0.0,0.7000000000000001,0.8181818181818182,0.39795918367346933,0.846938775510204,0.0,0.0,1.0
210,1.0,0.23076923076923078,0.6153846153846154,0.5,0.5555555555555556,1.0,1.0,1.0,1.0,0.27,0.9090909090909092,0.836734693877551,0.13265306122448978,1.0,1.0,1.0
211,1.0,0.3076923076923077,0.3076923076923077,0.5,0.5555555555555556,1.0,1.0,1.0,0.0,0.17,0.6161616161616162,0.42857142857142855,0.13265306122448978,0.0,0.0,1.0
212,1.0,0.7692307692307693,0.7692307692307693,0.5,0.5555555555555556,1.0,1.0,1.0,1.0,0.87,0.8181818181818182,0.42857142857142855,0.18367346938775508,1.0,1.0,1.0
213,1.0,0.7692307692307693,0.7692307692307693,0.5,0.5555555555555556,1.0,1.0,1.0,0.0,0.07,0.6161616161616162,0.22448979591836732,0.13265306122448978,0.0,0.0,0.0
214,1.0,0.3076923076923077,0.3076923076923077,0.5,0.5555555555555556,1.0,1.0,1.0,0.0,0.17,0.5050505050505051,0.02040816326530612,0.030612244897959183,0.0,0.0,0.0
215,1.0,0.3076923076923077,0.3076923076923077,0.5,0.5555555555555556,1.0,1.0,1.0,0.0,0.05,0.21212121212121213,0.42857142857142855,0.13265306122448978,0.0,1.0,0.0
216,1.0,0.07692307692307693,0.07692307692307693,0.5,0.5555555555555556,1.0,1.0,1.0,1.0,0.27,0.4141414141414142,0.32653061224489793,0.6122448979591836,1.0,0.0,0.0
217,0.0,0.23076923076923078,0.3076923076923077,0.5,0.5555555555555556,1.0,1.0,1.0,0.0,0.87,0.888888888888889,0.4081632653061224,0.09183673469387754,1.0,1.0,1.0
218,1.0,0.3076923076923077,0.3076923076923077,0.5,0.5555555555555556,1.0,1.0,1.0,1.0,0.96,0.6161616161616162,0.42857142857142855,0.9489795918367346,1.0,0.0,1.0
219,1.0,0.3076923076923077,0.3076923076923077,0.5,0.5555555555555556,1.0,1.0,1.0,1.0,0.5700000000000001,0.5151515151515152,0.4693877551020408,0.336734693877551,1.0,1.0,1.0
220,1.0,0.9230769230769231,0.9230769230769231,0.5,0.5555555555555556,1.0,1.0,1.0,0.0,0.77,0.696969696969697,0.4183673469387755,0.12244897959183672,1.0,1.0,1.0
221,1.0,0.9230769230769231,0.9230769230769231,0.5,0.5555555555555556,1.0,1.0,1.0,0.0,0.8,0.5151515151515152,0.4081632653061224,0.2346938775510204,0.0,1.0,1.0
222,1.0,0.3076923076923077,0.3076923076923077,0.5,0.5555555555555556,0.5,1.0,1.0,0.0,0.62,0.6161616161616162,0.836734693877551,0.39795918367346933,1.0,0.0,1.0
223,1.0,0.3076923076923077,0.3076923076923077,0.5,0.5555555555555556,0.0,1.0,1.0,1.0,0.72,0.8383838383838385,0.12244897959183673,0.9081632653061223,1.0,1.0,1.0
224,1.0,0.3076923076923077,0.3076923076923077,0.5,0.5555555555555556,0.5,1.0,1.0,1.0,0.87,0.8181818181818182,0.22448979591836732,0.7040816326530611,1.0,0.0,1.0
225,1.0,0.3076923076923077,0.3076923076923077,0.5,0.5555555555555556,0.0,1.0,1.0,1.0,0.72,0.9090909090909092,0.12244897959183673,0.2959183673469387,0.0,0.0,1.0
226,1.0,0.3076923076923077,0.3076923076923077,0.5,0.5555555555555556,0.5,1.0,1.0,0.0,0.02,0.11111111111111112,0.6326530612244897,0.2959183673469387,0.0,0.0,1.0
227,1.0,0.3076923076923077,0.3076923076923077,0.5,0.5555555555555556,0.0,1.0,1.0,0.0,0.05,0.030303030303030304,0.02040816326530612,0.09183673469387754,1.0,1.0,1.0
228,1.0,0.3076923076923077,0.3076923076923077,0.0,0.8888888888888888,0.5,0.7272727272727273,1.0,1.0,0.73,0.8484848484848485,0.7857142857142857,0.8163265306122448,1.0,1.0,0.0
229,1.0,0.3076923076923077,0.3076923076923077,0.5,0.5555555555555556,0.0,1.0,1.0,0.0,0.05,0.17171717171717174,0.21428571428571427,0.09183673469387754,0.0,0.0,0.0
230,1.0,0.07692307692307693,0.07692307692307693,0.5,0.5555555555555556,0.0,1.0,1.0,1.0,0.51,0.42424242424242425,0.12244897959183673,0.2857142857142857,0.0,0.0,0.0
231,1.0,0.6923076923076923,0.23076923076923078,0.5,0.5555555555555556,0.0,1.0,1.0,0.0,0.09,0.07070707070707072,0.21428571428571427,0.19387755102040813,1.0,1.0,0.0
232,1.0,0.6923076923076923,0.6923076923076923,0.5,0.4444444444444444,0.0,0.8181818181818182,0.0,0.0,0.19,0.7272727272727273,0.1530612244897959,0.5,1.0,1.0,0.0
233,0.0,0.23076923076923078,0.23076923076923078,0.5,0.4444444444444444,0.5,0.9090909090909092,1.0,1.0,0.32,0.8080808080808082,0.5918367346938775,0.4591836734693877,1.0,1.0,0.0
234,1.0,0.3076923076923077,0.3076923076923077,0.5,0.4444444444444444,0.5,0.9090909090909092,1.0,1.0,0.32,0.6060606060606061,0.5918367346938775,0.6632653061224489,1.0,1.0,0.0
235,1.0,0.3076923076923077,0.3076923076923077,0.5,0.4444444444444444,0.5,0.9090909090909092,1.0,0.0,0.12,0.08080808080808081,0.18367346938775508,0.2551020408163265,0.0,0.0,0.0
236,1.0,0.23076923076923078,0.23076923076923078,0.5,0.4444444444444444,0.5,0.9090909090909092,1.0,0.0,0.52,0.10101010101010102,0.13265306122448978,0.05102040816326531,0.0,0.0,0.0
237,1.0,0.3076923076923077,0.3076923076923077,0.5,0.4444444444444444,0.5,0.9090909090909092,1.0,0.0,0.72,0.8080808080808082,0.5918367346938775,0.6632653061224489,1.0,1.0,0.0
238,0.0,0.3076923076923077,0.3076923076923077,0.5,0.4444444444444444,0.5,0.9090909090909092,1.0,1.0,0.72,0.8080808080808082,0.5918367346938775,0.6632653061224489,1.0,1.0,0.0
239,1.0,0.0,0.0,0.5,0.4444444444444444,0.5,0.9090909090909092,1.0,1.0,0.92,0.8080808080808082,0.8979591836734693,0.7653061224489796,1.0,1.0,1.0
240,1.0,0.3076923076923077,0.3076923076923077,0.5,0.4444444444444444,0.5,0.9090909090909092,1.0,1.0,0.72,0.8080808080808082,0.9999999999999999,0.9693877551020408,1.0,0.0,1.0
241,1.0,0.0,0.0,0.5,0.4444444444444444,0.5,0.9090909090909092,1.0,0.0,0.72,0.8080808080808082,0.5918367346938775,0.8673469387755102,1.0,1.0,1.0
242,1.0,0.3076923076923077,0.3076923076923077,0.5,0.4444444444444444,0.5,0.9090909090909092,1.0,0.0,0.22,0.20202020202020204,0.18367346938775508,0.05102040816326531,0.0,0.0,0.0
243,1.0,0.0,0.3076923076923077,0.5,0.4444444444444444,0.5,0.9090909090909092,1.0,0.0,0.12,0.20202020202020204,0.3877551020408163,0.4591836734693877,0.0,0.0,0.0
244,1.0,0.3076923076923077,0.3076923076923077,0.5,0.4444444444444444,0.5,0.6363636363636364,1.0,1.0,0.7000000000000001,0.9292929292929294,0.846938775510204,0.8571428571428571,1.0,0.0,1.0
245,0.0,0.3076923076923077,0.3076923076923077,0.5,0.3333333333333333,0.0,0.6363636363636364,1.0,0.0,0.5,0.4040404040404041,0.5306122448979591,0.6632653061224489,1.0,0.0,1.0
246,0.0,0.3076923076923077,0.3076923076923077,0.5,0.3333333333333333,0.0,0.9090909090909092,1.0,0.0,0.8,0.9494949494949496,0.6326530612244897,0.7755102040816326,1.0,1.0,1.0
247,0.0,0.3076923076923077,0.3076923076923077,0.5,0.3333333333333333,0.0,0.7272727272727273,1.0,0.0,0.87,0.48484848484848486,0.836734693877551,0.9693877551020408,0.0,0.0,0.0
248,0.0,0.3076923076923077,0.3076923076923077,0.5,0.3333333333333333,0.0,0.8181818181818182,1.0,0.0,0.7000000000000001,0.4040404040404041,0.02040816326530612,0.1530612244897959,0.0,0.0,0.0
249,1.0,0.3076923076923077,0.3076923076923077,1.0,0.1111111111111111,0.0,0.6363636363636364,1.0,0.0,0.65,0.8686868686868687,0.6326530612244897,0.39795918367346933,0.0,1.0,0.0
250,1.0,0.3076923076923077,0.3076923076923077,1.0,0.1111111111111111,0.0,0.7272727272727273,1.0,0.0,0.15,0.06060606060606061,0.32653061224489793,0.39795918367346933,1.0,1.0,1.0
251,1.0,0.0,0.0,1.0,0.1111111111111111,0.0,0.2727272727272727,1.0,1.0,0.19,0.7474747474747475,0.32653061224489793,0.16326530612244897,0.0,1.0,0.0
252,0.0,0.3076923076923077,0.3076923076923077,1.0,0.1111111111111111,0.0,0.9090909090909092,1.0,0.0,0.6900000000000001,0.7676767676767677,0.836734693877551,0.9489795918367346,0.0,0.0,1.0
253,1.0,0.3076923076923077,0.3076923076923077,1.0,0.1111111111111111,0.0,0.0,1.0,0.0,0.39,0.26262626262626265,0.12244897959183673,0.43877551020408156,0.0,0.0,0.0
254,1.0,0.3076923076923077,0.3076923076923077,1.0,0.1111111111111111,0.0,0.2727272727272727,1.0,0.0,0.59,0.9797979797979799,0.42857142857142855,0.7040816326530611,1.0,1.0,1.0
255,1.0,0.3076923076923077,0.3076923076923077,1.0,0.1111111111111111,0.0,0.5454545454545454,1.0,0.0,0.1,0.17171717171717174,0.12244897959183673,0.39795918367346933,1.0,1.0,1.0
256,0.0,0.3076923076923077,0.3076923076923077,1.0,0.1111111111111111,0.0,0.5454545454545454,1.0,1.0,0.8,0.8787878787878789,0.7346938775510203,0.6020408163265305,0.0,1.0,1.0
257,0.0,0.3076923076923077,0.3076923076923077,1.0,0.1111111111111111,0.0,0.5454545454545454,1.0,0.0,0.7000000000000001,1.0,0.673469387755102,0.6530612244897959,0.0,1.0,1.0
258,0.0,0.3076923076923077,0.3076923076923077,1.0,0.1111111111111111,0.0,0.5454545454545454,1.0,0.0,0.8,0.9797979797979799,0.8775510204081632,0.9591836734693877,1.0,1.0,1.0
259,1.0,0.3076923076923077,0.3076923076923077,1.0,0.1111111111111111,0.0,0.2727272727272727,1.0,1.0,0.6900000000000001,0.3434343434343435,0.12244897959183673,0.16326530612244897,0.0,0.0,0.0
260,1.0,0.3076923076923077,0.3076923076923077,1.0,0.1111111111111111,0.0,0.5454545454545454,1.0,0.0,0.1,0.17171717171717174,0.12244897959183673,0.13265306122448978,0.0,0.0,0.0
261,1.0,0.3076923076923077,0.3076923076923077,1.0,0.1111111111111111,0.0,0.5454545454545454,1.0,0.0,0.61,0.9797979797979799,0.836734693877551,0.6428571428571428,1.0,0.0,0.0
262,0.0,0.3076923076923077,0.3076923076923077,1.0,0.1111111111111111,0.0,0.5454545454545454,1.0,1.0,0.21,0.27272727272727276,0.5306122448979591,0.336734693877551,1.0,1.0,0.0
263,1.0,0.0,0.0,1.0,0.1111111111111111,0.0,0.7272727272727273,1.0,1.0,0.49,0.9494949494949496,0.42857142857142855,0.061224489795918366,0.0,0.0,0.0
264,0.0,0.23076923076923078,0.23076923076923078,0.5,0.3333333333333333,0.0,0.2727272727272727,0.0,1.0,0.7000000000000001,0.6464646464646465,0.42857142857142855,0.31632653061224486,0.0,0.0,1.0
265,0.0,0.23076923076923078,0.23076923076923078,0.5,0.3333333333333333,0.0,0.2727272727272727,1.0,1.0,0.79,0.8484848484848485,0.836734693877551,0.36734693877551017,0.0,0.0,1.0
266,1.0,0.23076923076923078,0.23076923076923078,0.5,0.3333333333333333,0.0,0.2727272727272727,0.0,0.0,0.19,0.8080808080808082,0.12244897959183673,0.16326530612244897,1.0,1.0,0.0
267,1.0,0.23076923076923078,0.23076923076923078,0.5,0.3333333333333333,0.0,0.2727272727272727,1.0,0.0,0.11,0.7070707070707072,0.32653061224489793,0.2857142857142857,1.0,1.0,0.0
268,1.0,0.23076923076923078,0.23076923076923078,0.5,0.3333333333333333,0.0,0.2727272727272727,0.0,0.0,0.1,0.08080808080808081,0.1020408163265306,0.09183673469387754,1.0,0.0,0.0
269,1.0,0.23076923076923078,0.23076923076923078,0.5,0.3333333333333333,0.0,0.2727272727272727,1.0,0.0,0.18,0.2828282828282829,0.4081632653061224,0.19387755102040813,1.0,0.0,0.0
270,0.0,0.23076923076923078,0.23076923076923078,0.5,0.3333333333333333,0.0,0.2727272727272727,0.0,1.0,0.9,0.8484848484848485,0.5306122448979591,0.2959183673469387,0.0,1.0,1.0
271,0.0,0.23076923076923078,0.23076923076923078,0.5,0.3333333333333333,0.0,0.2727272727272727,1.0,1.0,0.92,0.8181818181818182,0.32653061224489793,0.3571428571428571,0.0,1.0,1.0
272,1.0,0.23076923076923078,0.23076923076923078,0.5,0.3333333333333333,0.0,0.2727272727272727,0.0,0.0,0.42,0.21212121212121213,0.02040816326530612,0.1530612244897959,0.0,0.0,1.0
273,1.0,0.23076923076923078,0.23076923076923078,0.5,0.3333333333333333,0.0,0.2727272727272727,1.0,0.0,0.22,0.20202020202020204,0.061224489795918366,0.2551020408163265,0.0,0.0,1.0
274,0.0,0.9230769230769231,0.9230769230769231,0.5,0.3333333333333333,0.0,0.2727272727272727,0.0,1.0,0.9500000000000001,0.8282828282828284,0.836734693877551,0.7040816326530611,1.0,1.0,1.0
275,0.0,0.9230769230769231,0.9230769230769231,0.5,0.3333333333333333,0.0,0.2727272727272727,1.0,1.0,0.9,0.6262626262626263,0.8163265306122448,0.6020408163265305,1.0,1.0,1.0
276,1.0,0.5384615384615385,0.23076923076923078,0.5,0.3333333333333333,0.0,0.2727272727272727,0.0,1.0,0.72,0.21212121212121213,0.22448979591836732,0.2551020408163265,1.0,1.0,1.0
277,1.0,0.5384615384615385,0.23076923076923078,0.5,0.3333333333333333,0.0,0.2727272727272727,1.0,1.0,0.92,0.31313131313131315,0.42857142857142855,0.26530612244897955,1.0,1.0,1.0
278,1.0,0.5384615384615385,0.23076923076923078,0.5,0.3333333333333333,0.0,0.2727272727272727,0.0,1.0,0.8200000000000001,0.31313131313131315,0.5306122448979591,0.24489795918367346,0.0,1.0,1.0
279,1.0,0.5384615384615385,0.23076923076923078,0.5,0.3333333333333333,0.0,0.2727272727272727,1.0,1.0,0.72,0.4141414141414142,0.4693877551020408,0.26530612244897955,0.0,1.0,1.0
280,1.0,0.15384615384615385,0.15384615384615385,0.5,0.3333333333333333,0.0,0.2727272727272727,0.0,1.0,0.74,0.7171717171717172,0.5714285714285714,0.36734693877551017,0.0,1.0,1.0
281,1.0,0.15384615384615385,0.15384615384615385,0.5,0.3333333333333333,0.0,0.2727272727272727,1.0,1.0,0.74,0.6060606060606061,0.5714285714285714,0.36734693877551017,0.0,1.0,1.0
282,0.0,0.23076923076923078,0.23076923076923078,0.5,0.3333333333333333,0.0,0.2727272727272727,0.0,1.0,0.9500000000000001,0.9494949494949496,0.7346938775510203,0.8061224489795917,0.0,1.0,1.0
283,0.0,0.23076923076923078,0.23076923076923078,0.5,0.3333333333333333,0.0,0.2727272727272727,1.0,1.0,0.97,0.8787878787878789,0.836734693877551,0.8673469387755102,0.0,1.0,1.0
284,1.0,0.23076923076923078,0.23076923076923078,0.5,0.3333333333333333,0.0,0.2727272727272727,0.0,0.0,0.4,0.38383838383838387,0.32653061224489793,0.3571428571428571,0.0,0.0,0.0
285,1.0,0.23076923076923078,0.23076923076923078,0.5,0.3333333333333333,0.0,0.2727272727272727,1.0,0.0,0.41000000000000003,0.393939393939394,0.3571428571428571,0.38775510204081626,1.0,0.0,0.0
286,0.0,0.23076923076923078,0.23076923076923078,0.5,0.3333333333333333,0.0,0.2727272727272727,0.0,1.0,0.51,0.797979797979798,0.8673469387755102,0.8979591836734693,1.0,1.0,1.0
287,0.0,0.23076923076923078,0.23076923076923078,0.5,0.3333333333333333,0.0,0.2727272727272727,1.0,1.0,0.81,0.797979797979798,0.9285714285714285,0.8571428571428571,1.0,1.0,1.0
288,1.0,0.5384615384615385,0.23076923076923078,0.5,0.3333333333333333,0.0,0.2727272727272727,0.0,1.0,0.71,0.7070707070707072,0.6632653061224489,0.693877551020408,1.0,1.0,1.0
289,1.0,0.5384615384615385,0.23076923076923078,0.5,0.3333333333333333,0.0,0.2727272727272727,1.0,1.0,0.75,0.7171717171717172,0.7755102040816326,0.8061224489795917,1.0,1.0,1.0
290,0.0,0.23076923076923078,0.23076923076923078,1.0,0.1111111111111111,0.0,0.9090909090909092,0.0,0.0,0.49,0.36363636363636365,0.32653061224489793,0.43877551020408156,0.0,0.0,0.0
291,0.0,0.23076923076923078,0.23076923076923078,1.0,0.1111111111111111,0.0,0.9090909090909092,1.0,0.0,0.42,0.24242424242424243,0.12244897959183673,0.2346938775510204,0.0,0.0,0.0
292,0.0,0.5384615384615385,0.5384615384615385,1.0,0.1111111111111111,0.0,0.9090909090909092,0.0,1.0,0.9,0.8686868686868687,0.836734693877551,0.7448979591836734,1.0,1.0,1.0
293,0.0,0.5384615384615385,0.5384615384615385,1.0,0.1111111111111111,0.0,0.9090909090909092,1.0,1.0,0.62,0.6464646464646465,0.7346938775510203,0.846938775510204,1.0,1.0,1.0
294,1.0,0.15384615384615385,0.15384615384615385,1.0,0.1111111111111111,0.0,0.9090909090909092,0.0,0.0,0.9,0.8686868686868687,0.836734693877551,0.7448979591836734,1.0,1.0,0.0
295,1.0,0.15384615384615385,0.15384615384615385,1.0,0.1111111111111111,0.0,0.9090909090909092,1.0,0.0,0.62,0.6464646464646465,0.7346938775510203,0.846938775510204,1.0,1.0,0.0
296,0.0,0.23076923076923078,0.23076923076923078,1.0,0.1111111111111111,0.0,0.9090909090909092,0.0,1.0,0.98,0.8787878787878789,0.8775510204081632,0.846938775510204,0.0,1.0,1.0
297,0.0,0.23076923076923078,0.23076923076923078,1.0,0.1111111111111111,0.0,0.9090909090909092,1.0,1.0,0.72,0.7474747474747475,0.836734693877551,0.8979591836734693,0.0,1.0,1.0
298,1.0,0.23076923076923078,0.23076923076923078,1.0,0.1111111111111111,0.0,0.9090909090909092,0.0,0.0,0.18,0.17171717171717174,0.26530612244897955,0.336734693877551,0.0,1.0,0.0
299,1.0,0.23076923076923078,0.23076923076923078,1.0,0.1111111111111111,0.0,0.9090909090909092,1.0,0.0,0.32,0.14141414141414144,0.32653061224489793,0.2857142857142857,0.0,1.0,0.0
300,1.0,0.23076923076923078,0.23076923076923078,1.0,0.1111111111111111,0.0,0.9090909090909092,0.0,0.0,0.1,0.12121212121212122,0.2040816326530612,0.12244897959183672,0.0,0.0,0.0
301,1.0,0.23076923076923078,0.23076923076923078,1.0,0.1111111111111111,0.0,0.9090909090909092,1.0,0.0,0.22,0.3434343434343435,0.1530612244897959,0.08163265306122448,0.0,0.0,0.0
302,0.0,0.23076923076923078,0.23076923076923078,1.0,0.1111111111111111,0.5,0.9090909090909092,0.0,1.0,0.11,0.20202020202020204,0.21428571428571427,0.22448979591836732,0.0,0.0,1.0
303,0.0,0.23076923076923078,0.23076923076923078,1.0,0.1111111111111111,0.5,0.9090909090909092,1.0,1.0,0.12,0.4444444444444445,0.25510204081632654,0.38775510204081626,0.0,0.0,1.0
304,0.0,0.23076923076923078,0.23076923076923078,1.0,0.1111111111111111,0.5,0.9090909090909092,0.0,0.0,0.15,0.5050505050505051,0.24489795918367346,0.42857142857142855,1.0,0.0,1.0
305,0.0,0.23076923076923078,0.23076923076923078,1.0,0.1111111111111111,0.5,0.9090909090909092,1.0,0.0,0.32,0.4444444444444445,0.29591836734693877,0.8979591836734693,1.0,0.0,1.0
306,1.0,0.23076923076923078,0.23076923076923078,1.0,0.1111111111111111,0.5,0.9090909090909092,0.0,1.0,0.65,0.595959595959596,0.7551020408163265,0.836734693877551,1.0,1.0,1.0
307,1.0,0.23076923076923078,0.23076923076923078,1.0,0.1111111111111111,0.5,0.9090909090909092,1.0,1.0,0.72,0.6464646464646465,0.6020408163265306,0.8979591836734693,1.0,1.0,1.0
308,1.0,0.5384615384615385,0.23076923076923078,1.0,0.1111111111111111,0.5,0.9090909090909092,0.0,1.0,0.9500000000000001,0.5757575757575758,0.7551020408163265,0.8979591836734693,1.0,1.0,0.0
309,1.0,0.5384615384615385,0.23076923076923078,1.0,0.1111111111111111,0.5,0.9090909090909092,1.0,1.0,0.8200000000000001,0.8484848484848485,0.8061224489795917,0.7959183673469387,1.0,1.0,0.0
310,1.0,0.23076923076923078,0.23076923076923078,1.0,0.1111111111111111,0.5,0.9090909090909092,0.0,0.0,0.25,0.29292929292929293,0.3469387755102041,0.32653061224489793,0.0,1.0,0.0
311,1.0,0.23076923076923078,0.23076923076923078,1.0,0.1111111111111111,0.5,0.9090909090909092,1.0,0.0,0.42,0.3434343434343435,0.29591836734693877,0.38775510204081626,0.0,1.0,0.0
312,0.0,0.23076923076923078,0.23076923076923078,1.0,0.1111111111111111,0.5,0.9090909090909092,0.0,1.0,0.55,0.797979797979798,0.44897959183673464,0.42857142857142855,1.0,1.0,1.0
313,0.0,0.23076923076923078,0.23076923076923078,1.0,0.1111111111111111,0.5,0.9090909090909092,1.0,1.0,0.62,0.6464646464646465,0.7040816326530611,0.48979591836734687,1.0,1.0,1.0
314,0.0,0.23076923076923078,0.9230769230769231,1.0,0.1111111111111111,0.5,0.9090909090909092,0.0,1.0,0.78,0.888888888888889,0.7551020408163265,0.836734693877551,1.0,1.0,1.0
315,0.0,0.23076923076923078,0.9230769230769231,1.0,0.1111111111111111,0.5,0.9090909090909092,1.0,1.0,0.72,0.8484848484848485,0.9081632653061223,0.8979591836734693,1.0,1.0,1.0
316,1.0,0.23076923076923078,0.23076923076923078,1.0,0.0,0.0,0.36363636363636365,0.0,1.0,0.6,0.9292929292929294,0.846938775510204,0.22448979591836732,1.0,1.0,1.0
317,1.0,0.23076923076923078,0.23076923076923078,1.0,0.0,0.0,0.36363636363636365,1.0,1.0,0.5,0.9090909090909092,0.846938775510204,0.12244897959183672,1.0,1.0,1.0
318,0.0,0.23076923076923078,0.23076923076923078,1.0,0.0,0.0,0.36363636363636365,0.0,1.0,0.6,0.9797979797979799,0.13265306122448978,0.020408163265306124,1.0,1.0,1.0
319,0.0,0.23076923076923078,0.23076923076923078,1.0,0.0,0.0,0.36363636363636365,1.0,1.0,0.5,0.9595959595959597,0.2346938775510204,0.09183673469387754,1.0,1.0,1.0
320,0.0,0.23076923076923078,0.23076923076923078,1.0,0.0,0.0,0.36363636363636365,0.0,1.0,0.6,0.8787878787878789,0.2346938775510204,0.1020408163265306,1.0,1.0,0.0
321,0.0,0.23076923076923078,0.23076923076923078,1.0,0.0,0.0,0.36363636363636365,1.0,1.0,0.5,0.8080808080808082,0.2040816326530612,0.14285714285714282,1.0,1.0,0.0
322,1.0,0.23076923076923078,0.23076923076923078,1.0,0.0,0.0,0.36363636363636365,0.0,0.0,0.1,0.15151515151515152,0.1020408163265306,0.2040816326530612,0.0,0.0,0.0
323,1.0,0.23076923076923078,0.23076923076923078,1.0,0.0,0.0,0.36363636363636365,1.0,0.0,0.3,0.10101010101010102,0.2040816326530612,0.04081632653061224,0.0,0.0,0.0
324,1.0,0.6923076923076923,0.6923076923076923,1.0,0.0,0.0,0.36363636363636365,0.0,0.0,0.24,0.3535353535353536,0.18367346938775508,0.3061224489795918,0.0,0.0,1.0
325,1.0,0.6923076923076923,0.6923076923076923,1.0,0.0,0.0,0.36363636363636365,1.0,0.0,0.27,0.20202020202020204,0.336734693877551,0.346938775510204,0.0,0.0,1.0
326,1.0,0.23076923076923078,0.23076923076923078,1.0,0.0,0.0,0.36363636363636365,0.0,0.0,0.1,0.15151515151515152,0.1020408163265306,0.2040816326530612,0.0,0.0,0.0
327,1.0,0.23076923076923078,0.23076923076923078,1.0,0.0,0.0,0.36363636363636365,1.0,0.0,0.3,0.10101010101010102,0.2040816326530612,0.04081632653061224,0.0,0.0,0.0
328,0.0,0.23076923076923078,0.5384615384615385,1.0,0.0,0.0,0.36363636363636365,0.0,1.0,0.8,0.7777777777777778,0.6428571428571428,0.836734693877551,1.0,1.0,1.0
329,0.0,0.23076923076923078,0.5384615384615385,1.0,0.0,0.0,0.36363636363636365,1.0,1.0,0.75,0.8585858585858587,0.7448979591836734,0.8061224489795917,1.0,1.0,1.0
330,1.0,0.23076923076923078,0.23076923076923078,1.0,0.0,0.0,0.36363636363636365,0.0,0.0,0.4,0.07070707070707072,0.5102040816326531,0.4081632653061224,0.0,1.0,0.0
331,1.0,0.23076923076923078,0.23076923076923078,1.0,0.0,0.0,0.36363636363636365,1.0,0.0,0.35000000000000003,0.020202020202020204,0.29591836734693877,0.32653061224489793,0.0,1.0,0.0
332,0.0,0.23076923076923078,0.23076923076923078,1.0,0.0,0.0,0.36363636363636365,0.0,1.0,0.1,0.9090909090909092,0.3061224489795918,0.2040816326530612,0.0,1.0,1.0
333,0.0,0.23076923076923078,0.23076923076923078,1.0,0.0,0.0,0.36363636363636365,1.0,1.0,0.25,0.8080808080808082,0.29591836734693877,0.22448979591836732,0.0,1.0,1.0
334,1.0,0.38461538461538464,0.38461538461538464,1.0,0.0,0.0,0.36363636363636365,0.0,1.0,0.1,0.08080808080808081,0.09183673469387754,0.020408163265306124,0.0,1.0,0.0
335,1.0,0.38461538461538464,0.38461538461538464,1.0,0.0,0.0,0.36363636363636365,1.0,1.0,0.15,0.07070707070707072,0.12244897959183673,0.061224489795918366,0.0,1.0,0.0
336,0.0,0.5384615384615385,0.23076923076923078,1.0,0.0,0.0,0.36363636363636365,0.0,1.0,0.7000000000000001,0.9090909090909092,0.2040816326530612,0.2040816326530612,0.0,1.0,1.0
337,0.0,0.5384615384615385,0.23076923076923078,1.0,0.0,0.0,0.36363636363636365,1.0,1.0,0.75,0.8080808080808082,0.1530612244897959,0.19387755102040813,0.0,1.0,1.0
338,0.0,0.5384615384615385,0.23076923076923078,1.0,0.0,0.5,0.36363636363636365,0.0,0.0,0.78,0.98989898989899,0.1020408163265306,0.1020408163265306,0.0,1.0,1.0
339,0.0,0.5384615384615385,0.23076923076923078,1.0,0.0,0.5,0.36363636363636365,1.0,0.0,0.79,0.8989898989898991,0.11224489795918366,0.13265306122448978,0.0,1.0,1.0
340,0.0,0.15384615384615385,0.15384615384615385,1.0,0.0,0.5,0.36363636363636365,0.0,0.0,0.16,0.9090909090909092,0.1530612244897959,0.1020408163265306,0.0,1.0,1.0
341,0.0,0.15384615384615385,0.15384615384615385,1.0,0.0,0.5,0.36363636363636365,1.0,0.0,0.17,0.8080808080808082,0.13265306122448978,0.09183673469387754,0.0,1.0,1.0
342,1.0,0.23076923076923078,0.23076923076923078,1.0,0.0,0.5,0.36363636363636365,0.0,1.0,0.4,0.8787878787878789,0.5102040816326531,0.4081632653061224,0.0,0.0,1.0
343,1.0,0.23076923076923078,0.23076923076923078,1.0,0.0,0.5,0.36363636363636365,1.0,1.0,0.35000000000000003,0.9292929292929294,0.29591836734693877,0.32653061224489793,0.0,0.0,1.0
344,0.0,0.23076923076923078,0.23076923076923078,1.0,0.0,0.5,0.36363636363636365,0.0,1.0,0.14,0.9797979797979799,0.1530612244897959,0.13265306122448978,0.0,1.0,1.0
345,0.0,0.23076923076923078,0.23076923076923078,1.0,0.0,0.5,0.36363636363636365,0.0,1.0,0.13,0.8282828282828284,0.2040816326530612,0.2959183673469387,0.0,1.0,1.0
346,0.0,0.23076923076923078,0.23076923076923078,1.0,0.0,0.5,0.36363636363636365,1.0,1.0,0.24,0.9797979797979799,0.1530612244897959,0.13265306122448978,0.0,1.0,1.0
347,0.0,0.23076923076923078,0.23076923076923078,1.0,0.0,0.5,0.36363636363636365,1.0,1.0,0.23,0.8282828282828284,0.2040816326530612,0.2959183673469387,0.0,1.0,1.0
348,1.0,0.38461538461538464,0.38461538461538464,1.0,0.0,0.5,0.36363636363636365,0.0,1.0,0.2,0.030303030303030304,0.09183673469387754,0.020408163265306124,0.0,1.0,0.0
349,1.0,0.38461538461538464,0.38461538461538464,1.0,0.0,0.5,0.36363636363636365,1.0,1.0,0.15,0.04040404040404041,0.12244897959183673,0.061224489795918366,0.0,1.0,0.0
350,1.0,0.0,0.0,1.0,0.0,0.5,0.36363636363636365,0.0,1.0,0.05,0.13131313131313133,0.061224489795918366,0.05102040816326531,0.0,1.0,0.0
351,1.0,0.0,0.0,1.0,0.0,0.5,0.36363636363636365,1.0,1.0,0.07,0.09090909090909091,0.11224489795918366,0.09183673469387754,0.0,1.0,0.0
352,0.0,0.23076923076923078,0.23076923076923078,1.0,0.0,0.5,0.36363636363636365,0.0,1.0,0.1,0.9494949494949496,0.4081632653061224,0.1020408163265306,1.0,1.0,1.0
353,0.0,0.23076923076923078,0.23076923076923078,1.0,0.0,0.5,0.36363636363636365,1.0,1.0,0.25,0.8989898989898991,0.21428571428571427,0.12244897959183672,1.0,1.0,1.0
354,1.0,0.23076923076923078,0.23076923076923078,1.0,0.0,0.5,0.36363636363636365,0.0,1.0,0.3,0.98989898989899,0.42857142857142855,0.2040816326530612,1.0,1.0,1.0
355,1.0,0.23076923076923078,0.23076923076923078,1.0,0.0,0.5,0.36363636363636365,1.0,1.0,0.35000000000000003,0.9797979797979799,0.4183673469387755,0.22448979591836732,1.0,1.0,1.0
356,1.0,0.23076923076923078,0.23076923076923078,1.0,0.0,0.5,0.36363636363636365,0.0,0.0,0.32,0.888888888888889,0.32653061224489793,0.24489795918367346,1.0,1.0,1.0
357,1.0,0.23076923076923078,0.23076923076923078,1.0,0.0,0.5,0.36363636363636365,1.0,0.0,0.25,0.8787878787878789,0.21428571428571427,0.26530612244897955,1.0,1.0,1.0
358,0.0,0.9230769230769231,0.9230769230769231,1.0,0.0,0.5,0.36363636363636365,0.0,1.0,0.72,0.98989898989899,0.5306122448979591,0.14285714285714282,1.0,1.0,1.0
359,0.0,0.9230769230769231,0.9230769230769231,1.0,0.0,0.5,0.36363636363636365,1.0,1.0,0.75,0.9090909090909092,0.520408163265306,0.16326530612244897,1.0,1.0,1.0
360,1.0,0.23076923076923078,0.23076923076923078,1.0,0.0,0.0,0.0,0.0,0.0,0.2,0.888888888888889,0.31632653061224486,0.2755102040816326,1.0,1.0,0.0
361,1.0,0.23076923076923078,0.23076923076923078,1.0,0.0,0.0,0.0,1.0,0.0,0.1,0.98989898989899,0.4183673469387755,0.37755102040816324,1.0,1.0,0.0
362,1.0,0.5384615384615385,0.23076923076923078,1.0,0.0,0.0,0.0,0.0,0.0,0.9,0.98989898989899,0.4183673469387755,0.37755102040816324,1.0,1.0,1.0
363,1.0,0.5384615384615385,0.23076923076923078,1.0,0.0,0.0,0.0,1.0,0.0,0.8,0.888888888888889,0.520408163265306,0.38775510204081626,1.0,1.0,1.0
364,1.0,0.15384615384615385,0.15384615384615385,1.0,0.0,0.0,0.0,0.0,0.0,0.8,0.9595959595959597,0.21428571428571427,0.2755102040816326,1.0,1.0,1.0
365,1.0,0.15384615384615385,0.15384615384615385,1.0,0.0,0.0,0.0,1.0,0.0,0.78,0.7070707070707072,0.31632653061224486,0.2857142857142857,1.0,1.0,1.0
366,1.0,0.23076923076923078,0.23076923076923078,1.0,0.0,0.0,0.0,0.0,0.0,0.1,0.18181818181818182,0.7244897959183673,0.37755102040816324,1.0,1.0,0.0
367,1.0,0.23076923076923078,0.23076923076923078,1.0,0.0,0.0,0.0,1.0,0.0,0.1,0.5858585858585859,0.520408163265306,0.47959183673469385,1.0,1.0,0.0
368,0.0,0.5384615384615385,0.23076923076923078,1.0,0.0,0.0,0.0,0.0,1.0,0.98,0.888888888888889,0.6122448979591836,0.3061224489795918,0.0,1.0,1.0
369,0.0,0.5384615384615385,0.23076923076923078,1.0,0.0,0.0,0.0,1.0,1.0,0.75,0.8181818181818182,0.520408163265306,0.336734693877551,0.0,1.0,1.0
370,1.0,0.23076923076923078,0.23076923076923078,1.0,0.0,0.0,0.0,0.0,0.0,0.1,0.17171717171717174,0.5102040816326531,0.2040816326530612,0.0,0.0,1.0
371,1.0,0.23076923076923078,0.23076923076923078,1.0,0.0,0.0,0.0,1.0,0.0,0.35000000000000003,0.020202020202020204,0.29591836734693877,0.22448979591836732,0.0,0.0,1.0
372,0.0,0.23076923076923078,0.23076923076923078,1.0,0.0,0.0,0.0,0.0,0.0,0.1,0.20202020202020204,0.22448979591836732,0.9795918367346937,0.0,0.0,0.0
373,0.0,0.23076923076923078,0.23076923076923078,1.0,0.0,0.0,0.0,1.0,0.0,0.05,0.09090909090909091,0.19387755102040816,0.9897959183673468,0.0,0.0,0.0
374,1.0,0.23076923076923078,0.23076923076923078,1.0,0.0,0.5,0.0,0.0,0.0,0.1,0.10101010101010102,0.4081632653061224,0.510204081632653,0.0,0.0,0.0
375,1.0,0.23076923076923078,0.23076923076923078,1.0,0.0,0.5,0.0,1.0,0.0,0.35000000000000003,0.020202020202020204,0.29591836734693877,0.22448979591836732,0.0,0.0,0.0
376,1.0,0.23076923076923078,0.23076923076923078,1.0,0.0,0.5,0.0,0.0,1.0,0.2,0.9090909090909092,0.5102040816326531,0.6122448979591836,1.0,0.0,0.0
377,1.0,0.23076923076923078,0.23076923076923078,1.0,0.0,0.5,0.0,1.0,1.0,0.32,0.8282828282828284,0.6020408163265306,0.6326530612244897,1.0,0.0,0.0
378,1.0,0.23076923076923078,0.23076923076923078,1.0,0.0,0.5,0.0,0.0,0.0,0.1,0.30303030303030304,0.5102040816326531,0.9183673469387754,1.0,0.0,0.0
379,1.0,0.23076923076923078,0.23076923076923078,1.0,0.0,0.5,0.0,1.0,0.0,0.12,0.22222222222222224,0.6020408163265306,0.836734693877551,1.0,0.0,0.0
380,0.0,0.23076923076923078,0.23076923076923078,1.0,0.0,0.5,0.0,0.0,0.0,0.11,0.20202020202020204,0.2040816326530612,0.9897959183673468,0.0,0.0,0.0
381,0.0,0.23076923076923078,0.23076923076923078,1.0,0.0,0.5,0.0,1.0,0.0,0.1,0.12121212121212122,0.29591836734693877,0.9387755102040816,0.0,0.0,0.0
382,1.0,0.15384615384615385,0.15384615384615385,1.0,0.0,0.5,0.0,0.0,1.0,0.6900000000000001,0.8282828282828284,0.2040816326530612,0.2755102040816326,1.0,1.0,1.0
383,1.0,0.15384615384615385,0.15384615384615385,1.0,0.0,0.5,0.0,1.0,1.0,0.7000000000000001,0.8383838383838385,0.29591836734693877,0.32653061224489793,1.0,1.0,1.0
384,0.0,0.15384615384615385,0.15384615384615385,1.0,0.0,0.5,0.0,0.0,1.0,0.89,0.9292929292929294,0.4081632653061224,0.2755102040816326,1.0,1.0,1.0
385,0.0,0.15384615384615385,0.15384615384615385,1.0,0.0,0.5,0.0,1.0,1.0,0.79,0.9393939393939394,0.49999999999999994,0.22448979591836732,1.0,1.0,1.0
386,1.0,0.23076923076923078,0.23076923076923078,1.0,0.0,0.5,0.0,0.0,1.0,0.15,0.9090909090909092,0.21428571428571427,0.9795918367346937,1.0,1.0,1.0
387,1.0,0.23076923076923078,0.23076923076923078,1.0,0.0,0.5,0.0,1.0,1.0,0.2,0.7777777777777778,0.31632653061224486,0.8877551020408162,1.0,1.0,1.0
388,1.0,0.23076923076923078,0.6153846153846154,1.0,0.0,0.5,0.0,0.0,1.0,0.04,0.10101010101010102,0.11224489795918366,0.061224489795918366,0.0,1.0,0.0
389,1.0,0.23076923076923078,0.6153846153846154,1.0,0.0,0.5,0.0,1.0,1.0,0.05,0.0,0.01020408163265306,0.07142857142857142,0.0,1.0,0.0
390,0.0,0.23076923076923078,0.23076923076923078,0.5,0.4444444444444444,0.0,0.09090909090909091,0.0,1.0,0.88,0.8181818181818182,0.5102040816326531,0.09183673469387754,1.0,1.0,0.0
391,0.0,0.23076923076923078,0.23076923076923078,0.5,0.4444444444444444,0.0,0.09090909090909091,1.0,1.0,0.9,0.888888888888889,0.5510204081632653,0.11224489795918367,1.0,1.0,0.0
392,0.0,0.15384615384615385,0.15384615384615385,0.5,0.4444444444444444,0.0,0.09090909090909091,0.0,1.0,0.86,0.98989898989899,0.5102040816326531,0.19387755102040813,1.0,1.0,1.0
393,0.0,0.15384615384615385,0.15384615384615385,0.5,0.4444444444444444,0.0,0.09090909090909091,1.0,1.0,0.9,0.9090909090909092,0.5816326530612245,0.21428571428571425,1.0,1.0,1.0
394,1.0,0.23076923076923078,0.5384615384615385,0.5,0.4444444444444444,0.0,0.09090909090909091,0.0,1.0,0.78,0.9191919191919192,0.5102040816326531,0.39795918367346933,1.0,1.0,1.0
395,1.0,0.23076923076923078,0.5384615384615385,0.5,0.4444444444444444,0.0,0.09090909090909091,1.0,1.0,0.7000000000000001,0.98989898989899,0.5510204081632653,0.7244897959183673,1.0,1.0,1.0
396,1.0,0.23076923076923078,0.23076923076923078,0.5,0.4444444444444444,0.0,0.09090909090909091,0.0,0.0,0.8,0.8080808080808082,0.4693877551020408,0.6122448979591836,1.0,0.0,1.0
397,1.0,0.23076923076923078,0.23076923076923078,0.5,0.4444444444444444,0.0,0.09090909090909091,1.0,0.0,0.85,0.8282828282828284,0.6020408163265306,0.6326530612244897,1.0,0.0,1.0
398,1.0,0.5384615384615385,0.5384615384615385,0.5,0.4444444444444444,0.0,0.09090909090909091,0.0,0.0,0.88,0.9090909090909092,0.8775510204081632,0.8163265306122448,1.0,1.0,1.0
399,1.0,0.5384615384615385,0.5384615384615385,0.5,0.4444444444444444,0.0,0.09090909090909091,1.0,0.0,0.89,0.9292929292929294,0.9081632653061223,0.836734693877551,1.0,1.0,1.0
400,1.0,0.23076923076923078,0.23076923076923078,0.5,0.4444444444444444,0.0,0.09090909090909091,0.0,0.0,0.39,0.7171717171717172,0.4081632653061224,0.2551020408163265,0.0,1.0,0.0
401,1.0,0.23076923076923078,0.23076923076923078,0.5,0.4444444444444444,0.0,0.09090909090909091,1.0,0.0,0.35000000000000003,0.8080808080808082,0.3469387755102041,0.21428571428571425,0.0,1.0,0.0
402,1.0,0.23076923076923078,0.23076923076923078,0.5,0.4444444444444444,0.0,0.09090909090909091,0.0,0.0,0.76,0.8181818181818182,0.8163265306122448,0.8673469387755102,0.0,1.0,1.0
403,1.0,0.23076923076923078,0.23076923076923078,0.5,0.4444444444444444,0.0,0.09090909090909091,1.0,0.0,0.65,0.8989898989898991,0.6530612244897959,0.8265306122448979,0.0,1.0,1.0
404,0.0,0.6923076923076923,0.6923076923076923,0.5,0.4444444444444444,0.0,0.09090909090909091,0.0,1.0,0.96,0.9595959595959597,0.7142857142857142,0.7040816326530611,1.0,1.0,1.0
405,0.0,0.6923076923076923,0.6923076923076923,0.5,0.4444444444444444,0.0,0.09090909090909091,1.0,1.0,0.8,0.9191919191919192,0.8877551020408162,0.7244897959183673,1.0,1.0,1.0
406,1.0,0.23076923076923078,0.23076923076923078,0.5,0.4444444444444444,0.0,0.09090909090909091,0.0,1.0,0.02,0.09090909090909091,0.1020408163265306,0.0,0.0,0.0,0.0
407,1.0,0.23076923076923078,0.23076923076923078,0.5,0.4444444444444444,0.0,0.09090909090909091,1.0,1.0,0.03,0.08080808080808081,0.19387755102040816,0.020408163265306124,0.0,0.0,0.0
408,1.0,0.23076923076923078,0.23076923076923078,0.5,0.4444444444444444,0.5,0.09090909090909091,0.0,0.0,0.5,0.797979797979798,0.1020408163265306,0.3061224489795918,0.0,0.0,1.0
409,1.0,0.23076923076923078,0.23076923076923078,0.5,0.4444444444444444,0.5,0.09090909090909091,1.0,0.0,0.53,0.888888888888889,0.09183673469387754,0.32653061224489793,0.0,0.0,1.0
410,0.0,0.23076923076923078,0.23076923076923078,0.5,0.4444444444444444,0.5,0.09090909090909091,0.0,1.0,0.7000000000000001,0.8989898989898991,0.12244897959183673,0.2040816326530612,0.0,1.0,1.0
411,0.0,0.23076923076923078,0.23076923076923078,0.5,0.4444444444444444,0.5,0.09090909090909091,1.0,1.0,0.59,0.9090909090909092,0.19387755102040816,0.42857142857142855,0.0,1.0,1.0
412,1.0,0.5384615384615385,0.23076923076923078,0.5,0.4444444444444444,0.5,0.09090909090909091,0.0,0.0,0.78,0.8080808080808082,0.673469387755102,0.510204081632653,1.0,1.0,1.0
413,1.0,0.5384615384615385,0.23076923076923078,0.5,0.4444444444444444,0.5,0.09090909090909091,1.0,0.0,0.79,0.7272727272727273,0.8061224489795917,0.836734693877551,1.0,1.0,1.0
414,0.0,0.38461538461538464,0.38461538461538464,0.5,0.4444444444444444,0.5,0.09090909090909091,0.0,1.0,0.1,0.09090909090909091,0.02040816326530612,0.0,0.0,1.0,0.0
415,0.0,0.38461538461538464,0.38461538461538464,0.5,0.4444444444444444,0.5,0.09090909090909091,1.0,1.0,0.09,0.07070707070707072,0.09183673469387754,0.020408163265306124,0.0,1.0,0.0
416,1.0,0.15384615384615385,0.15384615384615385,0.5,0.4444444444444444,0.5,0.09090909090909091,0.0,0.0,0.98,0.9090909090909092,0.8775510204081632,0.7142857142857142,1.0,1.0,1.0
417,1.0,0.15384615384615385,0.15384615384615385,0.5,0.4444444444444444,0.5,0.09090909090909091,1.0,0.0,0.89,0.9292929292929294,0.9081632653061223,0.836734693877551,1.0,1.0,1.0
418,1.0,0.5384615384615385,0.23076923076923078,0.5,0.4444444444444444,0.5,0.09090909090909091,0.0,0.0,0.88,0.9090909090909092,0.7755102040816326,0.8163265306122448,1.0,1.0,1.0
419,1.0,0.5384615384615385,0.23076923076923078,0.5,0.4444444444444444,0.5,0.09090909090909091,1.0,0.0,0.99,0.9696969696969697,0.9081632653061223,0.846938775510204,1.0,1.0,1.0
420,0.0,0.23076923076923078,0.23076923076923078,0.5,0.5555555555555556,0.0,0.18181818181818182,0.0,1.0,0.8200000000000001,0.8989898989898991,0.22448979591836732,0.3061224489795918,1.0,1.0,1.0
421,0.0,0.23076923076923078,0.23076923076923078,0.5,0.5555555555555556,0.0,0.18181818181818182,1.0,1.0,0.84,0.9292929292929294,0.29591836734693877,0.42857142857142855,1.0,1.0,1.0
422,0.0,0.23076923076923078,0.23076923076923078,0.5,0.5555555555555556,0.0,0.4545454545454546,0.0,1.0,0.7000000000000001,0.696969696969697,0.4693877551020408,0.44897959183673464,1.0,1.0,0.0
423,0.0,0.23076923076923078,0.23076923076923078,0.5,0.5555555555555556,0.0,0.4545454545454546,1.0,1.0,0.74,0.6262626262626263,0.49999999999999994,0.42857142857142855,1.0,1.0,0.0
424,0.0,0.23076923076923078,0.23076923076923078,0.5,0.5555555555555556,0.0,0.4545454545454546,0.0,1.0,0.9,0.797979797979798,0.7755102040816326,0.7959183673469387,1.0,1.0,1.0
425,0.0,0.23076923076923078,0.23076923076923078,0.5,0.5555555555555556,0.0,0.4545454545454546,1.0,1.0,0.84,0.7777777777777778,0.8061224489795917,0.6836734693877551,1.0,1.0,1.0
426,1.0,0.23076923076923078,0.23076923076923078,0.5,0.5555555555555556,0.0,0.18181818181818182,0.0,1.0,0.8,0.8080808080808082,0.6326530612244897,0.1020408163265306,1.0,1.0,0.0
427,1.0,0.23076923076923078,0.23076923076923078,0.5,0.5555555555555556,0.0,0.18181818181818182,1.0,1.0,0.81,0.8282828282828284,0.7040816326530611,0.12244897959183672,1.0,1.0,0.0
428,1.0,0.23076923076923078,0.6153846153846154,0.5,0.5555555555555556,0.0,0.18181818181818182,0.0,0.0,0.1,0.0,0.02040816326530612,0.4081632653061224,0.0,0.0,0.0
429,1.0,0.23076923076923078,0.6153846153846154,0.5,0.5555555555555556,0.0,0.18181818181818182,1.0,0.0,0.11,0.020202020202020204,0.09183673469387754,0.48979591836734687,0.0,0.0,0.0
430,1.0,0.23076923076923078,0.6153846153846154,0.5,0.5555555555555556,0.0,0.4545454545454546,0.0,0.0,0.85,0.8989898989898991,0.22448979591836732,0.6122448979591836,0.0,0.0,1.0
431,1.0,0.23076923076923078,0.6153846153846154,0.5,0.5555555555555556,0.0,0.4545454545454546,1.0,0.0,0.8,0.8989898989898991,0.2346938775510204,0.6836734693877551,0.0,0.0,1.0
432,1.0,0.23076923076923078,0.6153846153846154,0.5,0.5555555555555556,0.0,0.4545454545454546,0.0,0.0,0.9500000000000001,0.8787878787878789,0.6326530612244897,0.8163265306122448,0.0,0.0,1.0
433,1.0,0.23076923076923078,0.6153846153846154,0.5,0.5555555555555556,0.0,0.4545454545454546,1.0,0.0,0.87,0.797979797979798,0.7448979591836734,0.9897959183673468,0.0,0.0,1.0
434,1.0,0.23076923076923078,0.23076923076923078,0.5,0.5555555555555556,0.0,0.18181818181818182,0.0,1.0,0.85,0.8787878787878789,0.7346938775510203,0.09183673469387754,1.0,1.0,0.0
435,1.0,0.23076923076923078,0.23076923076923078,0.5,0.5555555555555556,0.0,0.18181818181818182,1.0,1.0,0.79,0.888888888888889,0.8061224489795917,0.19387755102040813,1.0,1.0,0.0
436,1.0,0.23076923076923078,0.23076923076923078,0.5,0.5555555555555556,0.0,0.4545454545454546,0.0,1.0,0.8,0.8181818181818182,0.7244897959183673,0.2959183673469387,1.0,1.0,1.0
437,1.0,0.23076923076923078,0.23076923076923078,0.5,0.5555555555555556,0.0,0.4545454545454546,1.0,1.0,0.7000000000000001,0.8383838383838385,0.7142857142857142,0.22448979591836732,1.0,1.0,1.0
438,1.0,0.23076923076923078,0.23076923076923078,0.5,0.5555555555555556,0.0,0.18181818181818182,0.0,1.0,0.8,0.8282828282828284,0.7755102040816326,0.18367346938775508,1.0,1.0,1.0
439,1.0,0.23076923076923078,0.23076923076923078,0.5,0.5555555555555556,0.0,0.18181818181818182,1.0,1.0,0.7000000000000001,0.8282828282828284,0.7653061224489796,0.2857142857142857,1.0,1.0,1.0
440,1.0,0.23076923076923078,0.23076923076923078,0.5,0.5555555555555556,0.0,0.4545454545454546,0.0,1.0,0.89,0.8787878787878789,0.8775510204081632,0.14285714285714282,1.0,1.0,1.0
441,1.0,0.23076923076923078,0.23076923076923078,0.5,0.5555555555555556,0.0,0.4545454545454546,1.0,1.0,0.9,0.8686868686868687,0.8673469387755102,0.09183673469387754,1.0,1.0,1.0
442,1.0,0.23076923076923078,0.23076923076923078,0.5,0.5555555555555556,0.0,0.5454545454545454,0.0,1.0,0.6900000000000001,0.7777777777777778,0.7755102040816326,0.7551020408163265,1.0,1.0,0.0
443,1.0,0.23076923076923078,0.23076923076923078,0.5,0.5555555555555556,0.0,0.5454545454545454,1.0,1.0,0.7000000000000001,0.7676767676767677,0.6632653061224489,0.7040816326530611,1.0,1.0,0.0
444,1.0,0.23076923076923078,0.23076923076923078,0.5,0.5555555555555556,0.0,0.18181818181818182,0.0,1.0,0.75,0.7272727272727273,0.6530612244897959,0.38775510204081626,1.0,1.0,0.0
445,1.0,0.23076923076923078,0.23076923076923078,0.5,0.5555555555555556,0.0,0.18181818181818182,1.0,1.0,0.72,0.7676767676767677,0.673469387755102,0.39795918367346933,1.0,1.0,0.0
446,1.0,0.23076923076923078,0.23076923076923078,0.5,0.5555555555555556,0.0,0.4545454545454546,0.0,1.0,0.77,0.8282828282828284,0.7551020408163265,0.7959183673469387,1.0,1.0,1.0
447,1.0,0.23076923076923078,0.23076923076923078,0.5,0.5555555555555556,0.0,0.4545454545454546,1.0,1.0,0.71,0.8484848484848485,0.6836734693877551,0.8061224489795917,1.0,1.0,1.0
448,1.0,0.23076923076923078,0.23076923076923078,0.5,0.5555555555555556,0.0,0.5454545454545454,0.0,1.0,0.87,0.9292929292929294,0.7551020408163265,0.8979591836734693,1.0,1.0,1.0
449,1.0,0.23076923076923078,0.23076923076923078,0.5,0.5555555555555556,0.0,0.5454545454545454,1.0,1.0,0.81,0.8484848484848485,0.7857142857142857,0.8571428571428571,1.0,1.0,1.0
450,0.0,0.23076923076923078,0.23076923076923078,0.5,0.5555555555555556,0.0,0.18181818181818182,0.0,0.0,0.15,0.9797979797979799,0.22448979591836732,0.09183673469387754,1.0,1.0,1.0
451,0.0,0.23076923076923078,0.23076923076923078,0.5,0.5555555555555556,0.0,0.18181818181818182,1.0,0.0,0.19,0.98989898989899,0.2040816326530612,0.01020408163265306,1.0,1.0,1.0
452,0.0,0.23076923076923078,0.23076923076923078,0.5,0.5555555555555556,0.0,0.4545454545454546,0.0,0.0,0.25,0.8282828282828284,0.5306122448979591,0.19387755102040813,1.0,1.0,0.0
453,0.0,0.23076923076923078,0.23076923076923078,0.5,0.5555555555555556,0.0,0.4545454545454546,1.0,0.0,0.29,0.787878787878788,0.4081632653061224,0.11224489795918367,1.0,1.0,0.0
454,0.0,0.23076923076923078,0.23076923076923078,0.5,0.5555555555555556,0.0,0.5454545454545454,0.0,0.0,0.45,0.8787878787878789,0.5816326530612245,0.8061224489795917,1.0,1.0,1.0
455,0.0,0.23076923076923078,0.23076923076923078,0.5,0.5555555555555556,0.0,0.5454545454545454,1.0,0.0,0.39,0.888888888888889,0.4387755102040816,0.7244897959183673,1.0,1.0,1.0
456,0.0,0.23076923076923078,0.23076923076923078,0.5,0.5555555555555556,0.0,0.18181818181818182,0.0,0.0,0.85,0.9090909090909092,0.5306122448979591,0.2959183673469387,1.0,1.0,1.0
457,0.0,0.23076923076923078,0.23076923076923078,0.5,0.5555555555555556,0.0,0.18181818181818182,1.0,0.0,0.79,0.9191919191919192,0.49999999999999994,0.21428571428571425,1.0,1.0,1.0
458,1.0,0.15384615384615385,0.15384615384615385,0.5,0.5555555555555556,0.0,0.18181818181818182,0.0,0.0,0.9,0.9191919191919192,0.8163265306122448,0.8163265306122448,1.0,1.0,1.0
459,1.0,0.15384615384615385,0.15384615384615385,0.5,0.5555555555555556,0.0,0.18181818181818182,1.0,0.0,0.8,0.9090909090909092,0.8163265306122448,0.836734693877551,1.0,1.0,1.0
460,1.0,0.15384615384615385,0.15384615384615385,0.5,0.5555555555555556,0.0,0.4545454545454546,0.0,0.0,0.8,0.8383838383838385,0.836734693877551,0.7142857142857142,1.0,1.0,0.0
461,1.0,0.15384615384615385,0.15384615384615385,0.5,0.5555555555555556,0.0,0.4545454545454546,1.0,0.0,0.71,0.8181818181818182,0.846938775510204,0.7244897959183673,1.0,1.0,0.0
462,1.0,0.15384615384615385,0.15384615384615385,0.5,0.5555555555555556,0.0,0.5454545454545454,0.0,0.0,0.72,0.8787878787878789,0.7346938775510203,0.8979591836734693,1.0,1.0,0.0
463,1.0,0.15384615384615385,0.15384615384615385,0.5,0.5555555555555556,0.0,0.5454545454545454,1.0,0.0,0.6900000000000001,0.7777777777777778,0.846938775510204,0.9285714285714285,1.0,1.0,0.0
464,0.0,0.23076923076923078,0.23076923076923078,0.5,0.5555555555555556,0.0,0.18181818181818182,0.0,1.0,0.85,1.0,0.42857142857142855,0.9081632653061223,1.0,1.0,1.0
465,0.0,0.23076923076923078,0.23076923076923078,0.5,0.5555555555555556,0.0,0.18181818181818182,1.0,1.0,0.89,0.9696969696969697,0.4591836734693877,0.9285714285714285,1.0,1.0,1.0
466,0.0,0.23076923076923078,0.23076923076923078,0.5,0.5555555555555556,0.0,0.4545454545454546,0.0,1.0,0.8,0.8282828282828284,0.6530612244897959,0.5816326530612245,1.0,1.0,1.0
467,0.0,0.23076923076923078,0.23076923076923078,0.5,0.5555555555555556,0.0,0.4545454545454546,1.0,1.0,0.87,0.9393939393939394,0.6428571428571428,0.6020408163265305,1.0,1.0,1.0
468,0.0,0.23076923076923078,0.23076923076923078,0.5,0.5555555555555556,0.0,0.18181818181818182,0.0,0.0,0.15,0.09090909090909091,0.14285714285714285,0.8061224489795917,0.0,0.0,0.0
469,0.0,0.23076923076923078,0.23076923076923078,0.5,0.5555555555555556,0.0,0.18181818181818182,1.0,0.0,0.09,0.06060606060606061,0.1530612244897959,0.8571428571428571,0.0,0.0,0.0
470,1.0,0.5384615384615385,0.23076923076923078,0.5,0.5555555555555556,0.0,0.5454545454545454,0.0,0.0,0.81,0.8686868686868687,0.8775510204081632,0.4081632653061224,1.0,1.0,1.0
471,1.0,0.5384615384615385,0.23076923076923078,0.5,0.5555555555555556,0.0,0.5454545454545454,1.0,0.0,0.78,0.8282828282828284,0.7959183673469387,0.5306122448979591,1.0,1.0,1.0
472,1.0,0.5384615384615385,0.5384615384615385,0.5,0.5555555555555556,0.0,0.4545454545454546,0.0,0.0,0.8,0.8787878787878789,0.7551020408163265,0.6836734693877551,1.0,1.0,1.0
473,1.0,0.5384615384615385,0.5384615384615385,0.5,0.5555555555555556,0.0,0.4545454545454546,1.0,0.0,0.85,0.888888888888889,0.8061224489795917,0.7040816326530611,1.0,1.0,1.0
474,0.0,0.23076923076923078,0.23076923076923078,0.5,0.5555555555555556,0.0,0.18181818181818182,0.0,0.0,0.02,0.07070707070707072,0.04081632653061224,0.07142857142857142,0.0,0.0,0.0
475,0.0,0.23076923076923078,0.23076923076923078,0.5,0.5555555555555556,0.0,0.18181818181818182,1.0,0.0,0.05,0.04040404040404041,0.0510204081632653,0.07142857142857142,0.0,0.0,0.0
476,0.0,0.23076923076923078,0.23076923076923078,0.5,0.5555555555555556,0.0,0.4545454545454546,0.0,0.0,0.5,0.7777777777777778,0.14285714285714285,0.2755102040816326,0.0,0.0,1.0
477,0.0,0.23076923076923078,0.23076923076923078,0.5,0.5555555555555556,0.0,0.4545454545454546,1.0,0.0,0.55,0.7474747474747475,0.25510204081632654,0.2857142857142857,0.0,0.0,1.0
478,0.0,0.23076923076923078,0.23076923076923078,0.5,0.5555555555555556,0.0,0.5454545454545454,0.0,0.0,0.3,0.17171717171717174,0.14285714285714285,0.5714285714285714,0.0,0.0,0.0
479,0.0,0.23076923076923078,0.23076923076923078,0.5,0.5555555555555556,0.0,0.5454545454545454,1.0,0.0,0.35000000000000003,0.14141414141414144,0.2346938775510204,0.6224489795918366,0.0,0.0,0.0
