,f1,f2,f3,f4,f6,f7,f8,f9,f10
0,0.0,1.0,0.0,0.125,0.0,0.5491803278688525,0.0,0.5238095238095237,0.0
1,0.04761904761904767,1.0,1.0,0.29166666666666674,0.15,0.7704918032786885,0.0,0.4444444444444444,0.0
2,0.0714285714285714,1.0,1.0,0.2833333333333333,0.0,0.5737704918032787,1.0,0.4047619047619047,0.44999999999999996
3,0.09523809523809523,1.0,1.0,0.25,0.0,0.5327868852459017,1.0,0.5714285714285714,0.5
4,0.1428571428571428,0.0,1.0,0.20833333333333337,0.0,0.8688524590163935,0.0,0.857142857142857,0.0
5,0.1428571428571428,0.0,1.0,0.25,0.0,0.7868852459016393,0.0,0.4126984126984127,0.5
6,0.1428571428571428,1.0,0.6666666666666667,0.16666666666666674,0.0,0.9754098360655739,0.0,0.23809523809523805,0.0
7,0.1428571428571428,1.0,0.6666666666666667,0.29166666666666674,0.0,0.5573770491803278,1.0,0.4126984126984127,0.5
8,0.1428571428571428,1.0,1.0,0.45833333333333337,0.0,0.7377049180327868,0.0,0.4126984126984127,0.25
9,0.1428571428571428,1.0,1.0,0.5833333333333334,0.0,0.49180327868852464,1.0,0.5444444444444444,0.35
10,0.19047619047619047,1.0,1.0,0.125,0.5,0.6885245901639343,0.0,0.4126984126984127,0.0
11,0.2142857142857143,1.0,1.0,0.3750000000000001,0.0,0.9508196721311475,0.0,0.6666666666666666,0.0
12,0.23809523809523814,1.0,1.0,0.20833333333333337,0.0,0.5573770491803278,1.0,0.1746031746031746,1.0
13,0.23809523809523814,1.0,1.0,0.5416666666666666,0.0,0.31967213114754095,1.0,0.4126984126984127,0.5
14,0.26190476190476186,1.0,1.0,0.16666666666666674,0.0,0.5081967213114753,0.0,0.6507936507936507,1.0
15,0.26190476190476186,1.0,1.0,0.29166666666666674,0.0,0.6967213114754098,1.0,0.7301587301587301,0.5
16,0.26190476190476186,1.0,1.0,0.5000000000000001,0.5,0.6557377049180328,1.0,0.49206349206349204,0.0
17,0.30952380952380953,1.0,0.6666666666666667,0.25,0.0,0.639344262295082,0.0,0.3968253968253968,0.0
18,0.33333333333333326,1.0,1.0,0.16666666666666674,0.5,0.5983606557377048,0.0,0.0,0.5
19,0.33333333333333326,1.0,1.0,0.29166666666666674,0.0,0.4344262295081967,1.0,0.6507936507936507,0.5
20,0.3571428571428572,1.0,0.6666666666666667,0.25,0.0,0.49180327868852464,1.0,0.4126984126984127,0.55
21,0.3571428571428572,1.0,0.6666666666666667,0.6250000000000001,0.0,0.4754098360655738,1.0,0.5714285714285714,0.5
22,0.3571428571428572,1.0,1.0,0.25,0.5,0.7295081967213115,0.0,0.746031746031746,0.0
23,0.3571428571428572,1.0,1.0,0.6666666666666666,0.0,0.5245901639344261,1.0,0.4126984126984127,0.5
24,0.38095238095238093,1.0,1.0,0.29166666666666674,0.0,0.5573770491803278,0.0,0.4126984126984127,0.5
25,0.4285714285714286,0.0,1.0,0.6666666666666666,0.0,0.40983606557377045,0.0,0.4126984126984127,0.44999999999999996
26,0.4285714285714286,1.0,1.0,0.29166666666666674,0.0,0.49180327868852464,1.0,0.49206349206349204,0.5
27,0.4285714285714286,1.0,1.0,0.33333333333333337,0.5,0.7868852459016393,1.0,0.4126984126984127,0.0
28,0.4285714285714286,1.0,1.0,0.5416666666666666,0.0,0.6475409836065573,1.0,0.5238095238095237,0.5
29,0.45238095238095233,0.0,1.0,0.33333333333333337,0.0,0.5491803278688525,1.0,0.6507936507936507,0.0
30,0.45238095238095233,1.0,1.0,0.25,0.0,0.26229508196721313,0.0,0.4126984126984127,0.5
31,0.45238095238095233,1.0,1.0,0.33333333333333337,0.0,0.36065573770491804,0.0,0.4126984126984127,0.5
32,0.45238095238095233,1.0,1.0,0.41666666666666663,0.0,0.901639344262295,0.0,0.30158730158730157,0.0
33,0.45238095238095233,1.0,1.0,0.41666666666666663,0.5,0.8442622950819672,0.0,0.4126984126984127,0.25
34,0.45238095238095233,1.0,1.0,0.5000000000000001,0.0,0.0,0.0,0.4126984126984127,0.5
35,0.45238095238095233,1.0,1.0,0.125,0.0,0.540983606557377,0.0,0.7619047619047619,0.5
36,0.4761904761904763,1.0,1.0,0.41666666666666663,0.0,0.49180327868852464,0.0,0.4126984126984127,0.5
37,0.4761904761904763,1.0,1.0,0.45833333333333337,0.0,0.5573770491803278,1.0,0.7301587301587301,0.5
38,0.4761904761904763,1.0,1.0,0.7083333333333334,0.0,0.5081967213114753,1.0,0.5714285714285714,0.0
39,0.4761904761904763,1.0,1.0,0.125,0.0,0.18032786885245905,1.0,0.37936507936507935,0.35
40,0.5,1.0,0.3333333333333333,0.33333333333333337,0.0,0.2868852459016394,0.0,0.4126984126984127,0.5
41,0.5,1.0,0.3333333333333333,0.41666666666666663,0.5,0.49180327868852464,0.0,0.5238095238095237,1.0
42,0.5,1.0,0.6666666666666667,0.20833333333333337,0.0,0.45081967213114754,0.0,0.4126984126984127,0.5
43,0.5,1.0,0.6666666666666667,0.6666666666666666,1.0,0.5081967213114753,1.0,0.4126984126984127,0.35
44,0.5,1.0,1.0,0.33333333333333337,0.0,0.49180327868852464,0.0,0.4126984126984127,0.5
45,0.5,1.0,1.0,0.3750000000000001,0.0,0.49180327868852464,0.0,0.6507936507936507,0.0
46,0.5,1.0,1.0,0.41666666666666663,1.0,0.6147540983606556,1.0,0.5714285714285714,0.5
47,0.5,1.0,1.0,0.0,0.0,0.6639344262295082,1.0,0.7301587301587301,1.0
48,0.5238095238095237,1.0,1.0,0.33333333333333337,0.0,0.7786885245901638,0.0,0.4126984126984127,0.5
49,0.5238095238095237,1.0,1.0,0.41666666666666663,0.0,0.40983606557377045,1.0,0.8888888888888888,0.5
50,0.5238095238095237,1.0,1.0,0.8333333333333334,0.0,0.7377049180327868,0.0,0.6507936507936507,0.5
51,0.5476190476190477,1.0,0.3333333333333333,0.5000000000000001,0.5,0.7377049180327868,0.0,0.4444444444444444,0.0
52,0.5476190476190477,1.0,1.0,0.29166666666666674,0.0,0.7786885245901638,0.0,0.42857142857142855,0.5
53,0.5476190476190477,1.0,1.0,0.33333333333333337,0.5,0.26229508196721313,0.0,0.4603174603174603,0.0
54,0.5476190476190477,1.0,1.0,0.5000000000000001,0.0,0.18852459016393447,0.0,0.4126984126984127,0.5
55,0.5714285714285714,1.0,0.6666666666666667,0.33333333333333337,0.0,0.3032786885245901,0.0,0.4126984126984127,0.5
56,0.5714285714285714,1.0,0.6666666666666667,0.3750000000000001,0.0,0.31147540983606553,0.0,0.09523809523809523,0.5
57,0.5714285714285714,1.0,0.6666666666666667,0.6250000000000001,0.5,0.31967213114754095,0.0,0.4126984126984127,0.5
58,0.5714285714285714,1.0,1.0,0.29166666666666674,0.5,0.18032786885245905,0.0,0.25396825396825395,0.0
59,0.5714285714285714,1.0,1.0,0.33333333333333337,0.5,0.32786885245901637,1.0,0.25396825396825395,1.0
60,0.5714285714285714,1.0,1.0,0.33333333333333337,0.5,0.721311475409836,0.0,0.4126984126984127,0.5
61,0.5714285714285714,1.0,1.0,0.3750000000000001,0.0,0.3524590163934426,1.0,0.5714285714285714,0.5
62,0.5714285714285714,1.0,1.0,0.5000000000000001,0.0,0.5,1.0,0.6984126984126984,0.0
63,0.5952380952380951,1.0,0.6666666666666667,0.20833333333333337,0.0,0.721311475409836,0.0,0.4603174603174603,0.5
64,0.5952380952380951,1.0,1.0,0.25,0.5,0.581967213114754,1.0,0.6349206349206349,0.0
65,0.5952380952380951,1.0,1.0,0.5000000000000001,0.0,0.49180327868852464,1.0,0.7301587301587301,0.5
66,0.5952380952380951,1.0,1.0,0.5000000000000001,0.0,0.32786885245901637,1.0,0.4126984126984127,0.55
67,0.5952380952380951,1.0,1.0,0.6666666666666666,0.0,0.31147540983606553,1.0,0.7301587301587301,0.5
68,0.5952380952380951,1.0,1.0,0.125,0.0,1.0,0.0,0.5238095238095237,1.0
69,0.6190476190476191,1.0,1.0,0.29166666666666674,0.0,0.639344262295082,0.0,0.49206349206349204,0.0
70,0.6190476190476191,1.0,1.0,0.41666666666666663,0.5,0.32786885245901637,1.0,0.5714285714285714,0.5
71,0.6190476190476191,1.0,1.0,0.7500000000000001,0.5,0.36885245901639346,1.0,0.4126984126984127,0.4
72,0.6428571428571428,1.0,0.6666666666666667,0.3750000000000001,0.0,0.9426229508196722,0.0,0.8253968253968254,0.5
73,0.6428571428571428,1.0,1.0,0.25,0.0,0.27868852459016397,0.0,0.4126984126984127,0.44999999999999996
74,0.6428571428571428,1.0,1.0,0.33333333333333337,0.0,0.45081967213114754,0.0,0.4126984126984127,0.5
75,0.6428571428571428,1.0,1.0,0.3750000000000001,0.0,0.4836065573770492,1.0,0.5555555555555556,0.0
76,0.6428571428571428,1.0,1.0,0.45833333333333337,0.0,0.45081967213114754,1.0,0.5714285714285714,0.5
77,0.6666666666666665,1.0,0.6666666666666667,0.29166666666666674,0.0,0.680327868852459,0.0,0.7936507936507936,0.0
78,0.6666666666666665,1.0,1.0,0.3750000000000001,0.0,0.40983606557377045,0.0,0.42857142857142855,0.0
79,0.6666666666666665,1.0,1.0,0.41666666666666663,0.5,0.5737704918032787,1.0,0.5873015873015873,1.0
80,0.6666666666666665,1.0,1.0,0.45833333333333337,0.0,0.0245901639344262,1.0,0.49206349206349204,0.0
81,0.6666666666666665,1.0,1.0,0.6666666666666666,0.5,0.31967213114754095,1.0,0.49206349206349204,0.5
82,0.6666666666666665,1.0,1.0,0.6666666666666666,0.0,0.7295081967213115,0.0,0.47619047619047616,0.5
83,0.6904761904761905,1.0,0.6666666666666667,1.0,0.5,0.08196721311475413,0.0,0.4126984126984127,0.44999999999999996
84,0.6904761904761905,1.0,1.0,0.20833333333333337,0.0,0.40983606557377045,1.0,0.6507936507936507,0.0
85,0.6904761904761905,1.0,1.0,0.25,0.0,0.4344262295081967,0.0,0.6349206349206349,0.5
86,0.6904761904761905,1.0,1.0,0.3750000000000001,0.0,0.36885245901639346,1.0,0.4126984126984127,1.0
87,0.6904761904761905,1.0,1.0,0.41666666666666663,1.0,0.45081967213114754,0.0,0.4126984126984127,0.5
88,0.6904761904761905,1.0,1.0,0.41666666666666663,0.0,0.13934426229508196,0.0,0.8095238095238095,0.5
89,0.6904761904761905,1.0,1.0,0.5833333333333334,0.0,0.36885245901639346,1.0,0.4126984126984127,0.5
90,0.6904761904761905,1.0,1.0,0.5833333333333334,0.0,0.4672131147540984,1.0,0.7301587301587301,0.5
91,0.6904761904761905,1.0,1.0,0.6666666666666666,0.5,0.6967213114754098,0.0,0.5714285714285714,0.5
92,0.7142857142857142,0.0,0.0,0.5000000000000001,0.0,0.680327868852459,0.0,0.4126984126984127,0.35
93,0.7142857142857142,0.0,1.0,0.33333333333333337,0.5,0.5163934426229508,1.0,0.6825396825396826,1.0
94,0.7142857142857142,1.0,0.0,0.33333333333333337,1.0,0.6065573770491803,0.0,0.2857142857142857,0.5
95,0.7142857142857142,1.0,0.6666666666666667,0.6666666666666666,0.0,0.09836065573770486,1.0,0.4126984126984127,0.5
96,0.7142857142857142,1.0,1.0,0.29166666666666674,0.0,0.5573770491803278,1.0,0.8095238095238095,1.0
97,0.7142857142857142,1.0,1.0,0.29166666666666674,0.0,0.09836065573770486,1.0,0.3333333333333333,0.5
98,0.7142857142857142,1.0,1.0,0.5833333333333334,0.5,0.14754098360655737,0.0,0.7301587301587301,0.5
99,0.7380952380952381,1.0,1.0,0.16666666666666674,0.0,0.40163934426229503,0.0,0.2698412698412698,0.5
100,0.7380952380952381,1.0,1.0,0.5000000000000001,1.0,0.7295081967213115,0.0,0.7301587301587301,0.0
101,0.7380952380952381,1.0,1.0,0.5833333333333334,0.0,0.21311475409836061,1.0,0.7301587301587301,0.5
102,0.7380952380952381,1.0,1.0,0.5833333333333334,0.5,0.7704918032786885,0.0,1.0,0.0
103,0.7380952380952381,1.0,1.0,0.8750000000000001,0.0,0.31147540983606553,1.0,0.4126984126984127,0.0
104,0.7619047619047619,0.0,1.0,1.0,0.0,0.6557377049180328,1.0,0.5714285714285714,0.5
105,0.7619047619047619,0.0,1.0,0.125,0.0,0.6967213114754098,0.0,0.5873015873015873,1.0
106,0.7619047619047619,1.0,1.0,0.25,0.0,0.4426229508196721,1.0,0.6190476190476191,1.0
107,0.7857142857142856,1.0,1.0,0.29166666666666674,0.0,0.27049180327868855,1.0,0.4126984126984127,0.5
108,0.7857142857142856,1.0,1.0,0.5416666666666666,0.5,0.05737704918032788,0.0,0.5158730158730158,0.4
109,0.7857142857142856,1.0,1.0,0.6250000000000001,0.0,0.7704918032786885,0.0,0.5714285714285714,0.0
110,0.7857142857142856,1.0,1.0,0.6666666666666666,0.5,0.5081967213114753,0.0,0.553968253968254,0.35
111,0.8095238095238095,0.0,1.0,0.6250000000000001,0.0,0.2459016393442623,0.0,0.4126984126984127,0.5
112,0.8095238095238095,1.0,1.0,0.5833333333333334,0.0,0.3934426229508197,1.0,0.7301587301587301,0.5
113,0.8333333333333333,1.0,0.0,0.5416666666666666,1.0,0.5327868852459017,0.0,0.4126984126984127,0.5
114,0.8571428571428572,1.0,1.0,0.45833333333333337,0.5,0.49180327868852464,1.0,0.4126984126984127,0.0
115,0.8571428571428572,1.0,1.0,0.5416666666666666,0.0,0.6229508196721312,0.0,0.6984126984126984,0.0
116,0.8809523809523809,1.0,1.0,0.45833333333333337,0.0,0.5737704918032787,0.0,0.4126984126984127,0.5
117,0.8809523809523809,1.0,1.0,0.5333333333333333,0.5,0.4418032786885246,0.4,0.5301587301587302,0.35
118,0.9047619047619047,1.0,1.0,0.29166666666666674,0.5,0.26229508196721313,1.0,0.4126984126984127,0.5
119,0.9047619047619047,1.0,1.0,0.5000000000000001,0.0,0.7950819672131146,1.0,0.7301587301587301,0.5
120,0.9523809523809523,1.0,0.6666666666666667,0.6666666666666666,1.0,0.4426229508196721,0.0,0.6666666666666666,0.5
121,0.976190476190476,0.0,0.6666666666666667,0.6666666666666666,0.5,0.5,0.0,0.4126984126984127,0.0
122,1.0,1.0,0.3333333333333333,0.5416666666666666,0.5,0.5163934426229508,0.0,0.6190476190476191,0.0
