,f1,f2,f3,f4,f5,f6,f7,f8
0,0.020767661783793807,0.020860740462319113,0.007662835249042146,0.008445945945945946,0.010526315789473684,0.1282051282051282,0.0,0.021982495420313452
1,0.08214351937697015,0.08006013907160309,0.09195402298850573,0.10979729729729731,0.16842105263157894,0.2948717948717949,0.0,0.07714227559535924
2,0.030966067124049697,0.03063333959781996,0.01532567049808429,0.02027027027027027,0.02105263157894737,0.16666666666666666,0.0,0.03175249338489721
3,0.04728351566845912,0.047923322683706075,0.022988505747126433,0.02027027027027027,0.02105263157894737,0.1282051282051282,0.0,0.049664156319967435
4,0.017059150750973487,0.016726179289607214,0.017241379310344824,0.02027027027027027,0.031578947368421054,0.2692307692307692,0.0,0.016486871565235088
5,0.16261820878917116,0.16049614734072543,0.07279693486590037,0.10304054054054054,0.15789473684210525,0.14102564102564102,0.0,0.16629350702218604
6,0.14852586686445393,0.14752866002631085,0.14942528735632182,0.1587837837837838,0.26315789473684215,0.2564102564102564,0.0,0.14410746997761043
7,0.1242351195994808,0.1229092275887991,0.11877394636015325,0.13851351351351351,0.22105263157894736,0.2564102564102564,0.0,0.11988601669041318
8,0.5030595216020769,0.51531666979891,0.13601532567049807,0.07094594594594594,0.22105263157894736,0.05128205128205128,0.0,0.5438632200284959
9,0.5394029297237161,0.5465138131930088,0.4157088122605364,0.36824324324324326,0.6,0.1794871794871795,0.0,0.5479340525137391
10,0.1594659744112739,0.15918060514940802,0.17816091954022986,0.17905405405405408,0.3263157894736842,0.2692307692307692,0.0,0.153673926317932
11,0.04227702577415168,0.042285284720917124,0.013409961685823755,0.016891891891891893,0.02105263157894737,0.10256410256410256,0.0,0.0445756157134134
12,0.3404413128129056,0.34185303514376997,0.6915708812260536,0.6385135135135135,0.6736842105263158,0.4358974358974359,0.0,0.29696722979849377
13,0.24735768588911555,0.26216876526968613,0.6283524904214559,0.45101351351351354,0.9052631578947368,0.4615384615384615,0.0,0.2173824547119886
14,0.14871129241609493,0.14019921067468522,0.24137931034482757,0.30743243243243246,0.28421052631578947,0.4230769230769231,0.0,0.12639934866680236
15,0.40849249026515855,0.41026122909227586,0.47701149425287354,0.4543918918918919,0.5684210526315789,0.2692307692307692,1.0,0.39385304294728274
16,0.264416836640089,0.25615485810937794,0.2011494252873563,0.28378378378378377,0.4,0.23076923076923075,1.0,0.25625890494606146
17,0.14370480252178752,0.13813193008832927,0.11302681992337164,0.16722972972972974,0.24210526315789474,0.24358974358974358,1.0,0.1377976796254834
18,0.3712219543853143,0.38395038526592745,0.43103448275862066,0.3108108108108108,0.5473684210526315,0.23076923076923075,0.0,0.370242214532872
19,0.18746523270906731,0.19376057132118024,0.20498084291187738,0.14695945945945948,0.26315789473684215,0.21794871794871795,1.0,0.18827600244249948
20,0.07305766734656036,0.07498590490509303,0.08045977011494251,0.0625,0.12631578947368421,0.23076923076923075,0.0,0.07286790148585386
21,0.030966067124049697,0.03063333959781996,0.022988505747126433,0.02702702702702703,0.042105263157894736,0.20512820512820512,0.0,0.030938326887848564
22,0.137771184869275,0.1383198646870889,0.09386973180076627,0.0945945945945946,0.11578947368421053,0.16666666666666666,0.0,0.1400366374923672
23,0.3372890784350084,0.33283217440330765,0.43486590038314177,0.46452702702702703,0.7789473684210526,0.3205128205128205,0.0,0.31447180948503967
24,0.22677544965696275,0.2149971809810186,0.4386973180076628,0.5202702702702703,0.7999999999999999,0.47435897435897434,1.0,0.18644412782414002
25,0.053031707769330624,0.05468896823905281,0.08045977011494251,0.0625,0.10526315789473684,0.3076923076923077,0.0,0.05088540606554041
26,0.16002225106619694,0.1603082127419658,0.21264367816091953,0.2043918918918919,0.24210526315789474,0.3076923076923077,0.0,0.1512314268267861
27,0.06285926200630447,0.05901146401052434,0.17049808429118773,0.19256756756756757,0.21052631578947367,0.6025641025641025,0.0,0.046000407083248526
28,0.015575746337845357,0.015598571697049427,0.005747126436781609,0.006756756756756757,0.010526315789473684,0.14102564102564102,0.0,0.016486871565235088
29,0.0012979788614871134,0.0013155421913174214,0.0,0.0,0.0,0.21794871794871795,0.0,0.0016283329940972933
30,0.000927127758205081,0.0009396729937981583,0.0,0.0,0.0,0.23076923076923075,0.0,0.0012212497455729699
31,0.013165214166512146,0.013531291110693476,0.038314176245210725,0.03209459459459459,0.10526315789473684,0.5128205128205128,0.0,0.010787706085894565
32,0.003523085481179307,0.00338282277767337,0.007662835249042146,0.008445945945945946,0.010526315789473684,0.4230769230769231,0.0,0.0030531243639324245
33,0.002781383274615242,0.0026310843826348428,0.007662835249042146,0.008445945945945946,0.02105263157894737,0.4615384615384615,0.0,0.0022389578668837776
34,0.08863341368440572,0.08475850404059387,0.1647509578544061,0.1908783783783784,0.35789473684210527,0.4487179487179487,1.0,0.07449623447995114
35,0.03912479139625441,0.04735951888742718,0.14176245210727967,0.05574324324324325,0.09473684210526315,0.47435897435897434,0.0,0.03643395074292693
36,0.15779714444650472,0.15842886675436949,0.1111111111111111,0.11148648648648649,0.17894736842105263,0.1794871794871795,0.0,0.15998371667005903
37,0.12442054515112183,0.12422476978011651,0.07854406130268199,0.08614864864864866,0.13684210526315788,0.16666666666666666,0.0,0.12639934866680236
38,0.18041906174670871,0.1828603645931216,0.0,0.0,0.0,0.0,0.0,0.1982495420313454
39,0.19692193584275913,0.19808306709265175,0.0689655172413793,0.07432432432432434,0.12631578947368421,0.10256410256410256,0.0,0.2074089151231427
40,0.14203597255701836,0.14715279082879157,0.13409961685823754,0.08952702702702703,0.21052631578947367,0.1923076923076923,0.0,0.1453287197231834
41,0.08789171147784165,0.08776545762074799,0.08812260536398467,0.08952702702702703,0.12631578947368421,0.24358974358974358,0.0,0.08589456543863219
42,0.11125533098460968,0.11332456305205789,0.05172413793103448,0.04054054054054054,0.042105263157894736,0.11538461538461538,0.0,0.11744351719926724
43,0.015019469682922306,0.015034767900770532,0.007662835249042146,0.008445945945945946,0.010526315789473684,0.16666666666666666,0.0,0.01567270506818644
44,0.16280363434081216,0.1655703815072355,0.005747126436781609,0.0,0.031578947368421054,0.01282051282051282,0.0,0.17891308772644005
45,0.2469868347858335,0.2601014846833302,0.24521072796934865,0.1283783783783784,0.25263157894736843,0.1794871794871795,0.0,0.2558518216975371
46,0.08993139254589283,0.09641044916369104,0.18199233716475094,0.11317567567567569,0.17894736842105263,0.358974358974359,0.0,0.0852839405658457
47,0.027072130539588356,0.07273068971997745,0.5708812260536398,0.0962837837837838,0.15789473684210525,1.0,1.0,0.018318746183594543
48,1.0,0.9999999999999999,0.7835249042145593,0.8125,0.9894736842105263,0.1923076923076923,0.0,0.9999999999999999
49,0.41108844798813277,0.40819394850591995,0.446360153256705,0.4695945945945946,0.6842105263157894,0.2692307692307692,1.0,0.39487075106859354
50,0.22584832189875767,0.22439391091900018,0.20689655172413793,0.222972972972973,0.30526315789473685,0.23076923076923075,1.0,0.22124974557296967
51,0.19673651029111813,0.20503664724675813,0.24521072796934865,0.16554054054054054,0.3368421052631579,0.24358974358974358,1.0,0.1962141257887238
52,0.23215279065455222,0.23736139823341476,0.27394636015325674,0.222972972972973,0.31578947368421056,0.2564102564102564,0.0,0.22817016079788316
53,0.3296866308177267,0.3379064085698177,0.6398467432950191,0.5304054054054054,0.5368421052631579,0.3974358974358974,1.0,0.29818847954406674
54,0.03300574819210088,0.0373989851531667,0.12260536398467431,0.07263513513513514,0.0631578947368421,0.5512820512820512,0.0,0.027681660899653977
55,0.0849249026515854,0.08738958842322872,0.06513409961685823,0.04560810810810811,0.07368421052631578,0.16666666666666666,0.0,0.08792998168125381
56,0.02466159836825515,0.03852659274572449,0.21264367816091953,0.06587837837837837,0.17894736842105263,0.7564102564102564,0.0,0.01933645430490535
57,0.07509734841461153,0.07573764330013155,0.14176245210727967,0.1283783783783784,0.17894736842105263,0.3974358974358974,0.0,0.06716873600651332
58,0.1227517151863527,0.1294869385453862,0.17241379310344826,0.10641891891891891,0.2736842105263158,0.2564102564102564,0.0,0.12212497455729696
59,0.25681438902280734,0.26216876526968613,0.2720306513409962,0.222972972972973,0.4,0.23076923076923075,0.0,0.25524119682475066
60,0.09141479695902095,0.08870513061454614,0.12260536398467431,0.14358108108108109,0.23157894736842105,0.34615384615384615,1.0,0.08324852432322409
61,0.006489894307435564,0.0054501033640293175,0.03065134099616858,0.037162162162162164,0.02105263157894737,0.7948717948717948,0.0,0.0028495827396702628
62,0.0,0.0,0.0019157088122605365,0.0016891891891891893,0.02105263157894737,0.4230769230769231,0.0,0.0
63,0.11348043760430188,0.11088141326818267,0.06513409961685823,0.0945945945945946,0.11578947368421053,0.1794871794871795,1.0,0.11337268471402401
64,0.09326905247543112,0.10449163691035519,0.2777777777777778,0.15540540540540543,0.1894736842105263,0.4615384615384615,1.0,0.08385914919601058
65,0.03226404598553681,0.03495583536929149,0.09770114942528735,0.06587837837837837,0.08421052631578947,0.5,0.0,0.027681660899653977
66,0.024105321713332097,0.023491824844953955,0.017241379310344824,0.02364864864864865,0.031578947368421054,0.21794871794871795,0.0,0.023814370038672907
67,0.22325236417578342,0.22721292990039466,0.21264367816091953,0.17905405405405408,0.4105263157894737,0.21794871794871795,0.0,0.2236922450641156
68,0.48674207305766737,0.4876902837812441,0.14559386973180075,0.17905405405405408,0.2736842105263158,0.08974358974358974,0.0,0.5129248931406473
69,0.18579640274429818,0.18925014095094908,0.0632183908045977,0.0472972972972973,0.12631578947368421,0.07692307692307693,0.0,0.19845308365560757
70,0.19024661598368256,0.1888742717534298,0.1896551724137931,0.20270270270270271,0.30526315789473685,0.2564102564102564,0.0,0.1846122532057806
71,0.30613758575931765,0.31197143394098853,0.05938697318007662,0.037162162162162164,0.08421052631578947,0.038461538461538464,0.0,0.33177284754732345
72,0.03282032264045985,0.03176094719037775,0.02490421455938697,0.03547297297297298,0.042105263157894736,0.23076923076923075,0.0,0.031956035009159375
73,0.17837938067865752,0.18041721480924638,0.2950191570881226,0.2635135135135135,0.26315789473684215,0.358974358974359,0.0,0.1642580907795644
74,0.2618208789171148,0.25803420409697425,0.10536398467432949,0.1587837837837838,0.23157894736842105,0.1282051282051282,0.0,0.2684714024017912
75,0.36899684776562214,0.40687840631460254,0.9616858237547892,0.5523648648648649,0.6526315789473683,0.4230769230769231,0.0,0.33869326277223694
76,0.46078249582792513,0.44953956023303887,0.8045977011494252,0.8665540540540541,0.6,0.41025641025641024,0.0,0.40158762466924486
77,0.22455034303727056,0.22420597632024056,0.13793103448275862,0.15202702702702706,0.16842105263157894,0.16666666666666666,0.0,0.22837370242214533
78,0.24272204709809014,0.2328509678631836,1.0,1.0000000000000002,0.43157894736842106,0.7692307692307692,0.0,0.14614288622023203
79,0.3018727980715743,0.3046419845893629,0.2567049808429119,0.23817567567567569,0.22105263157894736,0.20512820512820512,0.0,0.30286993690209646
80,0.3398850361579826,0.35576019545198273,0.38697318007662834,0.23986486486486489,0.28421052631578947,0.21794871794871795,0.0,0.34439242825157745
81,0.12590394956424997,0.13550084570569443,0.32950191570881227,0.2195945945945946,0.26315789473684215,0.4487179487179487,0.0,0.11194789334418888
82,0.07101798627850918,0.07461003570757377,0.19157088122605362,0.14527027027027029,0.14736842105263157,0.48717948717948717,0.0,0.060655404030124156
83,0.6782866679028371,0.7051306145461379,0.9482758620689654,0.6773648648648649,1.0,0.28205128205128205,0.0,0.6631386118461225
84,0.010754681995178936,0.010712272129299004,0.009578544061302681,0.010135135135135136,0.010526315789473684,0.24358974358974358,1.0,0.010787706085894565
85,0.026886704987947343,0.02518323623379064,0.0689655172413793,0.07939189189189189,0.12631578947368421,0.5641025641025641,1.0,0.020150620801953997
86,0.07083256072686817,0.06991167073858297,0.0632183908045977,0.07263513513513514,0.09473684210526315,0.24358974358974358,1.0,0.06920415224913494
87,0.02966808826256258,0.02950573200526217,0.021072796934865898,0.02364864864864865,0.031578947368421054,0.1923076923076923,1.0,0.029920618766537756
88,0.18060448729834971,0.20635218943807554,0.47126436781609193,0.2060810810810811,0.43157894736842106,0.3846153846153846,1.0,0.17362100549562384
89,0.022436491748562954,0.022176282653636532,0.017241379310344824,0.02027027027027027,0.031578947368421054,0.21794871794871795,1.0,0.022389578668837777
90,0.04413128129056185,0.04848712647998497,0.09386973180076627,0.04898648648648649,0.09473684210526315,0.34615384615384615,1.0,0.04274374109505394
91,0.08900426478768775,0.09227588799097915,0.21839080459770113,0.1739864864864865,0.2947368421052632,0.4615384615384615,1.0,0.07693873397109709
92,0.06285926200630447,0.07197895132493892,0.19348659003831417,0.0962837837837838,0.3263157894736842,0.4487179487179487,1.0,0.05760227966619174
93,0.010198405340255888,0.009960533734260476,0.01532567049808429,0.016891891891891893,0.02105263157894737,0.358974358974359,1.0,0.009362914716059434
94,0.04524383460040794,0.04548017289983086,0.032567049808429116,0.03209459459459459,0.07368421052631578,0.1794871794871795,1.0,0.046000407083248526
95,0.06378638976450955,0.06502537117083255,0.0689655172413793,0.057432432432432436,0.07368421052631578,0.24358974358974358,1.0,0.06330144514553225
96,0.2571852401260894,0.27570005638037964,0.5402298850574712,0.34121621621621623,0.6210526315789473,0.3717948717948718,1.0,0.24140036637492368
97,0.11218245874281477,0.11200902086074047,0.1264367816091954,0.1266891891891892,0.21052631578947367,0.2692307692307692,1.0,0.1080806024832078
98,0.035601705915075096,0.034579966171772225,0.06130268199233716,0.06756756756756757,0.08421052631578947,0.41025641025641024,1.0,0.03114186851211073
99,0.09605043575004636,0.09941740274384514,0.20306513409961685,0.160472972972973,0.16842105263157894,0.41025641025641024,1.0,0.08630164868715652
100,0.007602447617281662,0.009584664536741214,0.04597701149425287,0.02364864864864865,0.042105263157894736,0.6538461538461539,1.0,0.005699165479340526
101,0.30391247913962544,0.31121969554595,0.6302681992337165,0.5270270270270271,0.9157894736842105,0.41025641025641024,1.0,0.2703032770201506
102,0.15371778231040237,0.16049614734072543,0.28735632183908044,0.21114864864864866,0.3894736842105263,0.358974358974359,1.0,0.14349684510482394
103,0.04338957908399778,0.06220635218943808,0.4042145593869732,0.19256756756756757,0.19999999999999998,0.9102564102564102,1.0,0.024628536535721553
104,0.459669942518079,0.5085510242435632,0.9137931034482758,0.4222972972972973,0.9894736842105263,0.3205128205128205,1.0,0.4538978221046204
105,0.0561839421472279,0.053937229844014285,0.08620689655172413,0.10304054054054054,0.10526315789473684,0.3846153846153846,1.0,0.04946061469570527
106,0.09883181902466161,0.11370043224957715,0.2375478927203065,0.08783783783783786,0.21052631578947367,0.34615384615384615,1.0,0.0981070628943619
107,0.0838123493417393,0.08419470024431498,0.08429118773946359,0.08108108108108109,0.09473684210526315,0.24358974358974358,1.0,0.08243435782617545
108,0.19710736139440016,0.2012779552715655,0.19348659003831417,0.1570945945945946,0.25263157894736843,0.21794871794871795,1.0,0.1976389171585589
109,0.4307435564620805,0.45292238301071225,0.6647509578544061,0.4391891891891892,0.7263157894736841,0.2948717948717949,1.0,0.42010991247710155
110,0.020582236232152794,0.020484871264799847,0.017241379310344824,0.018581081081081082,0.02105263157894737,0.23076923076923075,1.0,0.020557704050478322
111,0.04394585573892083,0.042285284720917124,0.05747126436781609,0.07094594594594594,0.09473684210526315,0.34615384615384615,1.0,0.03989415835538368
112,0.298349712590395,0.30332644239804546,0.36015325670498083,0.3091216216216216,0.5263157894736842,0.2692307692307692,1.0,0.2904538978221046
113,0.08640830706471352,0.08738958842322872,0.10344827586206895,0.0929054054054054,0.10526315789473684,0.2692307692307692,1.0,0.08385914919601058
114,0.06990543296866308,0.07235482052245819,0.07854406130268199,0.05574324324324325,0.052631578947368425,0.23076923076923075,1.0,0.07022186037044575
115,0.3409975894678287,0.34692726931028,0.49616858237547895,0.42567567567567566,0.6631578947368421,0.3076923076923077,1.0,0.32322409932831264
116,0.06285926200630447,0.06502537117083255,0.10536398467432949,0.08108108108108109,0.09473684210526315,0.3333333333333333,1.0,0.05943415428455119
117,0.2111997033191174,0.21011088141326817,0.2681992337164751,0.27195945945945943,0.3473684210526316,0.3076923076923077,1.0,0.1992672501526562
118,0.16595586871870946,0.18210862619808307,0.3888888888888889,0.21790540540540543,0.368421052631579,0.3846153846153846,1.0,0.15611642580907795
119,0.18116076395327277,0.19319676752490134,0.38697318007662834,0.25506756756756754,0.368421052631579,0.3846153846153846,1.0,0.16832892326480764
120,0.2560726868162433,0.26047735388084947,0.3486590038314176,0.29898648648648646,0.368421052631579,0.2948717948717949,1.0,0.24526765723590474
121,0.04876692008158724,0.04735951888742718,0.06704980842911877,0.07770270270270271,0.09473684210526315,0.34615384615384615,1.0,0.04437207408915123
122,0.08677915816799556,0.08344296184927645,0.16283524904214558,0.18412162162162163,0.21052631578947367,0.4487179487179487,1.0,0.07327498473437817
123,0.1826441683664009,0.18248449539560233,0.29693486590038315,0.28547297297297297,0.31578947368421056,0.358974358974359,1.0,0.16629350702218604
124,0.34303727053587985,0.336214997180981,0.3773946360153257,0.4358108108108108,0.5684210526315789,0.28205128205128205,1.0,0.32424180744962344
125,0.055256814389022815,0.0558165758316106,0.09578544061302681,0.08614864864864866,0.12631578947368421,0.3717948717948718,1.0,0.05047832281701608
126,0.18041906174670871,0.1839879721856794,0.28544061302681994,0.24155405405405408,0.2947368421052632,0.3333333333333333,1.0,0.1691430897618563
127,0.15928054885963286,0.15955647434692727,0.20498084291187738,0.19763513513513514,0.23157894736842105,0.2948717948717949,1.0,0.1512314268267861
128,0.18116076395327277,0.18567938357451608,0.3544061302681992,0.2939189189189189,0.3473684210526316,0.3974358974358974,1.0,0.16364746590677792
129,0.43445206749490084,0.4470964104491637,0.6858237547892719,0.543918918918919,0.831578947368421,0.3205128205128205,1.0,0.41156116425809075
