,f1,f2,f3,f4
0,0.6446158732989256,0.11045366754395769,0.7468879668049793,0.8464384750560733
1,0.6361999476290108,0.13313610531387526,0.7468879668049793,0.8251618887589094
2,0.627784021959096,0.15581853298241694,0.7468879668049793,0.8038853117124393
3,0.6193680962891812,0.17850099095508648,0.7468879668049793,0.7826087069138881
4,0.6109521537134013,0.20118343882638007,0.7468879668049793,0.7613321021153368
5,0.6025362280434865,0.2238658765962977,0.7468879668049793,0.7400555158181729
6,0.5941203023735717,0.24654832446759128,0.7468879668049793,0.7187789202703152
7,0.5857043767036569,0.2692307824402609,0.7468879668049793,0.6975023154717639
8,0.5772884510337422,0.2919132101088025,0.7468879668049793,0.6762257291746001
9,0.5688725253638274,0.3145956680814721,0.7468879668049793,0.6549491336267425
10,0.5600906891471396,0.33826430318981043,0.7468879668049793,0.632747468707239
11,0.5516747634772248,0.36094674095972806,0.7468879668049793,0.6114708731593814
12,0.54325883780731,0.38362919893239766,0.7468879668049793,0.5901942776115238
13,0.5348429121373952,0.4063116266009393,0.7468879668049793,0.5689176913143599
14,0.5264269695616153,0.4289940845736089,0.7468879668049793,0.5476410865158086
15,0.5180110438917005,0.45167653244490247,0.7468879668049793,0.526364490967951
16,0.5095951182217857,0.47435898031619605,0.7468879668049793,0.5050878954200935
17,0.5011791925518709,0.49704142818748964,0.7468879668049793,0.48381129987223587
18,0.49276326688195615,0.5197238760587832,0.7468879668049793,0.4625347043243783
19,0.48434734121204137,0.5424063138287009,0.7468879668049793,0.4412581087765207
20,0.4759314155421266,0.5650887616999944,0.7468879668049793,0.4199815132286631
21,0.4675154898722118,0.587771209571288,0.7468879668049793,0.3987049176808055
22,0.4590995472964318,0.6104536574425816,0.7468879668049793,0.37742832213294797
23,0.4506836216265171,0.6331360952124993,0.7468879668049793,0.3561517358357841
24,0.4419017854098293,0.6568047303208376,0.7468879668049793,0.33395007091628054
25,0.4334858597399145,0.6794871781921312,0.7468879668049793,0.3126734661177292
26,0.4250699340699997,0.7021696361648008,0.7468879668049793,0.2913968705698717
27,0.41665400840008493,0.7248520840360944,0.7468879668049793,0.27012026577132037
28,0.40823808273017015,0.7475345218060121,0.7468879668049793,0.2488436794741565
29,0.39982215706025537,0.7702169494745537,0.7468879668049793,0.22756710242768635
30,0.3914062313903406,0.7928994276499752,0.7468879668049793,0.20629047912774762
31,0.3829902888145606,0.8155818755212688,0.7468879668049793,0.1850138743291963
32,0.37457436314464587,0.8382643132911864,0.7468879668049793,0.16373729728272618
33,0.3661584543805963,0.860946751061104,0.7468879668049793,0.1424607109855623
34,0.3577425118048163,0.8836291787296456,0.7468879668049793,0.12118412468839845
35,0.34091066046498675,0.9289941249791127,0.7468879668049793,0.07863088733921475
36,0.3152969560026042,0.9980276558300384,0.7468879668049793,0.013876031323996008
37,0.9719412678746348,0.558365861615957,0.0,0.7483811401629867
38,0.8580558873754252,0.5432801333591739,0.0,0.6845513535194139
39,0.820094071334535,0.5382515471722036,0.0,0.6632747487208626
40,0.7821323060112406,0.5332229710866092,0.0,0.6419981624236988
41,0.7441704899703504,0.5281943950010148,0.0,0.6207215668758412
42,0.7062087077411907,0.5231658189154205,0.0,0.5994449713279836
43,0.6682469086061658,0.5181372428298261,0.0,0.578168375780126
44,0.6302851094711408,0.5131086667442317,0.0,0.5568917802322684
45,0.5906727907149066,0.5078614564765952,0.0,0.5346901153127649
46,0.552711008485747,0.5028328803910008,0.0,0.5134135197649073
47,0.514749209350722,0.4978043043054064,0.0,0.4921369242170497
48,0.4767874102156971,0.492775728219812,0.0,0.47086032866919214
49,0.43882561108067214,0.48774714203284164,0.0,0.44958373312133454
50,0.40086381194564724,0.48271856594724727,0.0,0.428307137573477
51,0.3629020297164875,0.4776899898616529,0.0,0.4070305512763131
52,0.3249402305814626,0.4726614137760585,0.0,0.38575394647776184
53,0.28697843144643764,0.46763283769046415,0.0,0.36447735092990424
54,0.2490166323114127,0.4626042616048698,0.0,0.34320075538204664
55,0.2110548331763878,0.4575756855192754,0.0,0.3219241598341891
56,0.1730930678530933,0.45254710943368104,0.0,0.3006475735370252
57,0.13513121800047267,0.4475185232467107,0.0,0.2793709594877802
58,0.09716945267717819,0.44248994716111634,0.0,0.25809437319061634
59,0.05755715082680929,0.43724273689347976,0.0,0.23589271752180646
60,0.01959531788005392,0.4322141608078854,0.0,0.21461609422186773
61,0.9050871253062224,0.23748647097459508,1.0,0.8085106400692819
62,0.8785686865608465,0.25447813695554666,1.0,0.7872340630228116
63,0.8520501801920097,0.27146980293649825,1.0,0.7659574582242603
64,0.8255317076349036,0.2884614588160739,1.0,0.7446808626764028
65,0.7990132012660668,0.30545312479702547,1.0,0.7234042578778515
66,0.772494762520691,0.32244479077797705,1.0,0.7021276715806876
67,0.7448232930498687,0.3401752107909686,1.0,0.6799260066611841
68,0.7183048035868972,0.35716687677192016,1.0,0.6586494018626328
69,0.6917863479356562,0.3741585326514958,1.0,0.6373728155654689
70,0.6652678753785499,0.3911501986324474,1.0,0.6160962200176112
71,0.6387493859155784,0.408141854512023,1.0,0.5948196152190599
72,0.612230913358472,0.4251335103915986,1.0,0.5735430289218961
73,0.5857124408013659,0.44212517637255017,1.0,0.5522664333740386
74,0.5591939682442595,0.45911683225212574,1.0,0.5309898378261809
75,0.5326754956871532,0.4761084982330774,1.0,0.5097132422783234
76,0.5061570062241817,0.49310016421402897,1.0,0.4884366467304658
77,0.47963853366707543,0.5100918200936045,1.0,0.4671600511826082
78,0.45312006110996916,0.5270834759731802,1.0,0.4458834556347506
79,0.4266015885528629,0.5440751419541318,1.0,0.424606860086893
80,0.40008311599575663,0.5610668079350833,1.0,0.4033302645390355
81,0.37241166343079957,0.5787972279480749,1.0,0.38112859961953194
82,0.3458931739678281,0.5957888939290265,1.0,0.35985200407167434
83,0.3193746845048566,0.6127805498086021,1.0,0.33857540852381673
84,0.29285621194775036,0.6297722157895537,1.0,0.3172988129759592
85,0.26633775629650924,0.6467638716691293,1.0,0.2960222266787953
86,0.23981926683353777,0.6637555477514568,1.0,0.2747456126295503
87,0.21330079427643145,0.6807471935296565,1.0,0.25346902633238644
88,0.18678232171932518,0.697738859510608,1.0,0.23219243078452884
89,0.16026384916221892,0.7147305153901836,1.0,0.21091583523667123
90,0.13374537660511265,0.7317221813711352,1.0,0.1896392489395074
91,0.10722687023627586,0.7487138473520869,1.0,0.16836263489026237
92,0.0807083976791696,0.7657055032316624,1.0,0.14708604859309854
93,0.054189942027928595,0.782697169212614,1.0,0.12580945304524094
94,0.02767146947082233,0.7996888149908137,1.0,0.1045328667480771
95,0.0,0.8174192653079332,1.0,0.08233118332718609
96,0.8129530507724214,0.011330258892003953,0.8174273858921162,0.9602220262699165
97,0.7990184251784191,0.03302028697726361,0.8174273858921162,0.9389454214713652
98,0.7850838503020123,0.05471032516389934,0.8174273858921162,0.9176688259235076
99,0.7711492416138752,0.07640032294503113,0.8174273858921162,0.8963922488770375
100,0.7426742025575228,0.12072343347709541,0.8174273858921162,0.8529139884096764
101,0.7287396107752508,0.1424134716637312,0.8174273858921162,0.831637383611125
102,0.7148050189929789,0.16410350985036692,0.8174273858921162,0.8103607788125737
103,0.7008704272107069,0.18579350763149866,0.8174273858921162,0.7890842110167973
104,0.6869358354284351,0.20748354581813439,0.8174273858921162,0.767807606218246
105,0.6730012098344327,0.22917358400477011,0.8174273858921162,0.7465310014196946
106,0.659066634958026,0.2508636221914058,0.8174273858921162,0.7252543966211433
107,0.6451320262698887,0.27255364017528955,0.8174273858921162,0.7039778103239795
108,0.6311974344876169,0.29424366826054926,0.8174273858921162,0.6827012055254282
109,0.6172628427053449,0.315933686244433,0.8174273858921162,0.6614246192282645
110,0.6033282340172078,0.33762372443106875,0.8174273858921162,0.6401480144297131
111,0.5893936422349358,0.35931375251632847,0.8174273858921162,0.6188714281325493
112,0.5754590504526639,0.38100378060158824,0.8174273858921162,0.5975948325846916
113,0.561524458670392,0.40269380868684795,0.8174273858921162,0.576318237036834
114,0.5469840113963115,0.42532688103227656,0.8174273858921162,0.5541165721173305
115,0.5330494027081742,0.4470169091175363,0.8174273858921162,0.5328399765694729
116,0.5191148109259024,0.468706937202796,0.8174273858921162,0.5115633810216154
117,0.5051802191436304,0.4903969652880557,0.8174273858921162,0.49028678547375776
118,0.49124561045549325,0.5120869933733154,0.8174273858921162,0.46901018992590016
119,0.47731101867322134,0.5337770214585752,0.8174273858921162,0.4477335943780426
120,0.4633764268909494,0.555467049543835,0.8174273858921162,0.426456998830185
121,0.44944183510867747,0.5771570776290946,0.8174273858921162,0.4051803940316337
122,0.43550724332640556,0.5988470956129784,0.8174273858921162,0.38390380773446986
123,0.4215726346382684,0.6205371236982381,0.8174273858921162,0.36262721218661226
124,0.4076380428559965,0.6422271517834979,0.8174273858921162,0.34135061663875466
125,0.3937034510737245,0.6639171798687575,0.8174273858921162,0.3200740303415908
126,0.3797688423855874,0.6856072180553934,0.8174273858921162,0.2987974255430395
127,0.3658342506033154,0.7072972360392771,0.8174273858921162,0.2775208392458757
128,0.3512938033292349,0.7299303083847056,0.8174273858921162,0.2553191743263721
129,0.33735919464109776,0.7516203465713414,0.8174273858921162,0.23404256952782077
130,0.32342461976469106,0.7733103645552251,0.8174273858921162,0.21276598323065693
131,0.30949001107655383,0.7950004027418609,0.8174273858921162,0.19148937843210567
132,0.295555419294282,0.8166904207257446,0.8174273858921162,0.17021279213494173
133,0.2816208106061448,0.8383804488110044,0.8174273858921162,0.14893618733639052
134,0.26768623572973804,0.860070446592136,0.8174273858921162,0.12765961954061406
135,0.2537516270416009,0.8817605251842757,0.8174273858921162,0.1063829777392879
136,0.2398170183534638,0.9034505633709116,0.8174273858921162,0.08510637294073659
137,0.2258824265711919,0.9251405611520432,0.8174273858921162,0.06382980514496017
138,0.21194783478891988,0.946830599338679,0.8174273858921162,0.042553209597102626
139,0.19801325991251323,0.9685205971198108,0.8174273858921162,0.0212766418013261
140,0.18407863431851085,0.9902106757119504,0.8174273858921162,0.0
141,0.939236651834644,0.7399301453484971,0.25311203319502074,0.8122109453079469
142,0.9107990085521532,0.7240851471650276,0.25311203319502074,0.7909343127573144
143,0.8811250393462882,0.7075512654428068,0.25311203319502074,0.7687326663391982
144,0.8539238572340934,0.6923952013049683,0.25311203319502074,0.748381130912293
145,0.8254862815750634,0.6765502233242509,0.25311203319502074,0.7271045353644353
146,0.7970486890101682,0.6607052453435333,0.25311203319502074,0.7058279490672714
147,0.7686111133511384,0.6448602673628158,0.25311203319502074,0.6845513535194139
148,0.7401735207862432,0.6290152792807222,0.25311203319502074,0.6632747487208626
149,0.7117359451272133,0.6131703013000046,0.25311203319502074,0.6419981624236988
150,0.6832983525623181,0.597325313217911,0.25311203319502074,0.6207215668758412
151,0.6548607769032881,0.5814803352371934,0.25311203319502074,0.5994449713279836
152,0.6251867738856927,0.5649464434135967,0.25311203319502074,0.5772433064084801
153,0.5979856086793631,0.5497903792757584,0.25311203319502074,0.5568917802322684
154,0.5683116056617675,0.5332564874521616,0.25311203319502074,0.5346901153127649
155,0.538637602644172,0.5167225956285648,0.25311203319502074,0.5124884503932613
156,0.5102000269851421,0.5008776176478472,0.25311203319502074,0.49121185484540375
157,0.4829988448729473,0.4857215535100089,0.25311203319502074,0.47086032866919214
158,0.4545612692139174,0.46987656542791534,0.25311203319502074,0.44958373312133454
159,0.42612369355488744,0.4540315874471978,0.25311203319502074,0.428307137573477
160,0.39892251144269264,0.4388755233093594,0.25311203319502074,0.4079556113972654
161,0.36924852533096236,0.42234163148576265,0.25311203319502074,0.38575394647776184
162,0.3408109327660672,0.4064966535050451,0.25311203319502074,0.36447735092990424
163,0.3123733402011721,0.39065166542295154,0.25311203319502074,0.34320075538204664
164,0.28393576454214214,0.374806687442234,0.25311203319502074,0.3219241598341891
165,0.25549818888311215,0.3589617094615164,0.25311203319502074,0.3006475735370252
166,0.22706057941235186,0.34311672137942284,0.25311203319502074,0.2793709594877802
167,0.11083742205910097,0.27835897166941825,0.25311203319502074,0.1924144385530579
168,0.08363625685277137,0.26320291763295584,0.25311203319502074,0.17206292162754006
169,0.5349503827225845,0.0388984089868144,0.6639004149377594,0.9037928038502053
170,0.5315582377725077,0.08532052484244529,0.6639004149377594,0.8612396035037965
171,0.5298621737504018,0.10853156761819671,0.6639004149377594,0.8399630172066326
172,0.5281660928224307,0.1317426507994522,0.6639004149377594,0.8186864031573875
173,0.5264700118944596,0.15495368347382765,0.6639004149377594,0.7974098168602237
174,0.5247739478723538,0.17816474645233105,0.6639004149377594,0.7761332120616724
175,0.5230778669443827,0.2013757791267065,0.6639004149377594,0.7548566350152022
176,0.5213818029222769,0.22458684210520996,0.6639004149377594,0.733580030216651
177,0.5196857219943058,0.24779789498233742,0.6639004149377594,0.7123034346687934
178,0.5179896410663348,0.2710089579608409,0.6639004149377594,0.6910268298702421
179,0.516293577044229,0.2942199906352163,0.6639004149377594,0.6697502435730782
180,0.5145237527321781,0.31844023158252976,0.6639004149377594,0.647548569402881
181,0.5128276887100722,0.34165127435828124,0.6639004149377594,0.6262719831057171
182,0.5111316077821012,0.3648623272354087,0.6639004149377594,0.6049953875578595
183,0.5094355268541301,0.3880733801125361,0.6639004149377594,0.5837187920100019
184,0.5077394628320243,0.4112844329896636,0.6639004149377594,0.5624421964621443
185,0.5060433819040532,0.43449548586679104,0.6639004149377594,0.5411656009142868
186,0.5043473178819474,0.4577065387439185,0.6639004149377594,0.5198890053664291
187,0.5026512369539763,0.4809175916210459,0.6639004149377594,0.4986124098185716
188,0.5009551560260053,0.5041286444981734,0.6639004149377594,0.47733581427071403
189,0.49925909200389945,0.5273396872739249,0.6639004149377594,0.45605921872285643
190,0.4975630110759284,0.5505507401510523,0.6639004149377594,0.43478262317499883
191,0.49586694705382256,0.5737617930281798,0.6639004149377594,0.4135060276271413
192,0.4941708661258515,0.5969728459053072,0.6639004149377594,0.3922294320792837
193,0.4924748021037456,0.6201838987824346,0.6639004149377594,0.3709528365314261
194,0.4907787211757746,0.6433949516595621,0.6639004149377594,0.34967624098356853
195,0.4890088968637237,0.6676151825054996,0.6639004149377594,0.32747457606406494
196,0.48731283284161786,0.690826225281251,0.6639004149377594,0.3061979897669011
197,0.4856167519136468,0.7140372781583785,0.6639004149377594,0.2849213942190435
198,0.48392068789154097,0.737248341136882,0.6639004149377594,0.26364478942049224
199,0.4822246069635699,0.7604593940140094,0.6639004149377594,0.24236818462194093
200,0.4805285429414641,0.7836704367897609,0.6639004149377594,0.2210916075754708
201,0.478832462013493,0.8068814896668883,0.6639004149377594,0.1998150027769195
202,0.4771363810855219,0.8300925122398877,0.6639004149377594,0.17853843498114302
203,0.4754403170634161,0.8533036257252711,0.6639004149377594,0.1572617839291232
204,0.47374423613544503,0.8765146685010226,0.6639004149377594,0.13598519763195932
205,0.472048155207474,0.8997257011753981,0.6639004149377594,0.11470862058548914
206,0.47035209118536814,0.9229367439511496,0.6639004149377594,0.0934320342883253
207,0.9217102568340735,0.9995870355465601,0.42323651452282157,1.0
208,0.9043605281250285,0.9787949086721464,0.42323651452282157,0.9787234322042235
209,0.8870107825101183,0.9580027110881005,0.42323651452282157,0.9574467996535911
210,0.8689067479067877,0.9363065817717398,0.42323651452282157,0.9352451717368624
211,0.8515570191977427,0.9155144245931979,0.42323651452282157,0.9139685669383111
212,0.8342072566769674,0.894722216907776,0.42323651452282157,0.8926919343876787
213,0.8168575448737876,0.8739301001347382,0.42323651452282157,0.8714153665919022
214,0.7814037477496815,0.8314417732343313,0.42323651452282157,0.8279370968738473
215,0.7648083925583831,0.8115536488018646,0.42323651452282157,0.8075856077004107
216,0.7474586300376077,0.7907614411164428,0.42323651452282157,0.7863089658990845
217,0.7293545785284118,0.7690653016987059,0.42323651452282157,0.7641073194809683
218,0.7120048329135016,0.7482731344187881,0.42323651452282157,0.7428307146824171
219,0.6946551380161871,0.7274809873416221,0.42323651452282157,0.7215541376359469
220,0.6773053924012769,0.7066888301630804,0.42323651452282157,0.7002775328373956
221,0.6599556636922319,0.6858966628831625,0.42323651452282157,0.679000937289538
222,0.6426059518890521,0.6651045158059967,0.42323651452282157,0.6577243509923741
223,0.6252562062741419,0.6443123485260789,0.42323651452282157,0.6364477369431292
224,0.607906477565097,0.623520201448913,0.42323651452282157,0.615171159896659
225,0.590556748856052,0.6027280341689952,0.42323651452282157,0.5938945550981077
226,0.5732070201470071,0.5819358870918293,0.42323651452282157,0.5726179595502501
227,0.555857291437962,0.5611437198119115,0.42323651452282157,0.5513413640023925
228,0.5385075627289171,0.5403515727347457,0.42323651452282157,0.530064768454535
229,0.5211578340198721,0.5195594054548278,0.42323651452282157,0.5087881729066774
230,0.5038081053108272,0.498767248276286,0.42323651452282157,0.4875115773588198
231,0.4857040538016313,0.4770710886557971,0.42323651452282157,0.46530991243931624
232,0.4683543250925863,0.4562789314772553,0.42323651452282157,0.44403331689145864
233,0.45100459638354135,0.43548677429871346,0.42323651452282157,0.4227567213436011
234,0.43365486767449635,0.4146946171201716,0.42323651452282157,0.4014801257957435
235,0.41630512205958614,0.39390244984025374,0.42323651452282157,0.3802035302478859
236,0.3989554102564064,0.37311030276308793,0.42323651452282157,0.35892693470002834
237,0.38236002125337754,0.3532221480264931,0.42323651452282157,0.33857540852381673
238,0.3650102925443326,0.33242998074657526,0.42323651452282157,0.3172988037252654
239,0.34690620722340626,0.3107338211260864,0.42323651452282157,0.2950971388057619
240,0.32955651232609173,0.2899416740489206,0.42323651452282157,0.2738205617592917
241,0.3122067667111815,0.2691495168703787,0.42323651452282157,0.2525439569607404
242,0.2948570380021366,0.2483573495904609,0.42323651452282157,0.23126736141288284
243,0.27750730929309164,0.22756518231054307,0.42323651452282157,0.20999075661433153
244,0.2601575805840466,0.2067730453347532,0.42323651452282157,0.1887141703171677
245,0.24280785187500165,0.18598089825758735,0.42323651452282157,0.16743759327069752
246,0.2254581400718219,0.16518873097766956,0.42323651452282157,0.14616098847214626
247,0.2081083775510465,0.14439657379912774,0.42323651452282157,0.12488438367359495
248,0.19075866574786676,0.12360440651920984,0.42323651452282157,0.10360778812573734
249,0.17340893703882176,0.10281223923929206,0.42323651452282157,0.08233118332718609
250,0.15605920832977677,0.08202012246625418,0.42323651452282157,0.06105461553140962
251,0.13870949652659703,0.061227955186336336,0.42323651452282157,0.03977801998355207
252,0.12135973400582162,0.04043575760229051,0.42323651452282157,0.018501378182225914
253,1.0,0.5620826427106743,0.0,0.7641073287316621
254,0.958737178528422,0.5566167982609955,0.0,0.7409805851898188
255,0.9257269382570247,0.5522441146201518,0.0,0.7224792070075929
256,0.8844640998795813,0.546778270170473,0.0,0.6993524727164433
257,0.8465023007445563,0.5417496940848786,0.0,0.678075867917892
258,0.8085404847036662,0.5367211179992842,0.0,0.6567992723700344
259,0.7705786855686413,0.5316925419136899,0.0,0.6355226675714831
260,0.7342674229606908,0.5268826000101376,0.0,0.6151711506459653
261,0.6946551042044566,0.5216353796411252,0.0,0.592969476475768
262,0.6566933050694317,0.5166068035555308,0.0,0.5716928901786041
263,0.618731522840272,0.5115782274699364,0.0,0.5504162946307466
264,0.5791192040840378,0.5063310172022998,0.0,0.528214629711243
265,0.5428079245702221,0.5015210752987477,0.0,0.5078631035350314
266,0.5031956227198532,0.4962738650311111,0.0,0.48566143861552785
267,0.46688434320603744,0.4914639231275589,0.0,0.46530991243931624
268,0.43057304678635655,0.4866539812240067,0.0,0.44495838626310463
269,0.3893102253147784,0.481188136774328,0.0,0.4218316519719551
270,0.3513484092738882,0.4761595505873576,0.0,0.4005550471734038
271,0.3133866439505938,0.4711309745017632,0.0,0.37927846087623995
272,0.2770753475309128,0.466321032598211,0.0,0.35892693470002834
273,0.2391135483958879,0.46129245651261663,0.0,0.3376503391521708
274,0.19950124654551898,0.4560452462449801,0.0,0.3154486742326672
275,0.16153944741049397,0.45101667015938574,0.0,0.2941720786848096
276,0.12357766518133428,0.44598809407379136,0.0,0.27289549238764577
277,0.08561586604630939,0.440959517988197,0.0,0.25161888758909445
278,0.047654050005419224,0.4359309419026026,0.0,0.23034229204123685
279,0.009692284682124686,0.43090236581700825,0.0,0.20906570574407302
280,0.6855977700081803,0.0,0.7468879668049793,0.9500462631818107
281,0.660349992998436,0.06804734361388082,0.7468879668049793,0.8862164765382379
282,0.6522999947811594,0.08974358404537763,0.7468879668049793,0.8658649596127201
283,0.6435181416586064,0.113412249457844,0.7468879668049793,0.8436632669411354
284,0.6354681265354647,0.13510848988934082,0.7468879668049793,0.8233117500156175
285,0.6270522008655499,0.15779091755788244,0.7468879668049793,0.8020351729691473
286,0.6186362751956351,0.18047337553055198,0.7468879668049793,0.780758568170596
287,0.6102203495257204,0.20315580319909365,0.7468879668049793,0.7594819818734322
288,0.6014384964031674,0.22682446861155997,0.7468879668049793,0.7372802984525412
289,0.5930225707332526,0.2495069063814776,0.7468879668049793,0.7160037121553773
290,0.5846066450633378,0.2721893340500192,0.7468879668049793,0.6947271258582135
291,0.576190719393423,0.29487179202268876,0.7468879668049793,0.6734505210596622
292,0.5677747937235083,0.3175542398939824,0.7468879668049793,0.6521739255118045
293,0.5597247786003665,0.33925049042685523,0.7468879668049793,0.6318223993355929
294,0.5509429423836787,0.3629191356365696,0.7468879668049793,0.6096207344160894
295,0.5425270167137639,0.3856015835078632,0.7468879668049793,0.5883441388682318
296,0.534111074137984,0.4082840313791568,0.7468879668049793,0.5670675433203742
297,0.5256951484680692,0.4309664792504504,0.7468879668049793,0.5457909477725167
298,0.5172792227981544,0.45364891702036797,0.7468879668049793,0.524514352224659
299,0.5088632971282396,0.47633136489166156,0.7468879668049793,0.5032377566768015
300,0.5004473714583249,0.4990138127629552,0.7468879668049793,0.48196116112894394
301,0.49203144578841007,0.5216962505328728,0.7468879668049793,0.46068456558108634
302,0.4836155201184953,0.5443787085055424,0.7468879668049793,0.43940797003322873
303,0.4751995944485805,0.56706114627546,0.7468879668049793,0.4181313744853712
304,0.4664177582318927,0.5907297914851743,0.7468879668049793,0.3959297003151739
305,0.45836772620288574,0.6124260420180472,0.7468879668049793,0.375578183389656
306,0.4495859068920632,0.6360946771263856,0.7468879668049793,0.35337651847015245
307,0.4411699643162832,0.6587771350990551,0.7468879668049793,0.33209991367160113
308,0.4327540386463684,0.6814595627675968,0.7468879668049793,0.310823336625131
309,0.42433811297645363,0.7041420207402663,0.7468879668049793,0.2895467318265797
310,0.41592218730653885,0.726824448408808,0.7468879668049793,0.26827014552941586
311,0.40750626163662407,0.7495069265842296,0.7468879668049793,0.24699353148017084
312,0.3990903359667093,0.7721893542527711,0.7468879668049793,0.22571694518300695
313,0.3906744102967945,0.7948717920226888,0.7468879668049793,0.2044403588858431
314,0.3822584846268797,0.8175542297926064,0.7468879668049793,0.18316377258867922
315,0.37347663150432675,0.8412228952050727,0.7468879668049793,0.16096208916778826
316,0.3650607227402771,0.8639053228736143,0.7468879668049793,0.13968550287062437
317,0.35701069071127023,0.8856016037106151,0.7468879668049793,0.11933394894233162
318,0.34786294394780937,0.9102564260559982,0.7468879668049793,0.09620723315256952
319,0.3394470182778946,0.9329388537245399,0.7468879668049793,0.07493064685540568
320,0.3317629137015259,0.9536489473244959,0.7468879668049793,0.055504162298758875
321,0.3233469880316111,0.9763313749930376,0.7468879668049793,0.03422757600159504
322,0.3145651518149233,0.9999999999999999,0.7468879668049793,0.012025929583478923
