,f1,f2,f3,f4,f5,f6,f7,f8,f9
0,0.33499999999999996,0.3799999999999999,0.0,1.0,1.0,0.5,0.75,0.5,0.8723404255319149
1,0.33499999999999996,0.8799999999999999,1.0,0.0,1.0,0.5,0.75,1.0,0.26595744680851063
2,0.33499999999999996,0.0,1.0,0.0,0.0,0.5,1.0,0.0,0.46808510638297873
3,0.33499999999999996,0.5,0.0,1.0,1.0,0.5,1.0,0.0,0.3404255319148936
4,0.33499999999999996,0.3400000000000001,1.0,1.0,0.0,0.5,0.75,0.0,0.46808510638297873
5,0.33499999999999996,0.3400000000000001,1.0,0.0,1.0,0.5,0.75,0.5,0.46808510638297873
6,0.33499999999999996,0.3400000000000001,0.0,0.0,0.0,0.0,0.75,0.0,0.4042553191489362
7,0.33499999999999996,1.0,1.0,1.0,1.0,0.5,0.5,0.0,0.3404255319148936
8,1.0,0.28,0.0,0.0,1.0,0.5,0.75,0.0,0.2021276595744681
9,1.0,0.21999999999999997,1.0,0.0,0.0,0.5,1.0,0.0,0.2021276595744681
10,1.0,0.3400000000000001,1.0,1.0,0.0,0.0,0.75,0.5,0.26595744680851063
11,1.0,0.56,1.0,1.0,1.0,0.5,0.5,0.5,0.07446808510638299
12,1.0,0.5,1.0,1.0,1.0,0.5,0.75,1.0,0.2021276595744681
13,1.0,0.6200000000000001,1.0,0.0,0.0,0.5,1.0,0.0,0.3404255319148936
14,1.0,0.8799999999999999,1.0,1.0,1.0,0.5,0.0,0.0,0.2021276595744681
15,1.0,0.6200000000000001,1.0,1.0,0.0,0.5,1.0,1.0,0.46808510638297873
16,1.0,0.28,1.0,0.0,1.0,0.5,1.0,0.0,0.3404255319148936
17,1.0,0.3799999999999999,1.0,0.0,1.0,0.5,0.75,0.0,0.2021276595744681
18,1.0,0.5,1.0,1.0,1.0,0.5,1.0,1.0,0.2021276595744681
19,1.0,0.3400000000000001,1.0,0.0,0.0,0.5,0.75,1.0,0.3404255319148936
20,1.0,0.3400000000000001,0.0,0.0,1.0,0.5,0.75,0.0,0.2021276595744681
21,1.0,0.5,1.0,0.0,0.0,0.5,0.5,0.5,0.2021276595744681
22,1.0,0.3400000000000001,1.0,1.0,0.0,0.5,0.75,0.0,0.2021276595744681
23,1.0,0.3799999999999999,1.0,0.0,1.0,0.0,1.0,0.0,0.4042553191489362
24,1.0,0.1200000000000001,1.0,0.0,1.0,0.5,1.0,0.0,0.6063829787234043
25,1.0,0.3400000000000001,1.0,0.0,0.0,0.5,1.0,0.0,0.2021276595744681
26,1.0,0.3400000000000001,1.0,0.0,1.0,0.5,0.5,0.0,0.3404255319148936
27,1.0,0.56,1.0,1.0,0.0,1.0,0.5,0.0,0.3404255319148936
28,1.0,0.15999999999999992,0.0,0.0,1.0,0.5,1.0,0.0,0.1382978723404255
29,1.0,0.3400000000000001,0.0,0.0,1.0,0.5,0.5,0.5,0.46808510638297873
30,1.0,0.21999999999999997,1.0,0.0,1.0,0.5,1.0,0.0,0.6063829787234043
31,1.0,0.1200000000000001,1.0,0.0,0.0,0.5,1.0,0.0,0.4042553191489362
32,1.0,0.28,0.0,0.0,0.0,0.5,1.0,0.0,0.6063829787234043
33,1.0,0.15999999999999992,1.0,1.0,1.0,0.5,0.75,0.5,0.4042553191489362
34,1.0,0.1200000000000001,1.0,1.0,1.0,0.5,1.0,0.0,0.6063829787234043
35,0.0,0.56,1.0,1.0,0.0,1.0,0.5,0.0,0.3404255319148936
36,0.0,0.56,1.0,0.0,1.0,0.5,1.0,0.0,0.2021276595744681
37,0.0,0.1200000000000001,1.0,0.0,1.0,0.5,1.0,0.0,0.6063829787234043
38,0.0,0.3400000000000001,0.0,0.0,1.0,0.5,0.5,0.5,0.46808510638297873
39,0.0,0.3799999999999999,1.0,0.0,0.0,0.5,1.0,0.0,0.26595744680851063
40,0.0,0.06000000000000005,1.0,1.0,1.0,0.5,0.75,1.0,0.46808510638297873
41,0.0,0.1200000000000001,1.0,1.0,0.0,0.5,0.75,1.0,0.46808510638297873
42,0.0,0.15999999999999992,1.0,0.0,1.0,0.0,0.75,1.0,0.46808510638297873
43,0.0,0.1200000000000001,1.0,0.0,0.0,0.5,1.0,0.0,0.4042553191489362
44,0.0,0.06000000000000005,1.0,1.0,0.0,1.0,1.0,0.5,0.26595744680851063
45,0.0,0.06000000000000005,1.0,0.0,0.0,1.0,1.0,0.5,0.4042553191489362
46,0.33499999999999996,0.1200000000000001,1.0,0.0,0.0,0.5,1.0,0.0,0.6063829787234043
47,0.33499999999999996,0.43999999999999995,1.0,1.0,0.0,0.5,0.5,1.0,0.1382978723404255
48,0.33499999999999996,0.28,1.0,1.0,1.0,0.5,0.75,0.0,0.26595744680851063
49,0.33499999999999996,0.5,1.0,1.0,1.0,0.5,0.5,0.0,0.1382978723404255
50,0.33499999999999996,0.3400000000000001,1.0,0.0,1.0,0.5,0.75,0.0,0.1382978723404255
51,0.33499999999999996,0.06000000000000005,1.0,1.0,0.0,1.0,1.0,0.0,0.7340425531914894
52,0.33499999999999996,0.06000000000000005,1.0,1.0,0.0,0.5,0.75,0.5,0.46808510638297873
53,0.33499999999999996,0.15999999999999992,1.0,1.0,1.0,0.0,0.75,0.5,0.1382978723404255
54,0.33499999999999996,0.21999999999999997,1.0,0.0,1.0,0.5,1.0,0.0,0.6063829787234043
55,0.33499999999999996,0.15999999999999992,1.0,0.0,1.0,0.5,0.75,1.0,0.1382978723404255
56,0.33499999999999996,0.06000000000000005,1.0,1.0,0.0,0.5,0.75,0.5,0.7340425531914894
57,0.33499999999999996,0.3799999999999999,1.0,1.0,1.0,0.0,1.0,0.0,0.7340425531914894
58,0.33499999999999996,0.1200000000000001,1.0,1.0,0.0,0.5,0.25,1.0,0.6063829787234043
59,1.0,0.15999999999999992,0.0,0.0,0.0,1.0,0.75,1.0,0.4042553191489362
60,1.0,0.1200000000000001,0.0,0.0,0.0,1.0,0.75,0.5,1.0
61,0.0,0.28,1.0,0.0,0.0,1.0,1.0,1.0,0.2021276595744681
62,0.0,0.21999999999999997,1.0,1.0,1.0,0.5,0.5,0.0,0.3404255319148936
63,0.0,0.1200000000000001,1.0,0.0,0.0,1.0,1.0,0.0,0.46808510638297873
64,0.0,0.06000000000000005,1.0,0.0,0.0,1.0,0.75,0.0,0.26595744680851063
65,0.33499999999999996,0.1200000000000001,0.0,0.0,1.0,0.5,1.0,0.0,0.5319148936170214
66,0.33499999999999996,0.0,1.0,1.0,0.0,0.0,0.75,0.5,0.8723404255319149
67,0.33499999999999996,0.0,1.0,0.0,0.0,1.0,1.0,0.0,0.4361702127659574
68,0.33499999999999996,0.0,1.0,0.0,0.0,1.0,0.75,0.5,0.26595744680851063
69,0.33499999999999996,0.0,1.0,0.0,1.0,0.0,0.75,0.0,0.46808510638297873
70,0.33499999999999996,0.0,1.0,1.0,0.0,0.0,0.75,0.5,0.8723404255319149
71,0.665,0.3799999999999999,1.0,0.0,0.0,1.0,1.0,0.0,0.26595744680851063
72,1.0,0.1200000000000001,1.0,0.0,0.0,1.0,0.5,0.5,0.46808510638297873
73,0.0,0.0,1.0,0.0,0.0,1.0,0.75,0.0,0.4042553191489362
74,0.0,0.06000000000000005,1.0,0.0,0.0,1.0,0.75,0.0,0.6063829787234043
75,0.0,0.56,1.0,0.0,1.0,1.0,1.0,1.0,0.2021276595744681
76,0.0,0.5,1.0,0.0,1.0,1.0,0.5,0.5,0.5319148936170214
77,0.0,0.43999999999999995,1.0,1.0,1.0,1.0,0.75,0.0,0.1382978723404255
78,0.0,0.06000000000000005,1.0,1.0,0.0,1.0,0.75,0.0,0.3404255319148936
79,0.0,1.0,1.0,0.0,1.0,1.0,0.5,0.5,0.2021276595744681
80,0.33499999999999996,0.8400000000000001,1.0,1.0,0.0,1.0,1.0,0.0,0.6063829787234043
81,0.0,0.6200000000000001,1.0,1.0,1.0,1.0,0.75,0.5,0.1382978723404255
82,0.33499999999999996,0.8400000000000001,1.0,0.0,0.0,1.0,0.5,0.0,0.1382978723404255
83,0.33499999999999996,0.72,1.0,1.0,1.0,1.0,1.0,0.0,0.2021276595744681
84,0.33499999999999996,0.56,1.0,0.0,0.0,1.0,1.0,1.0,0.0
85,0.33499999999999996,0.78,1.0,1.0,0.0,0.5,0.5,1.0,0.26595744680851063
86,0.33499999999999996,0.5,1.0,1.0,1.0,0.5,0.5,1.0,0.2021276595744681
87,0.33499999999999996,0.5,1.0,1.0,1.0,1.0,0.75,1.0,0.2021276595744681
88,0.33499999999999996,0.6599999999999999,1.0,1.0,1.0,0.5,1.0,0.0,0.26595744680851063
89,0.33499999999999996,0.6200000000000001,1.0,1.0,1.0,0.5,1.0,1.0,0.3404255319148936
90,0.33499999999999996,0.6200000000000001,1.0,1.0,1.0,1.0,0.75,0.0,0.3404255319148936
91,0.665,0.56,1.0,0.0,0.0,0.5,1.0,1.0,0.0
92,0.665,0.5,1.0,1.0,0.0,0.5,0.75,0.0,0.3404255319148936
93,0.665,0.5,1.0,0.0,1.0,0.5,0.75,0.0,0.4042553191489362
94,1.0,0.15999999999999992,1.0,0.0,0.0,0.5,0.5,1.0,0.46808510638297873
95,0.0,0.3400000000000001,1.0,0.0,0.0,0.5,1.0,0.0,0.46808510638297873
96,0.0,0.21999999999999997,1.0,0.0,0.0,0.5,0.75,0.5,0.46808510638297873
97,0.0,0.3400000000000001,1.0,1.0,1.0,0.5,1.0,0.0,0.26595744680851063
98,0.0,0.28,1.0,0.0,1.0,0.5,1.0,0.5,0.1382978723404255
99,0.0,0.3799999999999999,0.0,1.0,1.0,0.5,0.5,0.0,0.1382978723404255
