,f1,f2,f3,f4
0,0.75,0.5,1.0,0.0
1,0.25,0.16666666666666666,0.0,0.0
2,0.125,0.0,1.0,0.0
3,0.875,0.3333333333333333,1.0,1.0
4,0.375,0.5,0.0,1.0
5,0.0,0.0,0.0,0.0
6,0.5,0.5,1.0,1.0
7,0.25,0.16666666666666666,1.0,1.0
8,1.0,0.3333333333333333,0.0,0.5
9,0.375,0.5,1.0,1.0
10,0.0,0.0,0.0,0.0
11,0.625,0.3333333333333333,1.0,0.5
12,0.25,0.3333333333333333,0.0,1.0
13,0.625,0.3333333333333333,0.0,0.5
14,0.375,0.3333333333333333,0.0,1.0
15,0.375,0.16666666666666666,0.0,1.0
16,0.25,0.16666666666666666,0.0,1.0
17,0.25,0.5,1.0,1.0
18,0.25,0.16666666666666666,1.0,1.0
19,0.0,0.0,0.0,0.5
20,1.0,0.16666666666666666,0.0,1.0
21,0.25,0.3333333333333333,0.0,1.0
22,0.625,0.16666666666666666,0.0,0.5
23,0.375,0.5,1.0,0.5
24,0.625,0.16666666666666666,1.0,0.0
25,0.5,0.5,1.0,0.0
26,0.75,0.6666666666666666,1.0,1.0
27,0.25,0.16666666666666666,0.0,0.5
28,1.0,0.16666666666666666,0.0,0.5
29,0.625,0.3333333333333333,1.0,0.5
30,0.5,0.5,0.0,0.5
31,0.5,0.0,1.0,0.5
32,0.125,0.16666666666666666,0.0,1.0
33,0.125,0.16666666666666666,1.0,1.0
34,0.75,0.8333333333333333,1.0,1.0
35,0.5,0.6666666666666666,1.0,0.5
36,0.75,0.6666666666666666,0.0,1.0
37,0.0,0.0,0.0,1.0
38,0.875,0.0,0.0,1.0
39,0.625,0.3333333333333333,1.0,1.0
40,0.0,0.16666666666666666,0.0,1.0
41,0.0,0.3333333333333333,0.0,1.0
42,1.0,0.8333333333333333,0.0,0.5
43,0.75,0.6666666666666666,1.0,1.0
44,0.875,0.8333333333333333,1.0,1.0
45,0.625,0.6666666666666666,0.0,0.0
46,1.0,0.5,1.0,1.0
47,0.125,0.3333333333333333,0.0,1.0
48,0.5,0.0,1.0,1.0
49,0.5,0.3333333333333333,0.0,0.0
50,0.5,0.16666666666666666,1.0,1.0
51,0.625,0.6666666666666666,1.0,1.0
52,0.5,0.5,1.0,0.0
53,0.625,0.16666666666666666,1.0,0.5
54,0.75,0.3333333333333333,1.0,0.5
55,0.75,0.6666666666666666,1.0,0.0
56,0.25,0.16666666666666666,1.0,0.0
57,0.5,0.5,0.0,1.0
58,0.25,0.3333333333333333,0.0,0.5
59,1.0,0.3333333333333333,0.0,1.0
60,0.25,0.0,1.0,1.0
61,0.375,0.0,0.0,0.0
62,0.375,0.5,1.0,0.0
63,1.0,0.6666666666666666,0.0,1.0
64,0.0,0.5,0.0,1.0
65,0.875,0.8333333333333333,1.0,1.0
66,0.0,0.0,0.0,1.0
67,0.25,0.3333333333333333,1.0,1.0
68,0.875,0.5,0.0,1.0
69,0.625,0.16666666666666666,1.0,0.5
70,0.5,0.3333333333333333,1.0,0.5
71,0.75,0.5,0.0,1.0
72,0.75,0.0,1.0,0.0
73,0.0,0.0,1.0,1.0
74,0.5,0.3333333333333333,1.0,1.0
75,0.25,0.6666666666666666,0.0,1.0
76,0.875,0.8333333333333333,0.0,1.0
77,0.0,0.0,1.0,0.5
78,0.75,0.0,0.0,1.0
79,0.75,0.3333333333333333,0.0,1.0
80,0.25,0.5,1.0,0.0
81,0.0,0.3333333333333333,1.0,0.5
82,0.625,0.3333333333333333,0.0,0.0
83,0.5,0.5,1.0,0.0
84,0.0,0.0,0.0,1.0
85,0.375,0.16666666666666666,0.0,0.5
86,0.25,0.16666666666666666,0.0,1.0
87,0.0,0.16666666666666666,0.0,0.5
88,0.375,0.3333333333333333,0.0,0.0
89,0.875,0.8333333333333333,0.0,1.0
90,0.875,0.3333333333333333,0.0,1.0
91,0.75,0.5,1.0,1.0
92,0.75,0.3333333333333333,1.0,0.0
93,0.375,0.16666666666666666,0.0,1.0
94,0.0,0.0,0.0,1.0
95,0.75,0.3333333333333333,0.0,1.0
96,0.875,0.0,1.0,1.0
97,0.5,0.5,1.0,1.0
98,0.5,0.0,1.0,0.0
99,0.125,0.16666666666666666,1.0,0.0
100,0.25,0.3333333333333333,0.0,1.0
101,0.25,0.0,0.0,1.0
102,0.5,0.0,0.0,1.0
103,0.25,0.0,1.0,1.0
104,0.25,0.16666666666666666,0.0,0.5
105,0.625,0.16666666666666666,1.0,0.0
106,0.125,0.3333333333333333,0.0,0.0
107,0.875,0.5,0.0,1.0
108,0.5,0.16666666666666666,0.0,1.0
109,0.625,0.6666666666666666,1.0,0.5
110,0.5,0.5,1.0,1.0
111,0.0,0.0,0.0,1.0
112,0.0,0.0,0.0,1.0
113,0.875,0.6666666666666666,0.0,1.0
114,1.0,0.0,1.0,1.0
115,0.625,0.16666666666666666,1.0,0.0
116,0.75,0.6666666666666666,0.0,0.5
117,0.5,0.0,1.0,0.5
118,1.0,0.0,1.0,1.0
119,0.5,0.3333333333333333,1.0,0.0
120,0.875,1.0,1.0,0.0
121,0.5,0.16666666666666666,1.0,1.0
122,0.75,0.16666666666666666,1.0,0.5
123,0.5,0.0,1.0,0.5
124,0.375,0.6666666666666666,1.0,0.5
125,0.75,0.3333333333333333,1.0,0.5
126,0.0,0.0,1.0,0.0
127,0.375,0.16666666666666666,0.0,1.0
128,0.75,0.3333333333333333,0.0,0.5
129,0.75,0.0,0.0,0.5
130,0.25,0.3333333333333333,1.0,0.5
131,0.375,0.6666666666666666,0.0,1.0
132,0.625,0.5,0.0,0.5
133,0.5,0.6666666666666666,1.0,1.0
134,0.625,0.5,1.0,1.0
135,0.875,0.3333333333333333,1.0,0.5
136,0.0,0.0,1.0,1.0
137,0.75,0.0,0.0,1.0
138,0.625,0.0,0.0,1.0
139,0.375,0.0,1.0,1.0
140,0.75,0.6666666666666666,0.0,1.0
141,0.125,0.0,1.0,0.5
142,0.5,1.0,0.0,0.0
143,0.25,0.0,0.0,0.5
144,1.0,0.6666666666666666,1.0,0.5
145,0.5,0.5,0.0,1.0
146,0.25,0.16666666666666666,1.0,0.0
147,0.125,0.16666666666666666,0.0,0.5
148,0.375,0.3333333333333333,0.0,1.0
149,0.0,0.0,1.0,1.0
150,0.5,0.16666666666666666,1.0,0.5
151,0.0,0.0,1.0,0.0
152,0.375,0.6666666666666666,1.0,1.0
153,0.25,0.16666666666666666,0.0,0.5
154,0.625,0.6666666666666666,0.0,0.5
155,0.125,0.0,1.0,0.0
156,0.25,0.0,0.0,1.0
157,0.25,0.16666666666666666,1.0,1.0
158,0.0,0.0,1.0,1.0
159,0.0,0.16666666666666666,0.0,1.0
160,0.0,0.0,0.0,0.5
161,0.5,0.0,1.0,0.0
162,1.0,0.0,0.0,1.0
163,0.5,0.16666666666666666,0.0,1.0
164,0.75,0.16666666666666666,0.0,0.5
165,0.5,0.0,0.0,1.0
166,0.125,0.0,1.0,0.5
167,0.0,0.0,1.0,1.0
168,0.875,0.5,1.0,0.0
169,0.75,0.16666666666666666,1.0,0.5
170,0.625,0.3333333333333333,0.0,0.5
171,0.25,0.16666666666666666,1.0,1.0
172,0.375,0.16666666666666666,0.0,0.5
173,0.25,0.3333333333333333,0.0,0.5
174,0.0,0.0,0.0,1.0
175,1.0,0.0,0.0,1.0
176,0.0,0.0,0.0,0.5
177,0.0,0.16666666666666666,1.0,0.5
178,0.0,0.0,1.0,1.0
179,0.0,0.0,1.0,0.5
180,0.25,0.0,1.0,1.0
181,0.0,0.16666666666666666,1.0,0.5
182,0.25,0.3333333333333333,1.0,0.5
183,0.25,0.16666666666666666,0.0,0.5
184,0.375,0.16666666666666666,0.0,0.5
185,0.0,0.0,0.0,0.5
186,0.0,0.0,0.0,0.0
187,0.25,0.0,0.0,1.0
188,0.125,0.16666666666666666,1.0,0.5
189,0.75,0.0,1.0,0.0
190,0.875,0.8333333333333333,1.0,0.5
191,0.0,0.0,0.0,1.0
192,0.0,0.0,0.0,0.5
193,0.25,0.16666666666666666,0.0,0.0
194,0.25,0.3333333333333333,0.0,0.0
195,0.625,0.16666666666666666,1.0,1.0
196,0.5,0.5,1.0,1.0
197,0.0,0.0,0.0,0.0
198,0.875,0.5,0.0,1.0
199,0.0,0.0,1.0,0.0
200,0.0,0.5,1.0,0.5
201,1.0,0.16666666666666666,1.0,1.0
202,0.125,0.0,0.0,0.0
203,0.75,0.16666666666666666,0.0,1.0
204,0.375,0.16666666666666666,0.0,1.0
205,0.0,0.3333333333333333,0.0,1.0
206,0.75,0.0,0.0,0.5
207,0.375,0.3333333333333333,0.0,0.0
208,0.0,0.0,0.0,0.5
209,0.0,0.16666666666666666,1.0,0.5
210,1.0,0.6666666666666666,1.0,0.5
211,0.75,0.16666666666666666,0.0,0.0
212,0.25,0.6666666666666666,0.0,1.0
213,0.0,0.0,1.0,0.5
214,0.375,0.5,0.0,1.0
215,0.375,0.0,1.0,1.0
216,0.75,0.3333333333333333,0.0,1.0
217,0.0,0.0,1.0,0.5
218,0.875,0.8333333333333333,0.0,0.5
219,0.0,0.0,1.0,0.5
220,0.625,0.16666666666666666,1.0,0.5
221,0.25,0.6666666666666666,1.0,1.0
222,0.5,0.6666666666666666,0.0,1.0
223,0.125,0.16666666666666666,0.0,0.5
224,0.0,0.5,1.0,1.0
225,0.75,0.3333333333333333,1.0,0.5
226,0.375,0.0,0.0,1.0
227,0.0,0.0,0.0,1.0
228,0.25,0.3333333333333333,1.0,1.0
229,0.0,0.0,1.0,1.0
230,0.0,0.0,1.0,1.0
231,0.0,0.16666666666666666,1.0,0.5
232,0.0,0.16666666666666666,1.0,0.5
233,0.0,0.0,1.0,1.0
234,0.375,0.0,1.0,1.0
235,1.0,0.5,1.0,0.0
236,0.0,0.3333333333333333,0.0,1.0
237,0.625,0.16666666666666666,0.0,1.0
238,0.875,0.3333333333333333,1.0,0.5
239,0.0,0.3333333333333333,1.0,0.5
240,0.5,0.0,0.0,0.5
241,0.25,0.0,0.0,1.0
242,0.375,0.3333333333333333,0.0,0.5
243,0.0,0.0,1.0,0.5
244,0.875,0.8333333333333333,1.0,1.0
245,0.0,0.0,1.0,0.5
246,0.0,0.0,1.0,0.0
247,0.125,0.0,1.0,0.5
248,0.0,0.0,1.0,0.5
249,0.375,0.6666666666666666,1.0,1.0
250,0.5,0.3333333333333333,1.0,0.5
251,0.875,0.3333333333333333,1.0,0.0
252,0.625,0.6666666666666666,0.0,0.5
253,0.5,0.5,1.0,0.5
254,0.625,0.6666666666666666,0.0,0.5
255,0.5,0.16666666666666666,0.0,0.0
256,0.75,0.5,0.0,1.0
257,0.375,0.0,1.0,1.0
258,0.75,0.5,1.0,1.0
259,0.25,0.3333333333333333,0.0,0.0
260,0.25,0.3333333333333333,0.0,0.5
261,0.375,0.16666666666666666,1.0,0.0
262,0.625,0.3333333333333333,1.0,1.0
263,0.5,0.3333333333333333,0.0,0.5
264,0.625,0.5,1.0,1.0
265,0.625,0.16666666666666666,1.0,1.0
266,0.375,0.3333333333333333,1.0,0.5
267,0.125,0.0,0.0,0.5
268,0.5,0.3333333333333333,0.0,0.5
269,0.5,0.16666666666666666,1.0,0.0
270,0.25,0.3333333333333333,1.0,0.5
271,0.5,0.16666666666666666,1.0,0.5
272,1.0,0.5,1.0,0.5
273,0.5,0.5,1.0,0.0
274,0.25,0.16666666666666666,1.0,0.5
275,0.125,0.3333333333333333,0.0,0.0
276,0.625,0.6666666666666666,1.0,1.0
277,0.0,0.0,0.0,0.0
278,0.375,0.0,0.0,0.5
279,0.625,0.5,1.0,0.5
280,0.0,0.0,0.0,0.5
281,0.75,0.6666666666666666,0.0,1.0
282,0.375,0.3333333333333333,1.0,1.0
283,0.375,0.5,1.0,1.0
284,0.75,0.5,1.0,1.0
285,0.625,0.5,1.0,0.5
286,0.625,0.6666666666666666,0.0,0.5
287,0.125,0.0,1.0,1.0
288,0.0,0.0,0.0,1.0
289,0.75,0.8333333333333333,1.0,0.5
290,0.25,0.5,0.0,0.0
291,0.0,0.0,1.0,0.0
292,0.0,0.0,1.0,0.0
293,1.0,0.6666666666666666,1.0,1.0
294,0.5,0.8333333333333333,1.0,1.0
295,0.875,0.16666666666666666,1.0,1.0
296,0.75,1.0,1.0,0.5
297,0.75,0.8333333333333333,1.0,1.0
298,0.5,0.8333333333333333,0.0,0.0
299,1.0,1.0,1.0,1.0
300,1.0,1.0,1.0,0.5
301,0.125,0.16666666666666666,0.0,1.0
302,0.5,0.3333333333333333,1.0,0.0
303,0.875,0.6666666666666666,0.0,0.5
304,0.125,0.16666666666666666,0.0,0.5
305,0.125,0.3333333333333333,0.0,1.0
306,0.875,0.8333333333333333,1.0,1.0
307,0.375,0.0,0.0,1.0
308,0.75,0.3333333333333333,0.0,0.5
309,0.25,0.5,0.0,1.0
310,0.0,0.0,0.0,0.0
311,0.625,0.5,1.0,0.0
312,0.25,0.3333333333333333,1.0,0.5
313,0.0,0.0,1.0,0.5
314,0.0,0.0,1.0,1.0
315,0.625,0.6666666666666666,1.0,0.0
316,0.375,0.5,1.0,0.5
317,0.25,0.3333333333333333,0.0,0.5
318,0.0,0.0,1.0,0.5
319,0.5,0.16666666666666666,1.0,0.5
320,0.125,0.0,0.0,0.5
321,0.25,0.0,0.0,0.5
322,1.0,1.0,1.0,0.0
323,0.25,0.16666666666666666,1.0,0.5
324,0.0,0.16666666666666666,1.0,0.5
325,0.625,0.8333333333333333,1.0,0.5
326,0.875,1.0,0.0,1.0
327,0.125,0.16666666666666666,0.0,1.0
328,0.0,0.0,0.0,1.0
329,1.0,1.0,0.0,0.0
330,0.0,0.16666666666666666,1.0,0.5
331,0.625,0.5,1.0,0.5
332,0.5,0.16666666666666666,1.0,1.0
333,0.5,0.8333333333333333,0.0,0.5
334,0.375,0.0,0.0,1.0
335,0.625,0.16666666666666666,0.0,0.5
336,0.625,0.8333333333333333,0.0,1.0
337,0.625,0.6666666666666666,0.0,1.0
338,0.0,0.16666666666666666,0.0,0.5
339,0.75,0.6666666666666666,0.0,0.5
340,0.0,0.0,0.0,0.0
341,1.0,0.5,1.0,1.0
342,1.0,1.0,1.0,1.0
343,0.0,0.3333333333333333,1.0,0.5
344,0.625,0.8333333333333333,1.0,0.0
345,0.875,0.8333333333333333,1.0,1.0
346,0.75,0.8333333333333333,0.0,0.5
347,0.0,0.0,0.0,0.5
348,0.875,0.6666666666666666,0.0,1.0
349,0.25,0.3333333333333333,1.0,0.5
350,0.75,0.8333333333333333,1.0,0.5
351,0.375,0.3333333333333333,1.0,0.5
352,0.625,0.16666666666666666,0.0,1.0
353,0.875,0.5,1.0,0.5
354,0.875,0.16666666666666666,0.0,0.0
355,0.75,0.5,0.0,0.5
356,0.375,0.0,1.0,1.0
357,0.125,0.16666666666666666,0.0,0.5
358,0.375,0.3333333333333333,0.0,1.0
359,0.625,1.0,1.0,1.0
360,0.75,0.5,1.0,0.5
361,0.25,0.0,1.0,0.5
362,0.875,0.5,1.0,1.0
363,0.5,0.6666666666666666,1.0,0.5
364,0.25,0.3333333333333333,1.0,0.0
365,0.5,0.0,1.0,0.5
366,0.625,0.5,0.0,0.5
367,0.125,0.16666666666666666,1.0,0.5
368,0.375,0.16666666666666666,1.0,1.0
369,0.125,0.16666666666666666,1.0,1.0
370,0.25,0.0,1.0,1.0
371,0.375,0.8333333333333333,1.0,0.5
372,1.0,1.0,1.0,0.5
373,0.5,0.5,1.0,1.0
374,0.25,0.3333333333333333,0.0,1.0
375,0.125,0.5,0.0,1.0
376,0.5,0.3333333333333333,0.0,1.0
377,0.5,0.0,0.0,1.0
378,0.0,0.0,0.0,0.5
379,0.0,0.16666666666666666,0.0,1.0
380,0.75,0.5,0.0,1.0
381,0.5,0.3333333333333333,0.0,0.5
382,1.0,0.5,1.0,0.0
383,0.125,0.5,1.0,0.5
384,0.375,0.16666666666666666,1.0,0.5
385,0.25,0.16666666666666666,1.0,0.5
386,0.375,0.3333333333333333,1.0,0.5
387,0.375,0.3333333333333333,1.0,1.0
388,0.125,0.3333333333333333,1.0,1.0
389,0.75,0.3333333333333333,0.0,1.0
390,1.0,0.3333333333333333,1.0,0.5
391,0.875,0.0,1.0,0.5
392,0.875,0.5,1.0,1.0
393,0.625,0.16666666666666666,1.0,0.5
394,0.375,0.3333333333333333,0.0,1.0
395,0.0,0.8333333333333333,0.0,0.5
396,0.375,0.6666666666666666,1.0,0.0
397,0.75,0.5,1.0,1.0
398,0.0,0.0,0.0,1.0
399,0.625,0.16666666666666666,1.0,1.0
400,0.875,0.3333333333333333,1.0,1.0
401,0.125,0.16666666666666666,0.0,1.0
402,0.875,0.8333333333333333,1.0,0.5
403,0.875,1.0,1.0,0.5
404,0.875,0.6666666666666666,1.0,0.5
405,0.75,0.6666666666666666,0.0,1.0
406,0.25,0.5,0.0,1.0
407,0.625,0.5,0.0,1.0
408,0.0,0.0,1.0,0.0
409,0.0,0.16666666666666666,1.0,0.0
410,0.0,0.3333333333333333,0.0,0.0
411,0.0,0.0,1.0,0.5
412,0.875,0.8333333333333333,1.0,1.0
413,0.5,0.5,0.0,0.5
414,0.0,0.16666666666666666,0.0,1.0
415,0.125,0.16666666666666666,1.0,0.0
416,0.125,0.0,0.0,0.0
417,0.125,0.16666666666666666,1.0,1.0
418,0.0,0.0,0.0,0.5
419,0.0,0.0,1.0,1.0
420,0.25,0.8333333333333333,1.0,1.0
421,0.5,0.16666666666666666,1.0,1.0
422,0.625,0.5,1.0,0.5
423,0.75,0.5,0.0,0.5
424,0.0,0.0,0.0,0.5
425,0.375,0.16666666666666666,0.0,1.0
426,0.25,0.3333333333333333,0.0,0.5
427,0.125,0.3333333333333333,0.0,0.0
428,0.0,0.0,0.0,0.5
429,0.375,0.3333333333333333,0.0,1.0
430,0.5,0.5,1.0,0.5
431,0.875,0.8333333333333333,1.0,0.5
432,0.375,0.16666666666666666,1.0,1.0
433,0.5,0.6666666666666666,0.0,1.0
434,0.0,0.0,0.0,0.5
435,0.625,0.5,0.0,1.0
436,0.125,0.16666666666666666,0.0,1.0
437,0.875,0.8333333333333333,1.0,1.0
438,0.5,0.5,1.0,0.5
439,1.0,0.3333333333333333,1.0,0.5
440,0.0,0.0,0.0,1.0
441,1.0,1.0,0.0,1.0
442,0.375,0.0,0.0,0.5
443,0.5,0.6666666666666666,0.0,0.0
444,0.125,0.3333333333333333,0.0,1.0
445,0.0,0.16666666666666666,0.0,1.0
446,1.0,0.8333333333333333,1.0,0.0
447,1.0,0.5,1.0,0.5
448,0.125,0.0,1.0,0.5
449,0.25,0.6666666666666666,0.0,1.0
450,0.75,0.8333333333333333,1.0,0.5
451,0.0,0.0,1.0,1.0
452,1.0,1.0,1.0,1.0
453,0.625,0.0,0.0,0.5
454,0.125,0.16666666666666666,0.0,0.5
455,0.0,0.3333333333333333,0.0,0.5
456,0.125,0.0,1.0,0.5
457,0.25,0.5,0.0,1.0
458,0.5,0.5,0.0,1.0
459,0.0,0.0,1.0,0.5
460,0.25,0.6666666666666666,1.0,1.0
461,0.0,0.5,0.0,1.0
462,0.5,0.5,0.0,0.5
463,0.75,0.6666666666666666,0.0,0.5
464,0.5,0.3333333333333333,1.0,0.5
465,0.875,0.16666666666666666,1.0,0.5
466,0.0,0.0,0.0,0.5
467,0.375,0.16666666666666666,0.0,0.5
468,0.0,0.6666666666666666,0.0,0.5
469,0.375,0.5,1.0,0.5
470,1.0,0.8333333333333333,0.0,0.0
471,0.25,0.3333333333333333,1.0,0.5
472,0.75,0.5,0.0,1.0
473,1.0,0.8333333333333333,0.0,0.5
474,0.375,0.16666666666666666,0.0,0.5
475,0.625,0.5,1.0,1.0
476,0.25,0.0,0.0,0.5
477,0.0,0.16666666666666666,0.0,1.0
478,0.5,0.16666666666666666,1.0,0.0
479,0.375,0.5,0.0,0.5
480,0.625,0.8333333333333333,1.0,0.5
481,0.75,0.6666666666666666,1.0,0.5
482,0.0,0.0,1.0,0.5
483,0.75,0.0,1.0,0.5
484,1.0,0.5,1.0,0.5
485,0.5,0.16666666666666666,0.0,1.0
486,0.125,0.16666666666666666,1.0,0.5
487,0.0,0.0,1.0,0.5
488,0.0,0.16666666666666666,0.0,0.5
489,0.625,0.3333333333333333,1.0,0.5
490,0.0,0.0,0.0,1.0
491,0.125,0.3333333333333333,0.0,0.0
492,0.375,0.0,0.0,1.0
493,0.0,0.0,1.0,0.5
494,0.0,0.3333333333333333,0.0,0.0
495,0.5,0.3333333333333333,0.0,1.0
496,0.75,0.5,1.0,0.5
497,0.625,0.5,1.0,1.0
498,0.625,0.5,1.0,1.0
499,0.125,0.5,0.0,0.5
500,0.125,0.16666666666666666,1.0,0.5
501,0.625,0.6666666666666666,0.0,1.0
502,0.0,0.16666666666666666,1.0,0.0
503,0.75,0.3333333333333333,1.0,0.5
504,0.625,0.0,0.0,1.0
505,0.25,0.3333333333333333,1.0,0.5
506,0.125,0.0,0.0,1.0
507,1.0,0.8333333333333333,0.0,1.0
508,0.5,0.5,0.0,1.0
509,0.0,0.0,0.0,0.5
510,0.625,0.8333333333333333,0.0,1.0
511,0.375,0.0,0.0,0.5
512,0.0,0.0,1.0,0.5
513,0.0,0.16666666666666666,1.0,0.5
514,1.0,0.8333333333333333,1.0,1.0
515,0.75,0.6666666666666666,1.0,0.5
516,0.5,0.3333333333333333,1.0,0.5
517,0.375,0.3333333333333333,1.0,0.5
518,0.5,0.5,1.0,1.0
519,0.875,0.8333333333333333,0.0,1.0
520,0.625,0.6666666666666666,1.0,0.5
521,0.25,0.16666666666666666,1.0,0.5
522,0.0,0.16666666666666666,0.0,0.5
523,0.5,0.0,1.0,0.5
524,0.0,0.0,1.0,0.5
525,0.0,0.0,1.0,0.0
526,0.875,0.5,1.0,1.0
527,0.0,0.0,0.0,0.0
528,0.75,0.3333333333333333,0.0,1.0
529,0.25,0.16666666666666666,1.0,0.0
530,0.125,0.0,0.0,1.0
531,0.0,0.0,0.0,0.5
532,1.0,0.16666666666666666,0.0,1.0
533,0.375,0.3333333333333333,0.0,1.0
534,0.375,0.5,1.0,0.5
535,0.5,0.5,1.0,1.0
536,0.0,0.0,1.0,0.5
537,0.625,0.5,1.0,1.0
538,0.875,1.0,1.0,0.5
539,0.125,0.16666666666666666,0.0,0.0
540,0.625,0.6666666666666666,0.0,1.0
541,0.625,0.3333333333333333,0.0,0.5
542,0.25,0.0,0.0,1.0
543,0.125,0.0,0.0,0.5
544,0.625,0.3333333333333333,0.0,0.5
545,0.125,0.16666666666666666,1.0,1.0
546,0.75,0.5,1.0,1.0
547,0.375,0.5,1.0,0.5
548,0.75,0.0,0.0,0.0
549,0.875,0.5,0.0,1.0
550,0.75,0.5,1.0,1.0
551,0.5,0.6666666666666666,1.0,1.0
552,0.375,0.6666666666666666,0.0,0.5
553,0.875,0.6666666666666666,0.0,0.5
554,1.0,0.8333333333333333,1.0,1.0
555,0.0,0.0,1.0,0.5
556,0.375,0.3333333333333333,1.0,1.0
557,0.125,0.0,0.0,0.0
558,0.5,0.5,0.0,0.5
559,0.5,0.3333333333333333,1.0,1.0
560,0.5,0.6666666666666666,0.0,1.0
561,0.625,0.3333333333333333,1.0,1.0
562,0.0,0.0,0.0,0.0
563,0.625,0.16666666666666666,1.0,0.5
564,0.375,0.16666666666666666,1.0,0.5
565,1.0,0.3333333333333333,0.0,1.0
566,0.125,0.5,1.0,1.0
567,0.0,0.0,0.0,1.0
568,1.0,0.3333333333333333,1.0,1.0
569,0.0,0.3333333333333333,0.0,0.5
570,0.0,0.0,0.0,1.0
571,0.25,0.16666666666666666,0.0,1.0
572,0.125,0.3333333333333333,1.0,1.0
573,0.625,0.5,0.0,1.0
574,0.625,0.6666666666666666,1.0,0.5
575,0.0,0.0,0.0,1.0
576,0.0,0.0,0.0,1.0
577,0.625,0.0,1.0,0.5
578,0.0,0.0,1.0,0.5
579,0.875,0.8333333333333333,1.0,0.5
580,0.25,0.3333333333333333,0.0,1.0
581,0.5,0.5,0.0,0.5
582,0.0,0.0,0.0,0.5
583,0.0,0.0,1.0,0.5
584,0.375,0.16666666666666666,0.0,1.0
585,0.0,0.0,1.0,1.0
586,0.875,0.0,1.0,1.0
587,0.75,0.8333333333333333,1.0,1.0
588,0.5,0.6666666666666666,1.0,1.0
589,0.125,0.0,0.0,0.5
590,0.625,0.16666666666666666,0.0,0.0
591,0.625,0.16666666666666666,0.0,1.0
592,0.625,0.6666666666666666,0.0,1.0
593,0.625,0.8333333333333333,1.0,1.0
594,0.875,0.16666666666666666,0.0,1.0
595,0.0,0.0,0.0,0.5
596,0.5,0.16666666666666666,0.0,0.5
597,1.0,0.8333333333333333,0.0,0.0
598,0.0,0.0,1.0,1.0
599,1.0,0.3333333333333333,0.0,0.5
600,0.0,0.0,1.0,0.0
601,0.0,0.0,1.0,1.0
602,0.5,0.3333333333333333,1.0,1.0
603,0.125,0.0,1.0,0.0
604,0.75,0.3333333333333333,0.0,0.5
605,0.75,0.16666666666666666,0.0,1.0
606,0.625,0.5,0.0,0.0
607,0.5,0.5,0.0,0.5
608,0.75,0.5,1.0,0.0
609,0.625,0.3333333333333333,0.0,0.5
610,0.875,0.3333333333333333,0.0,0.5
611,0.0,0.3333333333333333,1.0,0.5
612,0.375,0.16666666666666666,0.0,0.5
613,0.875,0.5,1.0,0.5
614,0.75,0.8333333333333333,0.0,1.0
615,0.25,0.0,0.0,0.0
616,0.0,0.16666666666666666,0.0,1.0
617,0.875,0.8333333333333333,0.0,0.5
618,1.0,0.16666666666666666,1.0,0.0
619,0.0,0.0,1.0,1.0
620,0.25,0.16666666666666666,0.0,0.5
621,0.625,0.16666666666666666,0.0,1.0
622,0.625,0.6666666666666666,1.0,1.0
623,0.0,0.0,1.0,1.0
624,0.5,0.0,0.0,0.5
625,0.75,0.6666666666666666,1.0,0.5
626,0.0,0.0,0.0,1.0
627,0.25,0.3333333333333333,0.0,0.0
628,0.75,0.0,0.0,1.0
629,0.0,0.0,0.0,1.0
630,0.75,0.5,0.0,0.5
631,0.625,0.6666666666666666,0.0,0.5
632,0.75,0.6666666666666666,1.0,0.5
633,0.0,0.0,1.0,0.0
634,0.625,0.5,1.0,0.5
635,0.25,0.3333333333333333,0.0,1.0
636,0.25,0.6666666666666666,0.0,0.5
637,0.0,0.0,1.0,0.0
638,0.125,0.0,1.0,0.5
639,0.375,0.3333333333333333,0.0,0.5
640,0.0,0.0,0.0,0.0
641,0.75,0.16666666666666666,0.0,0.5
642,0.625,0.16666666666666666,1.0,0.0
643,0.0,0.0,1.0,1.0
644,0.875,0.8333333333333333,1.0,1.0
645,0.375,0.0,0.0,0.5
646,1.0,0.8333333333333333,0.0,1.0
647,0.5,0.16666666666666666,0.0,1.0
648,0.5,0.5,0.0,1.0
649,0.75,0.3333333333333333,1.0,0.5
650,0.0,0.0,0.0,0.5
651,0.75,0.0,0.0,1.0
652,0.0,0.0,1.0,1.0
653,0.0,0.0,1.0,1.0
654,0.0,0.0,0.0,0.5
655,1.0,0.0,0.0,1.0
656,0.875,0.16666666666666666,0.0,0.5
657,0.0,0.0,0.0,0.5
658,0.125,0.3333333333333333,1.0,1.0
659,0.0,0.0,1.0,1.0
660,0.125,0.0,0.0,0.5
661,0.75,0.6666666666666666,0.0,0.5
662,0.375,0.0,0.0,0.0
663,0.125,0.0,0.0,1.0
664,0.125,0.16666666666666666,0.0,1.0
665,0.0,0.0,0.0,1.0
666,0.5,0.5,1.0,0.5
667,0.0,0.0,1.0,1.0
668,0.125,0.16666666666666666,1.0,1.0
669,0.25,0.3333333333333333,1.0,0.5
670,1.0,0.8333333333333333,1.0,0.5
671,0.625,0.0,1.0,1.0
672,0.125,0.16666666666666666,0.0,1.0
673,0.125,0.0,0.0,1.0
674,0.125,0.16666666666666666,0.0,1.0
675,0.25,0.5,0.0,1.0
676,0.0,0.0,0.0,1.0
677,0.5,0.0,0.0,0.5
678,0.25,0.0,0.0,1.0
679,0.0,0.0,0.0,0.5
680,0.5,0.6666666666666666,0.0,0.5
681,0.75,0.8333333333333333,1.0,0.5
682,0.25,0.0,1.0,1.0
683,0.125,0.0,1.0,0.0
684,0.5,0.16666666666666666,1.0,1.0
685,0.75,1.0,0.0,0.5
686,0.375,0.5,0.0,1.0
687,0.0,0.16666666666666666,0.0,0.5
688,0.75,0.3333333333333333,1.0,1.0
689,0.625,0.5,0.0,1.0
690,1.0,0.8333333333333333,1.0,1.0
691,0.0,0.0,1.0,1.0
692,0.25,0.16666666666666666,1.0,1.0
693,0.875,1.0,0.0,1.0
694,0.25,0.0,1.0,1.0
695,0.5,0.3333333333333333,1.0,1.0
696,0.875,0.8333333333333333,1.0,1.0
697,0.875,0.8333333333333333,1.0,0.5
698,0.125,0.0,0.0,0.5
699,0.125,1.0,0.0,1.0
700,0.125,0.0,0.0,1.0
701,0.375,0.16666666666666666,1.0,0.5
702,0.5,0.16666666666666666,0.0,0.5
703,0.0,0.0,1.0,0.0
704,0.625,0.8333333333333333,1.0,1.0
705,0.75,0.5,1.0,1.0
706,0.5,0.16666666666666666,0.0,1.0
707,0.0,0.16666666666666666,1.0,1.0
708,0.875,1.0,0.0,1.0
709,0.375,0.6666666666666666,1.0,1.0
710,0.25,0.16666666666666666,0.0,1.0
711,0.25,0.0,0.0,0.5
712,0.5,0.0,0.0,1.0
713,0.125,0.0,0.0,0.5
714,0.0,0.16666666666666666,0.0,1.0
715,0.125,0.16666666666666666,0.0,1.0
716,0.25,0.3333333333333333,1.0,1.0
717,0.0,0.0,0.0,1.0
718,0.25,0.3333333333333333,0.0,1.0
719,0.25,0.16666666666666666,1.0,0.5
720,0.625,0.3333333333333333,0.0,1.0
721,0.25,0.5,0.0,1.0
722,0.5,0.6666666666666666,1.0,1.0
723,0.375,0.0,1.0,0.5
724,0.5,0.3333333333333333,0.0,1.0
725,0.5,0.6666666666666666,0.0,1.0
726,0.375,0.16666666666666666,0.0,1.0
727,0.25,0.16666666666666666,1.0,1.0
728,0.125,0.16666666666666666,1.0,1.0
729,0.0,0.0,0.0,1.0
730,0.875,0.0,0.0,0.0
731,0.375,0.16666666666666666,0.0,0.0
732,0.0,0.16666666666666666,1.0,1.0
733,0.25,0.3333333333333333,1.0,1.0
734,0.0,0.3333333333333333,1.0,0.0
735,0.75,0.8333333333333333,1.0,1.0
736,0.0,0.0,1.0,0.5
737,0.625,1.0,0.0,1.0
738,1.0,1.0,0.0,1.0
739,0.375,0.3333333333333333,0.0,0.5
740,0.125,0.0,0.0,1.0
741,0.625,0.5,1.0,0.5
742,0.875,0.6666666666666666,0.0,0.5
743,0.25,0.16666666666666666,1.0,0.5
744,0.75,0.6666666666666666,1.0,1.0
745,0.25,0.16666666666666666,1.0,1.0
746,0.875,0.5,0.0,0.5
747,0.0,0.0,1.0,0.5
748,0.25,0.3333333333333333,1.0,1.0
749,0.375,0.3333333333333333,0.0,0.5
750,0.0,0.0,0.0,1.0
751,0.375,0.6666666666666666,0.0,1.0
752,0.0,0.16666666666666666,1.0,1.0
753,0.75,0.8333333333333333,1.0,1.0
754,0.5,0.5,0.0,1.0
755,0.0,0.0,0.0,1.0
756,0.0,0.0,1.0,0.5
757,0.875,0.3333333333333333,1.0,0.0
758,0.375,0.3333333333333333,0.0,1.0
759,0.125,0.5,1.0,1.0
760,0.125,0.5,0.0,0.0
761,0.75,0.3333333333333333,1.0,1.0
762,0.75,0.5,0.0,1.0
763,0.25,0.16666666666666666,1.0,1.0
764,0.0,0.0,1.0,1.0
765,0.875,0.3333333333333333,1.0,1.0
766,0.125,0.0,1.0,0.5
767,0.0,0.16666666666666666,0.0,0.5
768,0.875,0.16666666666666666,1.0,1.0
769,0.375,0.3333333333333333,1.0,1.0
770,0.75,0.3333333333333333,1.0,1.0
771,0.5,0.0,0.0,1.0
772,0.875,0.16666666666666666,1.0,1.0
773,0.25,0.3333333333333333,1.0,0.5
774,0.0,0.0,0.0,1.0
775,0.0,0.0,1.0,1.0
776,0.5,0.5,1.0,0.5
777,0.0,0.0,1.0,0.5
778,0.75,0.3333333333333333,0.0,1.0
779,0.25,0.0,1.0,1.0
780,0.75,0.3333333333333333,1.0,1.0
781,0.125,0.0,1.0,0.5
782,0.375,0.0,1.0,0.0
783,0.875,1.0,1.0,0.5
784,0.0,0.0,0.0,1.0
785,0.75,0.3333333333333333,1.0,1.0
786,0.0,0.0,0.0,1.0
787,0.375,0.8333333333333333,0.0,1.0
788,0.0,0.16666666666666666,0.0,1.0
789,0.25,0.3333333333333333,0.0,1.0
790,0.25,0.16666666666666666,1.0,1.0
791,0.0,0.16666666666666666,1.0,0.0
792,0.875,0.5,1.0,1.0
793,0.0,0.0,1.0,1.0
794,0.25,0.16666666666666666,1.0,1.0
795,0.0,0.0,0.0,0.5
796,0.25,0.16666666666666666,1.0,1.0
