,f1,f2,f3,f4,f5,f6
0,0.5263157894736843,0.6000000000000001,0.271523178807947,0.2857142857142857,0.08904109589041095,0.0
1,0.5263157894736843,0.3565217391304348,0.36423841059602646,0.35064935064935066,0.06164383561643835,0.0
2,0.5526315789473684,0.26956521739130435,0.19205298013245034,0.14285714285714285,0.1678082191780822,0.0
3,0.6842105263157892,0.47826086956521735,0.19867549668874174,0.24675324675324672,0.10616438356164383,0.0
4,0.868421052631579,0.2782608695652174,0.059602649006622516,0.15584415584415584,0.0410958904109589,0.0
5,0.605263157894737,0.3391304347826087,0.10596026490066227,0.15584415584415584,0.0136986301369863,0.025
6,0.605263157894737,0.38260869565217387,0.11258278145695363,0.07792207792207793,0.02054794520547945,0.025
7,0.7105263157894737,0.26956521739130435,0.11920529801324503,0.19480519480519481,0.00684931506849315,0.025
8,0.6578947368421051,0.3217391304347826,0.13907284768211922,0.18181818181818182,0.0,0.025
9,0.631578947368421,0.25217391304347825,0.059602649006622516,0.24675324675324672,0.03424657534246575,0.025
10,0.44736842105263164,0.3391304347826087,0.08609271523178809,0.15584415584415584,0.03424657534246575,0.025
11,0.5526315789473684,0.46956521739130436,0.13907284768211922,0.18181818181818182,0.04452054794520548,0.025
12,0.8157894736842104,0.38260869565217387,0.16556291390728478,0.19480519480519481,0.02054794520547945,0.025
13,0.6842105263157892,0.47826086956521735,0.10596026490066227,0.33766233766233766,0.04452054794520548,0.025
14,0.631578947368421,0.38260869565217387,0.12582781456953643,0.14285714285714285,0.017123287671232876,0.025
15,0.631578947368421,0.48695652173913045,0.08609271523178809,0.15584415584415584,0.03767123287671233,0.025
16,0.6842105263157892,0.7304347826086957,0.10596026490066227,0.19480519480519481,0.17465753424657532,0.025
17,0.7631578947368418,0.808695652173913,0.046357615894039736,0.36363636363636365,0.02054794520547945,0.025
18,0.7105263157894737,0.3130434782608696,0.2052980132450331,0.10389610389610389,0.04794520547945205,0.025
19,0.7368421052631577,0.0,0.2052980132450331,0.19480519480519481,0.05136986301369863,0.025
20,0.7105263157894737,0.40869565217391307,0.13245033112582782,0.10389610389610389,0.07191780821917808,0.025
21,0.6578947368421051,0.20869565217391306,0.15894039735099338,0.12987012987012986,0.04452054794520548,0.025
22,0.605263157894737,0.3739130434782609,0.10596026490066227,0.2077922077922078,0.017123287671232876,0.025
23,0.6842105263157892,0.6869565217391305,0.08609271523178809,0.10389610389610389,0.04794520547945205,0.025
24,0.5789473684210524,0.15652173913043477,0.17880794701986755,0.18181818181818182,0.03767123287671233,0.025
25,0.5526315789473684,0.48695652173913045,0.15894039735099338,0.14285714285714285,0.0410958904109589,0.025
26,0.7368421052631577,0.46956521739130436,0.18543046357615894,0.16883116883116883,0.0821917808219178,0.025
27,0.605263157894737,0.6347826086956523,0.15894039735099338,0.2077922077922078,0.11986301369863013,0.025
28,0.7631578947368418,0.36521739130434777,0.11920529801324503,0.16883116883116883,0.02054794520547945,0.025
29,0.6842105263157892,0.42608695652173917,0.9999999999999999,0.8181818181818182,0.2636986301369863,0.025
30,0.5263157894736843,0.26956521739130435,0.28476821192052976,0.36363636363636365,0.05821917808219178,0.025
31,0.5263157894736843,0.5391304347826087,0.13907284768211922,0.2727272727272727,0.08561643835616438,0.025
32,0.631578947368421,0.3478260869565218,0.13245033112582782,0.19480519480519481,0.11301369863013698,0.025
33,0.4999999999999998,0.6000000000000001,0.423841059602649,0.4155844155844156,0.13356164383561642,0.025
34,0.631578947368421,0.391304347826087,0.1456953642384106,0.4415584415584416,0.1267123287671233,0.025
35,0.631578947368421,0.6782608695652175,0.09271523178807947,0.2597402597402597,0.0273972602739726,0.025
36,0.5526315789473684,0.5304347826086957,0.09271523178807947,0.11688311688311688,0.03767123287671233,0.025
37,0.5263157894736843,0.36521739130434777,0.13907284768211922,0.11688311688311688,0.04452054794520548,0.025
38,0.605263157894737,0.3304347826086957,0.09933774834437087,0.2077922077922078,0.0273972602739726,0.025
39,0.7105263157894737,0.28695652173913044,0.06622516556291391,0.14285714285714285,0.017123287671232876,0.025
40,0.7894736842105263,0.23478260869565215,0.16556291390728478,0.2597402597402597,0.1541095890410959,0.025
41,0.6842105263157892,0.45217391304347826,0.13245033112582782,0.2207792207792208,0.02054794520547945,0.025
42,0.631578947368421,0.44347826086956527,0.09933774834437087,0.2337662337662338,0.03767123287671233,0.025
43,0.5263157894736843,0.3565217391304348,0.13245033112582782,0.2207792207792208,0.02054794520547945,0.025
44,0.7105263157894737,0.2956521739130435,0.3973509933774834,0.4025974025974026,0.2910958904109589,0.025
45,0.7631578947368418,0.2173913043478261,0.046357615894039736,0.2337662337662338,0.13013698630136983,0.025
46,0.5789473684210524,0.25217391304347825,0.11258278145695363,0.18181818181818182,0.08561643835616438,0.025
47,0.5263157894736843,0.36521739130434777,0.12582781456953643,0.3116883116883117,0.03424657534246575,0.025
48,0.4999999999999998,0.5130434782608695,0.11258278145695363,0.2077922077922078,0.04794520547945205,0.025
49,0.605263157894737,0.2260869565217391,0.10596026490066227,0.2207792207792208,0.04794520547945205,0.025
50,0.8157894736842104,0.38260869565217387,0.1456953642384106,0.2727272727272727,0.10616438356164383,0.025
51,0.6578947368421051,0.3478260869565218,0.13245033112582782,0.24675324675324672,0.06506849315068493,0.025
52,0.6578947368421051,0.19130434782608696,0.19205298013245034,0.37662337662337664,0.07534246575342465,0.025
53,0.6578947368421051,0.42608695652173917,0.06622516556291391,0.12987012987012986,0.04452054794520548,0.025
54,0.6842105263157892,0.2782608695652174,0.0,0.03896103896103896,0.0273972602739726,0.025
55,0.6842105263157892,0.25217391304347825,0.0728476821192053,0.2207792207792208,0.02054794520547945,0.025
56,0.5789473684210524,0.41739130434782606,0.18543046357615894,0.18181818181818182,0.07534246575342465,0.05
57,0.631578947368421,0.46956521739130436,0.1456953642384106,0.19480519480519481,0.04794520547945205,0.05
58,0.631578947368421,0.38260869565217387,0.006622516556291393,0.15584415584415584,0.030821917808219176,0.05
59,0.5263157894736843,0.2434782608695652,0.1456953642384106,0.24675324675324672,0.06164383561643835,0.05
60,0.9999999999999998,0.45217391304347826,0.09933774834437087,0.3246753246753247,0.0273972602739726,0.05
61,0.6578947368421051,0.3478260869565218,0.07947019867549669,0.2077922077922078,0.030821917808219176,0.05
62,0.6578947368421051,0.3478260869565218,0.16556291390728478,0.2337662337662338,0.1780821917808219,0.1
63,0.6578947368421051,0.38260869565217387,0.2052980132450331,0.18181818181818182,0.10273972602739725,0.1
64,0.5789473684210524,0.3739130434782609,0.152317880794702,0.2207792207792208,0.0136986301369863,0.1
65,0.6578947368421051,0.43478260869565216,0.19867549668874174,0.2077922077922078,0.05821917808219178,0.1
66,0.5526315789473684,0.26956521739130435,0.10596026490066227,0.2077922077922078,0.03767123287671233,0.1
67,0.6578947368421051,0.49565217391304345,0.09933774834437087,0.11688311688311688,0.1267123287671233,0.1
68,0.5789473684210524,0.5826086956521739,0.2582781456953642,0.2987012987012987,0.5171232876712328,0.1
69,0.8157894736842104,0.42608695652173917,0.15894039735099338,0.18181818181818182,0.08561643835616438,0.1
70,0.6842105263157892,0.2782608695652174,0.033112582781456956,0.2597402597402597,0.03767123287671233,0.1
71,0.7894736842105263,0.47826086956521735,0.152317880794702,0.2597402597402597,0.08561643835616438,0.1
72,0.7105263157894737,0.6782608695652175,0.19867549668874174,0.3246753246753247,0.20205479452054792,0.1
73,0.631578947368421,0.2434782608695652,0.24503311258278146,0.2207792207792208,0.14726027397260272,0.1
74,0.6842105263157892,0.6608695652173913,0.2516556291390728,0.36363636363636365,0.03767123287671233,0.1
75,0.7631578947368418,0.3043478260869565,0.11258278145695363,0.16883116883116883,0.07191780821917808,0.1
76,0.7631578947368418,0.3043478260869565,0.11258278145695363,0.16883116883116883,0.07191780821917808,0.1
77,0.605263157894737,0.20869565217391306,0.19205298013245034,0.2727272727272727,0.0821917808219178,0.1
78,0.7105263157894737,0.36521739130434777,0.08609271523178809,0.2597402597402597,0.0136986301369863,0.1
79,0.7105263157894737,0.48695652173913045,0.11920529801324503,0.19480519480519481,0.02054794520547945,0.15000000000000002
80,0.605263157894737,0.391304347826087,0.152317880794702,0.2077922077922078,0.07191780821917808,0.15000000000000002
81,0.5526315789473684,0.2173913043478261,0.10596026490066227,0.19480519480519481,0.003424657534246575,0.15000000000000002
82,0.605263157894737,0.3739130434782609,0.12582781456953643,0.0909090909090909,0.03424657534246575,0.15000000000000002
83,0.631578947368421,0.3391304347826087,0.2516556291390728,0.3246753246753247,0.05136986301369863,0.15000000000000002
84,0.6578947368421051,0.2434782608695652,0.12582781456953643,0.15584415584415584,0.07534246575342465,0.15000000000000002
85,0.4210526315789471,0.3304347826086957,0.18543046357615894,0.4155844155844156,0.1643835616438356,0.15000000000000002
86,0.631578947368421,0.5739130434782609,0.12582781456953643,0.16883116883116883,0.3390410958904109,0.15000000000000002
87,0.631578947368421,0.36521739130434777,0.1456953642384106,0.16883116883116883,0.10616438356164383,0.15000000000000002
88,0.5263157894736843,0.3130434782608696,0.13907284768211922,0.19480519480519481,0.0684931506849315,0.15000000000000002
89,0.7105263157894737,0.3304347826086957,0.09271523178807947,0.10389610389610389,0.2602739726027397,0.15000000000000002
90,0.631578947368421,0.3478260869565218,0.11920529801324503,0.2857142857142857,0.017123287671232876,0.2
91,0.6578947368421051,0.5304347826086957,0.09271523178807947,0.2337662337662338,0.0273972602739726,0.2
92,0.605263157894737,0.6260869565217391,0.13907284768211922,0.18181818181818182,0.030821917808219176,0.2
93,0.631578947368421,0.10434782608695653,0.152317880794702,0.3116883116883117,0.0410958904109589,0.2
94,0.6842105263157892,0.49565217391304345,0.2185430463576159,0.2337662337662338,0.07534246575342465,0.2
95,0.6842105263157892,0.7478260869565216,0.19205298013245034,0.12987012987012986,0.04452054794520548,0.2
96,0.6842105263157892,0.36521739130434777,0.08609271523178809,0.0,0.00684931506849315,0.2
97,0.605263157894737,0.7304347826086957,0.16556291390728478,0.19480519480519481,0.1541095890410959,0.2
98,0.5789473684210524,0.46086956521739125,0.11920529801324503,0.6493506493506493,0.0136986301369863,0.2
99,0.5789473684210524,0.5478260869565217,0.15894039735099338,0.2337662337662338,0.0547945205479452,0.2
100,0.5789473684210524,0.16521739130434782,0.1456953642384106,0.2337662337662338,0.0410958904109589,0.2
101,0.605263157894737,0.49565217391304345,0.13245033112582782,0.2597402597402597,0.0410958904109589,0.2
102,0.5526315789473684,0.38260869565217387,0.046357615894039736,0.12987012987012986,0.010273972602739725,0.2
103,0.7105263157894737,0.14782608695652172,0.09933774834437087,0.19480519480519481,0.0547945205479452,0.2
104,0.5263157894736843,0.3217391304347826,0.08609271523178809,0.2077922077922078,0.030821917808219176,0.2
105,0.6842105263157892,0.2956521739130435,0.0728476821192053,0.14285714285714285,0.03767123287671233,0.2
106,0.8157894736842104,0.2782608695652174,0.2913907284768212,0.4415584415584416,0.1267123287671233,0.2
107,0.368421052631579,0.6782608695652175,0.08609271523178809,0.2857142857142857,0.06164383561643835,0.2
108,0.6578947368421051,0.9652173913043478,0.06622516556291391,0.19480519480519481,0.030821917808219176,0.2
109,0.631578947368421,0.46086956521739125,0.06622516556291391,0.2077922077922078,0.06506849315068493,0.2
110,0.605263157894737,0.6086956521739131,0.16556291390728478,0.2857142857142857,0.08904109589041095,0.2
111,0.7105263157894737,0.43478260869565216,0.13245033112582782,0.2077922077922078,0.14726027397260272,0.2
112,0.6842105263157892,0.2782608695652174,0.15894039735099338,0.2987012987012987,0.2636986301369863,0.2
113,0.4736842105263157,0.19130434782608696,0.09933774834437087,0.2077922077922078,0.0273972602739726,0.2
114,0.6578947368421051,0.44347826086956527,0.09933774834437087,0.11688311688311688,0.05821917808219178,0.2
115,0.7105263157894737,0.3739130434782609,0.11258278145695363,0.14285714285714285,0.0958904109589041,0.25
116,0.7368421052631577,0.3478260869565218,0.1456953642384106,0.16883116883116883,0.04452054794520548,0.25
117,0.5526315789473684,0.47826086956521735,0.28476821192052976,0.4415584415584416,0.34931506849315064,0.25
118,0.8421052631578945,0.1826086956521739,0.7218543046357616,0.5194805194805195,0.49657534246575336,0.25
119,0.5789473684210524,0.3130434782608696,0.0728476821192053,0.18181818181818182,0.023972602739726026,0.25
120,0.5526315789473684,0.1826086956521739,0.11258278145695363,0.07792207792207793,0.03424657534246575,0.25
121,0.5789473684210524,0.3565217391304348,0.07947019867549669,0.19480519480519481,0.06506849315068493,0.25
122,0.7105263157894737,0.2956521739130435,0.11258278145695363,0.2337662337662338,0.05821917808219178,0.25
123,0.6578947368421051,0.40869565217391307,0.13907284768211922,0.2337662337662338,0.3664383561643835,0.25
124,0.894736842105263,0.3130434782608696,0.08609271523178809,0.18181818181818182,0.02054794520547945,0.25
125,0.7105263157894737,0.49565217391304345,0.03973509933774835,0.2727272727272727,0.05136986301369863,0.30000000000000004
126,0.7894736842105263,0.3217391304347826,0.1456953642384106,0.2207792207792208,0.07876712328767123,0.30000000000000004
127,0.6842105263157892,0.3478260869565218,0.13907284768211922,0.2727272727272727,0.03424657534246575,0.30000000000000004
128,0.7105263157894737,0.3391304347826087,0.2185430463576159,0.2077922077922078,0.10616438356164383,0.30000000000000004
129,0.7894736842105263,0.23478260869565215,0.059602649006622516,0.11688311688311688,0.03424657534246575,0.30000000000000004
130,0.6578947368421051,0.46086956521739125,0.2185430463576159,0.18181818181818182,0.1541095890410959,0.30000000000000004
131,0.8157894736842104,0.40869565217391307,0.43708609271523174,0.2727272727272727,0.10616438356164383,0.30000000000000004
132,0.7894736842105263,0.3391304347826087,0.3973509933774834,0.48051948051948057,0.24315068493150682,0.30000000000000004
133,0.44736842105263164,0.28695652173913044,0.4172185430463576,0.4285714285714286,0.297945205479452,0.30000000000000004
134,0.7105263157894737,0.5130434782608695,0.152317880794702,0.24675324675324672,0.10958904109589042,0.30000000000000004
135,0.605263157894737,0.12173913043478263,0.033112582781456956,0.12987012987012986,0.03767123287671233,0.30000000000000004
136,0.9210526315789471,0.3217391304347826,0.16556291390728478,0.2337662337662338,0.24315068493150682,0.30000000000000004
137,0.868421052631579,0.17391304347826086,0.2052980132450331,0.2337662337662338,0.2191780821917808,0.30000000000000004
138,0.7368421052631577,0.6608695652173913,0.2119205298013245,0.37662337662337664,0.14726027397260272,0.30000000000000004
139,0.8421052631578945,0.6086956521739131,0.11258278145695363,0.19480519480519481,0.21575342465753422,0.30000000000000004
140,0.7368421052631577,0.23478260869565215,0.09271523178807947,0.2597402597402597,0.0410958904109589,0.30000000000000004
141,0.6578947368421051,0.2956521739130435,0.10596026490066227,0.2727272727272727,0.0958904109589041,0.30000000000000004
142,0.7105263157894737,0.46086956521739125,0.17880794701986755,0.2987012987012987,0.12328767123287672,0.30000000000000004
143,0.605263157894737,0.2782608695652174,0.09933774834437087,0.15584415584415584,0.030821917808219176,0.30000000000000004
144,0.631578947368421,0.3478260869565218,0.13245033112582782,0.3116883116883117,0.0821917808219178,0.30000000000000004
145,0.7105263157894737,0.48695652173913045,0.43708609271523174,0.35064935064935066,0.2705479452054794,0.35000000000000003
146,0.7105263157894737,0.6086956521739131,0.3576158940397351,0.38961038961038963,0.39383561643835613,0.35000000000000003
147,0.7368421052631577,0.5304347826086957,0.3576158940397351,0.5454545454545455,0.1952054794520548,0.35000000000000003
148,0.8421052631578945,0.41739130434782606,0.16556291390728478,0.2207792207792208,0.16095890410958902,0.4
149,0.4999999999999998,0.6608695652173913,0.19205298013245034,0.18181818181818182,0.07191780821917808,0.4
150,0.8157894736842104,0.1826086956521739,0.2516556291390728,0.2337662337662338,0.2328767123287671,0.4
151,0.6578947368421051,0.3391304347826087,0.11920529801324503,0.2077922077922078,0.0547945205479452,0.4
152,0.7105263157894737,0.6173913043478261,0.09271523178807947,0.15584415584415584,0.003424657534246575,0.4
153,0.6578947368421051,0.38260869565217387,0.48344370860927155,0.4415584415584416,0.3732876712328767,0.4
154,0.8421052631578945,0.41739130434782606,0.16556291390728478,0.2207792207792208,0.16095890410958902,0.4
155,0.6842105263157892,0.39999999999999997,0.13907284768211922,0.2597402597402597,0.2089041095890411,0.4
156,0.7368421052631577,0.3130434782608696,0.08609271523178809,0.19480519480519481,0.030821917808219176,0.4
157,0.7105263157894737,0.6260869565217391,0.5364238410596026,0.5584415584415584,0.6678082191780822,0.4
158,0.6578947368421051,0.23478260869565215,0.1456953642384106,0.2207792207792208,0.1643835616438356,0.4
159,0.6842105263157892,0.3391304347826087,0.36423841059602646,0.5454545454545455,0.18835616438356162,0.4
160,0.7105263157894737,0.6086956521739131,0.11920529801324503,0.2987012987012987,0.40410958904109584,0.45
161,0.7105263157894737,0.46956521739130436,0.543046357615894,0.4675324675324676,0.08904109589041095,0.5
162,0.5526315789473684,0.3739130434782609,0.11920529801324503,0.24675324675324672,0.07191780821917808,0.5
163,0.868421052631579,0.2956521739130435,0.17880794701986755,0.37662337662337664,0.2328767123287671,0.5
164,0.7894736842105263,0.49565217391304345,0.304635761589404,0.7662337662337663,0.17123287671232873,0.5
165,0.7105263157894737,0.7391304347826086,0.32450331125827814,0.36363636363636365,0.30479452054794515,0.6000000000000001
166,0.8421052631578945,0.6000000000000001,0.11920529801324503,0.2987012987012987,0.1506849315068493,0.6000000000000001
167,0.7631578947368418,0.5217391304347827,0.509933774834437,0.37662337662337664,0.6712328767123288,1.0
168,0.5789473684210524,0.45217391304347826,0.13907284768211922,0.2077922077922078,0.030821917808219176,0.0
169,0.605263157894737,0.28695652173913044,0.12582781456953643,0.16883116883116883,0.023972602739726026,0.0
170,0.4999999999999998,0.6434782608695653,0.24503311258278146,0.19480519480519481,0.09246575342465753,0.0
171,0.7631578947368418,0.5913043478260869,0.152317880794702,0.19480519480519481,0.03424657534246575,0.025
172,0.7105263157894737,0.5391304347826087,0.13907284768211922,0.19480519480519481,0.023972602739726026,0.025
173,0.44736842105263164,0.2173913043478261,0.152317880794702,0.12987012987012986,0.023972602739726026,0.025
174,0.605263157894737,0.44347826086956527,0.17880794701986755,0.2597402597402597,0.03424657534246575,0.025
175,0.7894736842105263,0.46956521739130436,0.17218543046357615,0.11688311688311688,0.0547945205479452,0.025
176,0.605263157894737,0.6173913043478261,0.1456953642384106,0.16883116883116883,0.010273972602739725,0.025
177,0.6842105263157892,0.40869565217391307,0.09933774834437087,0.18181818181818182,0.05821917808219178,0.025
178,0.4736842105263157,0.26956521739130435,0.152317880794702,0.12987012987012986,0.023972602739726026,0.025
179,0.6842105263157892,0.7130434782608697,0.2384105960264901,0.2727272727272727,0.17465753424657532,0.025
180,0.5526315789473684,0.48695652173913045,0.2185430463576159,0.2987012987012987,0.030821917808219176,0.025
181,0.6842105263157892,0.6347826086956523,0.2052980132450331,0.2207792207792208,0.44520547945205474,0.025
182,0.631578947368421,0.5130434782608695,0.12582781456953643,0.11688311688311688,0.10273972602739725,0.025
183,0.6578947368421051,0.43478260869565216,0.13245033112582782,0.2337662337662338,0.02054794520547945,0.025
184,0.631578947368421,0.5130434782608695,0.19205298013245034,0.35064935064935066,0.04452054794520548,0.025
185,0.5263157894736843,0.48695652173913045,0.08609271523178809,0.03896103896103896,0.0136986301369863,0.025
186,0.5263157894736843,0.8347826086956522,0.17218543046357615,0.2727272727272727,0.0410958904109589,0.025
187,0.34210526315789447,0.39999999999999997,0.13245033112582782,0.16883116883116883,0.08904109589041095,0.025
188,0.605263157894737,0.7304347826086957,0.19867549668874174,0.2077922077922078,0.07534246575342465,0.025
189,0.631578947368421,0.8,0.08609271523178809,0.2857142857142857,0.00684931506849315,0.025
190,0.7105263157894737,0.38260869565217387,0.12582781456953643,0.12987012987012986,0.023972602739726026,0.025
191,0.6842105263157892,0.5304347826086957,0.046357615894039736,0.0909090909090909,0.017123287671232876,0.025
192,0.7631578947368418,0.6782608695652175,0.24503311258278146,0.19480519480519481,0.1643835616438356,0.025
193,0.605263157894737,0.2,0.16556291390728478,0.2207792207792208,0.04452054794520548,0.025
194,0.605263157894737,0.8608695652173914,0.2052980132450331,0.3116883116883117,0.1267123287671233,0.025
195,0.4999999999999998,0.5652173913043479,0.15894039735099338,0.2597402597402597,0.10273972602739725,0.025
196,0.6578947368421051,0.48695652173913045,0.09271523178807947,0.12987012987012986,0.06506849315068493,0.025
197,0.5789473684210524,0.39999999999999997,0.11920529801324503,0.2727272727272727,0.02054794520547945,0.025
198,0.0,0.3478260869565218,0.09933774834437087,0.19480519480519481,0.030821917808219176,0.025
199,0.6578947368421051,0.3565217391304348,0.05298013245033113,0.15584415584415584,0.030821917808219176,0.025
200,0.5263157894736843,0.3043478260869565,0.09271523178807947,0.24675324675324672,0.03767123287671233,0.025
201,0.5526315789473684,0.47826086956521735,0.3178807947019867,0.3116883116883117,0.1952054794520548,0.025
202,0.44736842105263164,0.44347826086956527,0.2251655629139073,0.2987012987012987,0.14726027397260272,0.025
203,0.5526315789473684,0.3043478260869565,0.2119205298013245,0.2857142857142857,0.18493150684931503,0.025
204,0.7631578947368418,0.28695652173913044,0.17218543046357615,0.16883116883116883,0.07534246575342465,0.025
205,0.5789473684210524,0.2956521739130435,0.17218543046357615,0.3246753246753247,0.05821917808219178,0.025
206,0.868421052631579,0.44347826086956527,0.9536423841059603,0.9090909090909092,0.5273972602739726,0.025
207,0.7631578947368418,0.45217391304347826,0.10596026490066227,0.2597402597402597,0.11301369863013698,0.025
208,0.7368421052631577,0.28695652173913044,0.13907284768211922,0.2077922077922078,0.0958904109589041,0.025
209,0.9473684210526316,0.36521739130434777,0.09271523178807947,0.2077922077922078,0.05821917808219178,0.025
210,0.7105263157894737,0.36521739130434777,0.13907284768211922,0.19480519480519481,0.08904109589041095,0.025
211,0.7105263157894737,0.3043478260869565,0.06622516556291391,0.14285714285714285,0.0273972602739726,0.025
212,0.5526315789473684,0.3043478260869565,0.07947019867549669,0.2337662337662338,0.06164383561643835,0.025
213,0.5263157894736843,0.3391304347826087,0.0728476821192053,0.10389610389610389,0.05821917808219178,0.025
214,0.5526315789473684,0.2956521739130435,0.059602649006622516,0.19480519480519481,0.0273972602739726,0.025
215,0.5526315789473684,0.26956521739130435,0.1456953642384106,0.3246753246753247,0.0273972602739726,0.025
216,0.4210526315789471,0.15652173913043477,0.19205298013245034,0.2857142857142857,0.09931506849315068,0.05
217,0.6842105263157892,0.38260869565217387,0.18543046357615894,0.2727272727272727,0.0273972602739726,0.05
218,0.6842105263157892,0.49565217391304345,0.11258278145695363,0.18181818181818182,0.030821917808219176,0.05
219,0.7105263157894737,0.3217391304347826,0.12582781456953643,0.12987012987012986,0.04794520547945205,0.05
220,0.6842105263157892,0.3217391304347826,0.18543046357615894,0.11688311688311688,0.010273972602739725,0.05
221,0.7368421052631577,0.36521739130434777,0.15894039735099338,0.2207792207792208,0.017123287671232876,0.05
222,0.6578947368421051,0.3478260869565218,0.271523178807947,0.24675324675324672,0.273972602739726,0.05
223,0.5789473684210524,0.6000000000000001,0.11258278145695363,0.2207792207792208,0.10958904109589042,0.05
224,0.7894736842105263,0.3391304347826087,0.13245033112582782,0.2337662337662338,0.030821917808219176,0.05
225,0.7368421052631577,0.3130434782608696,0.24503311258278146,0.3246753246753247,0.14726027397260272,0.05
226,0.4999999999999998,0.5130434782608695,0.2582781456953642,0.35064935064935066,0.11301369863013698,0.1
227,0.5789473684210524,0.41739130434782606,0.19205298013245034,0.19480519480519481,0.05821917808219178,0.1
228,0.5526315789473684,0.3739130434782609,0.15894039735099338,0.24675324675324672,0.0547945205479452,0.1
229,0.605263157894737,0.3043478260869565,0.17880794701986755,0.15584415584415584,0.0410958904109589,0.1
230,0.6578947368421051,0.3304347826086957,0.15894039735099338,0.3116883116883117,0.08904109589041095,0.1
231,0.605263157894737,0.39999999999999997,0.43708609271523174,0.24675324675324672,0.20205479452054792,0.1
232,0.7368421052631577,0.5565217391304347,0.09271523178807947,0.15584415584415584,0.07191780821917808,0.1
233,0.868421052631579,0.3043478260869565,0.19205298013245034,0.2077922077922078,0.07876712328767123,0.1
234,0.6842105263157892,0.1826086956521739,0.09271523178807947,0.16883116883116883,0.06164383561643835,0.1
235,0.5789473684210524,0.45217391304347826,0.2185430463576159,0.18181818181818182,0.2226027397260274,0.1
236,0.7631578947368418,0.5913043478260869,0.17218543046357615,0.2727272727272727,0.0684931506849315,0.1
237,0.605263157894737,0.5391304347826087,0.06622516556291391,0.12987012987012986,0.017123287671232876,0.1
238,0.631578947368421,0.7478260869565216,0.1456953642384106,0.2597402597402597,0.07534246575342465,0.1
239,0.5789473684210524,0.3130434782608696,0.2185430463576159,0.2857142857142857,0.09931506849315068,0.1
240,0.7368421052631577,0.3043478260869565,0.10596026490066227,0.2337662337662338,0.04452054794520548,0.1
241,0.605263157894737,0.2956521739130435,0.033112582781456956,0.12987012987012986,0.03767123287671233,0.1
242,0.7631578947368418,0.36521739130434777,0.2251655629139073,0.2857142857142857,0.0410958904109589,0.15000000000000002
243,0.6842105263157892,0.41739130434782606,0.05298013245033113,0.2207792207792208,0.02054794520547945,0.15000000000000002
244,0.6578947368421051,0.2782608695652174,0.10596026490066227,0.19480519480519481,0.03767123287671233,0.15000000000000002
245,0.6842105263157892,0.3565217391304348,0.11258278145695363,0.15584415584415584,0.07191780821917808,0.15000000000000002
246,0.605263157894737,0.20869565217391306,0.2052980132450331,0.2727272727272727,0.0958904109589041,0.15000000000000002
247,0.5263157894736843,0.3043478260869565,0.5231788079470199,0.5714285714285714,0.15753424657534243,0.15000000000000002
248,0.868421052631579,0.23478260869565215,0.152317880794702,0.2597402597402597,0.1643835616438356,0.2
249,0.5526315789473684,0.3391304347826087,0.16556291390728478,0.2077922077922078,0.07191780821917808,0.2
250,0.44736842105263164,0.391304347826087,0.10596026490066227,0.2207792207792208,0.0136986301369863,0.2
251,0.4736842105263157,0.40869565217391307,0.08609271523178809,0.18181818181818182,0.06164383561643835,0.2
252,0.8157894736842104,0.40869565217391307,0.11258278145695363,0.2727272727272727,0.0547945205479452,0.2
253,0.7631578947368418,0.8173913043478263,0.48344370860927155,0.6623376623376623,0.16095890410958902,0.2
254,0.7368421052631577,0.19130434782608696,0.046357615894039736,0.11688311688311688,0.0547945205479452,0.2
255,0.7368421052631577,0.2260869565217391,0.152317880794702,0.2077922077922078,0.0821917808219178,0.2
256,0.4999999999999998,0.43478260869565216,0.2781456953642384,0.35064935064935066,0.11643835616438354,0.2
257,0.6842105263157892,0.3478260869565218,0.08609271523178809,0.15584415584415584,0.1404109589041096,0.2
258,0.6578947368421051,0.2956521739130435,0.17880794701986755,0.16883116883116883,0.10958904109589042,0.2
259,0.5789473684210524,0.19130434782608696,0.09933774834437087,0.10389610389610389,0.03767123287671233,0.2
260,0.6842105263157892,0.391304347826087,0.06622516556291391,0.19480519480519481,0.04794520547945205,0.2
261,0.5526315789473684,0.2782608695652174,0.16556291390728478,0.38961038961038963,0.3527397260273972,0.2
262,0.6842105263157892,0.5478260869565217,0.3178807947019867,0.5454545454545455,0.16095890410958902,0.2
263,0.605263157894737,0.2,0.0728476821192053,0.36363636363636365,0.17123287671232873,0.2
264,0.631578947368421,0.42608695652173917,0.19205298013245034,0.2857142857142857,0.17123287671232873,0.2
265,0.7894736842105263,0.3130434782608696,0.12582781456953643,0.16883116883116883,0.04794520547945205,0.2
266,0.7631578947368418,0.17391304347826086,0.9933774834437087,1.0000000000000002,0.3972602739726027,0.2
267,0.8157894736842104,0.28695652173913044,0.2251655629139073,0.2727272727272727,0.06164383561643835,0.25
268,0.6578947368421051,0.25217391304347825,0.03973509933774835,0.15584415584415584,0.023972602739726026,0.25
269,0.7631578947368418,0.19130434782608696,0.10596026490066227,0.14285714285714285,0.023972602739726026,0.25
270,0.894736842105263,0.16521739130434782,0.06622516556291391,0.2077922077922078,0.1506849315068493,0.25
271,0.7368421052631577,0.6869565217391305,0.28476821192052976,0.2337662337662338,0.10958904109589042,0.25
272,0.7631578947368418,0.41739130434782606,0.13907284768211922,0.2727272727272727,0.08904109589041095,0.25
273,0.7105263157894737,0.43478260869565216,0.19205298013245034,0.37662337662337664,0.37671232876712324,0.25
274,0.5789473684210524,0.26956521739130435,0.24503311258278146,0.3116883116883117,0.06164383561643835,0.30000000000000004
275,0.7105263157894737,0.38260869565217387,0.0728476821192053,0.11688311688311688,0.030821917808219176,0.30000000000000004
276,0.868421052631579,0.6782608695652175,0.17880794701986755,0.2727272727272727,0.09246575342465753,0.30000000000000004
277,0.7105263157894737,0.2608695652173913,0.31125827814569534,0.36363636363636365,0.297945205479452,0.30000000000000004
278,0.8421052631578945,0.6173913043478261,0.2582781456953642,0.49350649350649356,0.2636986301369863,0.30000000000000004
279,0.7368421052631577,0.17391304347826086,0.046357615894039736,0.14285714285714285,0.1678082191780822,0.30000000000000004
280,0.7368421052631577,0.391304347826087,0.13245033112582782,0.16883116883116883,0.04794520547945205,0.30000000000000004
281,0.7894736842105263,0.11304347826086958,0.2251655629139073,0.18181818181818182,0.03424657534246575,0.30000000000000004
282,0.894736842105263,0.5478260869565217,0.3576158940397351,0.48051948051948057,0.678082191780822,0.30000000000000004
283,0.868421052631579,0.3739130434782609,0.6556291390728477,0.6753246753246753,0.3732876712328767,0.30000000000000004
284,0.7105263157894737,0.49565217391304345,0.03973509933774835,0.2727272727272727,0.05136986301369863,0.30000000000000004
285,0.8157894736842104,0.44347826086956527,0.152317880794702,0.2597402597402597,0.13013698630136983,0.30000000000000004
286,0.5526315789473684,0.7478260869565216,0.07947019867549669,0.2207792207792208,0.07876712328767123,0.30000000000000004
287,0.6842105263157892,0.2,0.17218543046357615,0.24675324675324672,0.11643835616438354,0.35000000000000003
288,0.9736842105263157,0.5130434782608695,0.19867549668874174,0.9480519480519481,0.678082191780822,0.35000000000000003
289,0.5263157894736843,0.23478260869565215,0.05298013245033113,0.16883116883116883,0.030821917808219176,0.35000000000000003
290,0.6842105263157892,0.2956521739130435,0.19205298013245034,0.2337662337662338,0.023972602739726026,0.4
291,0.6842105263157892,0.25217391304347825,0.4768211920529801,0.35064935064935066,0.06506849315068493,0.4
292,0.7368421052631577,0.40869565217391307,0.2781456953642384,0.3246753246753247,0.0958904109589041,0.4
293,0.5789473684210524,0.2782608695652174,0.2119205298013245,0.18181818181818182,0.0684931506849315,0.4
294,0.868421052631579,0.8695652173913044,0.15894039735099338,0.24675324675324672,0.08904109589041095,0.4
295,0.44736842105263164,0.2782608695652174,0.09271523178807947,0.2337662337662338,0.13356164383561642,0.4
296,0.7894736842105263,0.43478260869565216,0.10596026490066227,0.2597402597402597,0.7534246575342466,0.4
297,0.8421052631578945,0.49565217391304345,0.08609271523178809,0.19480519480519481,0.1643835616438356,0.4
298,0.9210526315789471,0.5217391304347827,0.13907284768211922,0.24675324675324672,0.07876712328767123,0.4
299,0.605263157894737,0.5913043478260869,0.3443708609271523,0.38961038961038963,0.41438356164383555,0.45
300,0.6842105263157892,1.0,0.271523178807947,0.2077922077922078,0.14726027397260272,0.5
301,0.7105263157894737,0.15652173913043477,0.2185430463576159,0.2207792207792208,0.10958904109589042,0.5
302,0.5526315789473684,0.8695652173913044,0.10596026490066227,0.2597402597402597,0.06164383561643835,0.5
303,0.5789473684210524,0.5565217391304347,0.0728476821192053,0.2337662337662338,0.02054794520547945,0.5
304,0.5789473684210524,0.28695652173913044,0.3178807947019867,0.49350649350649356,0.17123287671232873,0.5
305,0.894736842105263,0.45217391304347826,0.1456953642384106,0.24675324675324672,0.12328767123287672,0.6000000000000001
306,0.8157894736842104,0.39999999999999997,0.32450331125827814,0.49350649350649356,0.678082191780822,0.6000000000000001
307,0.868421052631579,0.46956521739130436,0.3377483443708609,0.38961038961038963,0.2876712328767123,0.75
308,0.6842105263157892,0.391304347826087,0.152317880794702,0.2727272727272727,0.030821917808219176,0.8
309,0.868421052631579,0.6608695652173913,0.35099337748344367,0.5194805194805195,0.2054794520547945,1.0
310,0.5789473684210524,0.40869565217391307,0.05298013245033113,0.2987012987012987,0.017123287671232876,0.0
311,0.6578947368421051,0.3565217391304348,0.37748344370860926,0.35064935064935066,0.0273972602739726,0.025
312,0.6578947368421051,0.3217391304347826,0.12582781456953643,0.2857142857142857,0.0,0.025
313,0.8157894736842104,0.391304347826087,0.09271523178807947,0.18181818181818182,0.04794520547945205,0.025
314,0.4999999999999998,0.49565217391304345,0.28476821192052976,0.36363636363636365,0.3150684931506849,0.025
315,0.6842105263157892,0.2956521739130435,0.17880794701986755,0.2337662337662338,0.1267123287671233,0.025
316,0.368421052631579,0.13913043478260867,0.06622516556291391,0.18181818181818182,0.0136986301369863,0.025
317,0.4736842105263157,0.14782608695652172,0.16556291390728478,0.2597402597402597,0.11301369863013698,0.025
318,0.7105263157894737,0.3217391304347826,0.17218543046357615,0.2857142857142857,1.0,0.1
319,0.4999999999999998,0.5217391304347827,0.10596026490066227,0.2597402597402597,0.00684931506849315,0.15000000000000002
320,0.894736842105263,0.39999999999999997,0.271523178807947,0.35064935064935066,0.08561643835616438,0.15000000000000002
321,0.7105263157894737,0.45217391304347826,0.1456953642384106,0.2727272727272727,0.06506849315068493,0.15000000000000002
322,0.6578947368421051,0.6347826086956523,0.19867549668874174,0.5714285714285714,0.5616438356164384,0.2
323,0.631578947368421,0.5826086956521739,0.0728476821192053,0.15584415584415584,0.0684931506849315,0.2
324,0.6578947368421051,0.38260869565217387,0.03973509933774835,0.14285714285714285,0.03767123287671233,0.2
325,0.7105263157894737,0.3391304347826087,0.10596026490066227,0.2337662337662338,0.05136986301369863,0.30000000000000004
326,0.6842105263157892,0.3478260869565218,0.13907284768211922,0.2727272727272727,0.03424657534246575,0.30000000000000004
327,0.6578947368421051,0.3478260869565218,0.05298013245033113,0.2727272727272727,0.0547945205479452,0.30000000000000004
328,0.6842105263157892,0.44347826086956527,0.5496688741721854,0.5844155844155844,0.21232876712328763,0.30000000000000004
329,0.7105263157894737,0.5565217391304347,0.35099337748344367,0.2597402597402597,0.13356164383561642,0.30000000000000004
330,0.6578947368421051,0.42608695652173917,0.08609271523178809,0.18181818181818182,0.04794520547945205,0.30000000000000004
331,0.7368421052631577,0.46956521739130436,0.23178807947019867,0.4155844155844156,0.3527397260273972,0.8
332,0.8421052631578945,0.3391304347826087,0.08609271523178809,0.10389610389610389,0.0,0.025
333,0.6578947368421051,0.5565217391304347,0.09933774834437087,0.2597402597402597,0.04794520547945205,0.025
334,0.631578947368421,0.6782608695652175,0.152317880794702,0.37662337662337664,0.030821917808219176,0.025
335,0.605263157894737,0.5043478260869565,0.24503311258278146,0.2857142857142857,0.10616438356164383,0.025
336,0.4736842105263157,0.391304347826087,0.08609271523178809,0.19480519480519481,0.22602739726027393,0.025
337,0.4736842105263157,0.47826086956521735,0.17880794701986755,0.18181818181818182,0.37671232876712324,0.05
338,0.5526315789473684,0.1826086956521739,0.13245033112582782,0.12987012987012986,0.04452054794520548,0.1
339,0.44736842105263164,0.42608695652173917,0.17880794701986755,0.19480519480519481,0.2705479452054794,0.15000000000000002
340,0.6842105263157892,0.26956521739130435,0.13907284768211922,0.2207792207792208,0.10273972602739725,0.2
341,0.631578947368421,0.2173913043478261,0.18543046357615894,0.2207792207792208,0.030821917808219176,0.2
342,0.5263157894736843,0.25217391304347825,0.11920529801324503,0.2337662337662338,0.09931506849315068,0.2
343,0.7894736842105263,0.6086956521739131,0.11258278145695363,0.2857142857142857,0.14383561643835613,0.30000000000000004
344,0.6842105263157892,0.6086956521739131,0.2052980132450331,0.37662337662337664,0.10958904109589042,0.5
