,f1,f2,f3,f4,f5,f6,f7
0,0.1329787234042553,1.0,0.7286821705426357,0.6467391304347826,0.736036291465835,0.23529411764705876,0.08333333333331439
1,0.6090425531914893,0.19999999999999996,0.054263565891472854,0.1358695652173913,0.08846044797278141,0.3529411764705882,0.75
2,0.2127659574468085,1.0,0.6046511627906976,0.5108695652173912,0.5205557130705982,0.17647058823529416,0.0
3,0.15957446808510636,1.0,0.8578811369509045,0.5652173913043478,0.6090161610433796,0.11764705882352944,0.0
4,0.5718085106382979,0.19999999999999996,0.07751937984496121,0.09239130434782605,0.12418485965409698,0.5294117647058824,0.5833333333333144
5,0.3723404255319148,1.0,0.7286821705426357,0.42934782608695654,0.648426424723561,0.5294117647058824,0.75
6,0.10638297872340427,1.0,0.7312661498708011,0.608695652173913,0.779699461298554,0.2941176470588235,0.25
7,0.1329787234042553,1.0,0.9612403100775193,0.9184782608695652,0.7652395803799262,0.05882352941176472,0.0
8,0.43617021276595735,0.3999999999999999,0.2971576227390181,0.1684782608695652,0.5435214062943011,0.7058823529411765,0.75
9,0.7632978723404257,0.19999999999999996,0.054263565891472854,0.08695652173913043,0.1239013325772611,0.5294117647058824,0.9166666666666572
10,0.6648936170212766,0.19999999999999996,0.10335917312661497,0.13043478260869562,0.1791891125602495,0.5294117647058824,1.0
11,0.6728723404255318,0.19999999999999996,0.07493540051679587,0.17391304347826086,0.16302806918060675,0.47058823529411764,0.8333333333333144
12,0.18617021276595744,1.0,0.6046511627906976,0.5108695652173912,0.7167564502409981,0.3529411764705882,0.3333333333333144
13,0.05319148936170212,1.0,0.7286821705426357,0.7282608695652174,0.5815140345903035,0.17647058823529416,0.25
14,0.2686170212765957,0.6000000000000001,0.40568475452196384,0.2391304347826087,0.5012758718457613,0.6470588235294118,0.8333333333333144
15,0.21010638297872333,1.0,0.7286821705426357,0.592391304347826,0.7788488800680465,0.4117647058823529,0.75
16,0.6063829787234042,0.19999999999999996,0.043927648578811374,0.1032608695652174,0.11539552027218603,0.6470588235294118,0.75
17,0.18617021276595744,1.0,0.6098191214470284,0.5652173913043478,0.5160192798412249,0.23529411764705876,0.0
18,0.39893617021276595,0.19999999999999996,0.11627906976744184,0.2663043478260869,0.1885455060958322,0.47058823529411764,0.1666666666666572
19,0.39893617021276595,0.19999999999999996,0.10077519379844962,0.2391304347826087,0.23164162177487946,0.4117647058823529,0.0
20,0.75,0.19999999999999996,0.046511627906976744,0.1032608695652174,0.11511199319535015,0.47058823529411764,0.8333333333333144
21,0.33244680851063824,0.19999999999999996,0.13695090439276486,0.34782608695652173,0.27984122483697194,0.2941176470588235,0.5833333333333144
22,0.39893617021276595,0.6000000000000001,0.3410852713178295,0.19021739130434784,0.3966543804933371,0.5882352941176471,0.5
23,0.17287234042553193,1.0,0.7312661498708011,0.5217391304347826,0.69208959455628,0.3529411764705882,0.75
24,0.773936170212766,0.19999999999999996,0.054263565891472854,0.07608695652173914,0.10065211227672244,0.6470588235294118,0.8333333333333144
25,0.6382978723404255,0.19999999999999996,0.05943152454780362,0.03804347826086957,0.05160192798412244,0.5294117647058824,0.5
26,0.5851063829787234,0.19999999999999996,0.00775193798449611,0.1032608695652174,0.045364332293734044,0.6470588235294118,0.08333333333331439
27,0.1329787234042553,1.0,0.7312661498708011,0.5543478260869565,0.8630564218882902,0.3529411764705882,0.4166666666666572
28,0.2393617021276596,0.6000000000000001,0.4702842377260982,0.17391304347826086,0.5559965976750779,0.7647058823529412,0.5
29,0.5558510638297872,0.19999999999999996,0.07751937984496121,0.1032608695652174,0.21746526793308762,0.7647058823529412,0.9166666666666572
30,0.4787234042553191,0.19999999999999996,0.07493540051679587,0.2282608695652174,0.14658349872412813,0.4117647058823529,0.0
31,0.18617021276595744,0.6000000000000001,0.4702842377260982,0.2934782608695652,0.47207258293167,0.5882352941176471,0.25
32,0.3723404255319148,0.19999999999999996,0.13436692506459946,0.27717391304347827,0.2531896796144032,0.4117647058823529,0.1666666666666572
33,0.3191489361702128,0.6000000000000001,0.33850129198966405,0.2391304347826087,0.2934505245250921,0.4117647058823529,0.0
34,0.5585106382978723,0.19999999999999996,0.07493540051679587,0.1141304347826087,0.10547207258293168,0.47058823529411764,0.5833333333333144
35,0.3563829787234042,0.6000000000000001,0.4211886304909561,0.34782608695652173,0.5109157924581798,0.47058823529411764,0.9166666666666572
36,0.4521276595744681,0.19999999999999996,0.07493540051679587,0.0,0.06294301105755595,0.7647058823529412,0.0
37,0.33244680851063824,0.0,0.031007751937984496,0.34782608695652173,0.31386447405727247,0.3529411764705882,0.5833333333333144
38,0.19946808510638295,1.0,0.7312661498708011,0.5,0.6640204139495322,0.2941176470588235,0.75
39,0.2978723404255319,0.6000000000000001,0.42377260981912146,0.2391304347826087,0.46838673093280414,0.5882352941176471,0.75
40,0.18617021276595744,0.6000000000000001,0.4702842377260982,0.32065217391304346,0.6475758434930535,0.6470588235294118,0.4166666666666572
41,0.1329787234042553,1.0,0.6046511627906976,0.5108695652173912,0.8576694074284094,0.47058823529411764,0.3333333333333144
42,0.25265957446808507,0.6000000000000001,0.4702842377260982,0.34782608695652173,0.5761270201304224,0.47058823529411764,0.5
43,0.22606382978723402,0.6000000000000001,0.4702842377260982,0.34782608695652173,0.5406861355259427,0.47058823529411764,0.5833333333333144
44,0.1329787234042553,1.0,1.0,0.9728260869565217,0.4176353841791891,0.11764705882352944,0.0
45,0.601063829787234,0.19999999999999996,0.13436692506459946,0.15217391304347827,0.2897646725262263,0.5882352941176471,0.9166666666666572
46,0.10638297872340427,1.0,0.6459948320413437,0.5652173913043478,0.6073149985823646,0.3529411764705882,0.5
47,0.3457446808510638,0.19999999999999996,0.1395348837209302,0.21739130434782605,0.22171817408562522,0.47058823529411764,0.1666666666666572
48,0.5319148936170213,0.19999999999999996,0.07493540051679587,0.17391304347826086,0.092713354125319,0.4117647058823529,0.5833333333333144
49,0.2978723404255319,0.6000000000000001,0.3410852713178295,0.2282608695652174,0.4102636801814573,0.5294117647058824,0.9166666666666572
50,0.10638297872340427,1.0,0.8578811369509045,0.5652173913043478,0.8083356960589737,0.23529411764705876,0.25
51,0.48404255319148926,0.19999999999999996,0.18863049095607237,0.1358695652173913,0.4471222001701163,0.9999999999999999,0.75
52,0.1329787234042553,1.0,0.702842377260982,0.6195652173913043,0.5659200453643324,0.0,0.0
53,0.39893617021276595,0.19999999999999996,0.12403100775193798,0.1576086956521739,0.15452225687553167,0.47058823529411764,0.25
54,0.19946808510638295,1.0,0.7286821705426357,0.7282608695652174,0.7845194216047632,0.23529411764705876,0.5
55,0.18617021276595744,1.0,0.8578811369509045,1.0,0.7555996597675078,0.11764705882352944,0.25
56,0.26595744680851063,0.6000000000000001,0.22739018087855295,0.3369565217391304,0.37340516019279846,0.47058823529411764,0.5
57,0.651595744680851,0.19999999999999996,0.07751937984496121,0.20108695652173914,0.13098950949815713,0.47058823529411764,0.5833333333333144
58,0.5319148936170213,0.19999999999999996,0.056847545219638224,0.13043478260869562,0.09186277289481148,0.3529411764705882,0.5
59,0.10638297872340427,1.0,0.7545219638242894,0.7010869565217391,0.62602778565353,0.17647058823529416,0.25
60,0.2393617021276596,0.6000000000000001,0.42377260981912146,0.2934782608695652,0.37765806634533594,0.47058823529411764,0.25
61,0.3457446808510638,0.19999999999999996,0.10335917312661497,0.26086956521739124,0.21718174085625175,0.5294117647058824,0.25
62,0.6303191489361702,0.6000000000000001,0.25839793281653745,0.46739130434782605,0.3677346186560817,0.17647058823529416,0.8333333333333144
63,1.0000000000000002,0.19999999999999996,0.046511627906976744,0.1032608695652174,0.14091295718741137,0.5882352941176471,0.8333333333333144
64,0.1329787234042553,1.0,0.6459948320413437,0.5652173913043478,0.7439750496172385,0.4117647058823529,0.25
65,0.25265957446808507,0.6000000000000001,0.4702842377260982,0.28260869565217395,0.542103770910122,0.6470588235294118,0.5833333333333144
66,0.4521276595744681,0.19999999999999996,0.07493540051679587,0.0,0.09554862489367733,0.7647058823529412,0.25
67,0.6117021276595744,0.19999999999999996,0.05943152454780362,0.1141304347826087,0.09980153104621492,0.47058823529411764,1.0
68,0.5452127659574467,0.19999999999999996,0.07493540051679587,0.1358695652173913,0.06010774028919763,0.23529411764705876,0.5
69,0.22606382978723402,1.0,0.6124031007751938,0.5380434782608695,0.6427558831868444,0.2941176470588235,0.5833333333333144
70,0.29255319148936165,0.6000000000000001,0.3359173126614987,0.2663043478260869,0.4221718174085626,0.5294117647058824,0.3333333333333144
71,0.4787234042553191,0.19999999999999996,0.1136950904392765,0.2282608695652174,0.29118230791040545,0.6470588235294118,1.0
72,0.5053191489361701,0.19999999999999996,0.07493540051679587,0.25,0.19138077686419053,0.5294117647058824,0.1666666666666572
73,0.39893617021276595,0.19999999999999996,0.13178294573643412,0.27717391304347827,0.26424723561100083,0.5294117647058824,0.4166666666666572
74,0.5319148936170213,0.19999999999999996,0.07751937984496121,0.20108695652173914,0.1718174085625177,0.5294117647058824,0.3333333333333144
75,0.7712765957446809,0.6000000000000001,0.5012919896640827,0.21195652173913043,0.39750496172384464,0.5294117647058824,1.0
76,0.35904255319148937,0.6000000000000001,0.42377260981912146,0.2391304347826087,0.41735185710235323,0.5882352941176471,0.5
77,0.32180851063829785,0.19999999999999996,0.17054263565891475,0.2663043478260869,0.25574142330592575,0.4117647058823529,0.6666666666666572
78,0.4521276595744681,0.19999999999999996,0.07751937984496121,0.2391304347826087,0.18485965409696625,0.47058823529411764,0.25
79,0.6223404255319148,0.19999999999999996,0.10335917312661497,0.1576086956521739,0.20895945562801244,0.5294117647058824,0.9166666666666572
80,0.17287234042553193,1.0,0.8578811369509045,0.7826086956521738,0.7689254323787921,0.23529411764705876,0.5833333333333144
81,0.0797872340425532,1.0,0.9328165374677002,0.826086956521739,0.9466969095548624,0.23529411764705876,0.25
82,0.27127659574468077,1.0,0.6124031007751938,0.5380434782608695,0.5137510632265382,0.2941176470588235,0.6666666666666572
83,0.3723404255319148,0.19999999999999996,0.12144702842377259,0.2663043478260869,0.3064927700595407,0.4117647058823529,0.4166666666666572
84,0.42553191489361697,0.19999999999999996,0.12403100775193798,0.19021739130434784,0.17210093563935358,0.5294117647058824,0.5
85,0.6914893617021276,0.19999999999999996,0.01033591731266148,0.125,0.0,0.5882352941176471,0.08333333333331439
86,0.2393617021276596,0.6000000000000001,0.33850129198966405,0.27717391304347827,0.3291749362064077,0.47058823529411764,0.0
87,0.2287234042553192,0.6000000000000001,0.40568475452196384,0.21195652173913043,0.5250921462999717,0.5294117647058824,0.9166666666666572
88,0.5053191489361701,0.19999999999999996,0.056847545219638224,0.1576086956521739,0.14516586333994896,0.4117647058823529,0.3333333333333144
89,0.5851063829787234,0.19999999999999996,0.13178294573643412,0.19565217391304346,0.31386447405727247,0.6470588235294118,1.0
90,0.6675531914893617,0.19999999999999996,0.046511627906976744,0.1032608695652174,0.10263680181457335,0.4117647058823529,0.75
91,0.48404255319148926,0.19999999999999996,0.13178294573643412,0.27717391304347827,0.1947831017862206,0.4117647058823529,0.6666666666666572
92,0.10638297872340427,1.0,0.7286821705426357,0.7010869565217391,0.7051318400907286,0.2941176470588235,0.25
93,0.2127659574468085,0.6000000000000001,0.4702842377260982,0.2934782608695652,0.4865324638502977,0.47058823529411764,0.08333333333331439
94,0.4521276595744681,0.19999999999999996,0.07751937984496121,0.17934782608695649,0.18202438332860793,0.5882352941176471,0.5
95,0.2127659574468085,0.6000000000000001,0.4211886304909561,0.34782608695652173,0.6504111142614121,0.7647058823529412,0.4166666666666572
96,0.0797872340425532,1.0,0.7286821705426357,0.7282608695652174,0.818259143748228,0.2941176470588235,0.25
97,0.2393617021276596,0.6000000000000001,0.4702842377260982,0.2282608695652174,0.43266231925148857,0.4117647058823529,0.08333333333331439
98,0.24468085106382978,1.0,0.6459948320413437,0.48369565217391297,0.6285795293450523,0.4117647058823529,0.75
99,0.18617021276595744,0.6000000000000001,0.4702842377260982,0.2934782608695652,0.6146867025800965,0.5294117647058824,0.3333333333333144
100,0.05319148936170212,1.0,0.8578811369509045,0.5652173913043478,0.9594556280124752,0.3529411764705882,0.25
101,0.0797872340425532,1.0,0.8578811369509045,0.6576086956521738,0.9336546640204139,0.2941176470588235,0.25
102,0.42553191489361697,0.19999999999999996,0.07751937984496121,0.18478260869565216,0.14544939041678484,0.5294117647058824,0.1666666666666572
103,0.6702127659574468,0.19999999999999996,0.09560723514211888,0.13043478260869562,0.16643039410263682,0.2941176470588235,0.75
104,0.6170212765957447,0.19999999999999996,0.10335917312661497,0.1576086956521739,0.18485965409696625,0.4117647058823529,0.8333333333333144
105,0.46808510638297873,0.19999999999999996,0.21447028423772607,0.20652173913043476,0.2897646725262263,0.47058823529411764,0.9166666666666572
106,0.9148936170212766,0.19999999999999996,0.056847545219638224,0.010869565217391297,0.20470654947547495,0.9411764705882352,0.8333333333333144
107,0.5585106382978723,0.19999999999999996,0.051679586563307484,0.16304347826086957,0.1281542387297987,0.4117647058823529,0.08333333333331439
108,0.42553191489361697,0.19999999999999996,0.13695090439276486,0.375,0.2999716472923164,0.3529411764705882,0.4166666666666572
109,0.2393617021276596,1.0,0.6175710594315246,0.4565217391304348,0.5361497022965693,0.23529411764705876,0.0
110,0.29255319148936165,0.19999999999999996,0.07493540051679587,0.2282608695652174,0.18882903317266797,0.6470588235294118,0.25
111,0.2393617021276596,0.19999999999999996,0.13695090439276486,0.3586956521739131,0.374255741423306,0.4117647058823529,0.1666666666666572
112,0.18617021276595744,1.0,0.7312661498708011,0.5597826086956521,0.7717607031471506,0.4117647058823529,0.5833333333333144
113,0.6382978723404255,0.19999999999999996,0.05943152454780362,0.03804347826086957,0.05160192798412244,0.5882352941176471,0.4166666666666572
114,0.752659574468085,0.19999999999999996,0.05943152454780362,0.125,0.14658349872412813,0.4117647058823529,0.75
115,0.2393617021276596,0.6000000000000001,0.40568475452196384,0.2663043478260869,0.6158208108874398,0.6470588235294118,0.4166666666666572
116,0.4122340425531914,0.19999999999999996,0.21447028423772607,0.2282608695652174,0.3195350155939892,0.47058823529411764,0.5833333333333144
117,0.3191489361702128,0.6000000000000001,0.4211886304909561,0.34782608695652173,0.4043096115679048,0.4117647058823529,0.4166666666666572
118,0.675531914893617,0.19999999999999996,0.07751937984496121,0.1032608695652174,0.12248369719308194,0.47058823529411764,0.9166666666666572
119,0.15957446808510636,1.0,0.9328165374677002,0.826086956521739,0.7734618656081657,0.11764705882352944,0.0
120,0.4787234042553191,0.19999999999999996,0.08527131782945735,0.20108695652173914,0.16699744825630847,0.4117647058823529,0.5
121,0.4521276595744681,0.19999999999999996,0.028423772609819126,0.1141304347826087,0.09923447689254328,0.47058823529411764,0.3333333333333144
122,0.18617021276595744,1.0,0.8578811369509045,0.6739130434782609,0.8661752197334845,0.23529411764705876,0.4166666666666572
123,0.37765957446808507,0.19999999999999996,0.22739018087855295,0.32065217391304346,0.3209526509781684,0.5294117647058824,0.6666666666666572
124,0.4787234042553191,0.19999999999999996,0.07493540051679587,0.07608695652173914,0.06265948398072019,0.6470588235294118,0.08333333333331439
125,0.46542553191489355,0.19999999999999996,0.18604651162790697,0.14130434782608692,0.2699177771477176,0.3529411764705882,0.5
126,0.10638297872340427,1.0,0.7545219638242894,0.6739130434782609,0.8622058406577827,0.2941176470588235,0.25
127,0.5824468085106382,0.19999999999999996,0.09560723514211888,0.1576086956521739,0.1749362064077119,0.4117647058823529,0.6666666666666572
128,0.29255319148936165,0.19999999999999996,0.11886304909560724,0.24456521739130432,0.2747377374539268,0.3529411764705882,0.25
129,0.7207446808510638,0.19999999999999996,0.07751937984496121,0.10869565217391303,0.053019563368301714,0.3529411764705882,0.6666666666666572
130,0.4521276595744681,0.19999999999999996,0.07493540051679587,0.17391304347826086,0.1947831017862206,0.4117647058823529,0.3333333333333144
131,0.5053191489361701,0.19999999999999996,0.21447028423772607,0.2391304347826087,0.3019563368301673,0.5294117647058824,0.8333333333333144
132,0.0797872340425532,1.0,1.0,0.9728260869565217,0.9464133824780266,0.17647058823529416,0.25
133,0.2127659574468085,1.0,0.6098191214470284,0.5652173913043478,0.58378225120499,0.23529411764705876,0.1666666666666572
134,0.15957446808510636,1.0,0.7286821705426357,0.5380434782608695,0.8015310462149136,0.3529411764705882,0.4166666666666572
135,0.18617021276595744,1.0,0.6459948320413437,0.5652173913043478,0.7306492770059542,0.2941176470588235,0.5
136,0.4521276595744681,0.19999999999999996,0.05943152454780362,0.13043478260869562,0.0969662602778566,0.7647058823529412,0.08333333333331439
137,0.10638297872340427,1.0,0.6046511627906976,0.45108695652173914,0.44116813155656365,0.23529411764705876,0.4166666666666572
138,0.3457446808510638,0.19999999999999996,0.13695090439276486,0.28260869565217395,0.37765806634533594,0.4117647058823529,0.4166666666666572
139,0.3191489361702128,0.19999999999999996,0.13436692506459946,0.22282608695652173,0.3872979869577545,0.7058823529411765,0.1666666666666572
140,0.47340425531914887,0.6000000000000001,0.2713178294573643,0.375,0.3081939325205557,0.2941176470588235,0.75
141,0.5319148936170213,0.19999999999999996,0.07493540051679587,0.1576086956521739,0.1582081088743975,0.47058823529411764,0.4166666666666572
142,0.6117021276595744,0.19999999999999996,0.19638242894056845,0.2717391304347826,0.29827048483130136,0.3529411764705882,1.0
143,0.6941489361702128,0.19999999999999996,0.033591731266149866,0.07608695652173914,0.04167848029486815,0.47058823529411764,0.9166666666666572
144,0.27127659574468077,1.0,0.5142118863049095,0.42934782608695654,0.5647859370569889,0.4117647058823529,0.75
145,0.3723404255319148,0.19999999999999996,0.13436692506459946,0.2282608695652174,0.381060391267366,0.5294117647058824,0.4166666666666572
146,0.3085106382978724,0.6000000000000001,0.40568475452196384,0.34782608695652173,0.49532180323220865,0.5294117647058824,0.75
147,0.4787234042553191,0.19999999999999996,0.21447028423772607,0.2391304347826087,0.31811738020981006,0.5882352941176471,1.0
148,0.15957446808510636,1.0,0.7286821705426357,0.6467391304347826,0.5897363198185427,0.23529411764705876,0.0
149,0.2420212765957447,1.0,0.6046511627906976,0.5054347826086957,0.4513751063226539,0.17647058823529416,0.6666666666666572
150,0.5930851063829787,0.19999999999999996,0.13436692506459946,0.1576086956521739,0.2633966543804933,0.5882352941176471,0.8333333333333144
151,0.4920212765957447,0.19999999999999996,0.17054263565891475,0.2663043478260869,0.2685001417635384,0.3529411764705882,0.6666666666666572
152,0.1329787234042553,1.0,1.0,0.9728260869565217,0.797278140062376,0.11764705882352944,0.0
153,0.15957446808510636,0.6000000000000001,0.4702842377260982,0.14130434782608692,0.43804933371136945,0.7058823529411765,0.4166666666666572
154,0.5053191489361701,0.19999999999999996,0.10077519379844962,0.21739130434782605,0.24128154238729804,0.47058823529411764,0.5
155,0.26595744680851063,0.6000000000000001,0.4702842377260982,0.2282608695652174,0.47887723277573013,0.47058823529411764,0.08333333333331439
156,0.2393617021276596,0.0,0.00516795865633074,0.2391304347826087,0.1448823362631131,0.3529411764705882,0.25
157,0.5452127659574467,0.19999999999999996,0.07751937984496121,0.11956521739130432,0.1480011341083074,0.5294117647058824,0.6666666666666572
158,0.26595744680851063,0.6000000000000001,0.42377260981912146,0.2934782608695652,0.2894811454493904,0.2941176470588235,0.08333333333331439
159,0.19148936170212763,0.6000000000000001,0.24547803617571062,0.47282608695652173,0.5094981570740006,0.47058823529411764,0.6666666666666572
160,0.40691489361702127,0.19999999999999996,0.21447028423772607,0.2391304347826087,0.39410263680181457,0.7058823529411765,0.8333333333333144
161,0.22606382978723402,1.0,0.6459948320413437,0.5108695652173912,0.699461298554012,0.3529411764705882,0.6666666666666572
162,0.2393617021276596,0.6000000000000001,0.2661498708010336,0.27717391304347827,0.3887156223419337,0.4117647058823529,0.4166666666666572
163,0.3723404255319148,0.6000000000000001,0.3359173126614987,0.2663043478260869,0.36603345619506666,0.47058823529411764,0.25
164,0.3723404255319148,0.19999999999999996,0.07493540051679587,0.04347826086956519,0.18174085625177205,0.9411764705882352,0.1666666666666572
165,0.2898936170212765,1.0,0.49612403100775193,0.34782608695652173,0.4967394386163879,0.47058823529411764,0.6666666666666572
166,0.18617021276595744,0.6000000000000001,0.40568475452196384,0.32065217391304346,0.5177204423022399,0.47058823529411764,0.08333333333331439
167,0.4521276595744681,0.19999999999999996,0.22739018087855295,0.25,0.27558831868443434,0.4117647058823529,1.0
168,0.29255319148936165,0.6000000000000001,0.22739018087855295,0.4130434782608695,0.3385313297419904,0.3529411764705882,0.25
169,0.7712765957446809,0.19999999999999996,0.09560723514211888,0.09239130434782605,0.14516586333994896,0.4117647058823529,1.0
170,0.6223404255319148,0.19999999999999996,0.10077519379844962,0.14130434782608692,0.19194783101786217,0.5294117647058824,0.8333333333333144
171,0.30053191489361697,0.3999999999999999,0.16279069767441862,0.3097826086956521,0.3450524525092147,0.47058823529411764,0.6666666666666572
172,0.5319148936170213,0.19999999999999996,0.0,0.016304347826086973,0.07201587751630278,0.7058823529411765,0.25
173,0.5851063829787234,0.19999999999999996,0.1136950904392765,0.21195652173913043,0.272753047916076,0.47058823529411764,1.0
174,0.3191489361702128,0.19999999999999996,0.1395348837209302,0.21739130434782605,0.17380209810036862,0.5294117647058824,0.1666666666666572
175,0.4521276595744681,0.19999999999999996,0.07235142118863047,0.125,0.16331159625744263,0.5882352941176471,0.1666666666666572
176,0.1329787234042553,1.0,0.8578811369509045,0.7010869565217391,0.7859370569889425,0.23529411764705876,0.1666666666666572
177,0.1329787234042553,1.0,0.6098191214470284,0.5652173913043478,0.58378225120499,0.23529411764705876,0.25
178,0.2978723404255319,1.0,0.6046511627906976,0.5054347826086957,0.5548624893677346,0.2941176470588235,0.6666666666666572
179,0.5984042553191489,0.19999999999999996,0.07751937984496121,0.11956521739130432,0.12248369719308194,0.6470588235294118,0.5833333333333144
180,0.2872340425531915,0.6000000000000001,0.3410852713178295,0.21195652173913043,0.3904167848029487,0.5882352941176471,0.75
181,0.6595744680851062,0.19999999999999996,0.07493540051679587,0.1141304347826087,0.15083640487666572,0.5882352941176471,0.8333333333333144
182,0.22606382978723402,1.0,0.6124031007751938,0.5108695652173912,0.7377374539268501,0.2941176470588235,0.5
183,0.2393617021276596,1.0,0.6459948320413437,0.5652173913043478,0.5168698610717324,0.17647058823529416,0.0
184,0.6648936170212766,0.19999999999999996,0.1136950904392765,0.2282608695652174,0.22171817408562522,0.5882352941176471,1.0
185,0.31382978723404253,0.6000000000000001,0.3410852713178295,0.21195652173913043,0.41309895094981575,0.5294117647058824,0.6666666666666572
186,0.2393617021276596,0.6000000000000001,0.4702842377260982,0.32065217391304346,0.5233909838389567,0.47058823529411764,0.4166666666666572
187,0.10638297872340427,1.0,0.6459948320413437,0.5652173913043478,0.6597675077969946,0.2941176470588235,0.5
188,0.1329787234042553,1.0,0.7312661498708011,0.5815217391304348,0.713354125318968,0.2941176470588235,0.1666666666666572
189,0.10638297872340427,1.0,0.9612403100775193,0.9184782608695652,0.8851715338814857,0.17647058823529416,0.25
190,0.44680851063829785,0.19999999999999996,0.22739018087855295,0.25,0.2855117663736887,0.3529411764705882,0.9166666666666572
191,0.5159574468085105,0.19999999999999996,0.21447028423772607,0.2391304347826087,0.29968812021548064,0.47058823529411764,0.75
192,0.10638297872340427,1.0,0.8578811369509045,0.7826086956521738,0.7964275588318684,0.2941176470588235,0.1666666666666572
193,0.15957446808510636,1.0,0.7286821705426357,0.5380434782608695,0.7000283527076835,0.2941176470588235,0.25
194,0.1329787234042553,1.0,0.6459948320413437,0.5652173913043478,0.6986107173235044,0.3529411764705882,0.1666666666666572
195,0.8643617021276596,0.19999999999999996,0.07751937984496121,0.16304347826086957,0.15055287779982984,0.4117647058823529,0.8333333333333144
196,0.48404255319148926,0.19999999999999996,0.1731266149870801,0.20652173913043476,0.24865324638502972,0.47058823529411764,0.9166666666666572
197,0.9069148936170214,0.19999999999999996,0.056847545219638224,0.010869565217391297,0.10547207258293168,0.823529411764706,0.6666666666666572
198,0.5319148936170213,0.19999999999999996,0.056847545219638224,0.13043478260869562,0.09186277289481148,0.3529411764705882,0.4166666666666572
199,0.651595744680851,0.19999999999999996,0.043927648578811374,0.13043478260869562,0.09413098950949816,0.5294117647058824,0.5833333333333144
200,0.4521276595744681,0.19999999999999996,0.12403100775193798,0.1576086956521739,0.17947263963708537,0.3529411764705882,0.3333333333333144
201,0.3723404255319148,0.19999999999999996,0.18604651162790697,0.20108695652173914,0.29089878083356957,0.5294117647058824,0.4166666666666572
202,0.39627659574468077,1.0,0.49612403100775193,0.2391304347826087,0.5123334278423589,0.823529411764706,0.75
203,0.26595744680851063,0.6000000000000001,0.40568475452196384,0.2934782608695652,0.5718741139778848,0.5882352941176471,0.5833333333333144
204,0.3191489361702128,0.19999999999999996,0.18604651162790697,0.14130434782608692,0.22341933654664026,0.7058823529411765,0.25
205,0.15957446808510636,1.0,0.8320413436692506,0.7826086956521738,0.6342500708817692,0.05882352941176472,0.0
206,0.8457446808510637,0.19999999999999996,0.043927648578811374,0.1032608695652174,0.14091295718741137,0.6470588235294118,0.8333333333333144
207,0.2393617021276596,0.6000000000000001,0.4702842377260982,0.2282608695652174,0.3992061241848597,0.5294117647058824,0.25
208,0.10638297872340427,1.0,0.6175710594315246,0.4565217391304348,0.7045647859370571,0.3529411764705882,0.1666666666666572
209,0.43617021276595735,0.6000000000000001,0.25839793281653745,0.3804347826086957,0.36489934788772327,0.2941176470588235,0.9166666666666572
210,0.3457446808510638,0.6000000000000001,0.20155038759689925,0.27717391304347827,0.3407995463566771,0.4117647058823529,0.5833333333333144
211,0.23138297872340421,0.6000000000000001,0.4211886304909561,0.6467391304347826,0.5194216047632549,0.2941176470588235,0.6666666666666572
212,0.8005319148936171,0.19999999999999996,0.028423772609819126,0.06521739130434784,0.040260844910688987,0.5294117647058824,0.9166666666666572
213,0.5585106382978723,0.19999999999999996,0.028423772609819126,0.13043478260869562,0.13070598242132125,0.7058823529411765,0.08333333333331439
214,0.3457446808510638,0.6000000000000001,0.40568475452196384,0.2934782608695652,0.4593138644740573,0.4117647058823529,0.5
215,0.6356382978723404,0.19999999999999996,0.13178294573643412,0.2934782608695652,0.28409413098950953,0.4117647058823529,0.9166666666666572
216,0.7446808510638298,0.19999999999999996,0.043927648578811374,0.1032608695652174,0.10263680181457335,0.6470588235294118,0.9166666666666572
217,0.14627659574468085,1.0,0.7312661498708011,0.5760869565217391,0.7377374539268501,0.2941176470588235,0.5
218,0.526595744680851,0.6000000000000001,0.2713178294573643,0.375,0.2784235894527928,0.17647058823529416,0.75
219,0.15957446808510636,1.0,0.6046511627906976,0.4565217391304348,0.7604196200737171,0.4117647058823529,0.5833333333333144
220,0.22606382978723402,0.6000000000000001,0.49095607235142125,0.2663043478260869,0.4479727814006238,0.5882352941176471,0.5
221,0.3351063829787234,0.19999999999999996,0.13695090439276486,0.375,0.33512900481996033,0.47058823529411764,0.6666666666666572
222,0.1329787234042553,1.0,0.6459948320413437,0.5652173913043478,0.8063510065211227,0.3529411764705882,0.3333333333333144
223,0.19946808510638295,0.6000000000000001,0.25839793281653745,0.40217391304347827,0.625744258576694,0.5294117647058824,0.5
224,0.1329787234042553,1.0,0.6046511627906976,0.4945652173913043,0.68868726963425,0.4117647058823529,0.25
225,0.6117021276595744,0.19999999999999996,0.038759689922480606,0.08152173913043476,0.11057555996597679,0.6470588235294118,0.3333333333333144
226,0.026595744680851047,1.0,0.7545219638242894,0.9184782608695652,0.8511482846611852,0.3529411764705882,0.0
227,0.5851063829787234,0.19999999999999996,0.020671834625322988,0.03260869565217389,0.010206974766090171,0.5294117647058824,0.3333333333333144
228,0.3191489361702128,0.6000000000000001,0.3410852713178295,0.21195652173913043,0.2761553728381061,0.47058823529411764,0.0
229,0.4787234042553191,0.19999999999999996,0.18604651162790697,0.21739130434782605,0.33371136943578117,0.47058823529411764,1.0
230,0.15957446808510636,1.0,0.813953488372093,0.6739130434782609,0.5528777998298838,0.11764705882352944,0.0
231,0.5053191489361701,0.19999999999999996,0.13436692506459946,0.17934782608695649,0.28692940175786785,0.6470588235294118,1.0
232,0.3723404255319148,0.19999999999999996,0.18604651162790697,0.17391304347826086,0.27757300822228526,0.6470588235294118,0.4166666666666572
233,0.18617021276595744,1.0,0.6459948320413437,0.5652173913043478,0.8179756166713922,0.4117647058823529,0.4166666666666572
234,0.29255319148936165,0.19999999999999996,0.16020671834625322,0.30434782608695654,0.43578111709668277,0.47058823529411764,0.5
235,0.9308510638297872,0.19999999999999996,0.07493540051679587,0.03260869565217389,0.14658349872412813,0.9999999999999999,1.0
236,0.1329787234042553,1.0,0.6459948320413437,0.5652173913043478,0.7039977317833853,0.2941176470588235,0.08333333333331439
237,0.2978723404255319,0.6000000000000001,0.3410852713178295,0.21195652173913043,0.3833286078820527,0.47058823529411764,0.6666666666666572
238,0.7978723404255318,0.19999999999999996,0.046511627906976744,0.09782608695652173,0.07428409413098946,0.47058823529411764,0.9166666666666572
239,0.3723404255319148,0.19999999999999996,0.1395348837209302,0.21739130434782605,0.17210093563935358,0.3529411764705882,0.08333333333331439
240,0.10638297872340427,1.0,0.7286821705426357,0.5380434782608695,0.692373121633116,0.23529411764705876,0.5
241,0.2393617021276596,0.6000000000000001,0.40568475452196384,0.32065217391304346,0.42755883186844346,0.5294117647058824,0.25
242,0.18617021276595744,1.0,0.8578811369509045,0.7282608695652174,0.7391550893110291,0.17647058823529416,0.5833333333333144
243,0.42553191489361697,0.19999999999999996,0.10852713178294571,0.22282608695652173,0.3002551743691523,0.5882352941176471,0.0
244,0.1329787234042553,1.0,0.9974160206718348,0.9456521739130435,0.7771477176070315,0.05882352941176472,0.0
245,0.15957446808510636,1.0,0.6459948320413437,0.5652173913043478,0.5063793592288064,0.17647058823529416,0.25
246,0.276595744680851,1.0,0.6459948320413437,0.5108695652173912,0.601644457045648,0.2941176470588235,0.6666666666666572
247,0.9388297872340424,0.19999999999999996,0.056847545219638224,0.010869565217391297,0.13382478026651545,0.823529411764706,0.8333333333333144
248,0.5053191489361701,0.19999999999999996,0.07493540051679587,0.1576086956521739,0.15367167564502415,0.47058823529411764,0.5
249,0.5319148936170213,0.19999999999999996,0.1731266149870801,0.20652173913043476,0.2585766940742841,0.47058823529411764,1.0
250,0.6143617021276596,0.19999999999999996,0.07751937984496121,0.13043478260869562,0.1437482279557698,0.47058823529411764,0.8333333333333144
251,0.39893617021276595,0.19999999999999996,0.13695090439276486,0.34782608695652173,0.2968528494471222,0.3529411764705882,0.25
252,0.7287234042553191,0.3999999999999999,0.13695090439276486,0.1141304347826087,0.3790757017295152,0.7058823529411765,0.8333333333333144
253,0.10638297872340427,1.0,0.7286821705426357,0.5380434782608695,0.6733768074851149,0.2941176470588235,0.25
254,0.3856382978723404,0.6000000000000001,0.2713178294573643,0.34782608695652173,0.31528210944145163,0.2941176470588235,0.9166666666666572
255,0.39893617021276595,0.19999999999999996,0.11627906976744184,0.2663043478260869,0.21519705131840094,0.4117647058823529,0.0
256,0.2127659574468085,1.0,0.6124031007751938,0.4565217391304348,0.6314148001134109,0.4117647058823529,0.75
257,0.7207446808510638,0.19999999999999996,0.05943152454780362,0.07608695652173914,0.053019563368301714,0.47058823529411764,0.6666666666666572
258,0.3457446808510638,0.6000000000000001,0.42377260981912146,0.3586956521739131,0.34647008789339384,0.4117647058823529,1.0
259,0.2393617021276596,0.6000000000000001,0.42377260981912146,0.2934782608695652,0.4749078537000283,0.47058823529411764,0.08333333333331439
260,0.3457446808510638,0.6000000000000001,0.4702842377260982,0.32065217391304346,0.49333711369435784,0.4117647058823529,0.5
261,0.42819148936170215,0.19999999999999996,0.18604651162790697,0.2282608695652174,0.31386447405727247,0.4117647058823529,0.6666666666666572
262,0.5319148936170213,0.19999999999999996,0.043927648578811374,0.03260869565217389,0.11964842642472362,0.823529411764706,0.5
263,0.3058510638297872,0.6000000000000001,0.4211886304909561,0.32065217391304346,0.5137510632265382,0.5294117647058824,0.5833333333333144
264,0.0,1.0,0.6098191214470284,0.7989130434782608,0.8843209526509782,0.6470588235294118,0.0
265,0.10638297872340427,1.0,0.8578811369509045,0.7010869565217391,1.0,0.23529411764705876,0.08333333333331439
266,0.7101063829787234,0.19999999999999996,0.07751937984496121,0.18478260869565216,0.08562517720442298,0.3529411764705882,0.75
267,0.39893617021276595,0.19999999999999996,0.056847545219638224,0.1576086956521739,0.14034590303373973,0.47058823529411764,0.3333333333333144
268,0.577127659574468,0.6000000000000001,0.19896640826873385,0.16304347826086957,0.4386163878650411,0.7058823529411765,0.9166666666666572
269,0.6329787234042552,0.19999999999999996,0.025839793281653728,0.03260869565217389,0.10547207258293168,0.6470588235294118,0.6666666666666572
270,0.18617021276595744,0.6000000000000001,0.49095607235142125,0.34782608695652173,0.5724411681315565,0.5882352941176471,0.3333333333333144
271,0.6835106382978724,0.19999999999999996,0.09560723514211888,0.09239130434782605,0.17068330025517442,0.4117647058823529,0.9166666666666572
272,0.42553191489361697,0.19999999999999996,0.18604651162790697,0.25,0.2719024666855685,0.4117647058823529,0.5
273,0.5851063829787234,0.19999999999999996,0.028423772609819126,0.1141304347826087,0.10972497873546927,0.47058823529411764,0.3333333333333144
274,0.5531914893617021,0.19999999999999996,0.17054263565891475,0.2391304347826087,0.3113127303657499,0.47058823529411764,0.8333333333333144
275,0.15957446808510636,1.0,0.6459948320413437,0.5652173913043478,0.7150552877799831,0.3529411764705882,0.1666666666666572
276,0.3457446808510638,0.19999999999999996,0.13695090439276486,0.16304347826086957,0.25460731499858236,0.5882352941176471,0.1666666666666572
277,0.42553191489361697,0.19999999999999996,0.09302325581395349,0.2663043478260869,0.21604763254890846,0.5882352941176471,0.0
278,0.4787234042553191,0.19999999999999996,0.07493540051679587,0.2282608695652174,0.14658349872412813,0.4117647058823529,0.08333333333331439
279,0.7446808510638298,0.19999999999999996,0.05943152454780362,0.11956521739130432,0.11681315565636519,0.5882352941176471,1.0
280,0.2393617021276596,0.6000000000000001,0.49095607235142125,0.34782608695652173,0.3824780266515452,0.3529411764705882,0.08333333333331439
281,0.6117021276595744,0.19999999999999996,0.00775193798449611,0.1032608695652174,0.06322653813439183,0.7647058823529412,0.3333333333333144
282,0.7712765957446809,0.19999999999999996,0.05943152454780362,0.1141304347826087,0.10830734335129011,0.47058823529411764,1.0
283,0.5053191489361701,0.19999999999999996,0.1136950904392765,0.2282608695652174,0.2812588602211511,0.7058823529411765,1.0
284,0.4521276595744681,0.19999999999999996,0.13695090439276486,0.36413043478260865,0.1760703147150553,0.2941176470588235,0.0
285,0.7180851063829787,0.19999999999999996,0.1731266149870801,0.20652173913043476,0.2146299971647292,0.2941176470588235,1.0
286,0.4893617021276595,0.19999999999999996,0.13695090439276486,0.18478260869565216,0.29968812021548064,0.4117647058823529,0.75
287,0.33244680851063824,0.6000000000000001,0.4211886304909561,0.375,0.4627161893960874,0.4117647058823529,0.75
288,0.5851063829787234,0.19999999999999996,0.028423772609819126,0.1141304347826087,0.09554862489367733,0.6470588235294118,0.3333333333333144
289,0.39627659574468077,0.19999999999999996,0.13178294573643412,0.27717391304347827,0.22455344485398354,0.4117647058823529,0.6666666666666572
290,0.276595744680851,0.6000000000000001,0.42377260981912146,0.2391304347826087,0.45279274170683304,0.5294117647058824,0.6666666666666572
291,0.26595744680851063,0.19999999999999996,0.13695090439276486,0.3586956521739131,0.35582648142897644,0.47058823529411764,0.25
292,0.42553191489361697,0.19999999999999996,0.18604651162790697,0.1576086956521739,0.2633966543804933,0.5294117647058824,0.3333333333333144
293,0.9468085106382979,0.19999999999999996,0.05943152454780362,0.1141304347826087,0.06719591721009355,0.3529411764705882,0.8333333333333144
294,0.17287234042553193,1.0,0.6459948320413437,0.5380434782608695,0.7164729231641621,0.3529411764705882,0.5833333333333144
295,0.42553191489361697,0.19999999999999996,0.056847545219638224,0.1358695652173913,0.1729515168698611,0.5294117647058824,0.4166666666666572
296,0.39095744680851063,0.0,0.00516795865633074,0.2934782608695652,0.22880635100652114,0.2941176470588235,0.8333333333333144
297,0.5026595744680851,0.19999999999999996,0.22739018087855295,0.32065217391304346,0.3365466402041395,0.3529411764705882,0.8333333333333144
298,0.46808510638297873,1.0,0.7286821705426357,0.32065217391304346,0.5988091862772894,0.6470588235294118,0.9166666666666572
299,0.15957446808510636,1.0,0.6098191214470284,0.5652173913043478,0.6461582081088745,0.2941176470588235,0.1666666666666572
300,0.29255319148936165,0.6000000000000001,0.42377260981912146,0.2934782608695652,0.368868726963425,0.47058823529411764,0.4166666666666572
301,0.5053191489361701,0.19999999999999996,0.12403100775193798,0.2391304347826087,0.14459880918627732,0.3529411764705882,0.08333333333331439
302,0.5585106382978723,0.19999999999999996,0.1111111111111111,0.18478260869565216,0.15367167564502415,0.4117647058823529,0.5833333333333144
303,0.3537234042553191,0.19999999999999996,0.18604651162790697,0.2282608695652174,0.36206407711936495,0.5294117647058824,0.75
304,0.10638297872340427,1.0,0.7286821705426357,0.592391304347826,0.8191097249787355,0.3529411764705882,0.1666666666666572
305,0.5079787234042553,0.19999999999999996,0.18863049095607237,0.18478260869565216,0.4584632832435498,0.7058823529411765,0.9166666666666572
306,0.7180851063829787,0.19999999999999996,0.13436692506459946,0.2282608695652174,0.15508931102920331,0.4117647058823529,1.0
307,0.5531914893617021,0.19999999999999996,0.054263565891472854,0.08695652173913043,0.06577828182591439,0.4117647058823529,0.8333333333333144
308,0.4122340425531914,0.19999999999999996,0.07751937984496121,0.07608695652173914,0.1562234193365466,0.823529411764706,0.5
309,0.29255319148936165,0.19999999999999996,0.18604651162790697,0.2391304347826087,0.22540402608449106,0.7058823529411765,0.1666666666666572
310,0.17287234042553193,1.0,0.7286821705426357,0.6739130434782609,0.723561100085058,0.17647058823529416,0.5833333333333144
311,0.3058510638297872,0.6000000000000001,0.40568475452196384,0.2934782608695652,0.5151686986107173,0.5294117647058824,0.6666666666666572
312,0.10638297872340427,1.0,0.7286821705426357,0.5652173913043478,0.8749645591153955,0.4117647058823529,0.3333333333333144
313,0.5984042553191489,0.19999999999999996,0.054263565891472854,0.1358695652173913,0.10688970796711084,0.4117647058823529,0.6666666666666572
314,0.2127659574468085,1.0,0.49612403100775193,0.34782608695652173,0.6937907570172951,0.6470588235294118,0.5833333333333144
315,0.6675531914893617,0.19999999999999996,0.05943152454780362,0.11956521739130432,0.10547207258293168,0.47058823529411764,0.9166666666666572
316,0.7180851063829787,0.19999999999999996,0.10077519379844962,0.1576086956521739,0.16784802948681599,0.4117647058823529,1.0
317,0.10638297872340427,1.0,0.6046511627906976,0.5108695652173912,0.7601360929968811,0.47058823529411764,0.1666666666666572
318,0.3058510638297872,0.6000000000000001,0.3410852713178295,0.2663043478260869,0.43719875248086193,0.5882352941176471,0.6666666666666572
319,0.4521276595744681,0.19999999999999996,0.1395348837209302,0.18478260869565216,0.2375956903884321,0.5294117647058824,0.3333333333333144
320,0.4042553191489361,0.6000000000000001,0.20155038759689925,0.40217391304347827,0.37340516019279846,0.3529411764705882,0.9166666666666572
321,0.43882978723404253,0.19999999999999996,0.18604651162790697,0.23369565217391303,0.3237879217465268,0.47058823529411764,0.5833333333333144
322,0.0797872340425532,1.0,0.813953488372093,0.7282608695652174,0.9475474907853699,0.23529411764705876,0.08333333333331439
323,0.29255319148936165,1.0,0.5012919896640827,0.34782608695652173,0.45591153955202723,0.3529411764705882,0.4166666666666572
324,0.26595744680851063,0.6000000000000001,0.42377260981912146,0.2391304347826087,0.4530762687836688,0.5294117647058824,0.4166666666666572
325,0.26595744680851063,0.19999999999999996,0.13436692506459946,0.2282608695652174,0.4698043663169833,0.823529411764706,0.5
326,0.7180851063829787,0.19999999999999996,0.07751937984496121,0.13043478260869562,0.14516586333994896,0.5294117647058824,1.0
327,0.5053191489361701,0.19999999999999996,0.18604651162790697,0.2391304347826087,0.18457612702013038,0.47058823529411764,0.08333333333331439
328,0.15957446808510636,0.6000000000000001,0.49095607235142125,0.34782608695652173,0.6002268216614687,0.6470588235294118,0.4166666666666572
329,0.39893617021276595,0.19999999999999996,0.17054263565891475,0.2717391304347826,0.30876098667422736,0.3529411764705882,0.4166666666666572
330,0.5851063829787234,0.19999999999999996,0.05943152454780362,0.11956521739130432,0.10121916643039408,0.5882352941176471,1.0
331,0.26595744680851063,0.6000000000000001,0.40568475452196384,0.2663043478260869,0.46810320385596826,0.47058823529411764,0.4166666666666572
332,0.10638297872340427,1.0,0.6046511627906976,0.4565217391304348,0.6399206124184861,0.4117647058823529,0.5
333,0.5585106382978723,0.19999999999999996,0.07751937984496121,0.11956521739130432,0.15367167564502415,0.5294117647058824,0.6666666666666572
334,0.6569148936170213,0.19999999999999996,0.10077519379844962,0.1576086956521739,0.16926566487099515,0.3529411764705882,0.9166666666666572
335,0.5585106382978723,0.19999999999999996,0.1731266149870801,0.20652173913043476,0.21888290331726679,0.2941176470588235,0.9166666666666572
336,0.26595744680851063,0.6000000000000001,0.42377260981912146,0.2934782608695652,0.36518287496455915,0.47058823529411764,0.3333333333333144
337,0.15957446808510636,0.6000000000000001,0.4702842377260982,0.2934782608695652,0.4885171533881486,0.5294117647058824,0.3333333333333144
338,0.2393617021276596,0.6000000000000001,0.40568475452196384,0.32065217391304346,0.5670541536716757,0.5294117647058824,0.3333333333333144
339,0.42553191489361697,0.6000000000000001,0.29198966408268734,0.34782608695652173,0.37765806634533594,0.47058823529411764,1.0
340,0.1329787234042553,1.0,0.7312661498708011,0.5815217391304348,0.7204423022398639,0.3529411764705882,0.08333333333331439
341,0.26595744680851063,0.19999999999999996,0.1395348837209302,0.21195652173913043,0.19761837255457892,0.6470588235294118,0.25
342,0.27127659574468077,0.6000000000000001,0.4211886304909561,0.32065217391304346,0.5449390416784804,0.6470588235294118,0.6666666666666572
343,0.6196808510638296,0.19999999999999996,0.07493540051679587,0.1141304347826087,0.1281542387297987,0.5882352941176471,0.9166666666666572
344,0.39893617021276595,0.19999999999999996,0.18604651162790697,0.25,0.3549759001984689,0.47058823529411764,1.0
345,0.25531914893617025,0.6000000000000001,0.40568475452196384,0.34782608695652173,0.5690388432095265,0.6470588235294118,0.6666666666666572
346,0.2420212765957447,0.6000000000000001,0.49095607235142125,0.40217391304347827,0.5094981570740006,0.4117647058823529,0.6666666666666572
347,0.3936170212765957,0.19999999999999996,0.21447028423772607,0.21195652173913043,0.3521406294301106,0.5882352941176471,0.6666666666666572
348,0.15957446808510636,1.0,0.6459948320413437,0.5652173913043478,0.613552594272753,0.2941176470588235,0.25
349,0.3457446808510638,0.19999999999999996,0.18604651162790697,0.14130434782608692,0.22540402608449106,0.6470588235294118,0.08333333333331439
350,0.17287234042553193,1.0,0.6098191214470284,0.40217391304347827,0.666005103487383,0.3529411764705882,0.5
351,0.4787234042553191,0.19999999999999996,0.21447028423772607,0.2391304347826087,0.3790757017295152,0.5294117647058824,1.0
352,0.5585106382978723,0.19999999999999996,0.20155038759689925,0.1141304347826087,0.46413382478026655,0.823529411764706,0.8333333333333144
353,0.4627659574468085,0.19999999999999996,0.18604651162790697,0.2282608695652174,0.3563935355826482,0.5882352941176471,0.8333333333333144
354,0.6117021276595744,0.19999999999999996,0.043927648578811374,0.13043478260869562,0.10688970796711084,0.5294117647058824,0.5
355,0.1329787234042553,1.0,0.8578811369509045,0.7010869565217391,0.8083356960589737,0.23529411764705876,0.08333333333331439
356,0.1329787234042553,1.0,0.6098191214470284,0.5652173913043478,0.7496455911539551,0.47058823529411764,0.3333333333333144
357,0.4521276595744681,0.19999999999999996,0.07493540051679587,0.1576086956521739,0.18485965409696625,0.5882352941176471,0.5833333333333144
358,0.3085106382978724,0.6000000000000001,0.4211886304909561,0.32065217391304346,0.5009923447689254,0.47058823529411764,0.6666666666666572
359,0.2393617021276596,0.6000000000000001,0.42377260981912146,0.2934782608695652,0.3334278423589453,0.4117647058823529,0.25
360,0.25265957446808507,1.0,0.7545219638242894,0.5652173913043478,0.6597675077969946,0.2941176470588235,0.75
361,0.651595744680851,0.19999999999999996,0.21447028423772607,0.2391304347826087,0.26736603345619503,0.2941176470588235,0.75
362,0.7712765957446809,0.19999999999999996,0.05943152454780362,0.1141304347826087,0.09980153104621492,0.4117647058823529,1.0
363,0.39893617021276595,0.19999999999999996,0.13436692506459946,0.27717391304347827,0.24836971930819396,0.4117647058823529,0.3333333333333144
364,0.6914893617021276,0.19999999999999996,0.1395348837209302,0.2282608695652174,0.25148851715338816,0.4117647058823529,0.8333333333333144
365,0.6781914893617021,0.19999999999999996,0.09560723514211888,0.13043478260869562,0.15225404026084488,0.4117647058823529,0.75
366,0.3457446808510638,0.6000000000000001,0.3359173126614987,0.2663043478260869,0.3459030337397222,0.47058823529411764,0.0
367,0.026595744680851047,1.0,0.6175710594315246,0.8369565217391304,0.7833853132974199,0.4117647058823529,0.0
368,0.0797872340425532,1.0,0.7286821705426357,0.6195652173913043,0.8060674794442869,0.3529411764705882,0.1666666666666572
369,0.15957446808510636,0.6000000000000001,0.4702842377260982,0.14130434782608692,0.515735752764389,0.7647058823529412,0.4166666666666572
370,0.05319148936170212,1.0,0.9328165374677002,0.8804347826086956,0.8562517720442303,0.17647058823529416,0.1666666666666572
371,0.4521276595744681,0.19999999999999996,0.10335917312661497,0.2554347826086957,0.22058406577828182,0.47058823529411764,0.3333333333333144
372,0.8085106382978723,0.19999999999999996,0.043927648578811374,0.13043478260869562,0.12957187411397786,0.6470588235294118,0.6666666666666572
373,0.5053191489361701,0.19999999999999996,0.07751937984496121,0.18478260869565216,0.1562234193365466,0.4117647058823529,0.1666666666666572
374,0.6117021276595744,0.19999999999999996,0.1731266149870801,0.20652173913043476,0.19336546640204144,0.23529411764705876,1.0
375,0.10638297872340427,1.0,0.7286821705426357,0.6467391304347826,0.7544655514601645,0.23529411764705876,0.1666666666666572
376,0.26595744680851063,0.6000000000000001,0.4702842377260982,0.2934782608695652,0.4732066912390134,0.4117647058823529,0.08333333333331439
377,0.4787234042553191,0.19999999999999996,0.07493540051679587,0.2282608695652174,0.13807768641905305,0.5294117647058824,0.1666666666666572
378,0.29255319148936165,0.6000000000000001,0.40568475452196384,0.2934782608695652,0.5778281825914374,0.5882352941176471,0.5
379,0.7446808510638298,0.19999999999999996,0.13178294573643412,0.25,0.23277573008222285,0.4117647058823529,0.8333333333333144
380,0.10638297872340427,1.0,0.8578811369509045,0.6739130434782609,0.8882903317266798,0.23529411764705876,0.08333333333331439
381,0.5718085106382979,0.19999999999999996,0.07493540051679587,0.17391304347826086,0.1635951233342784,0.3529411764705882,0.5833333333333144
382,0.2287234042553192,1.0,0.6046511627906976,0.45108695652173914,0.5988091862772894,0.2941176470588235,0.75
383,0.26595744680851063,0.0,0.00516795865633074,0.27717391304347827,0.20328891409129568,0.3529411764705882,0.1666666666666572
384,0.7180851063829787,0.19999999999999996,0.028423772609819126,0.06521739130434784,0.06010774028919763,0.6470588235294118,0.5833333333333144
385,0.6382978723404255,0.19999999999999996,0.09560723514211888,0.15217391304347827,0.1635951233342784,0.3529411764705882,0.9166666666666572
386,0.42553191489361697,0.19999999999999996,0.11627906976744184,0.2663043478260869,0.17436915225404026,0.3529411764705882,0.08333333333331439
387,0.43882978723404253,0.19999999999999996,0.1395348837209302,0.2717391304347826,0.1947831017862206,0.47058823529411764,0.5833333333333144
388,0.3191489361702128,0.6000000000000001,0.2248062015503876,0.3315217391304348,0.24354975900198472,0.3529411764705882,0.25
389,0.05319148936170212,1.0,0.6459948320413437,0.8913043478260869,0.7850864757584349,0.3529411764705882,0.0
390,0.2127659574468085,0.6000000000000001,0.24547803617571062,0.42934782608695654,0.43294584632832434,0.3529411764705882,0.6666666666666572
391,0.7180851063829787,0.19999999999999996,0.09560723514211888,0.15217391304347827,0.10405443719875251,0.4117647058823529,1.0
