,f1,f2,f3,f4,f5,f6,f7,f8,f9
0,0.1563937975528365,0.5060544915761719,0.1843137255342528,0.20037728419161152,0.03883475891267262,0.1742724817016116,0.12200965098725089,0.2330690747214666,0.15581222474543746
1,0.08416759362254356,0.6200807276721274,0.6209150318720318,0.09724768945262152,0.01773299895205705,0.15087453007532015,0.1442282823825645,0.10979079404776895,0.09930972200435498
2,0.16643651738969223,0.6362260337239085,0.2431372557170103,0.23487136622839727,0.06775965945666405,0.2664960612610212,0.1630915229946176,0.26655889106696806,0.19187117040022716
3,0.10270671116054875,0.6604439971377897,0.6601307180363999,0.1130419113301325,0.030570170367914165,0.2317439394135152,0.18870319933839486,0.11598611392249777,0.1330360552506102
4,0.09634084757137559,0.5443995967013091,0.5816993457076639,0.1008483612070433,0.018462446446787482,0.15230812675543068,0.14346222591874147,0.11463629378076326,0.10817488747946719
5,0.10636743704115684,0.398082745610985,0.30718954255708797,0.09482538487196931,0.013790093172527575,0.11861999491830433,0.09760652549216634,0.11850695992072728,0.10983071011111087
6,0.06950505791620318,0.38092835449813506,0.22352941169862078,0.052680327627896935,0.006416596832803088,0.08827414706513693,0.06478053891366646,0.07579880230069116,0.07406856739900369
7,0.06402572984797925,0.4091826437022599,0.47581699437455804,0.0688643932816175,0.009665776705901572,0.10827601568075054,0.07319350977325068,0.09314495463566402,0.07454518990249862
8,0.1360771227289581,0.5802219992915963,0.5464052279724916,0.15802200951863848,0.04652790707872481,0.26310203018667105,0.17871568555640177,0.17569764795491022,0.1725849607525559
9,0.11865035224323323,0.5988900107690338,0.614379085114176,0.1463158506032034,0.034617730225600614,0.20827729565043065,0.16604168152853782,0.16460168511141793,0.15633400965435634
10,0.11383018168335188,0.8829465202840632,0.6810457521553249,0.22625878712876393,0.060501793752929224,0.24575082213304572,0.13910332398122496,0.25942228539246626,0.13838982978607572
11,0.1472005932517612,0.6210898098423899,0.2196078432694251,0.19127134201492427,0.05589714226536468,0.265771938845706,0.16093144264555115,0.21941845228052378,0.1723006941249378
12,0.1245013560252132,0.5782038349510713,0.23790849718727902,0.09700568350250946,0.02757334992026045,0.23858008404536324,0.1700951801810342,0.10052743332963943,0.14448009155328362
13,0.09786517578791248,0.773965692148614,0.5960784311963221,0.14667445851527183,0.04010313437641009,0.24189137929164262,0.15797866453870615,0.16677979625878442,0.1250574195139272
14,0.14188683926585094,0.6296670025080086,0.37516339969877255,0.22441792490264853,0.04624470964823849,0.18740662098202782,0.13287213854021682,0.25813298469839346,0.15023265438285807
15,0.10641453466814979,0.9999999999999999,0.5058823535799991,0.21655469000477431,0.05725249567563319,0.2420906377021228,0.14564705860658145,0.24903259017398405,0.12720785830956113
16,0.06173375836114201,0.564076690349009,0.19607843269425096,0.05821400590352186,0.010854758711503569,0.14047533301515602,0.08588815856396079,0.07711312296659958,0.07364403134222436
17,0.07304412309974045,0.5136226049623343,0.43660130821019005,0.07421050320995448,0.017023876002849013,0.18282753196110665,0.10133628387252656,0.09290125006793082,0.09456606134070841
18,0.08231368186874305,0.6135216964562274,0.6614379081369354,0.20077548115056196,0.03230837817226638,0.14337464001903058,0.06454552560297541,0.2396839056198902,0.12185162649657988
19,0.0709954933629959,0.5615539849233527,1.0,0.16787163606250768,0.03136762983788708,0.1651923688230901,0.06726217660414648,0.20375003698022684,0.11564954712890607
20,0.1472005932517612,0.5211907154576905,0.48888888976268075,0.11979465050824076,0.017112469865435707,0.1201327298446078,0.2069334293980149,0.11857276670806273,0.15078580477632905
21,0.04004449388209121,0.12008072622672425,0.30065359579923223,0.01063981640090695,0.00046762407790232547,0.020595638795268413,0.014714171999165405,0.03698869870507138,0.033248669576676985
22,0.03480041312569521,0.022199796182549865,0.2941176471689654,0.008570138062136669,6.669712968139464e-05,0.007842030094364016,0.0,0.03741268332521856,0.027338240792112715
23,0.052651093807934736,0.5105953584515468,0.277124183351647,0.04144045244573021,0.00668285524514993,0.1111138335281363,0.07984295406496424,0.05669586676717336,0.060397402410660876
24,0.0925682042269188,0.3168516655945292,0.2941176471689654,0.046829343938605196,0.005709141230173214,0.08593453202163744,0.08343977344050127,0.06287989494514078,0.09299836223135491
25,0.05201853010752688,0.07971745676106201,0.2496732024748661,0.04684556489210168,0.001797500856514639,0.024652237130924817,0.004724174530271897,0.07810454617560844,0.05002958727231877
26,0.05817024286243975,0.1685166501636802,0.13725490251149344,0.03697678538831416,0.002262834201800989,0.039325475226627535,0.022278362598076727,0.06647473477361648,0.05142830253218266
27,0.05450500556173526,0.16094853677751775,0.09542483801846538,0.035950360280554754,0.0033396877686785436,0.060465138024504705,0.02290934610670582,0.06591842587465604,0.05532177703420064
28,0.03596588802373007,0.07315842554516203,0.3437908503927959,0.021717897436682412,0.0008622477192309953,0.022294504041734015,0.006322788137713271,0.05087663835489071,0.03357469346949494
29,0.09343715239154615,0.14934409760111156,0.28235294188137827,0.06697759344603049,0.005523924833485132,0.06122857490961077,0.0457660980108284,0.09711520087074295,0.08914022441623604
30,0.06266221727845755,0.22855701327704234,0.13333333408229778,0.04228968651486286,0.0037183641168287585,0.059546623708007534,0.028301563567412865,0.07088337275795843,0.05842886063718016
31,0.08847608939562476,0.23007063653243606,0.2627450978629888,0.06265160964162311,0.00745606018391354,0.08938934334691163,0.04919100109283289,0.09038506654748646,0.09386438543219813
32,0.021254153689284384,0.475782038031522,0.4300653595799232,0.01683230461390898,0.001556419618309866,0.046717059893379154,0.053535923052244985,0.030418829285693956,0.022581854753198745
33,0.07352777130144603,0.28153380408937323,0.1908496741645197,0.043081815816341115,0.005001701174812552,0.07997875184068876,0.04923002743196615,0.06787296701790155,0.07605339858513882
34,0.0192806822395254,0.4636730577699845,0.34640522872145596,0.018483056400507028,0.0019762930075801245,0.055789846308592794,0.04173424650162673,0.03890523015285357,0.02158983808076744
35,0.015202076381164255,0.31281533691347924,0.21045751631049814,0.0,0.0,0.012240075515674995,0.023736272067793687,0.017052105770507735,0.012770659263051792
36,0.02780867630700779,0.4581231087243471,0.5228758173973175,0.020975884443742245,0.0024024663818583833,0.06269262720185818,0.06488439529150691,0.03082669187731122,0.0328067702885867
37,0.034111976269929546,0.3662966688109414,0.5084967319086592,0.017067093927644363,0.0014790306685159554,0.044129669269983046,0.06319339708623159,0.022853786715818163,0.03882555723270476
38,0.1231342849833148,0.18668012055598632,0.42614379115072754,0.0995885128983364,0.007292305744267686,0.05701972994564296,0.06870782573354914,0.12876412497477807,0.1112077229554447
39,0.05450500556173526,0.10040363257902438,0.15032679789961612,0.049108715330654924,0.000881368639732664,0.009634543760072809,0.0026473035445517025,0.08064175654890324,0.03871370903623652
40,0.08769319525398592,0.09535822461851814,0.18039215710505713,0.06608790234245268,0.0014944904358894521,0.013169965027616613,0.02769432999375138,0.09817378284965118,0.06595986939146783
41,0.04931405265109381,0.3244197789806917,0.5019607851508033,0.027594972573451025,0.0009543823462411689,0.02026954672847198,0.06548894690477589,0.04223443624931532,0.043291392629224316
42,0.1403289393029292,0.1912209874313613,0.1542483663288118,0.056918803752415016,0.006214733614440187,0.0800439228377564,0.06063647778614768,0.08174433827163126,0.135991580040779
43,0.05524657026325546,0.2709384470832295,0.18300653730612831,0.01810371050275425,0.002427407045547018,0.06902734270322661,0.041044371535827545,0.038634320349798475,0.056169547590934586
44,0.025775230737856876,0.3319878923668541,0.19607843269425096,0.017145153026404167,0.0006983078619443163,0.021690079481665268,0.026518287710577845,0.04200151457729003,0.018023935023137115
45,0.00667408231368187,0.46770938356022823,0.2941176471689654,0.004588560580744583,0.000424518394475981,0.026564010765134902,0.03282243367177326,0.020117756602814264,0.006057006835192377
46,0.034618043863552085,0.4929364291443719,0.3908496734155552,0.033469649065868634,0.004431145389052826,0.08526447882712246,0.061151001574014846,0.052531448272350185,0.04147977670526618
47,0.09914561538746755,0.26690211840217953,0.1241830071233708,0.09223621322706052,0.007096461422179591,0.05963118491559202,0.05465209378070675,0.12360311528554764,0.08695293306054139
48,0.05831572895810159,0.19273461068675504,0.18562091563478839,0.03752651480170451,0.0011858995254919356,0.019191388829858644,0.02312350530267002,0.06616813395838299,0.04461129897333143
49,0.16375763793103446,0.14833501543084907,0.1281045755525665,0.07773605666687913,0.006415134875765309,0.06280423255972492,0.05008617856991157,0.10725250009209152,0.15456019725606376
50,0.0767519466073415,0.46922300681562207,0.43398692800911887,0.07555351939486096,0.015312224300057634,0.16143438404388175,0.09660382516477486,0.09579118594820678,0.09525143376528963
51,0.06377211564701521,0.38950555005456,0.3816993464566283,0.04484628614086813,0.006576395181614993,0.10292514871725306,0.07680103912198903,0.06250311631904987,0.07309127977918917
52,0.06611911861327399,0.6357214926387773,0.9437908481459025,0.13243661469459278,0.03001373469220858,0.19698698564647713,0.08972852714510124,0.16231551953298484,0.0988297734844957
53,0.08305524657026325,0.3718466207473851,0.28235294188137827,0.05419193035467434,0.009140802594487843,0.12461354940123248,0.0823414318637667,0.07299216128436785,0.09174589326475918
54,0.13626860218761588,0.33249243056117916,0.2483660142467416,0.12509784796495294,0.014835636643448991,0.09907467201101736,0.09247604282187027,0.153782546461414,0.13223171052360777
55,0.04449388209121246,0.32290615572529796,0.27320261492245135,0.012884408786337932,0.0007257970611106882,0.02681604292965833,0.05252153709200599,0.022511004844761796,0.04600397112585699
56,0.018168335187245088,0.44349142303715344,0.5503267982740984,0.013960498207213325,0.00013719444008716537,0.007149253632999272,0.054447125372886096,0.023444404395410907,0.020071768501415753
57,0.07415647015202076,0.1473259332605866,0.19869281102291106,0.0027977013266013463,0.00018390035549635574,0.018132687151591827,0.0323780859750296,0.015178399212292531,0.07095829055476419
58,0.05450500556173526,0.21594349193037363,0.29803921559816104,0.009570703693532495,0.0006326183899067279,0.027716916637714317,0.042448036188460506,0.023531336524661273,0.05597637677177452
59,0.03485354097144976,0.34762865733350407,0.2627450978629888,0.013233441329777891,0.0019449619019401918,0.0655292091728991,0.04443506867407222,0.02941955166752836,0.03853553018604799
60,0.03485354097144976,0.34762865733350407,0.2627450978629888,0.013233441329777891,0.0019449619019401918,0.0655292091728991,0.04443506867407222,0.02941955166752836,0.03853553018604799
61,0.0420516341490545,0.3047426853329918,0.2522875826759373,0.0325274320302213,0.001204169414186475,0.02238172931372265,0.034619676122954204,0.05854284689750631,0.03261445778109993
62,0.02780867630700779,0.3965691223555912,0.3098039227581592,0.019776848934063042,0.0023162567786655297,0.06264826767310391,0.04193120915618807,0.040639224518138665,0.030380306591296556
63,0.030404152762328517,0.3970736634407225,0.28366013198191387,0.019394386635223658,0.0016703265755317733,0.04599193404864102,0.04412664486394789,0.0392684240167966,0.0307403800101853
64,0.10678531701890989,0.13218970648826167,0.14509803936988483,0.015455535832047847,0.0011164697838990942,0.03578874129591979,0.033080279160643294,0.0378714631417914,0.09958719375776665
65,0.14794215795328142,0.15287588230622404,0.17647058867586143,0.03218237628772525,0.004379601358178455,0.08662497095953169,0.05923973632056105,0.05145105484178317,0.15119795803925837
66,0.027067111605487575,0.22401614640166737,0.26797385639272003,0.0009013797824116883,5.320327453644342e-05,0.014005842490781538,0.02395928346383241,0.019084507761376455,0.024178894021640078
67,0.015572858731924356,0.30423814424786055,0.33071895500467324,0.0015053477746345897,6.897149993751389e-05,0.014095635412817033,0.028809645329534884,0.015630577982483844,0.013541749563161426
68,0.007834159510567297,0.34561049588378534,0.328104574803602,0.0009053162209758728,4.539047510026861e-05,0.013593822760610906,0.024510298641567976,0.018624558820123517,0.003577039244787153
69,0.0,0.4212916239637973,0.6705882350958624,0.003934821214025792,4.490701603343869e-05,0.010455001154692903,0.033529046277223626,0.017610807928401133,0.0
70,0.6010715216907674,0.11654893863080554,0.08496732095900283,0.3683472295410493,0.017106472086063286,0.03668990463479767,0.1482229208066607,0.41391140565331147,0.49228107240353364
71,0.4755894404894327,0.23107971581189227,0.29150326884030525,0.17516139837951006,0.04996617165197296,0.2572161006534935,0.31561240719488326,0.15455403433738205,0.5049894149341588
72,0.3638290830552466,0.1765893046349739,0.1241830071233708,0.16502329358230564,0.01644139948832129,0.08440845123104816,0.13686200113475328,0.19177077203829065,0.3388381938507013
73,0.2025841295142751,0.27497477287347327,0.1594771248585431,0.17959871913067268,0.01877189095421128,0.08956549166986284,0.0994525063131288,0.21291474286741705,0.18001499028763457
74,0.517982944011865,0.1276488396128867,0.21830065504130058,0.3405356002876945,0.026885080924140606,0.06827397328652071,0.16461600888499156,0.3810861767741811,0.43699605249728746
75,0.24731182795698925,0.08451703344989767,0.12874148554759277,0.14885317493669437,0.0015805572715066674,0.0023492770299799823,0.04029970381299462,0.18488910863613034,0.19116001878712885
76,0.20281794586577678,0.08274470038104323,0.39607843194528647,0.18889139685602863,0.002047518644536047,0.0023152740711381813,0.06025349410837122,0.22641000957614246,0.14566319130067962
77,0.21838043433444565,0.03935418729539975,0.28627451031057394,0.16385327192692764,0.001340774108728456,0.0,0.03738794790703168,0.20107316967083608,0.1693377112344842
78,0.503800645902855,0.08224016218671823,0.216993464940765,0.3565822761563427,0.03155538675904665,0.07772998078651076,0.11506457782863319,0.40220676904156655,0.47043569416626047
79,0.516772730441231,0.26437941586732955,0.2784313734521826,0.5945889946481039,0.06307877076830197,0.09661007226345637,0.2343165265783158,0.6488687156133623,0.38003111073675266
80,0.3740504516129032,0.24974773018013594,0.2575163412056686,0.351927209324241,0.043514212035824694,0.11200150232828125,0.18231888459357354,0.3917290823207707,0.31245458469949444
81,0.43295021023359287,0.19223006960162378,0.247058824146206,0.5132284465595346,0.02031157089272259,0.030219770426386103,0.14204275472028982,0.5678237286955646,0.2778928379651788
82,0.5728364149054505,0.19828455973239253,0.28627451031057394,0.5337478815978404,0.06755378387777403,0.11665740266427141,0.2416717415833467,0.5828483393536175,0.4610684686424686
83,0.5312757656655542,0.2199798177206174,0.13202614398176218,0.5917854944556283,0.061599798483978924,0.09460778277494193,0.20704327336110168,0.6499962204301137,0.38706237225479
84,0.7404523544679272,0.1432896045795366,0.03921568616436798,0.3552759676157629,0.09500769815086486,0.2524687121707204,0.2754569737844051,0.39511392741203166,0.7028602133721472
85,0.6292176492398961,0.06306760673334336,0.20392156955264235,0.2696056374770876,0.024859393671149067,0.08025632357452081,0.13934184787746973,0.3066695686506912,0.5835599842249032
86,0.7404523544679272,0.31584258342426674,0.8313725481825299,0.41282484608867426,0.20412344391342147,0.4774706961844721,1.0,0.12409304593968476,0.8430035465940575
87,0.5795879814608824,0.0,0.23362819538936294,0.051047805553695265,0.007636058968427309,0.1085150604466758,0.10250600442028024,0.06876040477542546,0.5850760024288925
88,0.5921394141638857,0.09132189593746817,0.3210235953905972,0.09676752649283338,0.07029799517813488,0.6192139799884204,0.2623696293086276,0.0,0.7530656232777547
89,0.6845080292918055,0.11391647796471238,0.15507908023392375,0.14436168476787162,0.018013014828498042,0.10624386549945924,0.2183609611338874,0.14802952507559544,0.6553565636064214
90,0.6477567667779013,0.1929824915400483,0.2542597427241251,0.22415710374133285,0.07478225511713515,0.30840345310820644,0.3552574510908666,0.20874148131320353,0.6465594848440251
91,0.8331479421579532,0.19979818298778626,0.63267973903203,0.47484649532357154,0.15875354675577022,0.3217356085218049,0.657743476397122,0.4413097032543844,0.841641966402153
92,0.6292176492398961,0.23007063653243606,0.5084967319086592,0.32881558192934135,0.08572400302916573,0.24496901266588322,0.4901893487107393,0.30346400770590837,0.6381449878032031
93,0.6662958843159065,0.12159434948211797,0.33725490176252904,0.2423566509831777,0.042492776263977586,0.15908683237236723,0.30455755018583736,0.2474196415847792,0.649277236085539
94,0.6292176492398961,0.163975780397499,0.4183006542923362,0.35056449816621105,0.0789019821635977,0.2109741734947385,0.34942873572968447,0.36598245920095335,0.6126610622540458
95,0.6477567667779013,0.17608476354984265,0.5464052279724916,0.29272437259795975,0.04916321049215928,0.1537985469126378,0.4689481932053922,0.2620678409011998,0.643381496124178
96,0.5736002966258805,0.1019172558344181,0.20522875778076682,0.2440889363001213,0.032993906913451915,0.12081790325993969,0.17114110353175635,0.2750107263360902,0.5332983458666067
97,0.9999999999999999,0.20433904986316123,0.4692810457442912,0.5399645130477793,0.17956663992791114,0.3214030092706243,0.678797590723866,0.5171169302522954,1.0
98,0.825673021134594,0.15539858773188026,0.7856209152603062,0.3426018748601799,0.14505249947935617,0.40406600132603077,0.7663693854892849,0.18305946596579095,0.9241785107417667
99,0.8516870596959584,0.2073662963739487,0.5372549028859757,0.552210895926003,0.21712527081791805,0.38194147114317917,0.591826979442608,0.5522309967539504,0.8380684460584334
100,0.7033741193919169,0.1584258313518615,0.3568627457809186,0.29759133339705934,0.08778548859195301,0.2768123564991652,0.3765885989418089,0.2968121948173898,0.6992682596586395
101,0.7033741193919169,0.2734611496180795,0.32156862804574626,0.4795726896168867,0.22944489007425178,0.46445943852571187,0.45808789750565465,0.4942946344232693,0.7084960060177025
102,0.9258435298479791,0.5438950556161778,0.5137254904383904,1.0,1.0,0.9999999999999999,0.9593293656955886,1.0,0.9162943672584396
103,0.5550611790878753,0.1720484348687927,0.0,0.39978772673201746,0.07215705685532695,0.16844101707892653,0.22367909101245248,0.4472871341878496,0.48722436935561536
104,0.814608824619948,0.09434914244825568,0.3803921563560927,0.1588420825396408,0.028759043755254576,0.15898738470185217,0.3987634993382589,0.05963760286907475,0.8499098919950221
105,0.9258435298479791,0.1664984858231552,0.2156862748402294,0.6953736736578513,0.22805651090657258,0.31915204693629173,0.341376517938111,0.7484987422214773,0.8732998116315984
