,f1,f2,f3,f4,f5
0,1.0,0.6607142857521684,0.7741935484696982,0.33333333338000004,0.5999999999719999
1,1.0,0.7500000000482143,0.6774193548212278,0.4666666666760001,0.9333333333520001
2,0.0,0.6223214285450831,0.6064516129117046,0.800000000056,0.800000000056
3,0.0,0.6785714284956632,0.5161290322995837,0.5999999999719999,0.800000000056
4,1.0,0.0,0.6129032258125702,0.800000000056,1.0
5,1.0,0.5089285714681762,0.6129032258125702,0.800000000056,0.9333333333520001
6,0.0,0.44642857148022963,0.8387096774783558,0.866666666704,1.0
7,0.0,0.5357142857762756,0.8709677419826847,0.733333333408,0.9333333333520001
8,0.0,0.44642857148022963,0.7096774193255567,0.533333333324,0.40000000002800007
9,0.0,0.48214285716007654,0.7741935484696982,0.4666666666760001,0.866666666704
10,0.0,0.42857142854387753,0.7741935484696982,0.66666666662,0.733333333408
11,1.0,0.458928571419962,0.5806451613082414,0.06666666664800003,0.40000000002800007
12,1.0,0.7500000000482143,0.5806451613082414,1.0,1.0
13,1.0,0.48928571427676015,0.5580645161416629,0.19999999994399997,0.533333333324
14,1.0,0.46428571422372444,0.5645161290425286,0.40000000002800007,0.4666666666760001
15,0.0,0.2499999999517858,0.3225806451381269,0.733333333408,0.4666666666760001
16,0.0,0.8214285714079084,0.9354838709913423,0.9333333333520001,0.866666666704
17,0.0,0.8214285714079084,0.6774193548212278,0.66666666662,1.0
18,1.0,0.6607142857521684,0.09677419360782516,0.800000000056,1.0
19,1.0,0.3392857142478317,0.19354838712081165,0.0,0.26666666659200006
20,0.0,0.633035714268323,0.7096774193255567,0.9333333333520001,0.733333333408
21,0.0,0.14285714271938776,0.25806451612946923,0.5999999999719999,0.866666666704
22,0.0,0.46428571422372444,0.48387096779525496,0.40000000002800007,0.800000000056
23,1.0,0.7500000000482143,0.8709677419826847,0.533333333324,0.733333333408
24,1.0,0.3214285713114797,0.3225806451381269,0.866666666704,1.0
25,1.0,0.6249999998794644,0.6774193548212278,0.40000000002800007,0.5800000000056001
26,0.0,0.5535714285197706,0.4193548387865973,0.533333333324,0.5999999999719999
27,0.0,0.10714285703954085,0.3548387096424558,0.33333333338000004,0.533333333324
28,1.0,0.7321428571118624,0.7096774193255567,0.4666666666760001,0.9333333333520001
29,1.0,0.5598214285571366,0.5451612903670282,0.66666666662,0.66666666662
30,0.0,0.5178571428399235,0.19354838712081165,0.66666666662,0.866666666704
31,0.0,0.48214285716007654,0.806451612974027,0.13333333329600006,0.19999999994399997
32,0.0,0.44642857148022963,0.6774193548212278,0.5999999999719999,0.66666666662
33,0.0,0.17857142859209185,0.6129032258125702,0.4666666666760001,0.800000000056
34,1.0,0.3571428571841837,0.3548387096424558,0.26666666659200006,0.533333333324
35,1.0,0.7142857141755103,0.6451612903168991,0.4666666666760001,0.4666666666760001
36,1.0,0.4999999999035716,0.48387096779525496,0.866666666704,0.9333333333520001
37,1.0,0.2499999999517858,0.2903225806337981,0.19999999994399997,0.33333333338000004
38,0.0,0.6678571428302804,0.6193548387405327,0.66666666662,0.800000000056
39,0.0,0.5892857141996175,0.6129032258125702,0.4666666666760001,0.533333333324
40,0.0,0.6964285714320153,0.48387096779525496,0.5999999999719999,0.733333333408
41,1.0,0.5892857142767602,0.6774193548212278,0.40000000002800007,0.9333333333520001
42,0.0,0.48214285716007654,0.7096774193255567,0.800000000056,1.0
43,0.0,0.8392857143442605,0.45161290329092607,0.9333333333520001,1.0
44,1.0,0.7142857141755103,0.6774193548212278,0.733333333408,0.866666666704
45,1.0,0.8392857143442605,0.4193548387865973,0.40000000002800007,0.800000000056
46,0.0,0.9464285713838012,0.7419354838298855,0.733333333408,0.800000000056
47,1.0,0.8750000000241072,0.806451612974027,0.19999999994399997,0.533333333324
48,1.0,0.5660714285366455,0.6000000000108386,0.38666666665640004,0.533333333324
49,1.0,0.7500000000482143,0.48387096779525496,0.66666666662,1.0
50,1.0,0.5714285714561225,0.5483870968039126,0.66666666662,0.40000000002800007
51,0.0,0.8750000000241072,0.5483870968039126,0.866666666704,1.0
52,0.0,0.6964285714320153,0.0,0.40000000002800007,0.40000000002800007
53,0.0,0.3928571428640306,0.6451612903168991,0.26666666659200006,0.4666666666760001
54,1.0,0.49107142853182406,0.4193548387865973,0.5999999999719999,0.5999999999719999
55,1.0,0.8392857143442605,1.0,0.4666666666760001,0.5999999999719999
56,0.0,0.5892857141996175,0.8709677419826847,0.5999999999719999,0.800000000056
57,0.0,0.5749999999855357,0.49032258065954015,0.4666666666760001,0.0
58,0.0,0.3928571428640306,0.48387096779525496,0.5999999999719999,0.733333333408
59,1.0,0.8571428570877553,0.7096774193255567,0.33333333338000004,0.4666666666760001
60,0.0,0.41071428560752565,0.38709677414678456,0.66666666662,0.66666666662
61,0.0,0.5357142857762756,0.6451612903168991,0.4666666666760001,0.40000000002800007
62,1.0,0.6607142857521684,0.7419354838298855,0.533333333324,0.533333333324
63,1.0,0.6607142857521684,0.4193548387865973,0.5999999999719999,0.733333333408
64,0.0,0.42857142854387753,0.5806451613082414,0.6600000000392,0.9333333333520001
65,0.0,0.3571428571841837,0.2903225806337981,0.33333333338000004,0.733333333408
66,1.0,0.44642857148022963,0.5161290322995837,0.19999999994399997,0.533333333324
67,1.0,0.2857142856316327,0.06451612896801248,0.866666666704,0.733333333408
68,1.0,1.0,1.0,0.5999999999719999,0.800000000056
69,1.0,0.6607142857521684,0.45161290329092607,0.66666666662,0.800000000056
70,0.0,0.7857142857280612,0.9032258064870134,0.4666666666760001,0.800000000056
71,1.0,0.4607142856750257,0.4193548387865973,0.40000000002800007,0.40000000002800007
72,0.0,0.42857142854387753,0.7419354838298855,0.4666666666760001,0.733333333408
73,0.0,0.6785714284956632,0.5483870968039126,0.40000000002800007,0.66666666662
74,0.0,0.7321428571118624,0.5806451613082414,0.66666666662,0.40000000002800007
75,0.0,0.9642857143201533,0.45161290329092607,0.733333333408,1.0
76,1.0,0.6964285714320153,0.7741935484696982,0.800000000056,1.0
77,1.0,0.803571428471556,0.806451612974027,0.733333333408,0.733333333408
78,0.0,0.8214285714079084,0.9032258064870134,0.800000000056,0.533333333324
79,0.0,0.6428571428158165,0.19354838712081165,0.26666666659200006,0.733333333408
80,0.0,0.7678571427917094,0.6774193548212278,0.5999999999719999,0.800000000056
81,1.0,0.9642857143201533,0.5161290322995837,0.40000000002800007,1.0
82,0.0,0.48214285716007654,0.5806451613082414,0.40000000002800007,0.733333333408
83,1.0,0.6071428571359694,0.5483870968039126,0.533333333324,0.733333333408
84,0.0,0.6964285714320153,0.2258064516251405,0.4666666666760001,0.4666666666760001
85,1.0,0.8214285714079084,0.6129032258125702,0.40000000002800007,0.800000000056
86,0.0,0.48214285716007654,0.5483870968039126,0.19999999994399997,0.66666666662
87,0.0,0.49999999994214295,0.5161290322995837,0.40000000002800007,0.533333333324
88,1.0,0.6964285713934442,0.7064516129293175,0.733333333408,0.800000000056
89,0.0,0.49999999994214295,0.5161290322995837,0.40000000002800007,0.533333333324
90,1.0,0.6964285713934442,0.7064516129293175,0.733333333408,0.800000000056
91,0.0,0.3392857142478317,0.5483870968039126,0.40000000002800007,0.4666666666760001
