,returns,dividendyield
0,0.016666666666666663,0.0
1,0.11666666666666664,0.0
2,0.09999999999999998,0.0
3,0.18333333333333332,0.0
4,0.016666666666666663,0.0
5,0.16666666666666666,0.0
6,0.0,0.0
7,0.15,0.0
8,0.1333333333333333,0.0
9,0.16666666666666666,0.0
10,0.11666666666666664,0.0
11,0.09999999999999998,0.0
12,0.09999999999999998,0.0
13,0.1333333333333333,0.0
14,0.016666666666666663,0.0
15,0.16666666666666666,0.0
16,0.15,0.0
17,0.15,0.0
18,0.11666666666666664,0.0
19,0.15,0.0
20,0.18333333333333332,0.0
21,0.06666666666666665,0.0
22,0.18333333333333332,0.0
23,0.033333333333333326,0.0
24,0.016666666666666663,0.0
25,0.016666666666666663,0.02040816326530612
26,0.11666666666666664,0.02040816326530612
27,0.1333333333333333,0.02040816326530612
28,0.19999999999999998,0.02040816326530612
29,0.04999999999999999,0.02040816326530612
30,0.11666666666666664,0.02040816326530612
31,0.18333333333333332,0.02040816326530612
32,0.04999999999999999,0.02040816326530612
33,0.19999999999999998,0.02040816326530612
34,0.0,0.02040816326530612
35,0.04999999999999999,0.02040816326530612
36,0.016666666666666663,0.02040816326530612
37,0.15,0.02040816326530612
38,0.19999999999999998,0.04081632653061224
39,0.11666666666666664,0.04081632653061224
40,0.04999999999999999,0.04081632653061224
41,0.19999999999999998,0.04081632653061224
42,0.19999999999999998,0.04081632653061224
43,0.0,0.04081632653061224
44,0.11666666666666664,0.04081632653061224
45,0.033333333333333326,0.04081632653061224
46,0.06666666666666665,0.04081632653061224
47,0.15,0.04081632653061224
48,0.15,0.04081632653061224
49,0.16666666666666666,0.04081632653061224
50,0.19999999999999998,0.04081632653061224
51,0.09999999999999998,0.04081632653061224
52,0.0,0.04081632653061224
53,0.15,0.04081632653061224
54,0.16666666666666666,0.04081632653061224
55,0.0,0.04081632653061224
56,0.16666666666666666,0.06122448979591836
57,0.18333333333333332,0.06122448979591836
58,0.16666666666666666,0.06122448979591836
59,0.11666666666666664,0.06122448979591836
60,0.04999999999999999,0.06122448979591836
61,0.16666666666666666,0.06122448979591836
62,0.08333333333333331,0.06122448979591836
63,0.16666666666666666,0.06122448979591836
64,0.11666666666666664,0.06122448979591836
65,0.19999999999999998,0.06122448979591836
66,0.15,0.06122448979591836
67,0.18333333333333332,0.06122448979591836
68,0.09999999999999998,0.06122448979591836
69,0.04999999999999999,0.06122448979591836
70,0.06666666666666665,0.06122448979591836
71,0.033333333333333326,0.06122448979591836
72,0.16666666666666666,0.06122448979591836
73,0.1333333333333333,0.06122448979591836
74,0.15,0.06122448979591836
75,0.15,0.08163265306122448
76,0.04999999999999999,0.08163265306122448
77,0.16666666666666666,0.08163265306122448
78,0.15,0.08163265306122448
79,0.19999999999999998,0.08163265306122448
80,0.15,0.08163265306122448
81,0.15,0.08163265306122448
82,0.04999999999999999,0.08163265306122448
83,0.08333333333333331,0.08163265306122448
84,0.0,0.08163265306122448
85,0.06666666666666665,0.08163265306122448
86,0.11666666666666664,0.08163265306122448
87,0.11666666666666664,0.08163265306122448
88,0.04999999999999999,0.08163265306122448
89,0.15,0.08163265306122448
90,0.15,0.08163265306122448
91,0.016666666666666663,0.08163265306122448
92,0.0,0.08163265306122448
93,0.11666666666666664,0.08163265306122448
94,0.04999999999999999,0.08163265306122448
95,0.16666666666666666,0.08163265306122448
96,0.11666666666666664,0.08163265306122448
97,0.11666666666666664,0.08163265306122448
98,0.11666666666666664,0.1020408163265306
99,0.16666666666666666,0.1020408163265306
100,0.06666666666666665,0.1020408163265306
101,0.016666666666666663,0.1020408163265306
102,0.08333333333333331,0.1020408163265306
103,0.11666666666666664,0.1020408163265306
104,0.033333333333333326,0.1020408163265306
105,0.0,0.1020408163265306
106,0.18333333333333332,0.1020408163265306
107,0.16666666666666666,0.1020408163265306
108,0.16666666666666666,0.1020408163265306
109,0.016666666666666663,0.1020408163265306
110,0.06666666666666665,0.1020408163265306
111,0.08333333333333331,0.1020408163265306
112,0.1333333333333333,0.1020408163265306
113,0.18333333333333332,0.1020408163265306
114,0.11666666666666664,0.1020408163265306
115,0.0,0.1020408163265306
116,0.18333333333333332,0.12244897959183672
117,0.016666666666666663,0.12244897959183672
118,0.033333333333333326,0.12244897959183672
119,0.033333333333333326,0.12244897959183672
120,0.04999999999999999,0.12244897959183672
121,0.06666666666666665,0.12244897959183672
122,0.15,0.12244897959183672
123,0.06666666666666665,0.12244897959183672
124,0.04999999999999999,0.12244897959183672
125,0.16666666666666666,0.12244897959183672
126,0.06666666666666665,0.12244897959183672
127,0.016666666666666663,0.12244897959183672
128,0.19999999999999998,0.12244897959183672
129,0.09999999999999998,0.12244897959183672
130,0.033333333333333326,0.12244897959183672
131,0.06666666666666665,0.12244897959183672
132,0.09999999999999998,0.12244897959183672
133,0.06666666666666665,0.12244897959183672
134,0.0,0.12244897959183672
135,0.08333333333333331,0.14285714285714282
136,0.0,0.14285714285714282
137,0.1333333333333333,0.14285714285714282
138,0.016666666666666663,0.14285714285714282
139,0.11666666666666664,0.14285714285714282
140,0.08333333333333331,0.14285714285714282
141,0.09999999999999998,0.14285714285714282
142,0.15,0.14285714285714282
143,0.09999999999999998,0.14285714285714282
144,0.016666666666666663,0.14285714285714282
145,0.09999999999999998,0.14285714285714282
146,0.0,0.14285714285714282
147,0.09999999999999998,0.14285714285714282
148,0.06666666666666665,0.14285714285714282
149,0.016666666666666663,0.14285714285714282
150,0.11666666666666664,0.14285714285714282
151,0.016666666666666663,0.14285714285714282
152,0.11666666666666664,0.14285714285714282
153,0.19999999999999998,0.14285714285714282
154,0.0,0.14285714285714282
155,0.0,0.14285714285714282
156,0.09999999999999998,0.14285714285714282
157,0.08333333333333331,0.14285714285714282
158,0.016666666666666663,0.14285714285714282
159,0.016666666666666663,0.14285714285714282
160,0.016666666666666663,0.16326530612244897
161,0.18333333333333332,0.16326530612244897
162,0.04999999999999999,0.16326530612244897
163,0.08333333333333331,0.16326530612244897
164,0.11666666666666664,0.16326530612244897
165,0.08333333333333331,0.16326530612244897
166,0.1333333333333333,0.16326530612244897
167,0.0,0.16326530612244897
168,0.11666666666666664,0.16326530612244897
169,0.11666666666666664,0.16326530612244897
170,0.04999999999999999,0.16326530612244897
171,0.033333333333333326,0.16326530612244897
172,0.016666666666666663,0.16326530612244897
173,0.1333333333333333,0.16326530612244897
174,0.08333333333333331,0.16326530612244897
175,0.16666666666666666,0.16326530612244897
176,0.1333333333333333,0.16326530612244897
177,0.016666666666666663,0.16326530612244897
178,0.0,0.16326530612244897
179,0.16666666666666666,0.18367346938775508
180,0.06666666666666665,0.18367346938775508
181,0.15,0.18367346938775508
182,0.08333333333333331,0.18367346938775508
183,0.016666666666666663,0.18367346938775508
184,0.16666666666666666,0.18367346938775508
185,0.15,0.18367346938775508
186,0.11666666666666664,0.18367346938775508
187,0.1333333333333333,0.18367346938775508
188,0.16666666666666666,0.18367346938775508
189,0.1333333333333333,0.18367346938775508
190,0.16666666666666666,0.18367346938775508
191,0.08333333333333331,0.18367346938775508
192,0.1333333333333333,0.18367346938775508
193,0.08333333333333331,0.18367346938775508
194,0.06666666666666665,0.18367346938775508
195,0.11666666666666664,0.18367346938775508
196,0.08333333333333331,0.18367346938775508
197,0.08333333333333331,0.18367346938775508
198,0.1333333333333333,0.18367346938775508
199,0.5666666666666667,0.4081632653061224
200,0.5,0.4081632653061224
201,0.44999999999999996,0.4081632653061224
202,0.5,0.4081632653061224
203,0.5666666666666667,0.4081632653061224
204,0.5666666666666667,0.4081632653061224
205,0.5333333333333333,0.4081632653061224
206,0.44999999999999996,0.4081632653061224
207,0.5666666666666667,0.4081632653061224
208,0.43333333333333335,0.4081632653061224
209,0.5,0.4081632653061224
210,0.5333333333333333,0.4081632653061224
211,0.4833333333333333,0.4081632653061224
212,0.4666666666666667,0.4081632653061224
213,0.44999999999999996,0.42857142857142855
214,0.5166666666666666,0.42857142857142855
215,0.4666666666666667,0.42857142857142855
216,0.4666666666666667,0.42857142857142855
217,0.5166666666666666,0.42857142857142855
218,0.44999999999999996,0.42857142857142855
219,0.43333333333333335,0.42857142857142855
220,0.5166666666666666,0.42857142857142855
221,0.43333333333333335,0.42857142857142855
222,0.5,0.42857142857142855
223,0.6,0.42857142857142855
224,0.5166666666666666,0.42857142857142855
225,0.5,0.42857142857142855
226,0.5833333333333333,0.42857142857142855
227,0.6,0.42857142857142855
228,0.5,0.42857142857142855
229,0.55,0.42857142857142855
230,0.44999999999999996,0.42857142857142855
231,0.5833333333333333,0.42857142857142855
232,0.44999999999999996,0.42857142857142855
233,0.5666666666666667,0.42857142857142855
234,0.5666666666666667,0.42857142857142855
235,0.44999999999999996,0.42857142857142855
236,0.43333333333333335,0.42857142857142855
237,0.44999999999999996,0.4489795918367347
238,0.41666666666666663,0.4489795918367347
239,0.4833333333333333,0.4489795918367347
240,0.41666666666666663,0.4489795918367347
241,0.5,0.4489795918367347
242,0.5666666666666667,0.4489795918367347
243,0.5,0.4489795918367347
244,0.5,0.4489795918367347
245,0.41666666666666663,0.4489795918367347
246,0.6,0.4489795918367347
247,0.6,0.4489795918367347
248,0.55,0.4489795918367347
249,0.6,0.4489795918367347
250,0.44999999999999996,0.4489795918367347
251,0.5666666666666667,0.4489795918367347
252,0.6,0.4489795918367347
253,0.41666666666666663,0.4489795918367347
254,0.5333333333333333,0.4489795918367347
255,0.6,0.4489795918367347
256,0.5666666666666667,0.4489795918367347
257,0.5166666666666666,0.4489795918367347
258,0.5166666666666666,0.4489795918367347
259,0.4833333333333333,0.4489795918367347
260,0.5,0.4693877551020407
261,0.6,0.4693877551020407
262,0.44999999999999996,0.4693877551020407
263,0.43333333333333335,0.4693877551020407
264,0.5833333333333333,0.4693877551020407
265,0.4833333333333333,0.4693877551020407
266,0.55,0.4693877551020407
267,0.41666666666666663,0.4693877551020407
268,0.5833333333333333,0.4693877551020407
269,0.43333333333333335,0.4693877551020407
270,0.44999999999999996,0.4693877551020407
271,0.55,0.4693877551020407
272,0.5833333333333333,0.4693877551020407
273,0.43333333333333335,0.4693877551020407
274,0.5166666666666666,0.4693877551020407
275,0.44999999999999996,0.4693877551020407
276,0.43333333333333335,0.48979591836734687
277,0.6,0.48979591836734687
278,0.5333333333333333,0.48979591836734687
279,0.4666666666666667,0.48979591836734687
280,0.44999999999999996,0.48979591836734687
281,0.5,0.48979591836734687
282,0.4833333333333333,0.48979591836734687
283,0.4833333333333333,0.48979591836734687
284,0.6,0.48979591836734687
285,0.44999999999999996,0.48979591836734687
286,0.5333333333333333,0.48979591836734687
287,0.5833333333333333,0.48979591836734687
288,0.5166666666666666,0.48979591836734687
289,0.5166666666666666,0.48979591836734687
290,0.55,0.48979591836734687
291,0.5333333333333333,0.48979591836734687
292,0.5333333333333333,0.48979591836734687
293,0.4666666666666667,0.48979591836734687
294,0.5,0.48979591836734687
295,0.43333333333333335,0.510204081632653
296,0.5666666666666667,0.510204081632653
297,0.5333333333333333,0.510204081632653
298,0.5666666666666667,0.510204081632653
299,0.5333333333333333,0.510204081632653
300,0.43333333333333335,0.510204081632653
301,0.44999999999999996,0.510204081632653
302,0.5833333333333333,0.510204081632653
303,0.43333333333333335,0.510204081632653
304,0.5833333333333333,0.510204081632653
305,0.44999999999999996,0.510204081632653
306,0.5833333333333333,0.510204081632653
307,0.4833333333333333,0.510204081632653
308,0.5,0.510204081632653
309,0.43333333333333335,0.510204081632653
310,0.43333333333333335,0.510204081632653
311,0.5833333333333333,0.510204081632653
312,0.5,0.510204081632653
313,0.44999999999999996,0.510204081632653
314,0.5666666666666667,0.510204081632653
315,0.5666666666666667,0.510204081632653
316,0.5166666666666666,0.510204081632653
317,0.4833333333333333,0.510204081632653
318,0.5833333333333333,0.510204081632653
319,0.5,0.5306122448979591
320,0.5333333333333333,0.5306122448979591
321,0.41666666666666663,0.5306122448979591
322,0.5333333333333333,0.5306122448979591
323,0.4666666666666667,0.5306122448979591
324,0.55,0.5306122448979591
325,0.5,0.5306122448979591
326,0.5333333333333333,0.5306122448979591
327,0.6,0.5306122448979591
328,0.43333333333333335,0.5306122448979591
329,0.43333333333333335,0.5306122448979591
330,0.5,0.5306122448979591
331,0.44999999999999996,0.5306122448979591
332,0.5333333333333333,0.5306122448979591
333,0.55,0.5306122448979591
334,0.43333333333333335,0.5510204081632653
335,0.5,0.5510204081632653
336,0.44999999999999996,0.5510204081632653
337,0.44999999999999996,0.5510204081632653
338,0.5166666666666666,0.5510204081632653
339,0.5333333333333333,0.5510204081632653
340,0.41666666666666663,0.5510204081632653
341,0.4833333333333333,0.5510204081632653
342,0.44999999999999996,0.5510204081632653
343,0.5666666666666667,0.5510204081632653
344,0.6,0.5510204081632653
345,0.5166666666666666,0.5510204081632653
346,0.4666666666666667,0.5510204081632653
347,0.6,0.5510204081632653
348,0.5666666666666667,0.5510204081632653
349,0.44999999999999996,0.5510204081632653
350,0.4666666666666667,0.5510204081632653
351,0.43333333333333335,0.5510204081632653
352,0.43333333333333335,0.5510204081632653
353,0.4833333333333333,0.5510204081632653
354,0.43333333333333335,0.5510204081632653
355,0.5833333333333333,0.5510204081632653
356,0.5666666666666667,0.5714285714285713
357,0.4833333333333333,0.5714285714285713
358,0.5166666666666666,0.5714285714285713
359,0.4666666666666667,0.5714285714285713
360,0.44999999999999996,0.5714285714285713
361,0.4833333333333333,0.5714285714285713
362,0.5,0.5714285714285713
363,0.5,0.5714285714285713
364,0.44999999999999996,0.5714285714285713
365,0.4833333333333333,0.5714285714285713
366,0.5333333333333333,0.5714285714285713
367,0.5333333333333333,0.5714285714285713
368,0.55,0.5714285714285713
369,0.5166666666666666,0.5714285714285713
370,0.4666666666666667,0.5714285714285713
371,0.5,0.5714285714285713
372,0.41666666666666663,0.5714285714285713
373,0.5333333333333333,0.5714285714285713
374,0.5833333333333333,0.5714285714285713
375,0.43333333333333335,0.5714285714285713
376,0.44999999999999996,0.5714285714285713
377,0.5833333333333333,0.5714285714285713
378,0.5666666666666667,0.5714285714285713
379,0.5833333333333333,0.5714285714285713
380,0.5,0.5918367346938774
381,0.5666666666666667,0.5918367346938774
382,0.5833333333333333,0.5918367346938774
383,0.43333333333333335,0.5918367346938774
384,0.41666666666666663,0.5918367346938774
385,0.6,0.5918367346938774
386,0.41666666666666663,0.5918367346938774
387,0.4666666666666667,0.5918367346938774
388,0.5666666666666667,0.5918367346938774
389,0.5333333333333333,0.5918367346938774
390,0.4833333333333333,0.5918367346938774
391,0.55,0.5918367346938774
392,0.5,0.5918367346938774
393,0.5833333333333333,0.5918367346938774
394,0.4666666666666667,0.5918367346938774
395,0.55,0.5918367346938774
396,0.55,0.5918367346938774
397,0.44999999999999996,0.5918367346938774
398,0.5333333333333333,0.5918367346938774
399,0.8833333333333333,0.8163265306122448
400,0.95,0.8163265306122448
401,0.8833333333333333,0.8163265306122448
402,0.8333333333333333,0.8163265306122448
403,1.0,0.8163265306122448
404,0.9333333333333333,0.8163265306122448
405,0.8499999999999999,0.8163265306122448
406,0.8499999999999999,0.8163265306122448
407,0.9833333333333334,0.8163265306122448
408,0.9666666666666666,0.8163265306122448
409,0.8333333333333333,0.8163265306122448
410,0.8833333333333333,0.8163265306122448
411,0.8666666666666667,0.8163265306122448
412,0.8833333333333333,0.8163265306122448
413,0.8833333333333333,0.8163265306122448
414,0.8499999999999999,0.8163265306122448
415,0.9666666666666666,0.8163265306122448
416,0.8666666666666667,0.8367346938775508
417,0.8166666666666667,0.8367346938775508
418,1.0,0.8367346938775508
419,0.8333333333333333,0.8367346938775508
420,0.95,0.8367346938775508
421,0.9166666666666667,0.8367346938775508
422,0.9166666666666667,0.8367346938775508
423,0.9333333333333333,0.8367346938775508
424,0.9166666666666667,0.8367346938775508
425,0.8833333333333333,0.8367346938775508
426,0.8,0.8367346938775508
427,0.9333333333333333,0.8367346938775508
428,0.9166666666666667,0.8367346938775508
429,0.8333333333333333,0.8367346938775508
430,0.8666666666666667,0.8367346938775508
431,0.8833333333333333,0.8367346938775508
432,0.8166666666666667,0.8367346938775508
433,1.0,0.8367346938775508
434,0.9833333333333334,0.8367346938775508
435,0.95,0.8367346938775508
436,0.8999999999999999,0.8367346938775508
437,0.8499999999999999,0.8367346938775508
438,0.8499999999999999,0.8367346938775508
439,0.8666666666666667,0.8367346938775508
440,0.8166666666666667,0.8571428571428571
441,0.8666666666666667,0.8571428571428571
442,0.8666666666666667,0.8571428571428571
443,0.8499999999999999,0.8571428571428571
444,0.8833333333333333,0.8571428571428571
445,0.8833333333333333,0.8571428571428571
446,0.8833333333333333,0.8571428571428571
447,0.9333333333333333,0.8571428571428571
448,0.9333333333333333,0.8571428571428571
449,0.8166666666666667,0.8571428571428571
450,0.8666666666666667,0.8571428571428571
451,0.8333333333333333,0.8571428571428571
452,0.8499999999999999,0.8571428571428571
453,0.8499999999999999,0.8571428571428571
454,0.8,0.8571428571428571
455,0.8666666666666667,0.8571428571428571
456,0.8666666666666667,0.8571428571428571
457,0.9166666666666667,0.8571428571428571
458,0.8,0.8571428571428571
459,0.9833333333333334,0.8571428571428571
460,0.9333333333333333,0.8571428571428571
461,0.9833333333333334,0.8571428571428571
462,0.8666666666666667,0.8775510204081631
463,0.95,0.8775510204081631
464,0.9166666666666667,0.8775510204081631
465,0.9833333333333334,0.8775510204081631
466,0.9666666666666666,0.8775510204081631
467,0.9666666666666666,0.8775510204081631
468,0.8333333333333333,0.8775510204081631
469,0.8833333333333333,0.8775510204081631
470,0.9666666666666666,0.8775510204081631
471,1.0,0.8775510204081631
472,0.8333333333333333,0.8775510204081631
473,0.8999999999999999,0.8775510204081631
474,0.9166666666666667,0.8775510204081631
475,1.0,0.8775510204081631
476,1.0,0.8775510204081631
477,0.9333333333333333,0.8775510204081631
478,0.9666666666666666,0.8775510204081631
479,1.0,0.8775510204081631
480,0.8499999999999999,0.8775510204081631
481,0.9333333333333333,0.8775510204081631
482,0.8,0.8775510204081631
483,0.8999999999999999,0.8775510204081631
484,0.9166666666666667,0.8775510204081631
485,0.8666666666666667,0.8979591836734694
486,0.95,0.8979591836734694
487,0.9166666666666667,0.8979591836734694
488,0.9666666666666666,0.8979591836734694
489,0.8499999999999999,0.8979591836734694
490,0.8333333333333333,0.8979591836734694
491,0.95,0.8979591836734694
492,0.8,0.8979591836734694
493,0.8166666666666667,0.8979591836734694
494,0.9666666666666666,0.9183673469387754
495,0.95,0.9183673469387754
496,0.95,0.9183673469387754
497,0.8499999999999999,0.9183673469387754
498,0.8499999999999999,0.9183673469387754
499,1.0,0.9183673469387754
500,1.0,0.9183673469387754
501,0.9666666666666666,0.9183673469387754
502,0.8166666666666667,0.9183673469387754
503,0.95,0.9183673469387754
504,0.8666666666666667,0.9183673469387754
505,0.8666666666666667,0.9183673469387754
506,1.0,0.9183673469387754
507,0.9333333333333333,0.9183673469387754
508,0.8833333333333333,0.9183673469387754
509,0.9666666666666666,0.9183673469387754
510,0.95,0.9183673469387754
511,1.0,0.9183673469387754
512,0.8833333333333333,0.9183673469387754
513,0.8,0.9183673469387754
514,0.8666666666666667,0.9183673469387754
515,0.95,0.9183673469387754
516,0.8166666666666667,0.9183673469387754
517,0.95,0.9387755102040815
518,0.9833333333333334,0.9387755102040815
519,0.8166666666666667,0.9387755102040815
520,0.95,0.9387755102040815
521,0.9833333333333334,0.9387755102040815
522,0.8499999999999999,0.9387755102040815
523,0.8499999999999999,0.9387755102040815
524,0.8333333333333333,0.9387755102040815
525,0.9333333333333333,0.9387755102040815
526,0.9166666666666667,0.9387755102040815
527,1.0,0.9387755102040815
528,0.8999999999999999,0.9387755102040815
529,0.8499999999999999,0.9387755102040815
530,0.8,0.9387755102040815
531,0.8999999999999999,0.9387755102040815
532,0.8166666666666667,0.9387755102040815
533,0.8,0.9387755102040815
534,0.8833333333333333,0.9387755102040815
535,0.95,0.9387755102040815
536,0.95,0.9387755102040815
537,0.8333333333333333,0.9387755102040815
538,0.8499999999999999,0.9387755102040815
539,0.8666666666666667,0.9591836734693877
540,0.8999999999999999,0.9591836734693877
541,0.8999999999999999,0.9591836734693877
542,0.8666666666666667,0.9591836734693877
543,0.8333333333333333,0.9591836734693877
544,0.8833333333333333,0.9591836734693877
545,0.9166666666666667,0.9591836734693877
546,0.8666666666666667,0.9591836734693877
547,0.8499999999999999,0.9591836734693877
548,0.9166666666666667,0.9591836734693877
549,1.0,0.9591836734693877
550,1.0,0.9591836734693877
551,0.8666666666666667,0.9591836734693877
552,0.8333333333333333,0.9591836734693877
553,0.8166666666666667,0.9591836734693877
554,0.8833333333333333,0.9591836734693877
555,0.8499999999999999,0.9795918367346937
556,0.8499999999999999,0.9795918367346937
557,0.95,0.9795918367346937
558,1.0,0.9795918367346937
559,0.8999999999999999,0.9795918367346937
560,1.0,0.9795918367346937
561,0.8499999999999999,0.9795918367346937
562,0.9166666666666667,0.9795918367346937
563,0.9666666666666666,0.9795918367346937
564,1.0,0.9795918367346937
565,0.8166666666666667,0.9795918367346937
566,0.8166666666666667,0.9795918367346937
567,0.8499999999999999,0.9795918367346937
568,0.8833333333333333,0.9795918367346937
569,0.9333333333333333,0.9795918367346937
570,0.8,0.9795918367346937
571,0.8333333333333333,0.9795918367346937
572,0.9333333333333333,0.9795918367346937
573,0.8,0.9795918367346937
574,0.9333333333333333,0.9795918367346937
575,0.8999999999999999,0.9795918367346937
576,0.9833333333333334,1.0
577,0.95,1.0
578,0.8499999999999999,1.0
579,0.8833333333333333,1.0
580,0.8166666666666667,1.0
581,0.8333333333333333,1.0
582,0.8666666666666667,1.0
583,0.8166666666666667,1.0
584,0.8666666666666667,1.0
585,0.9833333333333334,1.0
586,0.8833333333333333,1.0
587,0.9166666666666667,1.0
588,0.8666666666666667,1.0
589,0.8999999999999999,1.0
590,1.0,1.0
591,0.8499999999999999,1.0
592,0.9833333333333334,1.0
593,0.95,1.0
594,0.9166666666666667,1.0
595,0.9166666666666667,1.0
596,0.9166666666666667,1.0
597,1.0,1.0
598,0.8,1.0
599,0.9833333333333334,1.0
600,0.35,0.0
601,0.5,0.0
602,0.41666666666666663,0.0
603,0.43333333333333335,0.0
604,0.41666666666666663,0.0
605,0.6166666666666667,0.0
606,0.6,0.0
607,0.36666666666666664,0.0
608,0.5333333333333333,0.0
609,0.7666666666666666,0.2040816326530612
610,0.31666666666666665,0.2040816326530612
611,0.6499999999999999,0.2040816326530612
612,0.5666666666666667,0.2040816326530612
613,0.1333333333333333,0.2040816326530612
614,0.55,0.2040816326530612
615,0.7666666666666666,0.2040816326530612
616,0.6,0.2040816326530612
617,0.6499999999999999,0.2040816326530612
618,0.25,0.4081632653061224
619,0.31666666666666665,0.4081632653061224
620,0.9666666666666666,0.4081632653061224
621,0.7,0.4081632653061224
622,0.6333333333333333,0.4081632653061224
623,0.5333333333333333,0.4081632653061224
624,0.44999999999999996,0.4081632653061224
625,0.6166666666666667,0.4081632653061224
626,0.016666666666666663,0.4081632653061224
627,0.6333333333333333,0.4081632653061224
628,0.26666666666666666,0.6122448979591836
629,0.18333333333333332,0.6122448979591836
630,0.55,0.6122448979591836
631,0.8833333333333333,0.6122448979591836
632,0.41666666666666663,0.6122448979591836
633,1.0,0.6122448979591836
634,0.5166666666666666,0.6122448979591836
635,0.5666666666666667,0.6122448979591836
636,0.8499999999999999,0.6122448979591836
637,0.7666666666666666,0.6122448979591836
638,0.7,0.8163265306122448
639,0.8833333333333333,0.8163265306122448
640,0.9833333333333334,0.8163265306122448
641,0.75,0.8163265306122448
642,0.3833333333333333,0.8163265306122448
643,0.39999999999999997,0.8163265306122448
644,0.55,0.8163265306122448
645,0.35,0.8163265306122448
646,0.7,0.8163265306122448
647,0.06666666666666665,0.8163265306122448
