,f1,f2,f3,f4,f5,f6,f7,f8,f9,f10,f11,f12,f13,f14,f15,f16,f17,f19
0,0.323943661971831,1.0,0.0,1.0,1.0,1.0,1.0,0.0,1.0,1.0,1.0,1.0,1.0,0.09090909090909091,0.21933085501858735,0.0063091482649842295,0.44186046511627897,0.0
1,0.6056338028169015,0.0,0.0,1.0,0.0,1.0,1.0,0.0,1.0,1.0,1.0,1.0,1.0,0.07792207792207792,0.4052044609665427,0.04416403785488959,0.3255813953488371,0.0
2,1.0,0.0,1.0,1.0,0.0,1.0,1.0,1.0,1.0,1.0,1.0,1.0,1.0,0.051948051948051945,0.26022304832713755,0.028391167192429023,0.44186046511627897,0.0
3,0.3380281690140845,0.0,0.6000000000000001,0.0,1.0,1.0,1.0,1.0,1.0,1.0,1.0,1.0,1.0,0.051948051948051945,0.07434944237918216,0.05993690851735016,0.44186046511627897,0.0
4,0.3802816901408451,0.0,1.0,1.0,1.0,1.0,1.0,1.0,1.0,1.0,1.0,1.0,1.0,0.09090909090909091,0.34163568773234204,0.29337539432176657,0.44186046511627897,0.0
5,0.3802816901408451,0.0,1.0,1.0,1.0,1.0,1.0,1.0,1.0,1.0,1.0,1.0,1.0,0.07792207792207792,0.25650557620817843,0.022082018927444793,0.44186046511627897,0.0
6,0.619718309859155,0.0,0.0,1.0,0.0,1.0,0.0,1.0,1.0,0.0,0.0,1.0,1.0,0.14675324675324677,0.33605947955390336,0.1414826498422713,0.41860465116279055,0.0
7,0.22535211267605634,0.0,1.0,1.0,1.0,1.0,1.0,1.0,1.0,1.0,1.0,1.0,1.0,0.09090909090909091,0.34163568773234204,0.08296529968454257,0.5465116279069766,0.0
8,0.45070422535211274,0.0,1.0,1.0,0.0,1.0,1.0,1.0,0.0,1.0,1.0,1.0,1.0,0.051948051948051945,0.2966542750929368,0.05362776025236593,0.5348837209302326,0.0
9,0.323943661971831,0.0,1.0,1.0,1.0,1.0,1.0,1.0,1.0,1.0,1.0,1.0,1.0,0.09090909090909091,0.3940520446096654,0.167192429022082,0.41860465116279055,0.0
10,0.45070422535211274,0.0,0.0,0.0,1.0,1.0,1.0,0.0,0.0,1.0,1.0,1.0,1.0,0.12987012987012989,0.19330855018587362,0.025236593059936908,0.5348837209302326,0.0
11,0.352112676056338,0.0,1.0,0.0,0.0,1.0,1.0,1.0,0.0,1.0,0.0,1.0,1.0,0.09090909090909091,0.12267657992565055,0.37066246056782337,0.37209302325581395,0.0
12,0.47887323943661975,0.0,1.0,0.0,0.0,1.0,1.0,1.0,0.0,1.0,1.0,1.0,1.0,0.07792207792207792,0.20446096654275092,0.0725552050473186,0.41860465116279055,0.0
13,0.323943661971831,0.0,1.0,1.0,0.0,1.0,1.0,1.0,0.0,1.0,1.0,1.0,1.0,0.24675324675324675,0.11524163568773234,0.20504731861198738,0.6511627906976745,0.0
14,0.5633802816901409,0.0,0.0,0.0,1.0,1.0,1.0,1.0,1.0,1.0,1.0,1.0,1.0,0.1649350649350649,0.22230483271375462,0.0725552050473186,0.43488372093023253,0.0
15,0.43661971830985924,0.0,0.0,1.0,0.0,0.0,0.0,1.0,1.0,1.0,1.0,0.0,1.0,0.22077922077922077,0.17100371747211895,0.11829652996845424,0.18604651162790686,0.0
16,0.8309859154929577,0.0,1.0,1.0,0.0,1.0,1.0,1.0,1.0,1.0,1.0,1.0,1.0,0.11688311688311687,0.2825278810408922,0.06151419558359621,0.511627906976744,0.0
17,0.46478873239436624,0.0,0.0,1.0,0.0,1.0,1.0,1.0,0.0,1.0,1.0,1.0,1.0,0.03896103896103895,0.13382899628252787,0.2397476340694006,0.44186046511627897,0.0
18,0.43661971830985924,0.0,1.0,1.0,1.0,1.0,1.0,1.0,1.0,1.0,1.0,1.0,1.0,0.051948051948051945,0.10037174721189591,0.04416403785488959,0.46511627906976727,1.0
19,0.43661971830985924,0.0,0.0,0.0,1.0,1.0,1.0,0.0,0.0,1.0,1.0,1.0,1.0,0.051948051948051945,0.16356877323420077,0.022082018927444793,0.4883720930232558,0.0
20,0.21126760563380284,1.0,1.0,0.0,0.0,1.0,1.0,1.0,1.0,1.0,1.0,1.0,1.0,0.07792207792207792,0.08178438661710037,0.00946372239747634,0.4883720930232558,0.0
21,0.2816901408450704,0.0,1.0,1.0,0.0,0.0,0.0,0.0,0.0,0.0,0.0,1.0,1.0,0.11688311688311687,0.39776951672862454,0.13249211356466875,0.46511627906976727,0.0
22,0.3380281690140845,0.0,1.0,1.0,1.0,1.0,1.0,1.0,1.0,1.0,1.0,1.0,1.0,0.09090909090909091,0.21933085501858735,0.00946372239747634,0.44186046511627897,0.0
23,0.49295774647887325,0.0,1.0,1.0,1.0,1.0,1.0,1.0,1.0,1.0,1.0,1.0,1.0,0.07792207792207792,0.12639405204460968,0.07728706624605677,0.6046511627906976,0.0
24,0.2535211267605634,1.0,0.0,0.0,1.0,1.0,1.0,1.0,1.0,1.0,1.0,1.0,1.0,0.012987012987012991,0.07063197026022304,0.0063091482649842295,0.511627906976744,0.0
25,0.2816901408450704,0.0,0.0,1.0,0.0,0.0,1.0,1.0,1.0,1.0,1.0,1.0,1.0,0.06493506493506493,0.25650557620817843,0.05047318611987381,0.39534883720930214,0.0
26,0.5915492957746479,0.0,0.0,0.0,0.0,0.0,0.0,1.0,0.0,1.0,0.0,1.0,1.0,0.03896103896103895,0.21933085501858735,0.05362776025236593,0.37209302325581395,0.0
27,0.7183098591549296,1.0,1.0,1.0,0.0,1.0,1.0,1.0,0.0,1.0,0.0,1.0,1.0,0.14285714285714285,0.5539033457249071,0.06466876971608833,0.13953488372093026,0.0
28,0.7605633802816901,0.0,0.0,1.0,0.0,1.0,1.0,0.0,0.0,1.0,1.0,1.0,1.0,0.12987012987012989,0.19330855018587362,0.017350157728706624,0.39534883720930214,0.0
29,0.619718309859155,0.0,0.0,0.0,0.0,0.0,1.0,1.0,1.0,1.0,1.0,1.0,1.0,0.09090909090909091,0.19330855018587362,0.0694006309148265,0.581395348837209,0.0
30,0.45070422535211274,0.0,0.0,0.0,0.0,0.0,1.0,1.0,0.0,1.0,1.0,1.0,1.0,0.25974025974025966,0.9442379182156134,0.13249211356466875,0.39534883720930214,0.0
31,0.7746478873239437,0.0,0.0,1.0,0.0,0.0,1.0,1.0,0.7,1.0,1.0,1.0,1.0,0.09090909090909091,0.33159851301115245,0.0725552050473186,0.2930232558139535,0.0
32,0.47887323943661975,1.0,1.0,0.0,0.0,0.0,0.0,1.0,1.0,1.0,1.0,1.0,1.0,0.051948051948051945,0.20446096654275092,0.06151419558359621,0.6744186046511627,0.0
33,0.2676056338028169,1.0,0.0,1.0,1.0,1.0,1.0,1.0,0.0,1.0,1.0,1.0,1.0,0.025974025974025976,0.4052044609665427,0.023659305993690854,0.39534883720930214,0.0
34,0.3943661971830986,0.0,1.0,1.0,0.0,1.0,1.0,1.0,1.0,1.0,1.0,1.0,1.0,0.07792207792207792,0.11895910780669146,0.12302839116719241,0.511627906976744,0.0
35,0.4225352112676056,0.0,1.0,1.0,0.0,1.0,1.0,1.0,1.0,1.0,0.0,1.0,1.0,0.03896103896103895,0.1524163568773234,0.022082018927444793,0.4883720930232558,0.0
36,0.22535211267605634,0.0,1.0,1.0,0.0,0.0,0.0,1.0,1.0,0.0,1.0,1.0,1.0,0.12987012987012989,0.6245353159851301,0.21451104100946372,0.46511627906976727,0.0
37,0.18309859154929578,1.0,0.0,1.0,0.0,0.0,0.0,0.0,0.0,0.0,0.0,1.0,1.0,0.25974025974025966,0.4609665427509294,0.08517350157728706,0.41860465116279055,0.0
38,0.49295774647887325,0.0,0.0,1.0,1.0,1.0,1.0,1.0,1.0,1.0,1.0,1.0,1.0,0.09090909090909091,0.21933085501858735,0.0,0.44186046511627897,0.0
39,0.8169014084507042,0.0,1.0,1.0,0.0,0.0,1.0,1.0,0.0,0.0,0.0,0.0,1.0,0.0,0.5724907063197026,0.06151419558359621,0.18604651162790686,1.0
40,0.6338028169014085,0.0,0.0,0.0,1.0,1.0,1.0,1.0,1.0,1.0,1.0,1.0,1.0,0.051948051948051945,0.18215613382899631,0.06466876971608833,0.44186046511627897,0.0
41,0.22535211267605634,0.0,1.0,1.0,1.0,1.0,1.0,0.8999999999999999,0.8999999999999999,1.0,0.7,0.8999999999999999,1.0,0.5584415584415583,0.11152416356877325,0.0031545741324921148,0.581395348837209,0.0
42,0.3661971830985915,0.0,1.0,1.0,1.0,1.0,1.0,1.0,1.0,1.0,1.0,1.0,1.0,0.09090909090909091,0.07434944237918216,0.11987381703470032,0.5348837209302326,0.0
43,0.6901408450704226,0.0,0.0,1.0,0.0,1.0,1.0,1.0,1.0,1.0,1.0,1.0,1.0,0.051948051948051945,0.16728624535315983,0.0063091482649842295,0.5348837209302326,0.0
44,0.3802816901408451,0.0,1.0,1.0,1.0,1.0,1.0,1.0,1.0,1.0,1.0,1.0,1.0,0.11038961038961037,0.27806691449814125,0.11356466876971608,0.34883720930232565,0.0
45,0.295774647887324,0.0,1.0,1.0,0.0,0.0,1.0,1.0,1.0,1.0,1.0,1.0,1.0,0.051948051948051945,0.1784386617100372,0.15141955835962145,0.5348837209302326,0.0
46,0.4225352112676056,0.0,0.0,1.0,1.0,1.0,1.0,1.0,0.0,1.0,0.0,1.0,1.0,0.03896103896103895,0.2007434944237918,0.10410094637223974,0.39534883720930214,0.0
47,0.295774647887324,1.0,1.0,1.0,0.0,0.0,1.0,1.0,0.0,1.0,1.0,1.0,1.0,0.19480519480519481,0.6133828996282528,0.6403785488958991,0.2790697674418603,0.0
48,0.4084507042253521,0.0,0.0,1.0,1.0,1.0,1.0,1.0,1.0,0.0,1.0,1.0,1.0,0.06493506493506493,0.21933085501858735,0.0473186119873817,0.4883720930232558,0.0
49,0.43661971830985924,0.0,1.0,0.0,0.0,0.0,0.0,1.0,1.0,1.0,0.0,1.0,1.0,0.051948051948051945,0.3680297397769517,0.0804416403785489,0.4883720930232558,0.0
50,0.45070422535211274,0.0,0.0,1.0,1.0,1.0,1.0,1.0,1.0,1.0,1.0,1.0,1.0,0.07792207792207792,0.21933085501858735,0.0725552050473186,0.44186046511627897,0.0
51,0.45070422535211274,0.0,1.0,1.0,1.0,1.0,1.0,1.0,1.0,1.0,1.0,1.0,1.0,0.09090909090909091,0.21933085501858735,0.00946372239747634,0.44186046511627897,0.0
52,0.5211267605633804,0.0,1.0,1.0,1.0,1.0,1.0,1.0,1.0,1.0,1.0,1.0,1.0,0.03896103896103895,0.31226765799256506,0.20662460567823343,0.5348837209302326,0.0
53,0.46478873239436624,0.0,1.0,0.0,0.0,1.0,1.0,1.0,0.0,0.0,1.0,1.0,1.0,0.11688311688311687,0.21933085501858735,0.02681388012618297,0.44186046511627897,0.0
54,0.323943661971831,0.0,1.0,1.0,0.0,1.0,1.0,1.0,1.0,1.0,1.0,1.0,1.0,0.051948051948051945,0.08921933085501858,0.10094637223974763,0.4883720930232558,0.0
55,0.4225352112676056,0.0,0.0,1.0,0.0,0.0,0.0,1.0,1.0,1.0,1.0,1.0,1.0,0.06493506493506493,0.24535315985130113,0.07097791798107254,0.4372093023255814,0.0
56,0.3802816901408451,0.0,0.0,1.0,0.5,0.8,1.0,0.7,0.6000000000000001,0.8999999999999999,0.7,0.8,1.0,0.10519480519480517,0.19479553903345725,0.11766561514195581,0.413953488372093,0.0
57,0.323943661971831,0.0,1.0,0.0,1.0,1.0,1.0,1.0,1.0,1.0,1.0,1.0,1.0,0.051948051948051945,0.0966542750929368,0.03785488958990536,0.41860465116279055,0.0
58,0.8028169014084507,0.0,1.0,0.0,0.0,0.0,1.0,0.0,0.0,1.0,1.0,1.0,1.0,0.09090909090909091,0.2007434944237918,0.03785488958990536,0.511627906976744,0.0
59,0.5352112676056339,1.0,0.0,1.0,0.0,0.0,1.0,1.0,1.0,0.0,1.0,1.0,1.0,0.09090909090909091,0.21933085501858735,0.09621451104100946,0.36046511627906963,0.0
60,0.4225352112676056,0.0,1.0,1.0,1.0,1.0,1.0,1.0,1.0,1.0,1.0,1.0,1.0,0.051948051948051945,0.0,0.0694006309148265,0.5581395348837208,0.0
61,0.352112676056338,0.0,1.0,1.0,1.0,1.0,1.0,1.0,1.0,1.0,1.0,1.0,1.0,0.051948051948051945,0.2825278810408922,0.07886435331230283,0.44186046511627897,0.0
62,0.352112676056338,0.0,1.0,1.0,0.0,0.0,0.0,1.0,1.0,1.0,0.0,1.0,0.0,0.4155844155844155,0.7026022304832713,0.06309148264984227,0.3023255813953487,0.0
63,0.4084507042253521,0.0,0.0,1.0,1.0,1.0,1.0,0.0,0.0,0.0,1.0,1.0,1.0,0.051948051948051945,0.5130111524163569,0.0473186119873817,0.2325581395348837,0.0
64,0.5915492957746479,0.0,1.0,1.0,0.0,0.0,1.0,1.0,1.0,1.0,1.0,1.0,1.0,0.06493506493506493,0.2862453531598513,0.04574132492113564,0.3255813953488371,0.0
65,0.2816901408450704,0.0,1.0,1.0,1.0,1.0,1.0,1.0,1.0,1.0,1.0,1.0,1.0,0.06493506493506493,0.2472118959107807,0.03785488958990536,0.4883720930232558,0.0
66,0.6901408450704226,0.0,0.0,1.0,1.0,1.0,1.0,1.0,1.0,1.0,1.0,1.0,1.0,0.051948051948051945,0.13382899628252787,0.029968454258675076,0.20930232558139528,0.0
67,0.7042253521126761,0.0,1.0,1.0,0.0,0.0,0.0,1.0,1.0,1.0,0.0,0.0,1.0,0.49350649350649345,0.3104089219330855,0.05362776025236593,0.11627906976744184,0.0
68,0.45070422535211274,0.0,1.0,1.0,0.0,1.0,1.0,1.0,1.0,1.0,1.0,1.0,1.0,0.09090909090909091,0.02973977695167286,0.0015772870662460574,0.44186046511627897,0.0
69,0.5211267605633804,0.0,0.0,1.0,0.0,0.0,1.0,1.0,1.0,1.0,1.0,1.0,1.0,0.16883116883116883,0.15613382899628253,0.08517350157728706,0.37209302325581395,0.0
70,0.23943661971830985,0.0,1.0,1.0,1.0,1.0,1.0,1.0,1.0,1.0,1.0,1.0,1.0,0.06493506493506493,0.20817843866171004,0.039432176656151424,0.511627906976744,0.0
71,0.3802816901408451,0.0,0.0,1.0,0.0,0.0,1.0,0.0,0.0,1.0,0.0,1.0,1.0,0.3246753246753246,0.3754646840148699,0.26498422712933756,0.4116279069767441,0.0
72,0.619718309859155,0.0,1.0,1.0,0.0,0.0,0.0,0.8,0.6000000000000001,0.8999999999999999,0.3999999999999999,0.8999999999999999,0.8999999999999999,0.07792207792207792,0.18587360594795538,0.4053627760252366,0.5348837209302326,0.0
73,0.4084507042253521,0.0,0.0,1.0,0.0,0.0,0.0,1.0,0.0,1.0,1.0,1.0,1.0,0.09090909090909091,0.2687732342007435,0.04889589905362776,0.44186046511627897,0.0
74,0.6056338028169015,0.0,1.0,1.0,1.0,1.0,1.0,1.0,1.0,1.0,1.0,1.0,1.0,0.15584415584415584,0.275092936802974,0.13564668769716087,0.7441860465116277,0.0
75,0.352112676056338,0.0,0.0,0.0,0.0,0.0,1.0,1.0,1.0,1.0,1.0,1.0,1.0,0.09090909090909091,0.10780669144981413,0.04889589905362776,0.46511627906976727,0.0
76,0.7183098591549296,0.0,1.0,1.0,0.0,1.0,1.0,0.0,0.0,0.0,0.0,1.0,1.0,0.22077922077922077,0.5241635687732342,0.359621451104101,0.2790697674418603,0.0
77,0.3802816901408451,1.0,0.0,0.0,1.0,1.0,1.0,1.0,0.0,1.0,1.0,1.0,1.0,0.03896103896103895,0.014869888475836437,0.01577287066246057,0.44186046511627897,0.0
78,0.3802816901408451,0.0,0.0,1.0,0.0,1.0,1.0,0.0,0.0,1.0,0.0,1.0,1.0,0.09090909090909091,0.17100371747211895,0.05047318611987381,0.5348837209302326,0.0
79,0.295774647887324,0.0,1.0,1.0,1.0,1.0,1.0,1.0,1.0,1.0,1.0,1.0,1.0,0.051948051948051945,0.21933085501858735,0.02681388012618297,0.6511627906976745,0.0
80,0.22535211267605634,0.0,1.0,1.0,0.0,0.0,0.0,1.0,1.0,1.0,1.0,1.0,1.0,0.06493506493506493,0.18141263940520447,0.0,0.6279069767441858,0.0
81,0.4084507042253521,0.0,1.0,1.0,1.0,1.0,1.0,1.0,1.0,1.0,1.0,1.0,1.0,0.051948051948051945,0.13382899628252787,0.3312302839116719,0.4883720930232558,0.0
82,0.323943661971831,0.0,0.0,1.0,1.0,1.0,1.0,1.0,1.0,1.0,1.0,1.0,1.0,0.051948051948051945,0.275092936802974,0.02681388012618297,0.44186046511627897,0.0
83,0.8450704225352114,1.0,0.0,1.0,0.0,0.0,1.0,1.0,1.0,0.6000000000000001,0.3999999999999999,0.7,0.8,0.15584415584415584,0.5687732342007434,0.08675078864353312,0.18604651162790686,0.0
84,0.7746478873239437,1.0,1.0,1.0,0.0,0.0,1.0,1.0,0.0,1.0,0.0,1.0,1.0,0.12987012987012989,0.42750929368029744,0.22397476340694006,0.41860465116279055,0.0
85,0.295774647887324,0.0,0.0,1.0,0.0,0.0,0.0,1.0,0.0,1.0,1.0,1.0,1.0,0.16883116883116883,0.06691449814126395,0.17192429022082018,0.44186046511627897,0.0
86,0.5211267605633804,0.0,0.0,1.0,0.0,0.0,1.0,1.0,1.0,0.0,1.0,1.0,0.0,0.07792207792207792,0.4052044609665427,0.06466876971608833,0.32093023255813935,1.0
87,0.323943661971831,0.0,1.0,1.0,0.0,0.0,0.0,1.0,0.0,1.0,0.0,0.0,0.0,0.2857142857142857,0.516728624535316,0.07886435331230283,0.16279069767441845,1.0
88,0.43661971830985924,0.0,0.0,1.0,0.0,0.0,0.0,1.0,0.0,1.0,0.0,0.0,0.0,0.11688311688311687,0.3420074349442379,0.0031545741324921148,0.16279069767441845,1.0
89,0.43661971830985924,0.0,0.0,1.0,0.0,0.0,0.0,0.0,0.0,1.0,1.0,1.0,1.0,0.03896103896103895,0.18587360594795538,0.0063091482649842295,0.5348837209302326,1.0
90,0.6056338028169015,1.0,0.0,1.0,0.0,1.0,1.0,0.0,0.0,0.0,0.0,1.0,1.0,0.07792207792207792,0.758364312267658,0.16246056782334384,0.3023255813953487,1.0
91,0.49295774647887325,0.0,0.0,1.0,0.0,0.0,0.0,1.0,1.0,0.0,0.0,1.0,0.0,0.5584415584415583,0.3628252788104089,0.06466876971608833,0.2790697674418603,1.0
92,0.3661971830985915,0.0,1.0,1.0,1.0,1.0,1.0,0.8999999999999999,0.7,1.0,1.0,1.0,1.0,0.09090909090909091,0.3955390334572491,0.0725552050473186,0.44186046511627897,1.0
93,0.6338028169014085,0.0,0.0,1.0,1.0,1.0,1.0,1.0,1.0,1.0,1.0,1.0,1.0,0.15584415584415584,0.2278810408921933,0.08675078864353312,0.18604651162790686,1.0
94,0.7323943661971831,0.0,0.0,1.0,0.0,0.0,1.0,1.0,0.0,0.0,0.0,1.0,1.0,0.15584415584415584,0.30111524163568776,0.2255520504731861,0.34883720930232553,1.0
95,0.46478873239436624,0.0,0.0,0.0,0.0,0.0,0.0,0.0,0.0,1.0,1.0,1.0,1.0,0.03896103896103895,0.052044609665427496,0.08675078864353312,0.4883720930232558,1.0
96,0.323943661971831,0.0,0.0,1.0,0.0,0.0,1.0,1.0,0.0,1.0,0.0,1.0,1.0,0.06493506493506493,0.44981412639405205,0.17981072555205047,0.41860465116279055,1.0
97,0.5211267605633804,0.0,0.0,1.0,0.0,0.0,1.0,0.0,0.0,1.0,0.0,1.0,1.0,0.3506493506493506,0.3271375464684015,0.0804416403785489,0.3255813953488371,1.0
98,0.5633802816901409,0.0,1.0,1.0,1.0,1.0,1.0,1.0,1.0,1.0,0.0,1.0,0.0,0.22077922077922077,0.21561338289962828,0.01419558359621451,0.4883720930232558,1.0
99,0.7464788732394366,0.0,0.0,1.0,0.0,1.0,1.0,0.0,0.0,0.0,0.0,1.0,1.0,0.14415584415584415,0.2758364312267658,0.04100946372239747,0.38139534883720916,1.0
100,0.5774647887323944,0.0,0.0,1.0,0.0,0.0,1.0,1.0,0.0,1.0,0.0,0.0,0.0,0.5844155844155843,0.36059479553903345,0.2255520504731861,0.13953488372093026,1.0
101,0.21126760563380284,0.0,1.0,1.0,1.0,1.0,1.0,1.0,1.0,1.0,1.0,1.0,1.0,0.051948051948051945,0.17806691449814127,0.01577287066246057,0.5465116279069766,1.0
102,0.2816901408450704,0.0,0.0,1.0,0.0,1.0,1.0,1.0,0.0,1.0,1.0,1.0,1.0,0.27272727272727265,0.5278810408921933,0.3359621451104101,0.20930232558139528,1.0
103,0.619718309859155,0.0,0.0,1.0,0.0,0.0,0.0,1.0,0.0,0.0,0.0,1.0,0.0,0.5584415584415583,0.7026022304832713,0.4022082018927445,0.41860465116279055,1.0
104,0.5633802816901409,0.0,1.0,1.0,0.0,0.0,1.0,1.0,0.0,1.0,1.0,0.0,0.0,0.1818181818181818,0.22304832713754646,0.00946372239747634,0.0,1.0
105,0.2535211267605634,0.0,1.0,1.0,1.0,1.0,1.0,1.0,1.0,1.0,1.0,1.0,1.0,0.03896103896103895,0.23271375464684013,0.031545741324921134,1.0,1.0
106,0.3943661971830986,0.0,0.0,1.0,0.0,1.0,1.0,1.0,0.8,0.0,0.0,0.0,1.0,0.15584415584415584,0.4163568773234201,0.0694006309148265,0.11627906976744184,1.0
107,0.5352112676056339,0.0,0.0,1.0,0.0,0.0,0.0,1.0,1.0,1.0,1.0,1.0,1.0,0.25974025974025966,0.42788104089219325,0.9999999999999999,0.3255813953488371,1.0
108,0.6619718309859155,0.0,0.0,0.0,1.0,1.0,1.0,0.0,0.0,1.0,1.0,1.0,1.0,0.09090909090909091,0.4795539033457249,0.332807570977918,0.34883720930232553,1.0
109,0.3661971830985915,0.0,0.0,1.0,0.0,0.0,1.0,1.0,1.0,1.0,1.0,0.0,1.0,0.051948051948051945,0.137546468401487,0.10410094637223974,0.20930232558139528,1.0
110,0.0,0.0,1.0,1.0,1.0,1.0,1.0,1.0,0.0,0.0,1.0,1.0,1.0,0.051948051948051945,0.8550185873605948,0.017350157728706624,0.4883720930232558,1.0
111,0.49295774647887325,0.0,0.0,0.0,0.0,0.0,1.0,1.0,1.0,1.0,0.0,1.0,1.0,0.025974025974025976,0.13382899628252787,0.08517350157728706,0.39534883720930214,1.0
112,0.6338028169014085,0.0,0.0,1.0,0.0,1.0,1.0,1.0,1.0,1.0,1.0,1.0,1.0,0.09090909090909091,0.21933085501858735,0.025236593059936908,0.44186046511627897,1.0
113,0.5352112676056339,0.0,0.0,1.0,0.0,1.0,1.0,1.0,0.0,0.0,1.0,1.0,1.0,0.11688311688311687,0.20446096654275092,0.0804416403785489,0.20930232558139528,0.0
114,0.4084507042253521,0.0,0.0,1.0,1.0,1.0,1.0,1.0,1.0,1.0,1.0,1.0,1.0,0.1038961038961039,0.42750929368029744,0.09621451104100946,0.2790697674418603,1.0
115,0.8732394366197184,1.0,1.0,1.0,0.0,1.0,1.0,1.0,1.0,1.0,1.0,1.0,1.0,0.3766233766233766,0.34572490706319703,0.19242902208201892,0.39534883720930214,1.0
116,0.23943661971830985,0.0,0.0,1.0,0.0,1.0,1.0,1.0,1.0,1.0,1.0,1.0,1.0,0.09090909090909091,0.22565055762081787,0.031545741324921134,0.46511627906976727,1.0
117,0.6056338028169015,0.0,1.0,1.0,1.0,1.0,1.0,1.0,1.0,1.0,1.0,1.0,1.0,0.09090909090909091,0.4200743494423792,0.10567823343848579,0.41860465116279055,1.0
118,0.7605633802816901,0.0,0.0,1.0,0.0,0.0,1.0,0.5,0.10000000000000009,1.0,0.0,1.0,1.0,0.15844155844155844,0.34014869888475835,0.1116719242902208,0.313953488372093,1.0
119,0.6619718309859155,0.0,1.0,1.0,0.0,1.0,1.0,0.0,0.0,1.0,1.0,1.0,1.0,0.3766233766233766,0.21933085501858735,0.022082018927444793,0.39534883720930214,1.0
120,0.6901408450704226,0.0,0.0,1.0,0.0,0.0,0.0,0.0,0.0,1.0,0.0,1.0,1.0,0.3376623376623376,0.2379182156133829,0.2192429022082019,0.44186046511627897,1.0
121,0.18309859154929578,0.0,0.0,1.0,0.0,0.0,0.0,1.0,1.0,1.0,0.0,0.0,1.0,0.09090909090909091,0.4981412639405204,0.16403785488958988,0.18604651162790686,1.0
122,0.49295774647887325,0.0,1.0,1.0,1.0,1.0,1.0,1.0,1.0,0.0,1.0,1.0,1.0,0.15584415584415584,0.21933085501858735,0.04100946372239747,0.4976744186046511,1.0
123,0.4225352112676056,0.0,0.0,1.0,0.0,1.0,1.0,1.0,1.0,1.0,0.0,1.0,1.0,0.07792207792207792,0.4118959107806692,0.34227129337539436,0.511627906976744,1.0
124,0.6056338028169015,0.0,1.0,1.0,1.0,1.0,1.0,1.0,0.0,0.0,0.0,1.0,1.0,0.09090909090909091,0.21933085501858735,0.09621451104100946,0.44186046511627897,1.0
125,0.3802816901408451,1.0,1.0,1.0,0.0,0.0,0.0,0.0,0.0,1.0,0.0,1.0,1.0,0.051948051948051945,0.16356877323420077,0.01577287066246057,0.46511627906976727,1.0
126,0.295774647887324,0.0,1.0,1.0,0.0,0.0,0.0,0.8,0.7,1.0,0.0,0.0,1.0,0.09090909090909091,0.17286245353159851,0.00946372239747634,0.44186046511627897,1.0
127,0.6056338028169015,0.0,1.0,1.0,0.0,1.0,1.0,1.0,0.0,0.0,1.0,0.0,0.0,0.3246753246753246,0.4795539033457249,0.09621451104100946,0.06976744186046502,1.0
128,0.6619718309859155,0.0,0.0,1.0,0.0,0.0,1.0,1.0,1.0,1.0,1.0,0.0,1.0,0.11688311688311687,0.21933085501858735,0.12302839116719241,0.2325581395348837,1.0
129,0.7042253521126761,0.0,0.0,1.0,0.0,0.0,1.0,1.0,1.0,1.0,0.0,0.0,1.0,0.5584415584415583,0.20817843866171004,0.06466876971608833,0.2790697674418603,1.0
130,0.6619718309859155,0.0,1.0,1.0,1.0,1.0,1.0,1.0,1.0,1.0,1.0,1.0,1.0,0.09090909090909091,0.21933085501858735,0.025236593059936908,0.5581395348837208,1.0
131,0.3380281690140845,0.0,0.0,1.0,0.0,0.0,0.0,1.0,1.0,0.0,1.0,1.0,1.0,0.9999999999999999,0.2940520446096654,0.13722397476340695,0.023255813953488413,1.0
132,0.5774647887323944,0.0,1.0,1.0,0.0,0.0,0.0,1.0,0.0,1.0,0.0,1.0,1.0,0.22077922077922077,0.49070631970260226,0.416403785488959,0.39534883720930214,1.0
133,0.9154929577464789,0.0,1.0,0.0,0.0,1.0,1.0,1.0,0.0,1.0,1.0,1.0,1.0,0.09090909090909091,0.3308550185873606,0.05993690851735016,0.3023255813953487,1.0
134,0.43661971830985924,0.0,0.0,1.0,1.0,1.0,1.0,1.0,0.0,1.0,1.0,1.0,1.0,0.012987012987012991,0.8066914498141263,0.05520504731861198,0.39534883720930214,1.0
135,0.2535211267605634,0.0,1.0,1.0,0.0,1.0,1.0,0.0,0.0,0.0,0.0,0.0,0.0,0.12987012987012989,0.5762081784386617,0.2634069400630915,0.5581395348837208,1.0
136,0.619718309859155,0.0,1.0,1.0,1.0,1.0,1.0,0.0,0.0,1.0,0.0,1.0,1.0,0.06493506493506493,0.2788104089219331,0.029968454258675076,0.5581395348837208,1.0
137,0.43661971830985924,0.0,1.0,1.0,1.0,1.0,1.0,1.0,0.0,1.0,0.0,1.0,0.0,0.16883116883116883,0.38661710037174724,0.19873817034700314,0.3255813953488371,1.0
138,0.5633802816901409,0.0,1.0,1.0,0.0,0.0,1.0,1.0,0.0,1.0,0.0,0.0,0.0,0.09090909090909091,0.5204460966542751,0.025236593059936908,0.11627906976744184,1.0
139,0.5352112676056339,0.0,1.0,0.0,1.0,1.0,1.0,1.0,1.0,1.0,1.0,1.0,1.0,0.12987012987012989,0.21933085501858735,0.0473186119873817,0.4883720930232558,1.0
140,0.4084507042253521,0.0,0.0,1.0,0.0,0.0,0.0,0.0,0.0,1.0,0.0,1.0,0.0,0.1818181818181818,0.9999999999999999,0.0725552050473186,0.13953488372093026,1.0
141,0.6619718309859155,0.0,0.0,1.0,0.0,0.0,1.0,0.7,0.6000000000000001,0.0,1.0,0.0,1.0,0.46753246753246747,0.34944237918215615,0.022082018927444793,0.3255813953488371,1.0
142,0.619718309859155,0.0,1.0,1.0,0.0,1.0,1.0,1.0,0.0,0.0,0.0,1.0,0.0,0.09090909090909091,0.22750929368029743,0.00946372239747634,0.20930232558139528,1.0
143,0.5915492957746479,0.0,0.0,1.0,0.0,0.0,1.0,1.0,1.0,0.0,0.0,1.0,1.0,0.14285714285714285,0.21933085501858735,0.08832807570977917,0.3255813953488371,1.0
144,0.5352112676056339,0.0,1.0,1.0,0.0,0.0,0.0,1.0,1.0,1.0,0.0,0.0,1.0,0.20779220779220778,0.3553903345724907,0.15772870662460567,0.06976744186046502,1.0
145,0.3380281690140845,0.0,0.0,1.0,0.0,1.0,1.0,1.0,1.0,1.0,1.0,1.0,1.0,0.11688311688311687,0.18215613382899631,0.250788643533123,0.4883720930232558,1.0
146,0.47887323943661975,0.0,1.0,1.0,0.0,1.0,1.0,1.0,0.0,0.0,0.0,1.0,0.0,0.5064935064935064,0.14498141263940523,0.167192429022082,0.3023255813953487,1.0
147,0.8873239436619719,0.0,0.0,1.0,0.0,0.0,0.0,0.8,0.3999999999999999,0.7,0.30000000000000004,0.8999999999999999,0.8,0.1818181818181818,0.30855018587360594,0.8107255520504731,0.16279069767441845,1.0
148,0.18309859154929578,0.0,0.0,1.0,1.0,1.0,1.0,1.0,0.5,1.0,1.0,1.0,1.0,0.07792207792207792,0.23420074349442382,0.21766561514195581,0.44186046511627897,1.0
149,0.4084507042253521,0.0,1.0,1.0,1.0,1.0,1.0,1.0,1.0,1.0,1.0,1.0,1.0,0.03896103896103895,0.34944237918215615,0.025236593059936908,0.44186046511627897,1.0
150,0.5492957746478874,0.0,1.0,1.0,0.0,0.0,0.0,1.0,1.0,1.0,0.0,0.0,0.0,0.9480519480519479,0.4118959107806692,0.359621451104101,0.2790697674418603,1.0
151,0.5211267605633804,0.0,1.0,1.0,0.0,1.0,1.0,1.0,0.0,1.0,1.0,1.0,1.0,0.07792207792207792,0.37174721189591076,0.20189274447949526,0.511627906976744,1.0
152,0.7605633802816901,0.0,0.0,1.0,0.0,0.0,1.0,0.0,0.0,1.0,0.0,1.0,1.0,0.06493506493506493,0.18215613382899631,0.00946372239747634,0.46511627906976727,1.0
153,0.647887323943662,1.0,0.0,1.0,0.0,1.0,1.0,1.0,1.0,0.0,0.0,1.0,0.0,0.15584415584415584,0.20446096654275092,0.007886435331230283,0.46511627906976727,1.0
154,0.5070422535211268,0.0,1.0,1.0,0.0,1.0,1.0,1.0,1.0,0.0,0.0,0.0,1.0,0.11688311688311687,0.275092936802974,0.007886435331230283,0.2325581395348837,1.0
