,LOW,f1,f2,f3,f4,f5,f6,f7,f8
0,0.0,0.16129032258064518,0.6,0.5,0.0,0.0,0.0,1.0,0.0
1,0.0,0.6129032258064515,0.4411764705882353,1.0,0.0,0.0,0.0,0.0,0.5
2,0.0,0.1935483870967742,0.1470588235294118,0.0,1.0,0.0,0.0,0.0,0.16666666666666666
3,0.0,0.2258064516129032,0.16470588235294115,0.0,1.0,0.0,0.0,1.0,0.3333333333333333
4,0.0,0.12903225806451607,0.1588235294117647,0.0,1.0,0.0,0.0,1.0,0.0
5,0.0,0.2258064516129032,0.2588235294117647,1.0,0.0,0.0,0.0,0.0,0.0
6,0.0,0.2580645161290323,0.22352941176470587,0.0,0.0,0.0,0.0,0.0,0.16666666666666666
7,0.0,0.09677419354838707,0.1352941176470588,1.0,0.0,0.0,0.0,0.0,0.16666666666666666
8,0.0,0.48387096774193544,0.2529411764705882,0.0,1.0,0.0,0.0,0.0,0.16666666666666666
9,0.0,0.3870967741935483,0.1941176470588235,0.0,1.0,0.0,0.0,0.0,0.0
10,0.0,0.16129032258064518,0.08823529411764708,1.0,0.0,0.0,0.0,0.0,0.0
11,0.0,0.16129032258064518,0.4117647058823529,1.0,0.0,0.0,0.0,0.0,0.16666666666666666
12,0.0,0.2580645161290323,0.08823529411764708,1.0,0.0,0.0,1.0,0.0,0.0
13,0.0,0.5161290322580645,0.1588235294117647,1.0,0.0,0.3333333333333333,0.0,1.0,0.3333333333333333
14,0.0,0.12903225806451607,0.11764705882352944,0.0,1.0,0.0,0.0,0.0,0.0
15,0.0,0.12903225806451607,0.11764705882352944,0.0,1.0,0.0,0.0,0.0,0.0
16,0.0,0.03225806451612906,0.10588235294117643,0.5,0.0,0.0,0.0,0.0,0.0
17,0.0,0.3548387096774193,0.22352941176470587,0.0,1.0,0.0,0.0,0.0,0.5
18,0.0,0.1935483870967742,0.23529411764705876,1.0,0.0,0.0,0.0,1.0,0.0
19,0.0,0.45161290322580644,0.23529411764705876,0.0,1.0,0.0,0.0,0.0,0.16666666666666666
20,0.0,0.5806451612903225,0.24117647058823533,1.0,0.0,0.0,0.0,0.0,0.3333333333333333
21,0.0,0.5483870967741935,0.11764705882352944,0.0,0.0,0.0,0.0,1.0,0.5
22,0.0,0.7096774193548385,0.7176470588235294,0.0,0.0,0.0,0.0,0.0,0.16666666666666666
23,0.0,0.45161290322580644,0.23529411764705876,1.0,0.0,0.0,0.0,0.0,0.0
24,0.0,0.3548387096774193,0.23529411764705876,1.0,0.0,0.0,0.0,1.0,0.3333333333333333
25,0.0,0.45161290322580644,0.5117647058823529,0.0,0.0,0.0,0.0,0.0,0.0
26,0.0,0.09677419354838707,0.24705882352941178,0.0,1.0,0.0,0.0,0.0,0.0
27,0.0,0.48387096774193544,0.4117647058823529,0.0,0.0,0.0,0.0,0.0,0.3333333333333333
28,0.0,0.3870967741935483,0.5176470588235295,0.5,1.0,0.0,0.0,0.0,0.0
29,0.0,0.09677419354838707,0.1941176470588235,0.5,0.0,0.0,0.0,0.0,0.16666666666666666
30,0.0,0.09677419354838707,0.1941176470588235,0.5,0.0,0.0,0.0,0.0,0.16666666666666666
31,0.0,0.3225806451612903,0.05882352941176472,0.0,1.0,0.3333333333333333,0.0,0.0,0.16666666666666666
32,0.0,0.6774193548387095,0.24117647058823533,0.5,1.0,0.3333333333333333,0.0,0.0,0.16666666666666666
33,0.0,0.3548387096774193,0.4411764705882353,0.0,0.0,0.0,0.0,0.0,0.16666666666666666
34,0.0,0.3548387096774193,0.2647058823529411,0.5,0.0,0.0,0.0,0.0,0.0
35,0.0,0.48387096774193544,0.3529411764705882,0.0,1.0,0.0,0.0,0.0,0.3333333333333333
36,0.0,0.16129032258064518,0.3411764705882353,0.0,1.0,0.0,0.0,0.0,0.3333333333333333
37,0.0,0.41935483870967744,0.2588235294117647,0.0,1.0,0.0,0.0,0.0,0.0
38,0.0,0.5483870967741935,0.7941176470588235,0.0,1.0,0.0,0.0,0.0,0.3333333333333333
39,0.0,0.6129032258064515,0.1705882352941176,0.0,1.0,0.0,0.0,0.0,0.16666666666666666
40,0.0,0.2258064516129032,0.6176470588235293,0.5,1.0,0.0,0.0,0.0,0.3333333333333333
41,0.0,0.16129032258064518,0.6411764705882353,0.0,0.0,0.0,0.0,0.0,0.3333333333333333
42,0.0,0.2903225806451613,0.2941176470588235,0.5,0.0,0.0,0.0,0.0,0.16666666666666666
43,0.0,0.2258064516129032,0.47058823529411764,0.0,0.0,0.0,0.0,0.0,0.0
44,0.0,0.12903225806451607,0.05882352941176472,0.0,1.0,0.0,0.0,1.0,0.0
45,0.0,0.12903225806451607,0.05882352941176472,0.0,1.0,0.0,0.0,1.0,0.0
46,0.0,0.5806451612903225,0.3058823529411765,0.0,0.0,0.0,0.0,0.0,0.6666666666666666
47,0.0,0.16129032258064518,0.3058823529411765,1.0,0.0,0.0,0.0,0.0,0.0
48,0.0,0.3225806451612903,0.20588235294117652,0.0,0.0,0.0,0.0,0.0,0.3333333333333333
49,0.0,0.2580645161290323,0.02941176470588236,1.0,1.0,0.0,0.0,0.0,0.0
50,0.0,0.2580645161290323,0.23529411764705876,0.0,0.0,0.0,1.0,0.0,0.16666666666666666
51,0.0,0.2903225806451613,0.2823529411764706,1.0,0.0,0.0,0.0,0.0,0.0
52,0.0,0.2580645161290323,0.2941176470588235,0.0,1.0,0.0,0.0,0.0,0.0
53,0.0,0.5161290322580645,0.08823529411764708,0.0,1.0,0.0,0.0,0.0,0.3333333333333333
54,0.0,0.16129032258064518,0.20588235294117652,1.0,0.0,0.0,0.0,0.0,0.0
55,0.0,0.06451612903225806,0.17647058823529416,1.0,0.0,0.0,0.0,0.0,0.0
56,0.0,0.2258064516129032,0.17647058823529416,1.0,1.0,0.0,0.0,1.0,0.0
57,0.0,0.5161290322580645,0.4294117647058824,1.0,0.0,0.0,0.0,0.0,0.0
58,0.0,0.1935483870967742,0.1352941176470588,1.0,0.0,0.0,0.0,0.0,0.0
59,0.0,0.09677419354838707,0.22941176470588232,1.0,0.0,0.0,0.0,0.0,0.0
60,0.0,0.09677419354838707,0.22941176470588232,1.0,0.0,0.0,0.0,0.0,0.0
61,0.0,0.2903225806451613,0.22941176470588232,1.0,0.0,0.0,0.0,0.0,0.3333333333333333
62,0.0,0.3225806451612903,0.17647058823529416,1.0,0.0,0.0,0.0,0.0,0.0
63,0.0,0.45161290322580644,0.3529411764705882,0.0,0.0,0.0,0.0,0.0,0.0
64,0.0,0.3870967741935483,0.31176470588235294,1.0,1.0,0.6666666666666666,0.0,0.0,0.0
65,0.0,0.1935483870967742,0.5235294117647059,1.0,0.0,0.3333333333333333,0.0,1.0,0.16666666666666666
66,0.0,0.3225806451612903,0.20588235294117652,1.0,0.0,0.0,0.0,0.0,0.3333333333333333
67,0.0,0.45161290322580644,0.9999999999999999,1.0,1.0,0.0,0.0,0.0,1.0
68,0.0,0.1935483870967742,0.35882352941176465,0.0,0.0,0.6666666666666666,0.0,1.0,0.16666666666666666
69,0.0,0.2580645161290323,0.45882352941176474,0.5,0.0,0.3333333333333333,0.0,0.0,0.3333333333333333
70,0.0,0.2580645161290323,0.18823529411764706,0.0,1.0,0.6666666666666666,0.0,0.0,0.0
71,0.0,0.5483870967741935,0.4117647058823529,1.0,1.0,0.0,0.0,0.0,0.3333333333333333
72,0.0,0.2903225806451613,0.20588235294117652,1.0,1.0,0.0,0.0,0.0,0.16666666666666666
73,0.0,0.06451612903225806,0.18823529411764706,0.5,0.0,0.0,0.0,0.0,0.0
74,0.0,0.06451612903225806,0.32352941176470584,0.0,1.0,0.0,0.0,0.0,0.0
75,0.0,0.12903225806451607,0.876470588235294,0.5,0.0,0.0,0.0,0.0,0.0
76,0.0,0.3548387096774193,0.3529411764705882,0.0,0.0,0.0,0.0,0.0,0.16666666666666666
77,0.0,0.5806451612903225,0.3176470588235294,0.0,1.0,0.3333333333333333,0.0,0.0,0.6666666666666666
78,0.0,0.1935483870967742,0.24117647058823533,0.5,1.0,0.0,0.0,0.0,0.0
79,0.0,0.2903225806451613,0.6470588235294118,0.0,0.0,0.0,0.0,0.0,0.0
80,0.0,0.2580645161290323,0.30000000000000004,0.0,0.0,0.0,0.0,0.0,0.16666666666666666
81,0.0,0.5806451612903225,0.5294117647058824,0.0,0.0,0.0,0.0,0.0,0.0
82,0.0,0.5161290322580645,0.17647058823529416,1.0,0.0,0.0,0.0,0.0,0.0
83,0.0,0.1935483870967742,0.27647058823529413,1.0,0.0,0.0,0.0,0.0,0.0
84,0.0,0.2903225806451613,0.2529411764705882,1.0,0.0,0.0,0.0,0.0,0.0
85,0.0,0.09677419354838707,0.23529411764705876,1.0,1.0,0.0,0.0,0.0,0.0
86,0.0,0.16129032258064518,0.1470588235294118,1.0,0.0,0.0,0.0,0.0,0.0
87,0.0,0.2903225806451613,0.2941176470588235,0.0,0.0,0.0,0.0,0.0,0.0
88,0.0,0.7096774193548385,0.5588235294117646,0.0,0.0,0.0,0.0,0.0,0.0
89,0.0,0.2580645161290323,0.2647058823529411,0.0,0.0,0.0,0.0,0.0,0.16666666666666666
90,0.0,0.3225806451612903,0.31176470588235294,0.0,0.0,0.0,0.0,0.0,0.0
91,0.0,0.2258064516129032,0.3176470588235294,1.0,0.0,0.0,0.0,0.0,0.3333333333333333
92,0.0,0.16129032258064518,0.9117647058823529,0.0,1.0,0.0,1.0,0.0,0.0
93,0.0,0.3548387096774193,0.08823529411764708,0.0,1.0,1.0,0.0,1.0,0.0
94,0.0,0.06451612903225806,0.32352941176470584,0.0,1.0,0.0,0.0,0.0,0.0
95,0.0,0.48387096774193544,0.32352941176470584,0.0,0.0,0.0,0.0,0.0,0.16666666666666666
96,0.0,0.48387096774193544,0.43529411764705883,0.0,0.0,0.0,0.0,0.0,0.16666666666666666
97,0.0,0.16129032258064518,0.3941176470588236,0.0,1.0,0.0,0.0,0.0,0.0
98,0.0,0.16129032258064518,0.3941176470588236,0.0,1.0,0.0,0.0,0.0,0.0
99,0.0,0.5161290322580645,0.33529411764705885,0.0,0.0,0.0,0.0,0.0,0.16666666666666666
100,0.0,0.3225806451612903,0.17647058823529416,0.0,0.0,0.0,0.0,0.0,0.16666666666666666
101,0.0,0.16129032258064518,0.6117647058823529,0.0,1.0,0.0,1.0,0.0,0.0
102,0.0,0.3225806451612903,0.17647058823529416,1.0,0.0,0.3333333333333333,0.0,0.0,0.0
103,0.0,0.2903225806451613,0.17647058823529416,0.0,0.0,0.0,0.0,0.0,0.16666666666666666
104,0.0,0.1935483870967742,0.23529411764705876,1.0,0.0,0.0,0.0,0.0,0.0
105,0.0,0.3548387096774193,0.9470588235294118,0.5,0.0,0.0,1.0,0.0,0.0
106,0.0,0.5161290322580645,0.18823529411764706,0.0,0.0,0.0,0.0,0.0,0.16666666666666666
107,0.0,0.2580645161290323,0.5235294117647059,0.0,0.0,0.0,0.0,0.0,0.0
108,0.0,0.12903225806451607,0.23529411764705876,0.0,1.0,0.0,0.0,0.0,0.3333333333333333
109,0.0,0.06451612903225806,0.5294117647058824,0.5,0.0,0.0,0.0,0.0,0.6666666666666666
110,0.0,0.5806451612903225,0.6235294117647058,0.0,0.0,0.0,0.0,0.0,0.3333333333333333
111,0.0,0.12903225806451607,0.23529411764705876,1.0,0.0,0.0,0.0,0.0,0.16666666666666666
112,0.0,0.48387096774193544,0.2941176470588235,0.0,1.0,0.0,0.0,0.0,0.3333333333333333
113,0.0,0.6129032258064515,0.21764705882352942,0.0,0.0,0.0,0.0,1.0,0.16666666666666666
114,0.0,0.1935483870967742,0.5294117647058824,0.0,1.0,0.0,0.0,0.0,0.0
115,0.0,0.45161290322580644,0.3176470588235294,1.0,0.0,0.0,0.0,0.0,0.16666666666666666
116,0.0,0.0,0.32352941176470584,0.0,0.0,0.0,0.0,0.0,0.0
117,0.0,0.45161290322580644,0.2941176470588235,1.0,0.0,0.0,0.0,0.0,0.0
118,0.0,0.3548387096774193,0.23529411764705876,0.0,0.0,0.0,0.0,0.0,0.3333333333333333
119,0.0,0.06451612903225806,0.08823529411764708,1.0,0.0,0.0,0.0,0.0,0.16666666666666666
120,0.0,0.1935483870967742,0.45882352941176474,0.0,0.0,0.0,0.0,0.0,0.16666666666666666
121,0.0,0.3870967741935483,0.47058823529411764,1.0,0.0,0.0,0.0,0.0,0.0
122,0.0,0.2258064516129032,0.20588235294117652,0.0,0.0,0.0,0.0,0.0,0.16666666666666666
123,0.0,0.2580645161290323,0.28823529411764703,0.0,0.0,0.0,0.0,0.0,0.0
124,0.0,0.3548387096774193,0.2941176470588235,0.0,0.0,0.0,0.0,0.0,0.3333333333333333
125,0.0,0.5483870967741935,0.23529411764705876,0.0,0.0,0.0,0.0,0.0,0.3333333333333333
126,0.0,0.6774193548387095,0.5294117647058824,0.0,0.0,0.3333333333333333,0.0,0.0,0.16666666666666666
127,0.0,0.16129032258064518,0.23529411764705876,0.0,1.0,0.0,0.0,0.0,0.0
128,0.0,0.3225806451612903,0.21176470588235297,0.0,0.0,0.0,0.0,0.0,0.16666666666666666
129,0.0,1.0,0.2529411764705882,0.0,0.0,0.0,0.0,0.0,0.16666666666666666
130,1.0,0.45161290322580644,0.23529411764705876,1.0,1.0,0.3333333333333333,0.0,1.0,0.0
131,1.0,0.48387096774193544,0.2941176470588235,0.0,0.0,0.0,0.0,1.0,0.3333333333333333
132,1.0,0.6451612903225805,0.6294117647058824,0.5,1.0,0.0,1.0,0.0,0.0
133,1.0,0.3548387096774193,0.1470588235294118,1.0,0.0,0.3333333333333333,1.0,0.0,0.0
134,1.0,0.3548387096774193,0.02941176470588236,1.0,0.0,0.0,0.0,1.0,0.0
135,1.0,0.41935483870967744,0.4117647058823529,1.0,0.0,0.0,0.0,0.0,0.0
136,1.0,0.2903225806451613,0.09999999999999998,1.0,0.0,0.0,0.0,1.0,0.16666666666666666
137,1.0,0.3225806451612903,0.2823529411764706,0.5,0.0,0.3333333333333333,0.0,0.0,0.16666666666666666
138,1.0,0.3225806451612903,0.3058823529411765,1.0,0.0,0.0,1.0,0.0,0.0
139,1.0,0.2258064516129032,0.5,0.0,1.0,0.0,1.0,0.0,0.16666666666666666
140,1.0,0.5806451612903225,0.1470588235294118,0.0,1.0,0.0,0.0,0.0,0.0
141,1.0,0.16129032258064518,0.06470588235294117,0.0,1.0,0.6666666666666666,0.0,1.0,0.0
142,1.0,0.3548387096774193,0.20588235294117652,1.0,0.0,0.0,0.0,0.0,0.0
143,1.0,0.06451612903225806,0.2941176470588235,1.0,0.0,0.0,0.0,0.0,0.16666666666666666
144,1.0,0.3548387096774193,0.07058823529411762,0.0,1.0,0.0,0.0,0.0,0.0
145,1.0,0.1935483870967742,0.4117647058823529,0.0,1.0,0.0,0.0,0.0,0.3333333333333333
146,1.0,0.2258064516129032,0.7058823529411765,0.5,0.0,0.0,0.0,1.0,0.3333333333333333
147,1.0,0.3225806451612903,0.4411764705882353,0.0,1.0,0.3333333333333333,0.0,0.0,0.0
148,1.0,0.2258064516129032,0.1352941176470588,1.0,0.0,0.0,0.0,0.0,0.0
149,1.0,0.1935483870967742,0.2647058823529411,1.0,0.0,0.0,0.0,1.0,0.0
150,1.0,0.3548387096774193,0.05294117647058827,1.0,0.0,0.6666666666666666,0.0,0.0,0.16666666666666666
151,1.0,0.16129032258064518,0.12941176470588234,0.0,0.0,0.0,0.0,0.0,0.3333333333333333
152,1.0,0.16129032258064518,0.18823529411764706,0.0,1.0,0.0,0.0,1.0,0.0
153,1.0,0.3870967741935483,0.21764705882352942,0.0,1.0,0.3333333333333333,0.0,0.0,0.0
154,1.0,0.3225806451612903,0.3411764705882353,0.0,0.0,0.0,0.0,0.0,0.0
155,1.0,0.09677419354838707,0.2941176470588235,1.0,1.0,0.3333333333333333,0.0,1.0,0.0
156,1.0,0.1935483870967742,0.23529411764705876,0.5,1.0,0.0,0.0,0.0,0.5
157,1.0,0.2580645161290323,0.2941176470588235,0.0,1.0,0.3333333333333333,0.0,1.0,0.16666666666666666
158,1.0,0.41935483870967744,0.2941176470588235,0.5,0.0,0.0,0.0,1.0,0.0
159,1.0,0.1935483870967742,0.0,1.0,1.0,0.0,0.0,1.0,0.0
160,1.0,0.09677419354838707,0.17647058823529416,0.0,1.0,0.0,0.0,0.0,0.0
161,1.0,0.3548387096774193,0.1470588235294118,1.0,0.0,0.3333333333333333,0.0,0.0,0.16666666666666666
162,1.0,0.1935483870967742,0.1705882352941176,1.0,0.0,0.0,0.0,0.0,0.0
163,1.0,0.12903225806451607,0.4,1.0,0.0,0.0,0.0,0.0,0.0
164,1.0,0.12903225806451607,0.17647058823529416,0.5,1.0,0.3333333333333333,0.0,0.0,0.0
165,1.0,0.1935483870967742,0.24117647058823533,0.0,1.0,0.3333333333333333,0.0,1.0,0.0
166,1.0,0.2258064516129032,0.11764705882352944,1.0,0.0,0.3333333333333333,0.0,0.0,0.6666666666666666
167,1.0,0.3870967741935483,0.09411764705882353,1.0,0.0,0.0,0.0,0.0,0.0
168,1.0,0.5483870967741935,0.12941176470588234,0.0,1.0,0.3333333333333333,0.0,0.0,0.16666666666666666
169,1.0,0.03225806451612906,0.17647058823529416,0.0,0.0,0.0,0.0,0.0,0.0
170,1.0,0.2903225806451613,0.6294117647058824,0.5,1.0,0.0,0.0,0.0,0.16666666666666666
171,1.0,0.1935483870967742,0.24705882352941178,0.5,1.0,0.0,0.0,0.0,0.0
172,1.0,0.3225806451612903,0.1470588235294118,0.5,1.0,0.0,0.0,0.0,0.0
173,1.0,0.03225806451612906,0.20588235294117652,1.0,0.0,0.0,0.0,1.0,0.0
174,1.0,0.2903225806451613,0.23529411764705876,1.0,0.0,0.0,0.0,0.0,0.0
175,1.0,0.5161290322580645,0.3647058823529412,0.0,1.0,0.3333333333333333,0.0,0.0,0.0
176,1.0,0.2580645161290323,0.2941176470588235,0.0,1.0,0.0,0.0,0.0,0.16666666666666666
177,1.0,0.09677419354838707,0.23529411764705876,0.0,1.0,0.0,0.0,0.0,0.5
178,1.0,0.2903225806451613,0.17647058823529416,0.0,1.0,0.3333333333333333,0.0,0.0,0.0
179,1.0,0.09677419354838707,0.23529411764705876,0.5,0.0,0.0,0.0,0.0,0.3333333333333333
180,1.0,0.3870967741935483,0.43529411764705883,1.0,0.0,0.3333333333333333,1.0,0.0,0.16666666666666666
181,1.0,0.1935483870967742,0.1470588235294118,1.0,0.0,0.0,0.0,0.0,0.5
182,1.0,0.3870967741935483,0.6470588235294118,0.0,1.0,0.0,0.0,0.0,0.0
183,1.0,0.0,0.12352941176470589,1.0,1.0,0.3333333333333333,0.0,0.0,0.0
184,1.0,0.45161290322580644,0.08823529411764708,0.0,1.0,0.0,0.0,0.0,0.3333333333333333
185,1.0,0.0,0.11764705882352944,1.0,0.0,0.0,0.0,0.0,0.3333333333333333
186,1.0,0.2903225806451613,0.08235294117647063,1.0,1.0,0.0,0.0,0.0,0.0
187,1.0,0.09677419354838707,0.3647058823529412,0.5,0.0,0.0,1.0,0.0,0.0
188,1.0,0.2258064516129032,0.2941176470588235,0.0,1.0,0.0,1.0,0.0,0.5
